0.09985769267999998
0.04681235293999999
0.03243356378000001
0.02653267974
0.02359551871999999
0.021709961240000006
0.02029372098
0.01914082102
0.01816516955
0.01732480284999999
0.016595786720000002
0.015962195510000003
0.015412017529999997
0.0149353815
0.014523768840000001
0.01416964644
0.013866284980000003
0.013607670839999999
0.01338843268
0.013203797919999998
0.013049535590000003
0.01292190477
0.012817592100000002
0.012733657859999999
0.01266748622
0.012616751660000002
0.01257937422
0.01255350209
0.01253749118
0.01252988855
0.012529415430000001
0.012534953529999998
0.01254553047
0.012560307560000001
0.012578565380000002
0.01259968431
0.012623140730000003
0.012648488920000001
0.012675353490000001
0.012703414789999999
0.01273240931
0.012762112190000001
0.012792337469999996
0.012822931299999998
0.012853765480000001
0.012884731700000006
0.012915741169999996
0.01294672117
0.012977610750000005
0.013008361470000002
0.013038932089999997
0.013069288160000001
0.013099405609999998
0.013129259629999999
0.013158834219999997
0.013188114260000003
0.013217088140000001
0.013245749679999997
0.01327408949
0.013302103899999999
0.01332978923
0.013357142640000002
0.0133841635
0.013410851329999994
0.01343720566
0.013463227679999999
0.01348891864
0.013514281949999998
0.01353931646
0.013564027140000004
0.013588415679999999
0.01361248531
0.013636239029999997
0.013659680350000002
0.013682812440000004
0.013705638410000004
0.013728163070000004
0.01375038845
0.01377231941
0.013793960469999998
0.013815312260000004
0.01383638098
0.013857170849999998
0.01387768535
0.013897928149999999
0.013917901499999998
0.013937612460000002
0.013957063559999998
0.013976257129999997
0.013995198969999997
0.014013892020000003
0.014032339790000004
0.01405054636
0.01406851556
0.014086251329999999
0.014103755910000005
0.014121034449999998
0.014138090199999998
0.014154925559999997
0.014171543819999998
0.014187950929999997
0.014204147190000002
0.014220137379999997
0.0142359246
0.014251512070000003
0.014266902109999993
0.014282098609999998
0.01429710414
0.014311921879999998
0.01432655409
0.014341005260000006
0.014355276869999998
0.014369372810000005
0.014383293900000003
0.01439704371
0.01441062457
0.01442404114
0.014437293959999997
0.014450384389999998
0.014463317059999996
0.014476093750000004
0.014488716780000004
0.01450118679
0.014513509660000002
0.014525685450000003
0.014537713799999998
0.014549601990000001
0.014561347270000002
0.014572954950000003
0.014584426299999998
0.01459576214
0.014606964970000004
0.014618038120000001
0.014628981979999997
0.014639799069999997
0.014650489960000004
0.014661056360000002
0.014671502759999993
0.01468182903
0.014692035320000001
0.01470212507
0.014712099899999997
0.014721962039999996
0.014731710779999995
0.01474134962
0.014750879570000004
0.014760301629999998
0.0147696175
0.014778828639999997
0.014787935739999997
0.014796943540000005
0.014805848290000003
0.014814654520000001
0.014823363879999997
0.014831975549999998
0.01484049231
0.01484891508
0.0148572444
0.014865483390000003
0.01487363114
0.01488168978
0.014889661159999998
0.014897544190000002
0.01490534246
0.014913056100000004
0.014920685820000003
0.01492823246
0.014935698019999999
0.014943082690000005
0.01495038848
0.01495761536
0.014964765059999998
0.01497183707
0.01497883489
0.014985757279999998
0.014992606210000004
0.014999383319999995
0.015006088470000001
0.015012721940000003
0.015019285849999994
0.01502578222
0.015032206510000003
0.01503856574
0.015044858400000001
0.015051084030000005
0.015057245269999998
0.01506334237
0.015069376629999997
0.015075346530000002
0.01508125557
0.015087104869999996
0.01509289257
0.015098619249999994
0.01510428848
0.015109899840000003
0.015115452899999998
0.015120950069999998
0.01512638965
0.015131774850000002
0.015137103419999997
0.015142380279999996
0.015147602189999998
0.015152772080000003
0.015157889
0.015162955100000002
0.015167969540000003
0.015172934699999998
0.015177848789999995
0.015182715350000002
0.015187533610000001
0.015192302930000004
0.015197024409999997
0.015201700030000001
0.015206329319999995
0.015210913389999999
0.015215450610000007
0.015219945260000003
0.015224394720000003
0.015228801920000009
0.01523316473
0.015237488099999997
0.015241767
0.01524600393
0.015250202410000002
0.015254358639999995
0.015258475539999997
0.015262553319999999
0.015266591629999998
0.015270592400000005
0.015274555660000006
0.015278479630000003
0.015282368569999991
0.015286219680000004
0.015290035239999998
0.015293814319999998
0.015297559819999999
0.015301269749999999
0.015304945470000003
0.015308587359999992
0.01531219609000001
0.01531577158
0.01531931417
0.015322826100000004
0.01532630465
0.01532975154
0.015333168979999999
0.01533655389
0.01533990985
0.015343237379999992
0.015346533470000003
0.01534980232
0.0153530406
0.015356252519999995
0.015359436410000003
0.015362590130000003
0.015365718680000003
0.015368819590000003
0.015371894580000003
0.015374944170000002
0.015377968210000004
0.015380966519999997
0.01538393798
0.01538688580000001
0.015389811249999998
0.015392710769999995
0.015395587110000003
0.015398439029999995
0.015401267199999999
0.01540407401
0.015406859009999994
0.015409621759999999
0.015412361530000005
0.01541508122
0.015417778090000006
0.015420454129999999
0.01542310977
0.01542574591
0.015428362219999998
0.015430957409999996
0.015433533839999998
0.015436090109999998
0.015438628020000001
0.015441146640000005
0.015443647870000004
0.015446129329999994
0.01544859443
0.015451042189999995
0.015453471020000005
0.01545588315
0.01545827856
0.015460657799999998
0.015463021229999995
0.015465367230000002
0.015467696869999993
0.015470011569999997
0.01547231029
0.015474593570000006
0.015476862049999995
0.015479115639999996
0.01548135691
0.01548358072
0.015485792829999998
0.015487989659999996
0.015490172609999998
0.015492342559999999
0.015494498149999996
0.01549664139
0.015498773329999998
0.015500890670000005
0.015502995159999998
0.015505088310000003
0.01550717002
0.015509238200000003
0.01551129532
0.015513340950000001
0.015515375310000008
0.015517399749999996
0.015519411049999998
0.015521412850000004
0.015523402890000003
0.015525384959999998
0.015527353250000002
0.015529313549999993
0.015531265800000003
0.015533205969999997
0.015535137260000003
0.015537058749999999
0.015538970680000002
0.015540873830000001
0.015542767360000005
0.015544652390000002
0.015546528320000001
0.015548395759999995
0.015550256320000002
0.015552106829999999
0.015553950110000003
0.015555785579999998
0.015557614420000003
0.015559433620000002
0.0155612464
0.01556304984
0.015564848200000004
0.015566638940000006
0.01556842376
0.01557020075
0.01557197205
0.015573734930000001
0.015575494019999999
0.01557724565
0.015578990139999997
0.015580729600000003
0.015582463009999999
0.015584190610000001
0.015585912920000005
0.015587628499999999
0.01558934046
0.01559104644
0.015592747320000003
0.015594442710000003
0.015596134700000002
0.0155978195
0.01559950227
0.015601179009999999
0.015602851489999996
0.015604518290000003
0.01560618294
0.01560784223
0.015609498080000004
0.015611149730000003
0.015612797409999999
0.015614442799999996
0.015616082929999999
0.015617719939999998
0.0156193552
0.015620984929999996
0.015622612679999998
0.015624236839999995
0.0156258592
0.01562747835
0.015629093430000005
0.01563070712
0.01563231756
0.015633926940000008
0.01563553305
0.01563713548
0.015638737
0.015640335800000002
0.01564193361
0.01564352927
0.015645123170000004
0.015646716210000005
0.015648306619999997
0.01564989549
0.015651482720000002
0.015653067870000002
0.01565465245
0.01565623598
0.01565781641
0.01565939843
0.015660979790000005
0.015662557820000002
0.01566413757
0.015665715049999997
0.01566729296
0.01566886756
0.015670443580000006
0.015672018399999998
0.015673594429999996
0.01567516917
0.01567674364
0.015678317849999998
0.01567989224
0.015681466359999997
0.015683040429999996
0.01568461638
0.015686189800000003
0.015687765580000002
0.015689341319999994
0.015690915789999996
0.01569249242
0.015694070430000002
0.015695647949999992
0.015697225619999998
0.015698806489999998
0.015700385399999996
0.015701965270000003
0.015703547960000005
0.015705131960000004
0.015706714729999995
0.01570830045
0.01570988638
0.015711473770000005
0.015713062530000002
0.0157146531
0.015716245979999998
0.015717838490000007
0.01571943365
0.01572103136
0.015722630539999994
0.015724230150000004
0.01572583319
0.01572743608
0.015729042139999996
0.01573064963
0.015732259740000008
0.015733871680000004
0.0157354845
0.015737101020000005
0.015738720390000002
0.015740341919999998
0.0157419656
0.01574359192
0.01574521878
0.01574684896
0.015748483669999997
0.01575011843
0.0157517566
0.01575339701
0.015755040730000003
0.015756687559999993
0.015758337499999997
0.015759988650000004
0.01576164504
0.015763303309999997
0.01576496508
0.015766627859999997
0.015768296670000004
0.015769968020000004
0.01577164071
0.01577331826
0.015774999400000003
0.015776683350000004
0.015778370970000004
0.015780061300000002
0.01578175429
0.015783451690000002
0.01578515375
0.015786857550000002
0.01578856602
0.015790278010000002
0.015791994309999998
0.015793715080000006
0.015795438059999996
0.015797165070000004
0.015798895909999996
0.015800631279999998
0.015802370119999996
0.01580411282
0.015805860279999997
0.015807611319999998
0.01580936594
0.015811125439999997
0.015812889270000005
0.01581465779
0.015816430450000002
0.015818206089999995
0.01581998707
0.015821772039999998
0.015823560240000003
0.015825352600000002
0.0158271498
0.015828952199999996
0.01583075859
0.015832571030000003
0.01583438521
0.01583620584
0.0158380311
0.01583986139
0.015841695599999997
0.015843535080000005
0.01584537859
0.015847228710000005
0.015849081440000003
0.01585093932
0.015852803389999996
0.015854671300000005
0.01585654476
0.015858421730000006
0.015860305470000002
0.01586219271
0.015864084009999998
0.01586598194
0.01586788453
0.0158697929
0.01587170516
0.015873622939999995
0.01587554792
0.015877475009999996
0.015879408169999998
0.01588134659
0.01588329242
0.01588524058
0.015887195280000002
0.01588915536
0.015891120609999997
0.015893091600000003
0.015895067470000003
0.015897048560000005
0.015899035279999998
0.01590102704
0.015903023960000002
0.015905027799999992
0.015907036610000008
0.015909049980000006
0.01591106909
0.015913094359999998
0.015915124359999998
0.01591715932
0.01591920179
0.015921248250000002
0.015923301709999997
0.015925359129999997
0.015927422519999998
0.01592949098
0.015931566720000002
0.015933647269999997
0.015935734999999996
0.015937826529999997
0.01593992411
0.015942027119999994
0.015944136310000002
0.015946251359999997
0.015948371539999995
0.01595049774
0.015952630140000004
0.015954768000000005
0.015956911279999996
0.01595906112
0.015961216070000003
0.015963377380000005
0.01596554437
0.015967716399999995
0.015969895780000003
0.01597207999
0.015974270540000002
0.015976466439999996
0.01597866674
0.015980874840000003
0.015983089329999995
0.015985307289999997
0.01598753431
0.01598976557
0.015992001029999998
0.01599424378
0.015996492880000004
0.015998747039999997
0.01600100807
0.01600327362
0.016005545700000002
0.016007823329999997
0.016010107739999998
0.016012397619999997
0.016014693780000002
0.016016993820000002
0.01601930147
0.016021614049999994
0.01602393317
0.01602625759
0.01602858836
0.016030925130000002
0.01603326547
0.016035613879999997
0.01603796943
0.01604032929
0.016042693629999997
0.01604506487
0.01604744182
0.016049823300000002
0.01605221288
0.01605460638
0.016057008089999998
0.016059414549999998
0.01606182606
0.016064242660000002
0.01606666661
0.016069094860000004
0.016071530589999997
0.01607397058
0.01607641781
0.01607886876
0.016081326620000003
0.016083791019999995
0.016086261099999995
0.01608873462
0.01609121572
0.01609370187999999
0.0160961944
0.016098692369999997
0.01610119539
0.016103705179999997
0.01610621896
0.01610873982
0.01611126602
0.0161137964
0.016116332890000005
0.01611887406
0.016121421299999997
0.016123975960000002
0.0161265347
0.016129098980000003
0.016131669270000003
0.01613424504
0.0161368261
0.016139412960000002
0.01614200575
0.01614460308
0.01614720624
0.01614981508
0.016152429010000004
0.01615504788
0.016157672510000002
0.016160302139999996
0.016162936859999998
0.01616557703
0.016168221619999996
0.016170872080000002
0.016173528460000003
0.016176189220000005
0.016178856600000003
0.01618152932
0.016184205369999996
0.016186886509999998
0.016189573769999997
0.016192266720000004
0.016194964240000005
0.01619766673
0.016200376060000004
0.01620308928
0.016205807420000003
0.016208530729999997
0.0162112588
0.016213992939999998
0.016216731109999997
0.01621947418
0.01622222232
0.01622497647
0.016227735879999997
0.01623049826
0.016233266960000003
0.016236038430000002
0.016238817760000003
0.01624159962
0.016244388270000003
0.016247180129999997
0.016249977739999998
0.0162527799
0.016255586240000005
0.01625839869
0.016261215140000004
0.016264036259999996
0.016266863200000002
0.01626969333
0.016272529249999997
0.016275370440000003
0.016278215200000005
0.016281063470000003
0.01628391682
0.01628677604
0.01628963972
0.016292507279999993
0.016295378179999997
0.01629825504
0.016301137089999994
0.01630402201999999
0.016306911929999997
0.016309804820000006
0.016312704810000002
0.01631560661
0.016318515219999993
0.016321426639999994
0.01632434342
0.01632726364
0.016330188520000007
0.01633311817
0.016336051140000002
0.01633898976
0.016341931139999998
0.016344878109999995
0.01634782838
0.016350782359999996
0.016353740659999998
0.01635670348
0.016359671
0.016362640810000002
0.01636561512
0.016368594500000003
0.016371576130000003
0.016374564039999994
0.0163775546
0.016380548409999997
0.016383547160000005
0.016386547969999995
0.016389553079999997
0.01639256368
0.016395578700000003
0.016398596700000004
0.01640161809
0.016404644200000006
0.01640767379
0.01641070612
0.016413743149999997
0.016416781999999994
0.01641982602
0.016422874659999996
0.0164259259
0.016428980499999996
0.016432037839999997
0.01643509938
0.016438165710000004
0.016441234469999996
0.01644430708
0.01644738124
0.016450460710000003
0.016453543180000002
0.016456629289999997
0.0164597183
0.016462811319999996
0.016465906829999998
0.01646900654
0.016472108979999997
0.016475215279999997
0.016478325189999997
0.016481438420000005
0.01648455512
0.0164876744
0.01649079628
0.016493921100000003
0.016497049880000003
0.016500181790000002
0.016503317
0.016506453020000002
0.016509593600000004
0.01651273557
0.0165158824
0.016519032200000002
0.01652218582
0.016525340679999997
0.016528498320000008
0.016531659069999996
0.01653482354
0.016537990179999996
0.01654116058
0.016544332739999997
0.016547508010000003
0.01655068504
0.016553865540000004
0.016557049480000002
0.01656023604
0.01656342294
0.01656661418
0.016569807839999992
0.01657300375
0.01657620262
0.016579402540000007
0.016582606740000005
0.016585812829999994
0.0165890214
0.016592232760000002
0.016595446380000003
0.016598663980000004
0.01660188157
0.016605101740000003
0.016608325169999997
0.01661154982
0.016614778670000004
0.016618006820000003
0.016621238570000002
0.01662447384
0.016627710469999998
0.01663094794
0.016634188110000003
0.01663743224
0.01664067698
0.016643923159999994
0.01664717016
0.01665042159
0.016653675430000004
0.016656929400000003
0.01666018561
0.016663443129999997
0.01666670292
0.0166699652
0.01667322901
0.01667649404
0.016679763239999996
0.016683030110000007
0.01668630074
0.01668957391
0.016692849399999998
0.016696125779999994
0.016699403419999998
0.01670268288
0.016705964280000003
0.016709245959999997
0.016712529379999997
0.016715816
0.016719103120000002
0.016722392440000004
0.01672568065
0.016728974019999995
0.016732267340000002
0.016735561939999997
0.0167388574
0.016742153460000003
0.01674545242
0.01674875330000001
0.016752053919999996
0.016755355959999996
0.0167586602
0.01676196457
0.01676527103
0.01676857688
0.016771885589999997
0.016775194990000002
0.016778504730000005
0.01678181778
0.016785129499999992
0.016788443559999998
0.016791758559999998
0.016795075289999996
0.01679839231
0.016801710459999997
0.016805028899999998
0.016808349580000003
0.016811670299999998
0.01681499141
0.016818314819999996
0.01682163642
0.01682495976
0.016828284540000002
0.01683161018
0.016834935050000003
0.01683826278
0.01684159152
0.016844919920000007
0.0168482482
0.016851576719999997
0.0168549077
0.016858238819999996
0.016861569360000002
0.016864900720000006
0.016868232800000004
0.016871565619999994
0.016874898860000005
0.016878233199999995
0.016881567219999997
0.01688490272999999
0.016888236350000002
0.016891572820000006
0.01689490698
0.016898243679999998
0.01690158052
0.016904917269999997
0.0169082536
0.016911590859999995
0.01691492754
0.01691826482
0.016921602059999995
0.016924940280000002
0.01692827794
0.0169316158
0.01693495492
0.016938293740000002
0.016941631920000005
0.01694497038
0.016948309519999996
0.016951649500000002
0.0169549874
0.01695832856
0.016961667099999994
0.01696500576
0.016968344819999998
0.01697168214
0.016975021059999998
0.016978359040000005
0.016981697839999997
0.0169850345
0.0169883726
0.016991711
0.016995048770000003
0.016998385579999994
0.01700172484
0.017005062169999998
0.017008397740000004
0.017011733860000003
0.017015069180000002
0.017018404309999995
0.017021738650000007
0.017025072119999995
0.01702840792
0.017031741230000005
0.01703507406
0.017038406139999997
0.017041738079999993
0.01704506838
0.017048398819999998
0.017051729120000005
0.01705505952
0.017058388749999997
0.017061717739999996
0.01706504572
0.017068373019999993
0.017071699899999994
0.017075026139999998
0.017078352209999995
0.01708167548
0.017085000290000003
0.017088322620000002
0.017091644359999998
0.017094966740000005
0.01709828716
0.017101606720000002
0.017104926580000002
0.017108244360000004
0.01711156246
0.017114878960000003
0.0171181959
0.017121512590000002
0.017124826140000004
0.017128139380000004
0.017131450959999996
0.01713476162
0.01713807139
0.01714138164
0.017144689999999997
0.017147998050000002
0.017151305220000003
0.01715460938
0.01715791296
0.01716121696
0.017164518500000003
0.017167819519999995
0.0171711191
0.017174416979999996
0.017177716160000002
0.0171810111
0.017184305959999997
0.01718760014
0.017190893560000003
0.017194185640000005
0.017197475119999996
0.01720076396
0.01720405242
0.017207338760000003
0.017210623039999994
0.017213906629999998
0.017217189499999997
0.017220470720000002
0.01722375048
0.017227029519999996
0.017230308019999998
0.017233581470000002
0.017236855840000006
0.01724012981
0.017243400009999996
0.01724667004
0.01724993868
0.01725320524
0.017256472099999996
0.01725973528
0.01726299736999999
