0.09477127199999998
0.06868915496
0.05786389497999999
0.051042276379999994
0.04573830956
0.041527076139999994
0.03817322137999999
0.03549084018
0.03332955316
0.03156976371999999
0.03011838548
0.028904227620000004
0.027873429099999993
0.02698542617999999
0.026209674780000004
0.02552308244
0.024908099000000003
0.024351282740000008
0.023842265740000004
0.023372973860000004
0.022937082460000004
0.022529574800000004
0.022146461640000007
0.021784532060000004
0.021441185920000005
0.0211143058
0.020802151739999997
0.0205032818
0.020216497420000007
0.01994079516
0.019675322180000003
0.019419360300000004
0.019172288560000004
0.018933573039999995
0.018702748699999997
0.018479411959999997
0.01826320721
0.018053810939999995
0.01785094042
0.01765434163
0.017463776840000004
0.01727903506
0.017099918830000005
0.01692624871
0.016757853019999998
0.016594571819999994
0.016436256520000005
0.01628276219
0.016133957829999997
0.01598970652
0.015849892000000004
0.015714388379999996
0.015583085000000002
0.01545586627
0.015332624299999997
0.015213257409999997
0.01509765957
0.014985731639999998
0.01487737545
0.014772499500000001
0.014671007159999997
0.01457281192
0.014477825159999996
0.0143859578
0.01429712734
0.014211250199999999
0.014128245979999999
0.01404803728999999
0.013970547500000003
0.01389569885
0.013823421
0.01375363993
0.013686287320000004
0.013621291389999995
0.013558588940000003
0.013498115219999997
0.013439804259999999
0.013383595140000003
0.01332942682
0.013277242049999997
0.013226981730000002
0.013178591260000004
0.013132014710000002
0.01308720021
0.01304409316
0.013002648030000001
0.012962811769999995
0.012924535539999997
0.012887777499999998
0.012852488219999998
0.012818625869999998
0.012786145509999996
0.012755007229999997
0.012725168719999997
0.012696591769999998
0.012669235840000004
0.012643066940000001
0.01261804591
0.01259413662
0.01257130491
0.012549518770000004
0.012528744130000002
0.012508949179999998
0.01249010341
0.012472176109999995
0.012455139250000002
0.012438963630000001
0.012423621099999995
0.012409086460000001
0.012395329629999998
0.012382330620000003
0.012370061369999998
0.01235849874
0.012347620329999998
0.012337402879999999
0.0123278225
0.012318860850000007
0.012310494739999997
0.012302705589999997
0.01229547463
0.012288781129999999
0.01228260656
0.01227693448
0.01227174634
0.012267026819999994
0.012262759299999999
0.012258926009999997
0.012255514470000005
0.01225250691
0.012249891769999998
0.012247652530000002
0.012245776960000003
0.012244253210000002
0.012243066249999998
0.012242205910000001
0.012241658499999999
0.012241413970000002
0.01224146051
0.01224178582
0.012242382259999997
0.01224323744
0.012244343969999995
0.012245690540000003
0.01224726712
0.012249067749999999
0.012251083070000002
0.012253302650000002
0.012255720599999999
0.012258330529999998
0.012261121820000003
0.012264087189999997
0.012267222360000003
0.012270520420000004
0.01227397297
0.012277574299999998
0.012281319589999997
0.012285200829999994
0.012289215549999994
0.012293355239999996
0.012297616369999997
0.012301992620000002
0.012306481399999996
0.0123110758
0.012315771279999997
0.01232056654
0.012325453949999999
0.012330429440000002
0.012335492100000001
0.012340636689999997
0.012345858110000003
0.012351153809999994
0.012356521480000002
0.012361956730000003
0.012367457290000003
0.012373019620000002
0.012378638950000003
0.012384315080000008
0.012390045509999998
0.012395825260000002
0.012401654050000004
0.012407529559999995
0.01241344783
0.012419406559999999
0.012425404939999997
0.012431440349999994
0.012437510349999997
0.012443613559999997
0.012449747880000004
0.01245591239
0.012462103719999998
0.01246832193
0.012474565010000004
0.01248082913
0.012487117090000005
0.01249342571
0.012499751149999998
0.012506094710000004
0.012512453789999997
0.012518828120000006
0.012525217119999996
0.012531618360000002
0.012538031400000003
0.012544455129999998
0.012550888059999998
0.012557331279999997
0.012563781300000004
0.012570238310000002
0.012576700279999995
0.01258316924
0.01258964068
0.012596115920000001
0.012602595230000003
0.012609075799999998
0.012615560529999998
0.01262204323
0.012628526970000003
0.012635010259999998
0.01264149345
0.01264797492
0.012654454939999999
0.012660932210000002
0.01266740549
0.012673875990000001
0.01268034208
0.012686805630000004
0.01269326337
0.012699716770000003
0.012706164409999998
0.012712605469999997
0.012719040679999995
0.012725470009999997
0.012731891339999999
0.012738306060000003
0.012744715239999998
0.012751114669999997
0.012757505780000003
0.01276388939
0.012770265650000001
0.01277663089
0.012782987539999999
0.012789335489999998
0.012795674020000002
0.012802003099999999
0.012808322829999996
0.01281463244
0.012820930779999995
0.0128272191
0.012833496719999999
0.012839764440000003
0.01284602002
0.01285226667
0.012858501299999997
0.01286472581
0.012870936909999995
0.012877137770000002
0.012883327380000005
0.012889504690000003
0.012895670600000006
0.012901823410000004
0.012907965050000003
0.01291409435
0.012920212209999997
0.012926318269999999
0.012932410209999998
0.012938490960000002
0.012944559239999997
0.012950614449999998
0.012956656789999996
0.012962686610000001
0.012968704510000005
0.012974709659999998
0.012980701229999997
0.012986680519999998
0.01299264617
0.012998599049999997
0.01300454
0.01301046638
0.013016381860000002
0.013022283209999994
0.013028170360000002
0.01303404529
0.013039906570000004
0.013045755000000001
0.01305159083
0.013057413699999994
0.013063222159999997
0.013069017960000005
0.013074801230000002
0.01308056888
0.01308632525
0.01309206711
0.01309779676
0.013103512259999998
0.013109214840000003
0.013114904710000007
0.01312058034
0.013126241919999997
0.013131890050000004
0.013137527930000002
0.013143148909999998
0.01314875804
0.013154354030000003
0.013159935840000001
0.013165503940000003
0.013171060440000002
0.01317660329
0.01318213178
0.013187647990000002
0.01319314978
0.013198638879999997
0.01320411529
0.013209576989999996
0.013215027829999997
0.013220463659999997
0.013225886009999998
0.013231296259999999
0.013236691759999999
0.013242076260000003
0.013247445989999997
0.013252804299999999
0.013258146699999999
0.013263477920000002
0.01326879433
0.01327409883
0.013279390670000002
0.013284669659999996
0.013289933440000002
0.013295186360000004
0.013300425499999997
0.013305651080000001
0.013310862999999996
0.013316063410000002
0.013321251059999997
0.013326425970000002
0.013331588419999998
0.013336736760000002
0.013341873290000002
0.01334699545
0.013352105880000003
0.013357203720000004
0.013362286359999998
0.01336735826
0.013372417130000001
0.01337746406
0.01338249653
0.013387517370000001
0.013392526150000002
0.013397522039999997
0.013402505200000001
0.01340747651
0.01341243463
0.013417380189999996
0.013422312239999998
0.013427233349999998
0.013432141030000002
0.013437038650000002
0.013441921729999997
0.013446792019999997
0.013451650669999997
0.013456498229999997
0.01346133212
0.013466153540000001
0.013470964020000005
0.013475762729999997
0.013480547450000002
0.0134853209
0.013490081879999997
0.013494831429999998
0.01349956884
0.01350429307
0.013509007700000004
0.013513708100000004
0.013518397329999998
0.013523075729999999
0.013527740529999999
0.01353239539
0.013537036620000003
0.013541666349999999
0.0135462836
0.01355088987
0.013555485930000001
0.013560068029999999
0.013564640429999995
0.013569198919999996
0.013573747379999996
0.013578284099999997
0.01358280856
0.01358732158
0.013591824600000002
0.013596316389999996
0.01360079499
0.01360526261
0.013609720020000004
0.013614164519999998
0.013618599940000002
0.013623022309999995
0.01362743349
0.013631834200000002
0.013636222869999992
0.013640601159999996
0.013644966669999998
0.01364932303
0.01365366761
0.013658000600000003
0.013662321759999999
0.013666633380000005
0.013670934480000002
0.013675223810000001
0.013679501490000003
0.013683769099999998
0.01368802556
0.013692272229999998
0.01369650754
0.013700732099999996
0.01370494587
0.013709148229999997
0.013713340610000003
0.013717523990000003
0.013721695400000003
0.01372585613
0.013730005019999998
0.013734144779999999
0.01373827409
0.013742392580000002
0.013746501199999997
0.013750598270000003
0.013754685840000001
0.013758762579999998
0.01376282903
0.013766885350000006
0.013770931099999996
0.013774967050000005
0.013778991939999994
0.013783007519999996
0.013787012509999998
0.0137910075
0.013794992050000005
0.013798966659999998
0.013802932349999998
0.013806887570000002
0.013810832709999998
0.013814767590000004
0.01381869149
0.013822607469999996
0.013826512779999998
0.013830407199999999
0.013834292489999997
0.013838168610000002
0.013842035420000003
0.013845891160000002
0.013849737289999997
0.013853574030000003
0.013857401060000005
0.013861218599999997
0.013865026649999999
0.013868824910000004
0.013872614920000002
0.013876393679999996
0.013880163430000002
0.013883923569999996
0.013887673650000001
0.013891415400000004
0.013895147810000003
0.013898868620000003
0.013902582769999996
0.013906286570000002
0.013909981659999997
0.013913667820000001
0.013917343399999999
0.013921010300000002
0.013924667419999998
0.013928316920000001
0.013931955460000003
0.013935585640000005
0.01393920774
0.01394282027
0.013946423410000002
0.013950018209999996
0.01395360358
0.0139571788
0.013960746799999996
0.013964305670000003
0.01396785647
0.013971397269999995
0.013974930459999996
0.013978453540000001
0.013981968100000004
0.013985474839999998
0.01398897203
0.013992462689999999
0.013995941499999998
0.0139994124
0.014002875070000002
0.014006329860000001
0.014009775489999998
0.014013213169999999
0.014016642289999999
0.014020062990000002
0.014023474499999996
0.014026878080000003
0.014030271850000007
0.014033659379999994
0.014037036999999995
0.014040408070000003
0.014043769659999997
0.01404712252
0.01405046775
0.014053804650000003
0.014057133510000002
0.014060452529999998
0.01406376581
0.014067069960000001
0.01407036494
0.01407365361
0.014076933240000002
0.014080204630000002
0.01408346891
0.014086724249999993
0.014089972359999998
0.01409321104
0.014096443350000001
0.014099667189999998
0.014102882620000003
0.014106090869999999
0.014109291900000001
0.014112483739999994
0.01411566962
0.014118846409999997
0.01412201613
0.014125177239999998
0.014128331380000003
0.014131477030000004
0.01413461584
0.014137747119999999
0.014140871020000001
0.014143986849999996
0.01414709491
0.014150196580000003
0.014153289019999998
0.014156375149999996
0.014159453790000004
0.014162523960000001
0.0141655885
0.014168645229999999
0.014171693110000008
0.014174734930000002
0.01417776977
0.014180795619999997
0.0141838142
0.014186828019999997
0.01418983261
0.014192830209999997
0.014195820790000003
0.01419880487
0.0142017808
0.014204749469999995
0.014207711289999994
0.014210664980000001
0.014213612010000001
0.014216554479999999
0.014219487559999992
0.014222412940000002
0.01422533287000001
0.014228245290000002
0.014231150270000001
0.014234048619999997
0.014236940390000001
0.014239825180000004
0.01424270309
0.01424557388
0.014248437319999998
0.01425129597
0.014254145829999999
0.01425698924
0.014259827140000004
0.014262657009999999
0.01426548168
0.01426829745
0.01427110768
0.014273911250000002
0.014276708879999999
0.014279498879999998
0.01428228244
0.014285060079999997
0.014287830239999999
0.014290595429999999
0.014293353109999995
0.01429610362
0.014298848279999998
0.014301585779999999
0.014304317940000004
0.014307043010000003
0.014309761359999998
0.014312474349999995
0.014315181250000005
0.014317881339999998
0.01432057389
0.014323261659999996
0.01432594205
0.014328616110000001
0.01433128336
0.014333946200000001
0.014336601609999998
0.01433925018
0.014341893960000001
0.0143445308
0.014347160859999996
0.014349786179999997
0.014352404860000001
0.01435501746
0.014357623050000004
0.01436022398
0.014362817750000001
0.014365405480000003
0.01436798812
0.014370563589999996
0.01437313311
0.01437569681
0.014378256040000002
0.014380807489999994
0.014383353689999998
0.014385894519999998
0.01438842867
0.014390957250000001
0.014393480790000001
0.014395998040000002
0.014398508129999998
0.014401014430000001
0.014403514629999996
0.01440600789
0.014408496100000001
0.014410978800000005
0.01441345562
0.01441592709
0.014418391770000004
0.014420850710000002
0.014423305779999998
0.014425753949999995
0.014428197460000004
0.014430634200000004
0.01443306501
0.014435491100000006
0.01443791117
0.014440326779999997
0.014442736500000004
0.014445139620000002
0.014447538439999998
0.014449931780000001
0.014452318389999996
0.014454699469999999
0.01445707667
0.014459447890000001
0.0144618133
0.014464175340000003
0.014466529250000002
0.014468878519999999
0.014471222799999996
0.014473560390000003
0.014475893980000003
0.014478222750000002
0.014480544869999995
0.014482863189999995
0.014485175909999995
0.014487482040000001
0.014489784399999999
0.014492081490000005
0.01449437281
0.014496658800000006
0.01449894158
0.01450121579
0.014503487309999999
0.014505752890000001
0.014508013680000004
0.01451026838
0.014512518770000005
0.014514764060000003
0.01451700525
0.014519240260000003
0.014521469729999998
0.014523695669999996
0.014525915280000001
0.014528130249999998
0.01453034133
0.014532547980000001
0.014534746690000003
0.01453694216
0.014539132900000003
0.014541318010000004
0.014543499410000002
0.014545674619999999
0.014547846119999996
0.014550013819999999
0.014552173529999997
0.014554329670000001
0.014556480839999998
0.014558628480000002
0.014560770769999998
0.014562907839999997
0.014565040290000003
0.014567167480000002
0.014569289880000003
0.014571407820000007
0.014573520990000003
0.014575630730000004
0.014577735659999997
0.014579835690000001
0.01458193069
0.014584020440000001
0.014586106310000005
0.014588187759999996
0.014590263320000001
0.01459233551
0.014594402759999993
0.01459646526
0.014598524189999997
0.014600577529999999
0.01460262747
0.01460467181
0.014606712560000004
0.0146087474
0.014610777990000004
0.014612804689999998
0.014614827610000002
0.0146168438
0.014618857119999997
0.014620866800000003
0.014622870840000001
0.014624871639999999
0.01462686808
0.014628858960000001
0.014630846939999996
0.014632829539999996
0.014634807899999998
0.01463678061
0.014638751560000003
0.01464071805
0.014642678749999994
0.014644636859999997
0.014646588549999999
0.014648536389999998
0.014650480089999997
0.01465242025
0.014654356419999997
0.014656287080000002
0.014658216259999997
0.01466013785
0.014662057089999998
0.01466397224
0.014665882090000002
0.014667788840000003
0.01466969083
0.01467158912
0.0146734821
0.014675371339999998
0.01467725755
0.014679139619999997
0.014681017409999999
0.014682892270000004
0.014684761499999999
0.014686625909999997
0.014688487669999998
0.014690345579999996
0.014692199220000002
0.014694049500000002
0.01469589457
0.014697735679999997
0.014699574260000006
0.014701408300000001
0.01470323798
0.014705063339999998
0.01470688535
0.014708702819999999
0.014710515849999994
0.014712326779999998
0.014714132879999998
0.014715935659999999
0.014717734180000002
0.014719528329999995
0.014721320690000001
0.014723107269999997
0.014724890999999997
0.014726671770000001
0.014728447370000007
0.014730219679999997
0.014731988259999995
0.014733751970000002
0.014735512830000002
0.014737268780000005
0.014739021530000002
0.014740770489999997
0.01474251524
0.014744257630000002
0.01474599594
0.01474773013
0.014749458799999999
0.014751187690000002
0.01475291166
0.014754630199999997
0.014756347290000003
0.014758057930000002
0.01475976661
0.014761471190000004
0.014763172389999994
0.014764868919999998
0.014766564639999997
0.01476825624
0.014769943929999998
0.014771627039999999
0.014773306830000001
0.014774982310000004
0.01477665629
0.014778325229999995
0.014779991119999997
0.014781653979999998
0.014783312390000003
0.0147849685
0.014786619909999996
0.014788267500000002
0.014789914050000002
0.01479155444
0.01479319237
0.014794826730000002
0.014796458049999996
0.014798084550000009
0.014799708150000004
0.014801329830000001
0.01480294867
0.014804562539999996
0.014806173349999997
0.014807782330000003
0.01480938626
0.01481098666
0.01481258404
0.014814176589999997
0.014815769009999997
0.014817355930000005
0.014818939739999999
0.01482052056
0.014822098429999996
0.0148236719
0.014825243140000001
0.014826810610000003
0.014828375270000001
0.014829935610000003
0.014831492899999996
0.014833047210000004
0.014834600080000003
0.014836147850000005
0.014837692980000004
0.014839234319999998
0.014840773370000003
0.014842308440000005
0.014843841090000006
0.014845369519999995
0.014846895690000004
0.01484841791
0.014849937100000002
0.014851453889999998
0.01485296784
0.014854477889999997
0.01485598529
0.014857489360000002
0.014858989559999997
0.014860487629999997
0.014861982519999994
0.014863474080000001
0.01486496176
0.014866446910000003
0.014867928489999994
0.014869409030000003
0.014870884050000003
0.014872357400000003
0.014873826899999998
0.014875294079999999
0.014876758260000001
0.014878219649999995
0.014879676639999995
0.014881131360000004
0.014882583069999997
0.014884031490000005
0.014885475910000001
0.014886919969999999
0.014888359379999999
0.01488979708
0.014891230409999998
0.014892660640000001
0.014894088779999997
0.01489551498
0.01489693602
0.014898356269999998
0.01489977268
0.014901186960000003
0.0149025965
0.014904006290000004
0.014905410680000002
0.014906813190000002
0.014908210710000003
0.014909606900000004
0.014911000919999999
0.014912392270000002
0.01491377865
0.01491516436
0.014916545840000007
0.014917924409999998
0.01491930123
0.01492067404
0.014922044730000004
0.014923413310000001
0.014924777719999999
0.014926139669999998
0.014927499710000005
0.01492885707
0.01493021128
0.014931562410000003
0.014932911940000002
0.01493425683
0.01493560104
0.014936941610000002
0.014938279549999997
0.014939615210000002
0.014940947480000001
0.01494227635
0.01494360241
0.014944928500000003
0.014946249620000004
0.014947569559999999
0.014948884670000002
0.014950198119999997
0.014951507680000005
0.01495281596
0.014954121749999995
0.014955425040000001
0.01495672574
0.01495802261
0.014959316520000002
0.014960609269999996
0.014961899760000003
0.014963185940000002
0.01496447001
0.014965752289999997
0.014967032070000006
0.01496830885
0.014969582609999999
0.01497085434
0.014972123600000003
0.014973390770000004
0.01497465474
0.01497591559
0.014977174450000002
0.0149784312
0.014979684980000003
0.01498093642
0.014982183770000004
0.014983429970000003
0.014984673109999997
0.014985914889999999
0.014987152760000002
0.014988389299999998
0.014989623669999994
0.014990854869999999
0.01499208386
0.014993309900000008
0.014994534239999998
0.01499575712
0.014996975030000005
0.014998191969999998
0.014999404749999999
0.01500061634
0.015001825710000005
0.015003032580000004
0.015004236950000001
0.015005438059999997
0.01500663856
0.01500783519
0.015009030299999998
0.015010223260000004
0.01501141252
0.015012601029999996
0.015013786830000004
0.015014970170000004
0.015016150710000004
0.015017327920000004
0.01501850377
0.015019677189999999
0.015020848769999998
0.015022016720000005
0.015023184370000005
0.015024346730000006
0.01502550928
0.015026668289999996
0.015027826139999999
0.015028981630000002
0.01503013434
0.015031284950000006
0.015032433580000006
0.015033577939999996
0.01503472237
0.01503586356
0.015037001950000007
0.01503813894
0.015039274340000002
