0.08967580613999998
0.06579698263999999
0.05678627273999999
0.04904084426000001
0.04245089156000001
0.037235149319999994
0.033378489879999994
0.030582575619999997
0.028508774959999993
0.026904246260000004
0.025605278560000003
0.02450954926
0.023551931059999996
0.022688654839999996
0.021889054610000003
0.021137231160000002
0.020436055939999993
0.01979147337
0.01919977852
0.01865389112
0.01814798742999999
0.01767775926
0.01723992059
0.01683186777
0.01645146613
0.01609689084
0.01576653777
0.015458953340000001
0.01517279026
0.01490678144
0.01465972626
0.01443048453000001
0.01421797159
0.014021162379999997
0.0138390921
0.0136708509
0.01351558311
0.013372491429999996
0.01324081975
0.013119859970000002
0.01300894267
0.012907436190000003
0.012814739030000001
0.01273028482
0.012653534360000001
0.01258397738
0.012521129539999998
0.012464533849999999
0.012413759570000002
0.012368398459999999
0.012328070269999996
0.012292416090000001
0.012261098689999996
0.0122338022
0.01221023624
0.01219012145
0.012173200450000001
0.012159233050000003
0.012147992460000001
0.012139263499999997
0.012132846380000001
0.012128553490000001
0.01212621063
0.012125651779999998
0.012126726079999999
0.01212928861
0.012133208819999996
0.012138365860000007
0.012144646640000001
0.012151946699999997
0.012160174069999996
0.012169241170000001
0.01217906884999999
0.01218958478
0.012200721780000005
0.012212420080000001
0.01222462244
0.01223728052
0.012250347219999999
0.012263778869999997
0.012277539339999997
0.012291590430000004
0.012305901150000005
0.012320442169999996
0.01233518562
0.012350105859999995
0.01236518083
0.012380390160000001
0.012395713810000002
0.012411133970000002
0.01242663519
0.012442201680000004
0.012457818719999998
0.012473475379999998
0.012489160680000002
0.012504862359999997
0.01252057169
0.012536278280000004
0.012551975969999997
0.01256765432
0.012583310969999999
0.012598936560000001
0.012614524739999999
0.01263007097
0.012645571599999999
0.012661021810000004
0.012676416629999998
0.012691754839999998
0.012707030629999998
0.012722242869999997
0.01273738671
0.01275246321
0.012767468009999996
0.012782399919999998
0.0127972562
0.012812036010000001
0.012826740259999993
0.012841366150000007
0.012855911319999998
0.012870377640000001
0.012884761740000002
0.012899065230000001
0.012913287599999995
0.012927427169999998
0.012941485190000001
0.012955459789999995
0.012969353049999997
0.012983163180000002
0.012996890850000003
0.013010534969999996
0.013024098799999996
0.013037577489999999
0.013050976289999999
0.01306429228
0.013077527529999999
0.013090681519999998
0.0131037556
0.013116748459999996
0.013129658759999998
0.01314249194
0.013155244269999998
0.013167919489999999
0.013180515449999996
0.013193032189999994
0.013205472569999996
0.013217834609999994
0.01323012091
0.0132423319
0.013254464480000006
0.013266524020000002
0.013278508480000005
0.013290418690000003
0.01330225443
0.013314016279999997
0.01332570746
0.01333732548
0.013348870729999997
0.013360344860000007
0.01337174905
0.01338308173
0.013394346369999997
0.013405540760000001
0.013416666609999992
0.01342772453
0.01343871347
0.013449636090000003
0.013460492069999998
0.013471280639999994
0.013482005229999998
0.013492662960000002
0.013503255479999997
0.01351378517
0.013524250629999998
0.013534651419999998
0.013544989650000006
0.013555266320000004
0.01356548086
0.01357563281
0.013585724510000001
0.013595756540000004
0.013605726050000003
0.013615637179999997
0.01362549006
0.013635282490000001
0.013645017450000003
0.01365469472
0.013664312560000001
0.013673876409999999
0.013683381149999998
0.013692828830000002
0.013702222279999999
0.013711560840000001
0.013720844
0.013730072099999999
0.013739245600000005
0.013748364249999999
0.013757432749999998
0.01376644689
0.01377540803
0.013784317329999995
0.013793174909999999
0.013801980739999999
0.013810735560000002
0.013819439909999998
0.013828094550000003
0.013836698330000003
0.013845252959999998
0.013853757810000002
0.013862213170000004
0.013870620350000003
0.013878981689999998
0.013887294589999998
0.013895558839999997
0.013903775280000006
0.013911946039999998
0.013920071300000003
0.01392815004
0.01393618298
0.013944170630000004
0.013952113049999998
0.013960012949999998
0.013967864989999999
0.013975674410000001
0.01398343886
0.013991162699999997
0.013998841759999997
0.014006478020000006
0.014014071200000002
0.014021622420000001
0.014029131799999997
0.014036599410000001
0.014044025110000002
0.014051410299999997
0.014058756459999999
0.014066059579999998
0.014073323090000001
0.014080547290000002
0.014087732620000008
0.014094876979999999
0.014101983430000003
0.01410905083
0.0141160807
0.014123071060000002
0.014130022629999996
0.014136936859999998
0.01414381396
0.014150655059999996
0.014157458290000003
0.014164225050000003
0.014170955530000003
0.014177649469999998
0.014184307820000006
0.014190929960000001
0.01419751568
0.014204067410000007
0.014210584970000006
0.014217066239999998
0.014223513620000001
0.0142299267
0.01423630444
0.01424265029
0.014248962939999998
0.014255240800000003
0.014261485699999998
0.01426769707
0.014273876460000001
0.014280023380000006
0.014286138330000005
0.0142922211
0.014298272479999995
0.014304292190000002
0.014310279300000001
0.014316234979999998
0.014322160500000005
0.014328055329999999
0.014333920079999998
0.014339753709999998
0.014345556369999998
0.014351330969999998
0.01435707494
0.01436278842
0.014368473899999994
0.014374128669999996
0.01437975554
0.014385352029999996
0.014390921090000001
0.014396461929999998
0.014401972380000006
0.014407456619999995
0.014412911940000002
0.014418339530000006
0.014423740130000003
0.014429112900000006
0.014434459210000002
0.01443977679
0.014445068679999997
0.01445033212
0.014455570910000003
0.014460780850000004
0.0144659671
0.014471125890000002
0.01447625873
0.014481365529999998
0.014486447589999998
0.01449150286
0.014496534620000006
0.014501538680000002
0.014506519119999998
0.014511475179999995
0.014516405880000003
0.014521311989999999
0.01452619475
0.014531051210000001
0.014535883879999996
0.014540692630000001
0.014545478059999999
0.014550240140000005
0.014554977860000002
0.014559692160000004
0.014564383430000001
0.014569051960000001
0.014573695879999998
0.014578316889999996
0.014582916430000002
0.014587493420000002
0.01459204654
0.014596579390000001
0.01460108925
0.014605575160000002
0.014610040589999995
0.01461448381
0.014618905000000001
0.014623304629999995
0.014627683210000002
0.01463203957
0.01463637603
0.014640689880000002
0.014644983960000002
0.014649256069999997
0.01465350947
0.014657741999999994
0.0146619522
0.01466614297
0.014670313019999994
0.01467446185
0.014678591389999997
0.01468270314
0.01468679359
0.014690864290000005
0.014694915929999997
0.014698947510000003
0.014702958899999998
0.01470695158
0.014710926
0.01471488133
0.014718815880000005
0.01472273309
0.014726632170000002
0.014730511019999998
0.014734373529999997
0.014738217250000001
0.014742040210000003
0.014745846550000004
0.014749633790000001
0.0147534039
0.01475715558
0.014760890619999996
0.014764607960000002
0.014768306789999998
0.01477198901
0.014775652959999996
0.014779300590000004
0.014782929920000003
0.014786542710000003
0.014790138849999999
0.014793716940000003
0.014797278530000003
0.014800822160000003
0.01480435054999999
0.014807863119999997
0.014811358190000004
0.01481483764
0.014818299959999998
0.01482174706
0.01482517886
0.0148285946
0.014831993100000003
0.014835375839999996
0.01483874361
0.014842094629999998
0.01484543037
0.014848752079999998
0.014852056290000002
0.014855346810000003
0.014858621010000003
0.014861879440000001
0.014865124249999997
0.014868352829999997
0.014871566429999998
0.014874765940000001
0.014877952969999997
0.014881122930000006
0.014884279559999996
0.014887421600000004
0.014890549599999999
0.01489366289
0.01489676223
0.014899846429999997
0.01490291636
0.014905973600000002
0.014909016599999998
0.014912045809999996
0.014915061460000004
0.014918065049999998
0.014921050919999998
0.014924026179999994
0.01492698709
0.014929934220000005
0.014932869819999998
0.01493579092
0.01493869884
0.014941594370000004
0.014944476039999998
0.01494734592
0.014950201829999999
0.014953047199999998
0.014955876999999998
0.014958697009999997
0.014961502800000002
0.01496429671
0.014967076340000003
0.014969845189999999
0.014972602169999995
0.014975345469999998
0.014978080170000001
0.014980799139999999
0.01498350539
0.014986203410000003
0.014988887959999997
0.014991559170000002
0.014994220159999995
0.014996869629999998
0.014999505750000001
0.015002131840000002
0.015004746340000003
0.015007349410000002
0.015009941
0.015012520340000004
0.01501508962
0.015017648129999998
0.015020196029999999
0.015022732130000003
0.015025255070000004
0.015027768480000004
0.015030272820000001
0.015032765189999997
0.01503524578
0.015037716100000001
0.015040176540000005
0.015042625760000006
0.015045065790000001
0.015047494579999997
0.01504991315
0.015052321189999995
0.015054718590000002
0.015057106490000003
0.015059484260000002
0.015061851209999992
0.01506421
0.01506655686
0.015068894050000005
0.01507121974
0.015073536949999996
0.015075846679999996
0.015078144709999996
0.015080432369999997
0.015082711150000004
0.015084981870000003
0.015087241990000005
0.015089491940000003
0.015091733569999998
0.01509396553
0.015096186000000001
0.015098400480000001
0.01510060473
0.015102797970000003
0.015104984809999998
0.015107161680000002
0.01510932846
0.015111488099999999
0.015113637089999998
0.01511577634
0.015117908799999994
0.015120033150000005
0.015122147130000001
0.015124253740000005
0.015126351379999996
0.01512844032
0.015130521579999995
0.0151325934
0.015134657369999995
0.015136712630000002
0.015138759119999998
0.015140798
0.01514283011
0.01514485216
0.015146866540000003
0.015148873920000002
0.015150870269999998
0.015152860290000006
0.015154842539999998
0.015156815880000002
0.015158782019999999
0.015160741120000001
0.015162691570000005
0.01516463464
0.015166569369999995
0.015168497159999999
0.015170417910000001
0.015172330350000002
0.01517423575
0.01517613219
0.015178021100000001
0.015179902779999997
0.015181778379999995
0.015183645349999997
0.01518550748
0.01518736061
0.015189204809999992
0.015191044549999998
0.01519287642
0.015194701580000003
0.015196517290000005
0.015198328189999999
0.015200130740000001
0.01520192716
0.015203715550000003
0.015205498340000002
0.015207274460000005
0.015209043860000007
0.015210807539999998
0.015212562990000001
0.015214312060000002
0.015216054230000003
0.015217791089999993
0.01521951987
0.015221243879999997
0.015222961440000005
0.015224671830000003
0.01522637581
0.015228072979999997
0.01522976435
0.015231448310000005
0.015233126470000004
0.01523479833
0.01523646512
0.015238124990000006
0.015239779030000006
0.015241427210000002
0.015243067590000003
0.015244702629999997
0.01524633147
0.015247955660000001
0.015249573569999994
0.01525118445
0.01525279077
0.015254390459999998
0.015255983839999996
0.015257573420000005
0.015259154659999996
0.015260731360000002
0.015262302880000002
0.015263867870000001
0.015265428179999999
0.015266982059999995
0.015268533119999999
0.01527007487
0.015271614509999998
0.015273147019999999
0.015274672969999997
0.015276194330000006
0.015277710199999996
0.015279223459999996
0.015280727999999999
0.015282229300000004
0.01528372515
0.015285215490000004
0.015286700620000005
0.01528818135
0.015289655849999997
0.015291125110000008
0.015292591020000003
0.015294051229999996
0.015295504500000003
0.0152969553
0.01529839933
0.015299838380000003
0.015301272639999999
0.015302702750000001
0.015304128139999998
0.015305548209999999
0.015306963469999997
0.015308374060000008
0.015309778720000002
0.015311180770000004
0.015312577680000005
0.015313968750000004
0.015315356119999997
0.015316738889999999
0.015318116760000005
0.015319491510000003
0.015320861150000002
0.015322225419999995
0.01532358392
0.015324938629999998
0.015326290400000003
0.015327636390000001
0.015328979060000001
0.015330317830000002
0.015331650879999997
0.015332980770000003
0.015334305180000002
0.015335625490000003
0.015336941140000003
0.015338253799999995
0.015339563429999996
0.015340867989999998
0.01534216888
0.015343464279999998
0.01534475633
0.015346043100000005
0.015347326410000002
0.015348606620000005
0.015349882990000003
0.015351155130000006
0.015352423469999998
0.015353687380000001
0.01535494699
0.015356205100000004
0.015357457010000002
0.01535870656
0.015359949580000002
0.015361192059999997
0.015362432130000003
0.015363664520000004
0.01536489533
0.01536612263
0.015367344390000003
0.015368564420000001
0.015369779749999996
0.015370990300000003
0.015372199519999998
0.015373405590000002
0.015374607489999999
0.015375805869999998
0.01537700214
0.015378191109999993
0.01537937877
0.015380563270000001
0.015381743979999998
0.015382922180000001
0.015384095549999994
0.01538526694
0.015386434369999997
0.01538759866
0.015388759950000006
0.015389918580000002
0.015391075139999998
0.015392223679999997
0.015393371539999994
0.015394515430000002
0.015395657949999999
0.015396795610000003
0.015397930289999999
0.01539906376
0.01540019183
0.01540131812
0.015402440789999998
0.01540356068
0.01540467623
0.015405789010000004
0.01540690027
0.015408008789999999
0.015409114349999996
0.015410217109999999
0.015411317409999998
0.015412412869999996
0.015413505159999997
0.015414595779999995
0.015415684220000002
0.015416769550000004
0.015417851450000002
0.01541893132
0.015420006329999998
0.01542108115
0.015422152799999998
0.01542322146
0.015424287979999996
0.015425351780000006
0.015426412089999997
0.015427468220000002
0.015428523430000002
0.015429575839999998
0.015430624910000001
0.01543167276
0.015432716759999998
0.015433760399999998
0.015434801170000002
0.015435837340000003
0.01543687076
0.015437901690000004
0.015438930430000003
0.015439957599999998
0.015440981
0.015442004010000001
0.015443025000000004
0.015444042299999999
0.015445055909999998
0.01544606932
0.015447079219999998
0.01544808603
0.015449092049999995
0.015450094900000003
0.015451096179999995
0.015452094590000003
0.01545309139
0.015454084520000001
0.015455076890000004
0.015456066959999999
0.015457055050000003
0.015458038089999999
0.015459021399999997
0.015460002120000003
0.015460981560000005
0.015461956809999997
0.015462931840000001
0.015463902980000005
0.015464873220000001
0.015465841739999996
0.015466806059999996
0.015467769350000002
0.015468730319999997
0.015469691349999998
0.015470649210000003
0.01547160531
0.015472557909999997
0.015473508759999999
0.015474457640000001
0.01547540477
0.01547635181
0.0154772948
0.015478235989999999
0.01547917488
0.015480112510000003
0.015481049709999996
0.015481983540000004
0.015482915219999999
0.015483844669999995
0.01548477265
0.015485699349999998
0.015486623940000001
0.015487546149999996
0.015488467160000003
0.015489386769999995
0.015490303449999996
0.015491217950000004
0.015492131329999999
0.015493042410000001
0.015493952190000002
0.0154948583
0.015495766279999998
0.015496669939999999
0.015497573850000002
0.015498475779999996
0.015499375880000006
0.015500272099999999
0.015501167940000006
0.015502063149999992
0.01550295811
0.015503848829999998
0.015504737610000001
0.015505625879999999
0.015506514899999999
0.015507398070000003
0.015508281240000003
0.01550916497
0.015510044070000005
0.015510922129999999
0.015511799970000002
0.015512675659999997
0.015513549639999997
0.015514423000000005
0.015515294330000005
0.015516164109999992
0.015517032539999996
0.015517898719999994
0.015518762539999995
0.015519626219999996
0.01552048889
0.01552134943
0.01552220994
0.015523067100000001
0.015523923050000001
0.015524777730000001
0.015525631279999999
0.01552648304
0.015527334040000005
0.015528183950000003
0.015529031119999998
0.015529877939999997
0.015530724549999996
0.015531568379999994
0.015532412589999997
0.015533253200000001
0.015534094319999995
0.015534932919999998
0.015535770639999997
0.015536606919999998
0.015537441809999998
0.015538276100000002
0.015539108769999999
0.015539940059999995
0.015540770659999998
0.015541600369999999
0.01554242994
0.015543256270000003
0.015544080959999998
0.015544907790000005
0.015545731739999997
0.015546554579999998
0.015547375359999996
0.015548196460000002
0.015549014150000002
0.01554983226
0.01555064896
0.01555146538
0.015552280720000002
0.015553095729999999
0.015553907849999998
0.015554721490000001
0.015555532120000002
0.015556342869999995
0.01555715171
0.01555795792
0.015558763649999996
0.015559569479999997
0.015560374240000003
0.015561178399999995
0.01556198009
0.015562782560000005
0.015563583449999996
0.015564380920000004
0.015565178830000002
0.015565977580000003
0.015566774509999999
0.01556757076
0.015568365289999999
0.015569161160000004
0.015569953740000005
0.015570745499999998
0.015571538759999996
0.015572330120000002
0.015573120320000002
0.01557391045
0.015574699639999997
0.015575487989999996
0.015576274649999994
0.015577061500000005
0.015577847869999996
0.01557863349
0.01557941759
0.015580201060000005
0.015580983820000003
0.015581766890000005
0.01558254796
0.01558332744
0.015584107900000001
0.015584886439999996
0.015585664730000002
0.015586441999999999
0.015587217670000004
0.01558799442
0.015588770850000004
0.015589545069999997
0.015590317869999998
0.015591092510000005
0.015591865630000009
0.015592636560000001
0.01559340744
0.015594179110000002
0.01559494787
0.015595718279999999
0.015596486639999997
0.015597254819999993
0.015598024249999998
0.015598790370000002
0.015599556830000002
0.015600323049999998
0.015601086789999994
0.015601850389999998
0.015602613919999998
0.01560337885
0.015604141760000002
0.015604903760000002
0.015605664679999999
0.0156064258
0.015607186880000004
0.015607946259999997
0.01560870512
0.015609463560000003
0.015610223069999998
0.0156109812
0.015611738310000003
0.015612495490000003
0.015613253100000004
0.015614008099999998
0.015614764589999998
0.01561551902
0.015616273190000004
0.015617027730000003
0.015617781370000002
0.015618534990000002
0.015619288120000003
0.015620040259999999
0.015620791600000001
0.015621542419999997
0.015622294349999996
0.015623044039999999
0.01562379419
0.015624543590000001
0.01562529407
0.015626043049999996
0.01562679222
0.015627539979999997
0.015628289230000005
0.015629037979999996
0.015629785969999997
0.015630531240000002
0.01563127881
0.01563202616
0.015632771060000005
0.015633517379999996
0.015634261579999996
0.01563500793
0.015635752930000003
0.01563649699
0.015637240519999998
0.015637985170000004
0.015638728140000002
0.015639471299999996
0.01564021325
0.015640955890000002
0.015641696850000004
0.01564244011
0.015643180729999998
0.0156439228
0.015644662150000002
0.015645402760000003
0.015646143350000002
0.015646882949999993
0.01564762213
0.015648362129999992
0.01564910128
0.01564984152
0.015650578989999994
0.015651319640000008
0.01565205779
0.01565279572
0.015653532069999997
0.01565427097
0.015655009420000005
0.01565574656
0.01565648536
0.01565722276
0.015657960280000004
0.015658696110000002
0.015659432529999996
0.015660168000000002
0.015660905680000007
0.01566164245
0.01566237764
0.015663113879999996
0.015663847949999997
0.015664584059999997
0.01566531921
0.015666054430000003
0.015666789860000002
0.01566752429
0.015668257159999997
0.01566899241
0.015669726630000002
0.01567046154
0.01567119613
0.015671929289999994
0.01567266311
0.015673397479999997
0.0156741314
0.01567486432
0.015675597810000007
0.01567633156
0.01567706297
