0.09508113596000001
0.03146662988
0.023565342740000005
0.020307210459999996
0.018093984389999998
0.01644313923
0.015216635849999998
0.01433448998
0.013723557669999999
0.013315779099999998
0.013056970420000003
0.012906804579999995
0.012834846649999995
0.012817713200000002
0.012837641960000002
0.01288159015
0.012940373199999999
0.01300774626
0.013079581020000002
0.013153218620000002
0.013226979699999999
0.013299840100000005
0.013371196440000002
0.013440705150000001
0.013508193289999996
0.013573585299999998
0.013636860370000004
0.01369803951
0.013757158260000003
0.013814264299999997
0.013869412619999999
0.01392266077
0.01397406628
0.014023689090000003
0.014071586909999998
0.014117819079999998
0.01416244367
0.014205515889999997
0.014247090090000003
0.014287220040000003
0.014325957959999998
0.014363353520000004
0.014399455590000006
0.014434312510000002
0.014467967560000003
0.014500466580000003
0.01453184995
0.014562160310000006
0.014591434269999998
0.014619710650000001
0.014647026120000003
0.014673415100000002
0.014698909559999999
0.014723542329999997
0.014747346509999999
0.01477034855
0.014792577140000006
0.0148140616
0.014834827799999997
0.01485490035
0.01487430613
0.014893065510000001
0.014911202599999996
0.014928740539999999
0.01494569934
0.014962096730000003
0.014977955790000002
0.014993295419999995
0.015008131039999999
0.015022483560000001
0.01503636833
0.01504980064
0.0150627988
0.015075374700000001
0.015087544700000002
0.01509932465
0.015110726070000002
0.015121761729999999
0.015132446880000004
0.015142789620000001
0.015152805759999999
0.015162504580000003
0.015171898130000003
0.015180996989999997
0.015189812609999999
0.015198350199999999
0.015206625370000003
0.01521464398
0.015222414490000002
0.015229948749999998
0.015237252269999996
0.015244333389999998
0.01525120166
0.01525786427
0.015264328220000003
0.015270600210000002
0.015276689159999994
0.015282600079999997
0.01528833922
0.01529391438
0.01529933156
0.015304595749999999
0.015309713800000003
0.015314691839999997
0.015319534500000004
0.01532424644
0.015328833430000001
0.015333302119999996
0.015337655430000003
0.015341898819999998
0.015346037059999994
0.015350076519999999
0.015354018329999995
0.015357868349999993
0.015361629039999996
0.015365306390000001
0.015368903019999996
0.015372422940000002
0.015375869739999997
0.015379246639999997
0.01538255628
0.015385803759999999
0.015388989930000003
0.015392120310000005
0.015395196379999998
0.015398221440000009
0.015401198189999996
0.01540412821
0.015407013479999999
0.015409860009999998
0.015412667879999993
0.015415439569999996
0.015418177139999998
0.015420883949999993
0.015423560930000003
0.015426210220000004
0.015428835780000006
0.015431436200000004
0.01543401719
0.015436577460000003
0.015439122180000002
0.015441649630000004
0.01544416354
0.015446664259999998
0.015449154679999997
0.015451639090000002
0.01545411186
0.015456581429999998
0.015459046760000004
0.015461508600000005
0.015463967739999994
0.015466427199999999
0.015468889870000004
0.015471353699999997
0.015473820820000001
0.015476294290000001
0.015478772129999999
0.015481257079999994
0.015483751599999998
0.01548625546
0.015488770590000003
0.015491295989999997
0.015493834910000002
0.015496385620000002
0.015498953399999998
0.015501534280000001
0.015504132419999993
0.015506748400000001
0.015509382359999999
0.015512033479999998
0.015514704749999997
0.015517395619999999
0.015520106969999998
0.0155228409
0.015525598179999997
0.015528376440000005
0.0155311778
0.015534003919999997
0.015536852849999996
0.01553973005000001
0.015542630979999993
0.015545556380000006
0.01554851103
0.015551492389999998
0.015554499369999999
0.015557534500000001
0.015560598229999995
0.015563691510000002
0.01556681379
0.01556996535
0.015573145879999998
0.01557635815
0.015579600460000004
0.015582873689999999
0.01558617858
0.015589513819999998
0.01559288271
0.015596282439999998
0.015599715430000001
0.015603180099999992
0.015606679890000006
0.015610213090000005
0.01561378092
0.015617381980000001
0.015621018519999998
0.015624688
0.015628395119999992
0.015632136079999998
0.015635913879999998
0.01563972758
0.015643576629999996
0.01564746281
0.015651386219999997
0.01565534786
0.015659345850000003
0.01566338271
0.015667457149999998
0.015671570329999995
0.015675720459999997
0.015679912219999998
0.015684140139999997
0.01568840961
0.015692717309999996
0.01569706484
0.015701453270000002
0.01570588141
0.01571035005
0.015714858700000004
0.01571940693
0.01572399798
0.015728627809999996
0.015733300049999996
0.015738015549999998
0.01574277016
0.01574756775000001
0.015752404709999997
0.01575728378
0.015762204220000006
0.0157671658
0.01577216979
0.01577721567
0.01578230137
0.01578742952
0.015792599459999997
0.01579781067
0.015803063309999997
0.015808355270000005
0.015813689619999995
0.015819064849999998
0.015824480309999996
0.01582993654
0.01583543187
0.0158409684
0.015846545239999996
0.01585216282
0.015857817859999998
0.015863511600000005
0.01586924586
0.015875019100000002
0.015880829340000006
0.0158866791
0.01589256707
0.015898491220000005
0.015904451540000003
0.01591045084
0.015916485859999992
0.01592255681
0.015928661900000002
0.015934804459999997
0.015940980599999998
0.015947192680000003
0.015953437730000002
0.01595971701
0.01596602874
0.015972374819999996
0.015978752099999997
0.015985161589999995
0.01599160365
0.01599807583
0.016004578689999997
0.01601111231
0.016017675080000005
0.016024268119999997
0.01603088867
0.016037539070000006
0.016044218920000006
0.016050923320000004
0.01605765486
0.016064414230000004
0.01607119798
0.016078008340000005
0.016084845010000005
0.016091705630000005
0.016098588859999995
0.016105500220000003
0.016112433739999998
0.016119388800000006
0.016126365660000003
0.016133365519999998
0.016140386990000005
0.01614743136
0.01615449536
0.016161578810000004
0.01616868343
0.016175807740000003
0.01618295035
0.016190111920000003
0.01619729227
0.016204489239999998
0.016211705580000003
0.016218937650000004
0.016226186389999994
0.01623345219
0.016240731949999993
0.016248030299999997
0.016255344
0.016262668839999998
0.016270009650000007
0.016277365289999998
0.0162847346
0.01629211867
0.016299513619999994
0.016306921880000002
0.016314341899999998
0.016321773929999995
0.01632921894
0.016336673620000006
0.01634414006
0.016351616380000003
0.01635910510999999
0.016366602969999998
0.01637411131
0.01638162886
0.0163891556
0.01639669109
0.016404236069999998
0.016411787399999992
0.016419348149999992
0.016426917
0.016434493600000002
0.016442076709999996
0.016449667000000005
0.016457265009999993
0.016464869759999997
0.01647248071
0.01648009679
0.016487718200000005
0.016495346680000002
0.016502980559999995
0.016510619120000004
0.016518263089999995
0.016525911429999998
0.016533565129999997
0.01654122228
0.016548885290000002
0.016556550620000002
0.016564221789999996
0.016571894960000003
0.01657957282
0.016587253580000003
0.016594937419999997
0.01660262469
0.01661031393
0.01661800632
0.01662570044
0.0166333993
0.016641097799999994
0.01664879883
0.01665650362
0.016664208520000005
0.016671914879999992
0.016679624750000007
0.016687332590000003
0.016695043799999996
0.016702757299999996
0.01671047051
0.016718184530000003
0.01672589914
0.01673361404
0.016741329330000002
0.01674904508
0.016756761100000003
0.01676447639000001
0.016772192070000004
0.01677990908
0.01678762434
0.016795339199999995
0.01680305378
0.0168107662
0.01681848024
0.016826190839999998
0.016833900959999995
0.01684161109
0.016849318490000004
0.016857024780000004
0.016864729540000005
0.01687243236000001
0.016880133529999997
0.016887832739999997
0.016895529879999996
0.016903225459999994
0.01691091604
0.016918606140000004
0.016926292159999995
0.016933975930000008
0.01694165734
0.01694933586
0.016957009460000002
0.01696468068
0.01697234738000001
0.016980012049999996
0.016987672319999994
0.01699533036
0.017002982880000003
0.017010630800000006
0.017018274500000007
0.01702591265999999
0.017033547760000003
0.0170411784
0.017048803779999996
0.017056424619999996
0.017064039599999997
0.017071648959999998
0.01707925504
0.017086852459999996
0.017094444589999997
0.017102030810000002
0.017109611740000003
0.017117187079999995
0.01712475447999999
0.017132317880000004
0.017139872480000005
0.01714742006
0.017154962520000004
0.017162497819999997
0.01717002568
0.017177545589999996
0.01718505832
0.017192563129999994
0.017200059219999998
0.01720754853
0.017215030200000002
0.017222502499999993
0.01722996746
0.0172374227
0.017244871499999998
0.01725230938
0.017259738639999998
0.01726715929
0.01727457098
0.01728197354
0.017289366390000005
0.01729674828
0.01730412324
0.01731148592
0.017318840379999995
0.017326185040000004
0.017333517340000004
0.01734084118
0.017348153879999998
0.017355457320000003
0.017362748900000006
0.017370029439999997
0.01737729838
0.017384557199999998
0.017391804160000003
0.017399040650000003
0.017406266059999995
0.017413480289999995
0.01742068247
0.0174278736
0.01743505386
0.01744222036000001
0.01744937724
0.01745652236
0.017463655060000003
0.01747077436
0.017477883659999992
0.01748497782
0.017492063579999995
0.01749913316
0.017506192499999997
0.01751323988
0.01752027427
0.017527295700000004
0.01753430472
0.017541301360000004
0.017548286700000002
0.017555256459999998
0.01756221752
0.017569163940000004
0.017576096439999994
0.0175830175
0.017589925279999998
0.017596819360000005
0.0176037012
0.017610571040000005
0.01761742788
0.017624271950000003
0.017631100999999996
0.0176379192
0.01764472508
0.01765151648
0.01765829598
0.017665061800000003
0.01767181404
0.017678555140000003
0.01768528234
0.01769199696
0.017698699559999996
0.01770538859
0.0177120642
0.01771872748
0.01772537888
0.01773201591
0.017738642320000008
0.017745253199999998
0.01775185222
0.01775843916
0.017765012389999998
0.017771573270000007
0.017778123239999995
0.017784658479999996
0.01779118028
0.01779769203
0.017804189100000006
0.017810674220000003
0.017817148600000002
0.017823609229999995
0.017830056480000002
0.01783648981
0.0178429135
0.01784932418
0.017855723140000005
0.017862107260000003
0.017868481159999998
0.017874842299999995
0.017881190859999996
0.017887528000000003
0.017893853640000002
0.0179001659
0.017906467140000003
0.01791275616
0.017919031680000003
0.01792529642
0.017931548429999996
0.017937787880000004
0.01794401752
0.01795023424
0.01795643892
0.017962631939999994
0.017968812440000002
0.01797498177
0.01798113964
0.01798728602
0.01799342182
0.01799954184
0.01800565362
0.018011753209999995
0.01801784032
0.01802391582
0.018029979459999998
0.01803603244
0.018042073400000004
0.018048102799999993
0.018054121180000004
0.01806012956
0.018066125309999993
0.018072109499999996
0.018078081980000004
0.018084041540000005
0.018089994669999995
0.01809593258
0.018101861260000005
0.01810777718
0.018113682540000002
0.01811957486
0.018125457919999997
0.01813133128
0.018137189760000002
0.01814303966
0.018148877949999996
0.018154705180000005
0.0181605204
0.018166323419999995
0.01817211712
0.018177899250000004
0.018183670159999995
0.018189431699999994
0.018195179909999998
0.018200918400000002
0.01820664752
0.018212363880000006
0.018218068839999997
0.01822376326
0.01822944618
0.018235119099999995
0.01824078106
0.018246432499999996
0.01825207289
0.01825770106
0.01826332048
0.018268925360000007
0.01827452272
0.018280108000000003
0.018285681279999997
0.01829124526
0.01829679741
0.018302339180000002
0.01830786856
0.01831338875
0.018318897960000004
0.018324396719999997
0.018329882460000006
0.018335358800000003
0.018340822880000003
0.018346279199999996
0.018351721879999994
0.018357154549999997
0.018362576660000008
0.01836798897
0.01837338992
0.01837877824
0.018384157890000002
0.01838952644
0.018394884020000005
0.018400229169999997
0.018405565600000007
0.018410890660000002
0.01841620462
0.01842150826
0.01842679896
0.01843208086
0.018437351780000003
0.018442611550000005
0.01844785993999999
0.018453098600000002
0.018458326859999992
0.018463544770000003
0.018468750119999995
0.018473945760000002
0.018479130620000003
0.018484304070000002
0.01848946844
0.018494619319999996
0.01849976145
0.018504892340000002
0.01851001454
0.01851512204
0.018520219859999996
0.018525309240000003
0.018530387260000003
0.0185354555
0.018540509219999994
0.01854555384
0.018550589780000005
0.01855561264
0.018560624580000004
0.018565627860000003
0.018570618099999995
0.018575599700000004
0.01858057158
0.018585530260000007
0.01859047884
0.01859541724
0.018600344320000003
0.01860525922
0.018610165239999997
0.01861506025
0.01861994358
0.018624818160000004
0.018629680679999996
0.01863453505
0.018639376500000002
0.01864420762
0.01864902866
0.018653838559999997
0.0186586393
0.01866342851
0.01866820534
0.01867297519
0.018677730840000007
0.018682478399999997
0.018687214759999994
0.0186919386
0.01869665498
0.018701358659999993
0.018706053200000003
0.018710734899999998
0.01871540934
0.01872007086
0.01872472126
0.01872936362
0.01873399367
0.018738611699999998
0.018743223059999994
0.01874782258
0.018752411820000002
0.018756989970000002
0.01876155924
0.01876611806
0.018770665719999996
0.018775201310000003
0.018779729579999998
0.01878424545
0.01878875224
0.0187932462
0.01879773218
0.01880220752
0.01880667296
0.018811128039999993
0.01881557304
0.018820009819999994
0.01882443506
0.018828849289999994
0.018833253830000004
0.01883764878
0.0188420329
0.0188464075
0.018850774490000007
0.018855127719999996
0.018859473380000002
0.01886380862
0.01886813398
0.01887244926
0.0188767517
0.01888104656
0.018885333400000003
0.018889608859999997
0.018893875160000004
0.018898132220000002
0.0189023775
0.018906613560000004
0.01891084054
0.018915057459999992
0.01891926606
0.018923462319999994
0.01892765228
0.018931830219999998
0.01893599868
0.018940158119999995
0.01894430952
0.018948448160000003
0.01895258114
0.0189567018
0.018960815220000003
0.01896491822
0.01896900988
0.01897309304
0.01897716838
0.0189812358
0.01898528972000001
0.01898933585
0.018993375249999996
0.01899740198
0.01900142128
0.019005431759999997
0.019009431939999995
0.019013423319999997
0.01901740758
0.019021380730000002
0.019025344659999995
0.019029301
0.019033248679999996
0.019037187080000004
0.019041115809999995
0.01904503495999999
0.019048946709999997
0.0190528481
0.019056741780000004
0.01906062476
0.019064501159999997
0.01906837032
0.019072227360000003
0.019076076700000003
0.019079917560000003
0.019083751410000002
0.019087574240000002
0.01909139059
0.019095197339999995
0.01909899598
0.01910278469
0.019106566539999998
0.01911033877
0.019114102509999994
0.01911785922
0.01912160528
0.019125346
0.019129076429999996
0.019132797179999998
0.019136511839999995
0.01914021814
0.01914391444
0.019147605619999994
0.019151287500000003
0.01915496149999999
0.01915862604
0.01916228494
0.019165933340000003
0.019169574000000005
0.01917320417
0.0191768285
0.0191804467
0.019184054730000004
0.019187655079999994
0.019191246020000007
0.01919482736
0.01919840556
0.01920197354
0.01920553493
0.019209088759999996
0.019212634159999995
0.0192161734
0.01921970372
0.01922322689999999
0.01922674108
0.01923024826
0.019233749679999995
0.01923724134
0.01924072594
0.01924420474
0.019247675579999995
0.019251137609999996
0.019254593189999992
0.019258041679999997
0.019261482620000003
0.01926491624
0.019268341799999998
0.019271761539999998
0.019275172939999998
0.019278576849999996
0.01928197122
0.01928536314
0.019288745660000002
0.019292121739999998
0.019295488560000004
0.019298849579999996
0.019302204479999998
0.019305550190000003
0.0193088909
0.019312223040000003
0.019315550520000002
0.01931886918
0.019322182759999997
0.019325489579999994
0.01932878696
0.019332081730000002
0.01933536512
0.01933864368
0.019341916979999995
0.019345181059999998
0.019348441209999998
0.019351694139999997
0.019354938860000007
0.019358178150000002
0.0193614094
0.019364634380000002
0.0193678543
0.01937106696000001
0.019374272369999997
0.019377475619999997
0.01938066812
0.01938385476
0.01938703588
0.019390210100000003
0.01939337658
0.019396539239999993
0.0193996954
0.01940284448
0.019405988069999994
0.01940912656
0.01941225945
0.019415384690000002
0.019418503080000007
0.01942161752
0.01942472286
0.019427824360000002
0.01943092182
0.01943401136
0.01943709412
0.01944017268
0.01944324584
0.019446310720000002
0.01944937222
0.019452425339999996
0.019455473660000007
0.019458518800000005
0.01946155463
0.019464586279999994
0.019467609980000005
0.019470631109999997
0.01947364692000001
0.01947665432
0.019479657120000004
0.01948265691
0.01948564874
0.019488634820000003
0.019491616499999996
0.019494592619999997
0.019497563139999997
0.019500530199999994
0.019503490159999998
0.019506445110000006
0.019509392499999997
0.019512335309999997
0.0195152757
0.019518208159999998
0.019521136550000005
0.019524059260000004
0.019526978440000002
0.019529893040000003
0.01953279994
0.01953570186
0.0195385998
0.019541491320000003
0.01954437782
0.019547261760000007
0.01955013914000001
0.01955301176
0.019555877409999995
0.01955874102
0.01956159768
0.019564450120000004
0.019567296080000005
0.0195701391
0.01957297686
0.019575808410000003
0.01957863716
0.019581462760000005
0.019584279559999997
0.01958709312
0.01958990198
0.019592704089999996
0.019595503660000006
0.01959829757
0.01960108832
0.019603873379999998
0.01960665257999999
0.019609426340000003
0.019612199759999994
0.01961496726
0.019617727700000004
0.01962048404
0.01962323731
0.019625985780000008
0.019628729439999996
0.019631468859999997
0.019634202419999996
0.019636932479999994
0.019639656860000004
0.019642378099999996
0.01964509283
0.019647804379999988
0.019650511720000003
0.019653214759999996
0.019655911899999996
0.01965860554
0.01966129496
0.019663978119999998
0.01966665859
0.019669334580000003
0.01967200612
0.019674671799999998
0.019677335920000004
0.019679993219999997
0.019682646979999992
0.019685296379999998
0.01968794074
0.019690582360000004
0.019693219480000003
0.019695851039999997
0.01969847792
0.019701100699999995
0.019703719119999998
0.0197063336
0.019708943260000004
0.019711549519999996
0.019714150530000002
0.01971674652000001
0.019719338500000003
0.019721925720000005
0.019724510019999995
0.019727088559999998
0.019729664759999998
0.0197322372
0.019734803580000005
0.01973736816
0.019739926290000005
0.01974248312
0.019745031759999997
0.019747578690000003
0.019750118980000005
0.01975265592
0.01975519038
0.019757717180000002
0.019760241390000002
0.019762759779999993
0.019765274459999996
0.019767786560000007
0.019770293159999997
0.019772796400000004
