(0.07911458 0.0777401 0.0764174 0.07514152 0.073908664 0.072715536 0.07155952
 0.07043828 0.06934992 0.0682928 0.067265354 0.06626644 0.06529484 0.06434958
 0.06342972 0.062534325 0.061662767 0.060814243 0.059988126 0.059183773
 0.05840053 0.057637952 0.05689541 0.056172423 0.055468477 0.054783046
 0.05411583 0.05346617 0.05283376 0.05221806 0.051618725 0.051035296
 0.050467376 0.04991456 0.049376443 0.0488526 0.04834274 0.047846362
 0.047363203 0.046892855 0.046434943 0.04598911 0.04555505 0.045132414
 0.04472084 0.04432004 0.04392969 0.043549445 0.043179028 0.042818177
 0.042466532 0.042123873 0.041789882 0.041464318 0.04114691 0.04083741
 0.040535577 0.04024117 0.03995396 0.0396737 0.039400198 0.03913326 0.03887263
 0.03861817 0.038369626 0.03812684 0.03788966 0.037657864 0.0374313 0.037209827
 0.03699327 0.03678146 0.03657427 0.036371566 0.036173183 0.035979006
 0.035788897 0.035602745 0.035420403 0.03524179 0.035066783 0.034895252
 0.034727134 0.03456228 0.034400612 0.034242053 0.0340865 0.03393386
 0.033784032 0.03363697 0.033492558 0.033350766 0.033211455 0.03307462
 0.032940157 0.032807995 0.032678083 0.032550357 0.032424733 0.032301184
 0.032179665 0.03206008 0.031942386 0.03182655 0.0317125 0.031600226
 0.031489633 0.03138074 0.03127343 0.031167703 0.031063506 0.030960804
 0.030859571 0.030759746 0.030661317 0.030564224 0.03046846 0.030373963
 0.030280745 0.030188745 0.030097924 0.030008271 0.029919757 0.029832367
 0.029746035 0.029660778 0.029576555 0.029493352 0.029411105 0.02932986
 0.029249525 0.029170133 0.029091656 0.029014047 0.028937299 0.028861381
 0.028786283 0.028712016 0.028638523 0.028565811 0.028493864 0.028422654
 0.028352164 0.028282382 0.028213313 0.02814491 0.028077178 0.028010102
 0.02794367 0.02787787 0.027812693 0.027748104 0.027684133 0.02762072 0.0275579
 0.02749562 0.027433898 0.02737273 0.027312085 0.02725196 0.027192332
 0.027133219 0.027074583 0.027016442 0.026958782 0.026901579 0.026844837
 0.02678855 0.026732711 0.026677301 0.026622307 0.026567752 0.026513625
 0.026459867 0.026406538 0.026353609 0.026301043 0.026248863 0.02619706
 0.026145626 0.02609456 0.026043864 0.025993505 0.025943492 0.02589384
 0.025844503 0.025795506 0.025746832 0.0256985 0.025650466 0.02560273
 0.025555331 0.02550821 0.025461404 0.025414884 0.025368664 0.025322728
 0.02527706 0.025231669 0.025186567 0.025141723 0.025097162 0.025052886
 0.025008852 0.024965063 0.024921529 0.024878243 0.024835208 0.024792442
 0.024749892 0.024707582 0.024665512 0.024623677 0.024582073 0.024540698
 0.024499549 0.024458611 0.024417885 0.024377385 0.024337076 0.024297006
 0.024257125 0.024217464 0.024177995 0.02413872 0.024099657 0.02406078
 0.024022104 0.023983616 0.023945322 0.023907218 0.023869306 0.02383156
 0.023794018 0.023756612 0.023719411 0.02368239 0.023645556 0.023608888
 0.023572393 0.023536067 0.023499908 0.023463914 0.023428062 0.023392396
 0.023356881 0.02332152 0.023286326 0.023251291 0.023216404 0.023181671
 0.023147099 0.023112666 0.02307839 0.023044266 0.023010256 0.022976415
 0.022942726 0.022909151 0.022875724 0.022842433 0.0228093 0.022776274
 0.022743408 0.022710683 0.022678083 0.022645624 0.022613266 0.022581046
 0.022548966 0.022517 0.022485167 0.022453465 0.022421869 0.022390423
 0.02235908 0.02232786 0.022296764 0.022265794 0.022234926 0.022204192
 0.022173576 0.02214306 0.022112664 0.022082368 0.022052223 0.022022149
 0.021992194 0.021962384 0.021932648 0.021903021 0.0218735 0.021844098
 0.021814791 0.021785587 0.021756489 0.021727504 0.021698613 0.02166983
 0.021641167 0.021612562 0.021584097 0.021555703 0.02152742 0.021499244
 0.021471154 0.021443158 0.021415254 0.021387456 0.021359764 0.021332134
 0.021304607 0.02127716 0.021249825 0.021222567 0.02119541 0.02116833
 0.02114137 0.021114476 0.02108768 0.021060966 0.021034338 0.02100781
 0.020981362 0.020954987 0.020928709 0.020902509 0.020876383 0.02085035
 0.020824384 0.020798512 0.020772727 0.020747023 0.02072139 0.020695854
 0.020670379 0.020645004 0.020619702 0.02059447 0.020569317 0.020544237
 0.020519234 0.020494316 0.02046946 0.020444676 0.020419972 0.020395376
 0.020370815 0.02034634 0.020321945 0.020297617 0.02027336 0.020249179
 0.020225061 0.020201014 0.020177055 0.020153157 0.020129327 0.020105556
 0.020081867 0.020058233 0.020034688 0.020011215 0.019987771 0.019964425
 0.019941151 0.019917926 0.019894788 0.019871704 0.019848699 0.019825738
 0.019802859 0.019780036 0.019757267 0.019734563 0.019711938 0.019689351
 0.019666854 0.019644415 0.019622035 0.01959974 0.019577479 0.019555297
 0.019533167 0.019511085 0.019489089 0.019467123 0.019445231 0.019423408
 0.019401634 0.019379925 0.019358272 0.019336687 0.019315157 0.019293679
 0.019272253 0.019250901 0.019229611 0.01920835 0.019187171 0.019166045
 0.01914497 0.01912396 0.019102989 0.019082094 0.019061238 0.019040452
 0.019019717 0.018999018 0.018978389 0.0189578 0.018937275 0.018916795
 0.018896373 0.018876007 0.018855693 0.018835444 0.018815236 0.018795086
 0.018774979 0.018754924 0.018734936 0.018714994 0.018695112 0.018675258
 0.01865547 0.018635727 0.01861604 0.018596401 0.018576814 0.01855726
 0.018537775 0.018518327 0.018498925 0.018479593 0.018460296 0.018441062
 0.018421866 0.018402714 0.018383617 0.018364567 0.01834556 0.018326603
 0.018307688 0.018288821 0.018270005 0.018251233 0.018232513 0.01821383
 0.0181952 0.018176604 0.018158067 0.01813956 0.018121114 0.018102696
 0.018084336 0.018066032 0.01804777 0.018029548 0.018011373 0.017993249
 0.017975168 0.017957123 0.017939126 0.017921174 0.017903263 0.017885406
 0.01786759 0.017849822 0.01783208 0.017814394 0.017796747 0.017779144
 0.01776158 0.017744072 0.017726595 0.017709166 0.017691778 0.017674431
 0.017657144 0.017639887 0.017622678 0.017605504 0.017588368 0.017571274
 0.017554231 0.017537216 0.017520258 0.017503336 0.017486453 0.017469607
 0.017452816 0.017436042 0.017419316 0.017402627 0.01738598 0.017369382
 0.017352818 0.017336305 0.017319817 0.017303392 0.017286982 0.017270625
 0.017254293 0.01723801 0.017221767 0.017205559 0.0171894 0.017173264
 0.017157186 0.01714113 0.01712512 0.017109148 0.017093223 0.017077325
 0.01706148 0.017045658 0.017029868 0.017014123 0.016998423 0.016982762
 0.016967127 0.016951533 0.016935972 0.016920447 0.016904976 0.016889539
 0.016874138 0.01685877 0.016843433 0.016828135 0.016812885 0.01679765
 0.016782464 0.01676731 0.016752202 0.016737122 0.016722083 0.016707074
 0.01669211 0.01667718 0.016662285 0.016647415 0.016632592 0.016617786
 0.016603041 0.016588327 0.016573647 0.016559003 0.0165444 0.01652982
 0.016515283 0.016500784 0.016486317 0.016471883 0.016457487 0.01644312
 0.016428791 0.016414497 0.01640024 0.01638602 0.016371844 0.016357694
 0.016343568 0.016329488 0.01631544 0.016301429 0.016287444 0.01627349
 0.016259579 0.016245691 0.016231852 0.01621803 0.01620426 0.016190521
 0.016176812 0.016163133 0.016149485 0.016135879 0.0161223 0.01610877
 0.016095266 0.016081784 0.016068345 0.01605494 0.016041562 0.016028218
 0.016014915 0.01600164 0.015988413 0.015975202 0.015962029 0.01594888
 0.015935779 0.015922707 0.015909657 0.015896648 0.015883667 0.015870726
 0.01585781 0.015844936 0.015832085 0.015819287 0.015806502 0.015793746
 0.015781017 0.015768336 0.015755672 0.01574305 0.015730454 0.01571789
 0.015705364 0.015692867 0.01568041 0.01566797 0.01565557 0.015643202
 0.015630858 0.015618542 0.015606263 0.015594023 0.015581814 0.015569632
 0.015557472 0.015545345 0.01553326 0.015521202 0.015509163 0.015497166
 0.015485197 0.015473264 0.015461363 0.015449486 0.015437642 0.015425827
 0.0154140415 0.015402288 0.015390571 0.015378889 0.015367222 0.015355595
 0.015344002 0.015332436 0.015320908 0.015309405 0.015297926 0.015286489
 0.015275072 0.01526369 0.015252325 0.015240997 0.015229708 0.015218428
 0.015207199 0.015195986 0.015184804 0.015173648 0.015162537 0.015151451
 0.015140386 0.015129354 0.015118355 0.015107381 0.0150964325 0.015085517
 0.015074628 0.0150637785 0.0150529565 0.01504216 0.015031393 0.01502067
 0.015009959 0.0149992835 0.0149886245 0.014977999 0.014967405 0.014956839
 0.014946302 0.014935797 0.0149253085 0.014914855 0.014904434 0.014894039
 0.014883673 0.01487334 0.014863031 0.014852755 0.014842497 0.014832277
 0.014822085 0.014811918 0.014801787 0.014791674 0.014781597 0.014771556
 0.014761541 0.014751545 0.014741588 0.014731651 0.01472175 0.014711862
 0.014702011 0.014692197 0.014682395 0.014672626 0.014662882 0.014653181
 0.014643496 0.014633839 0.014624206 0.014614609 0.0146050295 0.014595485
 0.014585967 0.014576479 0.01456701 0.01455758 0.014548168 0.014538787
 0.0145294415 0.014520102 0.014510807 0.014501522 0.0144922715 0.014483041
 0.014473849 0.01446468 0.014455538 0.014446426 0.014437344 0.014428286
 0.014419256 0.014410244 0.014401271 0.0143923275 0.014383396 0.014374498
 0.014365637 0.014356789 0.014347975 0.014339182 0.014330418 0.014321676
 0.01431297 0.014304283 0.0142956255 0.014286988 0.014278385 0.014269803
 0.014261256 0.014252724 0.014244224 0.014235745 0.014227301 0.014218882
 0.014210493 0.014202128 0.014193784 0.01418547 0.01417718 0.014168909
 0.014160686 0.014152471 0.014144282 0.014136119 0.014127974 0.014119863
 0.014111777 0.014103713 0.014095681 0.014087666 0.014079687 0.014071721
 0.014063787 0.014055873 0.014048 0.014040147 0.014032313 0.014024509
 0.014016721 0.014008958 0.014001234 0.013993521 0.013985845 0.013978189
 0.013970564 0.013962962 0.013955385 0.013947843 0.01394032 0.0139328195
 0.013925345 0.0139178885 0.013910459 0.013903052 0.013895669 0.013888305
 0.0138809765 0.013873669 0.013866389 0.013859143 0.0138519 0.013844685
 0.013837494 0.013830332 0.013823187 0.013816075 0.013808985 0.0138019165
 0.013794877 0.013787858 0.013780851 0.013773889 0.013766944 0.013760013
 0.013753116 0.013746245 0.0137394015 0.01373258 0.013725772 0.013719003
 0.01371224 0.013705506 0.0136988005 0.0136921145 0.013685459 0.013678825
 0.013672217 0.013665641 0.013659081 0.013652541 0.01364603 0.0136395395
 0.013633084 0.013626642 0.013620213 0.013613824 0.013607445 0.013601099
 0.013594762 0.01358846 0.013582181 0.013575917 0.013569689 0.0135634765
 0.013557287 0.013551114 0.013544967 0.013538845 0.013532738 0.013526668
 0.013520607 0.013514568 0.013508556 0.013502571 0.013496611 0.013490669
 0.013484751 0.013478853 0.013472984 0.013467139 0.013461315 0.013455509
 0.013449737 0.0134439785 0.013438245 0.013432535 0.013426836 0.013421161
 0.01341551 0.013409885 0.013404277 0.013398696 0.013393144 0.013387598
 0.01338208 0.013376582 0.013371112 0.01336567 0.013360238 0.013354827
 0.013349442 0.01334407 0.013338739 0.013333415 0.013328116 0.013322843
 0.01331758 0.0133123435 0.013307122 0.013301925 0.01329675 0.013291593
 0.013286455 0.013281353 0.01327626 0.01327119 0.013266141 0.013261126
 0.013256115 0.013251138 0.01324617 0.013241232 0.013236315 0.01323141
 0.013226539 0.013221665 0.01321682 0.013212001 0.013207201 0.013202416
 0.013197657 0.013192908 0.013188185 0.0131834885 0.013178808 0.013174156
 0.013169517 0.013164897 0.0131603 0.013155733 0.013151176 0.013146643
 0.013142128 0.013137632 0.013133149 0.013128696 0.013124258 0.013119836
 0.013115433 0.013111055 0.013106698 0.013102356 0.0130980285 0.013093732
 0.013089449 0.013085184 0.0130809415 0.013076716 0.013072511 0.013068326
 0.013064157 0.013060006 0.013055881 0.013051775 0.01304769 0.013043622
 0.013039564 0.01303554 0.013031533 0.013027535 0.013023555 0.013019598
 0.013015665 0.013011751 0.013007848 0.013003969 0.01300011 0.012996263
 0.012992437 0.0129886335 0.012984838 0.012981073 0.0129773235 0.012973594
 0.012969879 0.012966176 0.012962505 0.012958847 0.012955211 0.012951585
 0.012947968 0.012944387 0.012940818 0.012937261 0.012933738 0.0129302135
 0.012926713 0.01292323 0.012919766 0.012916313 0.012912875 0.012909456
 0.012906051 0.012902664 0.012899299 0.012895956 0.012892627 0.012889304
 0.012886005 0.012882734 0.012879474 0.012876231 0.012873001 0.012869793
 0.0128665995 0.012863416 0.012860256 0.012857111 0.012853989 0.012850876)