0.10346379598000002
0.04165989544000001
0.029351202240000006
0.024739229459999998
0.022287196380000002
0.020617351140000004
0.019323296000000004
0.018256073959999997
0.017350334539999998
0.016572111639999998
0.015900475199999996
0.015320476789999999
0.014820297880000001
0.014390076840000003
0.014021359499999997
0.013706796660000003
0.013439941040000004
0.0132150936
0.013027192619999996
0.01287170765
0.012744595189999996
0.012642228660000003
0.012561362389999999
0.012499093210000001
0.012452838559999999
0.012420294699999999
0.01239943368
0.012388467509999996
0.012385833789999998
0.012390173380000003
0.012400311419999997
0.012415241270000002
0.012434100830000006
0.012456156690000003
0.012480790430000001
0.012507481350000002
0.012535792980000002
0.012565359869999999
0.012595882309999999
0.012627107420000004
0.012658828139999998
0.01269087324
0.012723104530000003
0.012755407219999997
0.012787690019999999
0.01281987446
0.012851903689999998
0.012883725700000001
0.012915304480000006
0.01294660846
0.012977614089999995
0.013008303459999997
0.013038662479999994
0.01306868038
0.013098352060000002
0.013127670409999998
0.013156635290000001
0.013185245869999999
0.0132134992
0.01324139849
0.01326894814
0.013296147229999998
0.013323000500000001
0.013349512719999998
0.01337568671
0.013401527539999998
0.013427037160000004
0.013452222899999998
0.013477088239999999
0.013501637300000001
0.013525875249999996
0.013549806759999998
0.013573436789999999
0.013596767779999996
0.01361980689
0.013642556560000001
0.013665022270000002
0.01368720763
0.013709117360000007
0.01373075646
0.013752126610000002
0.013773233719999998
0.0137940818
0.013814673240000002
0.013835012430000002
0.013855104500000003
0.013874952270000003
0.013894558049999995
0.01391392802
0.01393306214
0.013951966879999998
0.01397064409
0.013989098580000001
0.014007331129999998
0.014025347560000002
0.014043148970000004
0.014060740310000003
0.014078123419999995
0.014095300950000006
0.014112275589999999
0.014129052440000001
0.014145632129999999
0.014162018749999991
0.014178213160000003
0.01419422113
0.01421004263
0.014225681659999998
0.01424113976
0.01425642071
0.014271526590000002
0.014286458100000001
0.01430122042
0.014315815519999997
0.014330244609999997
0.014344509049999999
0.014358613740000003
0.014372559739999999
0.01438634869
0.014399983520000001
0.014413465350000003
0.014426799249999995
0.014439983369999996
0.01445302058
0.014465915530000005
0.014478667199999995
0.014491279859999998
0.014503754049999998
0.014516092380000003
0.01452829507
0.014540365119999996
0.01455230531
0.014564117730000003
0.014575800849999996
0.014587358990000006
0.014598792879999998
0.014610104740000001
0.01462129794
0.014632369589999996
0.014643325620000001
0.014654166199999995
0.014664892090000001
0.01467550316
0.014686006399999998
0.01469639821
0.014706682259999998
0.014716858919999996
0.014726930130000003
0.014736897629999999
0.014746761680000005
0.014756526299999993
0.014766188089999998
0.014775752960000006
0.014785220299999999
0.014794590920000003
0.014803867890000003
0.014813049839999997
0.01482213927
0.014831137339999998
0.014840045969999998
0.01484886629
0.014857596960000004
0.014866242289999996
0.014874800779999997
0.01488327617
0.014891665959999993
0.014899976550000001
0.014908203049999997
0.014916349869999996
0.014924418699999997
0.014932407909999999
0.01494032017
0.014948154189999998
0.014955915440000002
0.014963601599999996
0.014971212759999996
0.014978753490000005
0.014986220799999997
0.014993617930000005
0.015000944759999997
0.015008203570000003
0.015015393310000003
0.015022515009999998
0.015029570849999993
0.015036560609999998
0.015043484870000002
0.015050345369999997
0.01505714324
0.015063877940000005
0.01507054951
0.015077161730000002
0.01508371216
0.015090204409999999
0.015096636580000003
0.015103010100000003
0.015109327309999993
0.01511558563
0.015121790309999992
0.015127938179999996
0.015134031360000001
0.0151400706
0.015146055959999995
0.015151988560000003
0.015157869390000009
0.015163698270000001
0.015169475229999996
0.01517520065
0.01518087765000001
0.015186504070000004
0.015192082039999994
0.015197613059999998
0.015203096379999998
0.015208531390000004
0.015213920120000007
0.015219263000000004
0.015224560089999999
0.01522981281
0.015235020530000002
0.015240182950000004
0.015245305229999999
0.015250381009999994
0.0152554171
0.015260409389999997
0.015265360489999998
0.015270270750000006
0.015275140329999999
0.015279970149999995
0.01528475915
0.015289509639999994
0.015294220650000006
0.01529889413
0.01530352837
0.015308125250000004
0.015312685469999998
0.015317208359999994
0.015321696229999994
0.015326147649999995
0.015330563249999998
0.015334944510000002
0.015339288670000001
0.01534360093
0.015347878029999998
0.015352121749999998
0.01535633209
0.015360509889999999
0.015364654889999994
0.015368767619999996
0.015372849100000004
0.015376897800000002
0.015380917
0.015384904660000002
0.01538886225
0.015392789099999995
0.015396686790000001
0.015400553130000003
0.0154043933
0.015408203040000004
0.015411985300000002
0.01541573847
0.01541946386
0.015423161369999995
0.01542683207
0.01543047655
0.0154340943
0.015437685149999996
0.015441250009999997
0.015444789059999997
0.015448302200000001
0.015451791099999992
0.01545525418
0.015458692740000004
0.015462107899999996
0.015465497879999998
0.015468865810000005
0.015472207729999996
0.015475527200000004
0.015478822869999995
0.015482097369999998
0.015485349010000003
0.015488578050000002
0.015491784619999999
0.015494969409999997
0.0154981342
0.015501276130000005
0.015504398859999999
0.015507499159999999
0.015510578189999997
0.015513638559999997
0.015516678280000005
0.015519698310000003
0.015522697270000003
0.01552567807
0.015528640170000002
0.01553158127
0.015534505629999999
0.015537410619999996
0.01554029699
0.015543165220000002
0.015546015139999998
0.015548848270000004
0.015551662420000001
0.015554461329999996
0.015557243239999997
0.01556000642
0.015562753599999996
0.015565484620000004
0.015568197549999996
0.015570895579999997
0.015573577770000003
0.01557624493
0.015578895660000007
0.015581529949999996
0.015584149940000003
0.015586755279999996
0.01558934597
0.015591919880000001
0.015594481889999998
0.01559702766
0.015599559419999999
0.015602078990000006
0.01560458349
0.015607074690000002
0.015609550649999996
0.015612013480000003
0.015614465329999999
0.015616903740000005
0.015619327010000003
0.01562174007
0.015624140030000004
0.015626525439999997
0.01562890049
0.01563126299
0.01563361443
0.01563595386
0.01563828032
0.015640597029999995
0.015642901669999997
0.01564519488
0.015647478620000002
0.015649748220000002
0.015652008630000002
0.01565425792
0.01565649694
0.01565872575
0.01566094441
0.015663153580000002
0.015665351259999998
0.015667540840000004
0.015669719459999995
0.01567188879
0.01567404983
0.015676200159999997
0.01567834115
0.01568047279
0.01568259662
0.015684711299999998
0.01568681614
0.015688913739999998
0.015691001390000004
0.015693082169999997
0.015695154170000003
0.01569721827
0.015699274590000006
0.015701321249999997
0.015703361459999995
0.01570539492
0.01570741805
0.015709435680000005
0.015711445229999996
0.015713448250000005
0.01571544512
0.01571743195
0.015719413989999997
0.01572138905
0.015723358420000003
0.01572531997
0.01572727389
0.015729223239999996
0.01573116475
0.015733100600000004
0.01573503034
0.01573695469
0.0157388726
0.01574078459
0.01574269047
0.015744591680000003
0.015746486549999997
0.01574837656
0.015750260089999996
0.015752140660000004
0.0157540153
0.01575588497
0.01575774854
0.01575960738
0.01576146135
0.015763311639999996
0.01576515708
0.015766997310000003
0.015768833639999997
0.015770666340000003
0.015772494139999996
0.015774316230000005
0.015776136019999998
0.01577795024
0.015779761910000002
0.015781569090000003
0.01578337327
0.015785173450000002
0.015786969419999998
0.015788761959999998
0.015790551639999997
0.01579233671
0.01579412009000001
0.015795900109999997
0.015797675939999995
0.015799450000000003
0.01580122105
0.015802989639999997
0.01580475302
0.015806515110000002
0.01580827435
0.015810031589999995
0.01581178537
0.015813537590000003
0.01581528684
0.015817033440000003
0.01581878041
0.015820523129999996
0.01582226313
0.015824001789999997
0.015825737899999998
0.015827471969999996
0.0158292053
0.01583093567
0.015832664929999997
0.015834392970000007
0.01583611865
0.015837843840000004
0.01583956726
0.015841290310000002
0.015843009649999996
0.0158447297
0.01584644865
0.015848164900000006
0.015849881040000003
0.015851595769999994
0.01585330998
0.015855023009999997
0.015856735880000004
0.015858448
0.015860157479999998
0.015861867090000002
0.015863576789999997
0.015865285589999997
0.015866994989999997
0.015868703199999997
0.015870411369999993
0.01587211768
0.015873826169999997
0.015875532659999997
0.015877240240000007
0.01587894919
0.015880654820000003
0.0158823622
0.015884068619999997
0.01588577656
0.015887483749999994
0.015889190140000002
0.015890897290000004
0.015892606129999997
0.01589431483
0.01589602337
0.0158977328
0.015899442790000006
0.01590115226
0.01590286395
0.015904574859999996
0.01590628768
0.015908000220000006
0.015909714750000005
0.015911428369999998
0.015913144000000004
0.015914860649999994
0.015916579429999998
0.01591829675
0.01592001698
0.015921737559999996
0.01592345917
0.015925184270000007
0.01592690775
0.01592863391
0.015930360550000005
0.015932089119999996
0.015933819710000005
0.015935551270000004
0.01593728356
0.015939016450000006
0.01594075206
0.01594248845
0.015944227370000005
0.01594596842
0.015947710970000004
0.015949454200000004
0.015951200079999995
0.015952946730000007
0.015954695539999997
0.01595644659
0.015958199100000004
0.01595995385
0.015961711970000004
0.015963469959999997
0.015965230429999998
0.01596699391
0.015968757890000004
0.015970524240000006
0.01597229429
0.01597406624
0.015975838539999995
0.015977615089999998
0.015979393549999995
0.01598117304
0.01598295601
0.015984739650000003
0.015986527399999995
0.015988317299999995
0.01599010883
0.015991903319999997
0.015993699629999997
0.015995499729999998
0.015997301040000005
0.015999106529999998
0.01600091276
0.016002722539999997
0.01600453481
0.01600634917
0.01600816643
0.016009986759999997
0.016011808370000005
0.01601363456
0.01601546206
0.016017294340000002
0.016019128599999998
0.01602096431
0.016022804039999998
0.016024646580000003
0.016026491499999997
0.01602833893
0.016030188530000003
0.016032041660000006
0.01603389812
0.016035758470000005
0.016037621369999998
0.016039487539999998
0.016041355619999996
0.01604322558
0.016045100179999997
0.016046977129999997
0.016048856480000002
0.01605074035
0.016052627260000004
0.016054516549999995
0.01605640927
0.016058304540000002
0.016060203519999997
0.016062105900000002
0.016064011439999998
0.016065920100000002
0.016067831889999995
0.016069746020000004
0.01607166358
0.016073585739999993
0.016075509599999996
0.01607743566
0.016079367610000003
0.01608130145
0.016083239260000003
0.016085178899999997
0.01608712195
0.01608906878
0.01609101904
0.016092973290000003
0.01609492806
0.016096889180000004
0.016098851659999996
0.016100818540000002
0.016102788420000003
0.016104760640000004
0.016106737540000002
0.01610871711
0.016110699889999996
0.01611268632
0.016114676030000004
0.016116669479999998
0.016118666780000002
0.016120665300000007
0.016122670059999997
0.016124675140000003
0.016126684500000002
0.01612869638000001
0.01613071272
0.016132732879999997
0.016134756509999994
0.01613678336
0.016138812419999995
0.01614084578999999
0.016142882370000004
0.016144921940000008
0.016146965269999994
0.016149012000000008
0.016151061140000002
0.016153114219999997
0.01615517029000001
0.016157231249999997
0.016159293429999996
0.016161360890000004
0.01616342956
0.01616550241
0.0161675783
0.016169658419999997
0.01617174062
0.016173827780000004
0.016175917359999997
0.01617800959
0.016180105860000002
0.016182206019999996
0.01618430847
0.01618641497000001
0.016188524660000002
0.016190637169999997
0.016192752560000002
0.016194871020000005
0.016196994049999996
0.016199119170000005
0.016201248079999998
0.016203380140000005
0.0162055155
0.016207654110000004
0.016209793840000004
0.016211938699999998
0.01621408777
0.016216238140000002
0.01621839094
0.01622054898
0.016222710120000004
0.01622487386
0.01622704142
0.01622921174
0.01623138568
0.01623356175
0.016235740250000002
0.0162379224
0.016240109220000003
0.01624229792
0.016244489530000003
0.016246683120000004
0.016248880139999995
0.016251082360000006
0.016253286179999996
0.016255493139999997
0.01625770268
0.01625991366
0.016262130699999995
0.016264348699999997
0.0162665698
0.016268794299999997
0.016271022280000005
0.01627325242
0.01627548596
0.016277722059999996
0.01627996129
0.016282204100000003
0.016284448639999997
0.01628669538
0.0162889463
0.01629119984
0.016293456199999997
0.016295713340000007
0.0162979757
0.016300239860000006
0.01630250588
0.01630477648
0.01630704942
0.016309323459999994
0.016311602480000006
0.016313881650000004
0.0163161664
0.016318451520000003
0.0163207401
0.016323030949999998
0.01632532524
0.016327620909999997
0.01632991898
0.01633222028
0.016334525730000004
0.016336831359999998
0.016339139079999995
0.016341450340000004
0.016343764450000006
0.016346080840000003
0.01634839885
0.016350719780000002
0.016353042889999996
0.016355368260000003
0.01635769578
0.016360025540000003
0.016362358470000005
0.016364693579999996
0.016367031820000003
0.0163693712
0.016371713780000005
0.016374057030000003
0.016376402879999998
0.016378750619999997
0.016381100590000003
0.016383454939999993
0.016385809490000004
0.016388165979999994
0.01639052626
0.016392887209999995
0.016395250679999997
0.01639761598
0.01639998403
0.01640235234
0.01640472366
0.016407098999999998
0.016409473450000003
0.016411852999999997
0.016414232039999997
0.01641661352
0.01641899764
0.01642138262
0.016423769419999998
0.016426157819999995
0.016428550300000004
0.01643094207
0.016433336680000004
0.01643573322
0.016438130900000004
0.016440531459999994
0.016442933280000002
0.01644533708
0.0164477427
0.01645014948
0.016452557579999996
0.01645496824
0.0164573788
0.01645979212
0.01646220765
0.016464624219999998
0.016467042739999996
0.01646946057
0.0164718828
0.016474305519999996
0.01647672936
0.01647915478
0.016481582279999994
0.01648400994
0.016486440199999997
0.016488871659999998
0.016491304239999997
0.016493738759999994
0.016496173289999996
0.016498610079999997
0.016501047849999995
0.016503487580000004
0.016505928359999998
0.016508369699999997
0.01651081453
0.0165132591
0.016515704040000002
0.016518150850000003
0.016520599280000003
0.01652304772
0.01652549922
0.016527951290000002
0.01653040302
0.016532857839999998
0.016535312100000005
0.01653776688
0.016540224160000002
0.016542682059999998
0.016545140939999998
0.01654760202
0.016550062659999996
0.0165525239
0.016554985720000005
0.016557449319999997
0.016559914260000003
0.016562381
0.01656484638
0.01656731346
0.01656978166
0.016572250599999998
0.01657472069
0.01657719044
0.01657966112
0.0165821339
0.016584606359999997
0.016587079879999998
0.016589554819999998
0.01659202817
0.016594504
0.016596979180000002
0.01659945762
0.01660193532
0.016604412040000002
0.01660689202
0.01660937144
0.016611851360000002
0.01661433296
0.016616813659999997
0.016619295580000006
0.016621777000000008
0.01662426004
0.016626743299999996
0.01662922742
0.01663171319
0.016634196380000004
0.01663668212
0.016639165969999998
0.016641651960000003
0.016644136660000003
0.01664662407
0.01664911091
0.01665159836
0.016654085659999998
0.016656573860000003
0.01665906146
0.016661550480000006
0.016664038899999997
0.01666652816
0.01666901612
0.016671505290000003
0.01667399559
0.0166764847
0.016678974729999997
0.016681463630000004
0.016683954080000004
0.01668644385
0.016688933540000003
0.016691423659999996
0.016693913520000003
0.016696402220000003
0.016698893420000003
0.016701382459999997
0.01670387226
0.016706363549999995
0.01670885438
0.016711345319999998
0.01671383681
0.01671632562
0.016718817100000002
0.016721307219999995
0.016723797519999993
0.0167262869
0.01672877684
0.016731266200000004
0.016733754579999996
0.016736244749999993
0.016738733480000004
0.016741220859999996
0.016743710600000003
0.01674619906
0.01674868868
0.016751177069999998
0.01675366514
0.016756151820000002
0.016758638960000002
0.016761126559999995
0.016763613279999996
0.016766099640000007
0.01676858646
0.016771072699999997
0.01677355726
0.01677604201
0.016778527090000002
0.016781010839999996
0.016783494100000004
0.016785978660000006
0.016788462159999996
0.0167909438
0.016793425999999997
0.016795907339999996
0.016798388300000005
0.016800868
0.016803347719999997
0.016805827120000002
0.016808305400000004
0.01681078444
0.01681326182
0.016815737749999997
0.0168182158
0.016820691459999995
0.016823168019999998
0.016825642900000003
0.016828116720000005
0.016830591420000002
0.016833063889999996
0.01683553594
0.016838006120000002
0.016840476519999998
0.01684294808
0.016845416079999998
0.01684788592
0.016850353
0.01685282072
0.0168552868
0.016857751820000003
0.01686021682
0.01686268187
0.016865145159999997
0.01686760762
0.01687006844
0.01687253066
0.01687499102
0.01687744972
0.016879907749999992
0.016882364659999996
0.016884822
0.0168872757
0.016889729469999996
0.0168921815
0.01689463358
0.016897085139999997
0.016899536400000005
0.016901984189999993
0.01690443452
0.01690688224
0.01690932922
0.016911774179999995
0.016914219200000004
0.01691666253
0.016919105360000006
0.016921546699999998
0.016923988049999995
0.016926426260000006
0.01692886312
0.016931300119999996
0.016933735000000002
0.016936168000000005
0.016938602480000002
0.016941032240000004
0.016943462939999997
0.01694589408
0.01694832145
0.016950749110000003
0.016953175240000003
0.016955598859999997
0.016958023049999996
0.016960444839999998
0.016962865900000002
0.016965286189999994
0.01696770508
0.016970122799999997
0.01697253797
0.016974952900000003
0.0169773661
0.016979777619999997
0.016982188140000007
0.01698459684
0.01698700364
0.01698941026
0.01699181608
0.01699421962
0.016996619820000003
0.01699902052
0.01700142134
0.017003818159999996
0.017006214329999998
0.017008608619999997
0.01701100296
0.01701339380000001
0.01701578238
0.01701817062
0.017020557940000004
0.01702294384
0.01702532805
0.017027710520000006
0.017030090980000002
0.017032470779999996
0.017034848040000005
0.017037225040000003
0.01703960068
0.017041972420000006
0.017044344760000007
0.0170467146
0.017049083020000005
0.017051450080000002
0.017053816200000002
0.01705617994
0.017058541259999997
0.01706090158
0.017063261340000004
0.017065619259999994
0.017067973239999996
0.01707032648
0.01707267744
0.017075029500000005
0.017077376539999998
0.01707972433
0.017082068980000007
0.017084412339999997
