0.10428748543999995
0.09181354503999999
0.08250792434000001
0.07545188464000002
0.06983960530000001
0.06566729498
0.06260139959999998
0.06006699656
0.05783034968000001
0.05580707364000001
0.053953624899999976
0.052241608800000006
0.050651110060000004
0.04916768990000001
0.04778043514000001
0.046480700899999984
0.04526127743999999
0.04411593193999999
0.043039175760000006
0.04202603922
0.04107202106000002
0.040172999460000004
0.039325176200000006
0.03852506464000001
0.03776943358
0.03705530367999999
0.03637990580000001
0.03574068658
0.03513525974
0.034561423419999994
0.034017121639999995
0.03350044624000001
0.03300961788
0.03254298632000001
0.032099007920000006
0.031676245
0.03127335664
0.0308890977
0.030522298899999994
0.030171873279999997
0.02983680746
0.0295161558
0.02920902878
0.02891460216
0.028632105900000003
0.028360821940000003
0.02810007416
0.027849238200000005
0.027607725620000006
0.027374987839999997
0.027150518400000004
0.026933834959999996
0.026724491560000004
0.02652207274
0.026326186400000003
0.026136471999999994
0.025952587379999996
0.025774216099999983
0.025601056839999994
0.025432833040000005
0.025269282100000002
0.025110163960000004
0.024955244880000015
0.02480431490000001
0.0246571696
0.02451362582
0.024373501479999997
0.024236638140000006
0.024102874839999996
0.0239720685
0.023844080520000005
0.023718783780000002
0.023596057
0.023475787079999998
0.023357864719999996
0.023242188719999998
0.023128664800000004
0.02301720872
0.022907730140000006
0.02280015138
0.022694398820000006
0.02259039938
0.02248808774000001
0.022387400120000005
0.02228827581999999
0.022190656919999996
0.02209449596
0.021999734760000007
0.02190632954
0.021814233900000007
0.02172340604
0.021633803719999994
0.021545385480000002
0.021458121080000007
0.021371970080000004
0.021286902679999994
0.021202883540000005
0.02111988522000001
0.02103787858
0.02095683646
0.020876733999999997
0.020797544460000005
0.020719246879999997
0.020641814159999997
0.02056522704
0.02048946816
0.020414512640000007
0.020340346140000003
0.020266949259999997
0.020194303239999996
0.02012239612
0.020051206659999994
0.01998072398
0.019910930819999995
0.01984181672
0.019773365100000006
0.019705563660000005
0.01963840398
0.019571870960000005
0.01950595318
0.01944064174
0.019375924029999995
0.01931179108000001
0.019248234919999996
0.019185246160000006
0.01912281058
0.019060925619999995
0.01899957928
0.018938766140000004
0.01887847712
0.01881870256
0.01875944074
0.01870068044
0.018642414419999996
0.018584637059999996
0.018527342280000005
0.018470526880000004
0.01841418087
0.01835829638
0.0183028729
0.01824790178
0.018193380920000005
0.018139301479999998
0.01808566081
0.018032453
0.017979674739999996
0.01792731926
0.017875382380000002
0.017823858819999993
0.017772748860000007
0.017722043629999996
0.017671738920000006
0.017621835220000003
0.017572323059999995
0.0175232028
0.017474469700000005
0.01742611862
0.017378147120000006
0.017330549639999998
0.017283324870000002
0.017236472299999996
0.017189983610000004
0.01714385656
0.01709809148
0.017052678159999994
0.017007621259999998
0.016962913270000005
0.016918553469999997
0.016874537859999993
0.016830863820000007
0.016787529189999994
0.016744528940000003
0.016701864239999996
0.016659528039999996
0.016617521160000003
0.0165758387
0.01653448152
0.01649344331
0.01645272142
0.016412316819999998
0.016372224560000002
0.0163324421
0.016292969169999998
0.01625380096
0.016214938500000005
0.016176377059999997
0.01613811474
0.01610014885
0.016062480950000003
0.016025100940000002
0.01598801431
0.01595121532
0.015914702639999997
0.015878476960000002
0.01584253167
0.01580686857
0.0157714824
0.01573637522
0.015701540200000003
0.015666978510000002
0.015632689020000003
0.015598668680000006
0.015564913809999999
0.015531424310000007
0.015498198549999995
0.015465233980000001
0.015432532720000003
0.015400087679999999
0.015367898669999998
0.015335965569999999
0.015304283
0.01527285389
0.015241673050000005
0.015210740010000003
0.015180052590000001
0.015149611020000002
0.015119412139999993
0.01508945476
0.015059735899999998
0.015030256389999996
0.015001010910000003
0.014972003670000003
0.014943228740000002
0.01491468393
0.014886369499999996
0.01485828474
0.014830425709999994
0.01480279495
0.014775387409999998
0.014748201270000004
0.014721239070000001
0.014694495169999995
0.014667968510000004
0.014641658879999998
0.01461556515
0.014589684110000002
0.014564016410000005
0.014538559610000001
0.014513311170000003
0.01448827206
0.014463438549999996
0.01443881076
0.01441438778
0.01439016922
0.014366149380000002
0.014342328849999999
0.014318708290000003
0.014295283649999999
0.014272057179999999
0.014249024679999998
0.014226183739999999
0.014203536309999997
0.014181079069999998
0.014158810570000003
0.014136729929999998
0.01411483567
0.014093128149999998
0.014071603379999995
0.014050263910000003
0.014029103760000003
0.014008124719999997
0.013987324679999998
0.013966702859999996
0.013946257919999993
0.013925987569999998
0.013905893490000003
0.013885971509999998
0.013866221310000003
0.013846641679999995
0.01382723143
0.013807989340000002
0.013788914079999997
0.013770005669999991
0.01375126022
0.013732679269999997
0.013714260690000002
0.01369600406
0.013677908329999997
0.013659970559999998
0.01364219094
0.013624567989999998
0.013607100650000004
0.013589789750000001
0.013572631100000001
0.013555624179999993
0.013538768560000004
0.013522064739999999
0.013505508270000001
0.013489099019999999
0.013472839440000002
0.013456724730000003
0.013440755690000004
0.013424931530000003
0.013409248200000003
0.013393708100000002
0.01337830618
0.01336304797
0.013347927009999998
0.013332943420000005
0.01331809649
0.01330338598
0.013288812749999995
0.0132743716
0.013260063620000002
0.013245887020000003
0.01323184196
0.01321792714
0.01320414202
0.013190484490000001
0.013176954280000009
0.013163551170000003
0.013150272470000002
0.01313711822
0.013124089080000003
0.013111180479999998
0.013098395419999999
0.013085729689999999
0.013073185889999998
0.013060759999999996
0.013048454380000001
0.013036264199999998
0.0130241907
0.013012233719999999
0.013000392100000003
0.01298866487
0.01297705033
0.012965545780000002
0.01295415549
0.012942874080000001
0.012931703800000001
0.012920643019999995
0.012909688360000003
0.012898843609999997
0.012888103559999997
0.012877470239999998
0.012866942119999997
0.012856518429999996
0.012846197910000001
0.01283598084
0.012825865999999997
0.012815850619999996
0.012805938619999999
0.01279612529
0.012786409790000003
0.012776792999999998
0.012767273390000002
0.01275785052
0.012748523539999996
0.012739291040000003
0.012730155440000002
0.012721112479999998
0.01271216343
0.01270330618
0.012694542100000004
0.012685868890000002
0.01267728588
0.012668792330000001
0.012660388260000002
0.012652071340000005
0.0126438436
0.012635701009999995
0.01262764419
0.012619674330000002
0.01261179004
0.01260398959
0.01259627352
0.01258863936
0.012581088689999997
0.012573620189999997
0.012566233569999998
0.012558925169999995
0.01255169791
0.012544550289999998
0.012537481379999998
0.012530489370000002
0.012523576009999999
0.012516738929999998
0.01250997925
0.012503295149999998
0.012496684450000003
0.012490148580000006
0.012483687199999998
0.012477299050000001
0.012470984680000002
0.012464741480000001
0.012458569369999999
0.01245247059
0.012446440870000002
0.01244048127
0.012434590090000005
0.012428768700000004
0.012423015439999997
0.01241733006
0.012411713869999997
0.012406160599999995
0.01240067474
0.012395255010000005
0.012389900599999998
0.012384610709999999
0.012379385100000003
0.012374223449999994
0.012369123320000003
0.012364086360000004
0.012359110679999999
0.012354198670000004
0.012349347029999997
0.012344556619999997
0.012339827129999998
0.0123351545
0.012330541130000004
0.012325987479999998
0.012321491660000001
0.01231705246
0.012312670199999997
0.012308346630000005
0.012304078710000001
0.012299866059999996
0.012295710299999998
0.012291607969999998
0.012287561670000004
0.012283568150000002
0.012279627619999997
0.012275741379999998
0.012271907160000001
0.01226812494
0.012264395759999998
0.012260716399999998
0.012257087789999996
0.012253510689999995
0.01224998351
0.012246505859999994
0.01224307634
0.012239697629999999
0.01223636631
0.012233082299999998
0.012229847349999998
0.012226658620000002
0.012223516359999997
0.012220420779999998
0.012217371319999998
0.012214368560000001
0.012211411089999999
0.012208497140000003
0.012205627119999996
0.012202802570000002
0.012200021520000003
0.012197283469999997
0.0121945888
0.01219193716
0.012189326700000001
0.012186758750000002
0.012184232110000002
0.012181746640000005
0.012179301260000002
0.012176898289999995
0.012174532710000002
0.012172208120000005
0.012169921989999999
0.012167675430000004
0.012165468569999999
0.01216329985
0.01216116875
0.012159075699999999
0.012157020259999998
0.0121550007
0.0121530188
0.01215107302
0.012149164999999996
0.012147292620000001
0.012145453429999998
0.01214365063000001
0.01214188105
0.01214014738
0.012138446590000001
0.012136780149999997
0.012135147960000002
0.012133548580000004
0.012131981820000002
0.012130448209999999
0.012128947029999998
0.012127477709999994
0.01212603892
0.012124634090000001
0.0121232599
0.01212191538
0.012120602670000003
0.012119320350000004
0.012118066930000003
0.0121168436
0.01211565024
0.012114485999999997
0.012113350299999999
0.01211224328
0.01211116474
0.012110117120000003
0.012109095889999994
0.012108102230000002
0.012107134660000001
0.012106194570000001
0.012105282989999999
0.012104397950000002
0.012103538790000002
0.012102705650000004
0.012101898820000003
0.01210111696
0.01210036143
0.012099631000000001
0.012098925560000003
0.012098244639999998
0.01209758917
0.01209695838
0.012096350210000002
0.012095766129999996
0.012095205229999996
0.012094668750000006
0.01209415557
0.012093665680000002
0.01209319718
0.012092751349999997
0.012092328620000002
0.012091926770000004
0.012091547600000006
0.012091189959999997
0.012090854129999997
0.01209053841
0.012090244519999994
0.01208997085
0.012089718829999999
0.012089486949999999
0.012089275759999997
0.012089083949999994
0.012088913240000006
0.012088760420000004
0.012088628509999998
0.012088516249999999
0.012088422429999997
0.0120883465
0.012088290939999998
0.012088254669999998
0.012088235919999999
0.012088235399999996
0.012088253169999999
0.012088288730000002
0.012088343170000002
0.012088412319999995
0.012088498920000003
0.01208860416
0.012088725169999991
0.012088863199999996
0.012089018009999997
0.01208919082
0.01208938018
0.01208958339
0.012089803459999998
0.012090038800000001
0.012090289650000004
0.01209055614
0.012090839019999999
0.012091135839999998
0.012091448090000003
0.012091775270000002
0.012092118899999995
0.012092476230000003
0.012092849150000003
0.012093234420000001
0.012093636289999998
0.012094050679999994
0.012094479330000001
0.012094920909999998
0.012095377260000002
0.01209584577
0.012096328420000002
0.012096824600000002
0.01209733468
0.01209785605
0.012098391110000002
0.012098939149999998
0.012099500349999997
0.012100072159999998
0.012100658550000002
0.01210125516
0.012101866089999995
0.012102486829999998
0.012103119360000004
0.012103764159999995
0.012104420540000002
0.012105088720000004
0.01210576683
0.012106457910000003
0.012107158799999997
0.012107870070000002
0.012108594029999998
0.01210932782
0.012110071520000003
0.012110826719999999
0.012111591299999997
0.012112367299999998
0.012113151950000001
0.012113949620000002
0.012114755699999997
0.012115570960000002
0.012116396359999997
0.01211723259
0.012118078199999998
0.01211893319
0.012119797270000003
0.012120670130000002
0.01212155321
0.01212244425
0.012123344180000006
0.012124253479999998
0.01212517248
0.012126099659999999
0.012127034999999998
0.01212797991
0.012128932560000001
0.01212989297
0.012130862270000002
0.012131839499999998
0.012132825479999998
0.012133818820000001
0.012134820059999996
0.012135831060000005
0.01213684816
0.012137873150000002
0.012138905509999997
0.012139944189999998
0.012140991719999994
0.012142046630000004
0.012143108549999998
0.012144177240000003
0.01214525439
0.012146338360000002
0.012147427759999998
0.012148525479999997
0.01214963021
0.012150740729999998
0.012151857410000005
0.012152981620000003
0.012154111679999998
0.012155249110000002
0.012156391559999997
0.012157540640000002
0.012158697279999998
0.012159858859999997
0.01216102652
0.012162199459999998
0.012163379499999998
0.01216456479
0.012165755880000002
0.012166952429999999
0.012168155940000001
0.012169364869999998
0.012170578860000003
0.01217179727
0.012173022539999996
0.012174251720000003
0.01217548747
0.012176727600000001
0.012177972929999998
0.012179224059999995
0.012180479060000002
0.01218174072
0.012183006350000001
0.01218427479
0.012185550570000004
0.012186830550000005
0.012188114949999997
0.012189405380000002
0.012190700430000001
0.01219199899
0.01219330303
0.012194610999999996
0.01219592305
0.01219723907
0.012198560409999996
0.01219988601
0.01220121542
0.012202549139999998
0.012203885899999998
0.012205227599999993
0.01220657434
0.012207922790000002
0.012209276429999997
0.01221063329
0.01221199482
0.012213360549999998
0.012214728149999998
0.012216100980000002
0.012217476140000003
0.012218856950000002
0.012220238890000002
0.012221625799999998
0.012223015140000001
0.01222440891
0.012225805490000002
0.01222720606
0.012228608150000002
0.012230016220000002
0.012231425969999998
0.012232839249999999
0.012234254560000001
0.01223567462
0.012237095700000002
0.012238519879999998
0.0122399473
0.012241378429999998
0.012242811580000002
0.012244248639999997
0.012245687240000002
0.01224712936
0.012248575069999998
0.01225002272
0.0122514726
0.012252925820000003
0.012254380630000004
0.01225584081
0.012257300609999997
0.012258763379999999
0.01226022788
0.012261695629999998
0.012263165780000003
0.012264636230000004
0.012266110840000002
0.012267588330000006
0.012269067479999996
0.012270549039999998
0.012272032430000001
0.012273518930000003
0.012275006779999995
0.01227649668
0.01227798867
0.012279482810000002
0.012280979500000004
0.012282477639999997
0.01228397768
0.012285481439999994
0.012286986199999999
0.012288492720000004
0.012289999729999999
0.01229150925
0.012293020110000002
0.012294533840000003
0.012296049019999995
0.012297565129999998
0.012299084089999999
0.012300603640000001
0.012302125780000001
0.012303648840000004
0.012305173039999999
0.012306699749999999
0.012308228419999996
0.012309757040000001
0.012311288800000002
0.012312821579999998
0.01231435521
0.012315890099999999
0.012317425979999998
0.012318964089999997
0.012320502160000003
0.012322042540000001
0.012323584500000002
0.012325126610000006
0.01232667178
0.012328216109999996
0.012329763420000002
0.012331310759999999
0.012332859969999999
0.012334410230000002
0.012335961909999997
0.01233751432
0.012339069399999998
0.012340624420000001
0.01234217975
0.012343736479999999
0.01234529475
0.01234685359
0.012348413880000004
0.012349973220000001
0.012351535210000002
0.01235309907
0.012354662799999996
0.012356227289999999
0.012357793169999997
0.012359359019999999
0.012360925089999999
0.012362492890000003
0.012364062340000002
0.012365632379999996
0.012367202930000001
0.012368773680000002
0.012370344979999996
0.012371916970000002
0.012373490310000002
0.01237506602
0.012376641299999998
0.012378216590000001
0.012379792679999996
0.012381368679999998
0.012382945110000002
0.012384523109999998
0.012386101939999998
0.012387680889999999
0.012389259990000002
0.012390838860000001
0.012392418709999999
0.012394000519999997
0.012395581889999998
0.012397164510000003
0.01239874683
0.012400329160000001
0.012401912740000003
0.012403496099999998
0.012405079459999998
0.01240666416
0.012408250229999997
0.012409835659999995
0.012411421800000003
0.012413009289999997
0.01241459511
0.012416181450000008
0.01241776909
0.012419356209999994
0.012420944289999998
0.012422531669999999
0.01242412033
0.01242570785
0.012427296339999994
0.01242888604
0.01243047431
0.012432063380000004
0.012433652059999996
0.012435242659999996
0.012436833329999999
0.012438423390000002
0.01244001485
0.01244160486
0.012443196059999996
0.012444786409999997
0.012446378390000004
0.01244796963
0.012449560249999998
0.01245115223
0.012452742860000001
0.012454334930000002
0.01245592497
0.01245751684
0.012459108040000002
0.012460698300000003
0.012462289440000003
0.01246387945
0.012465471270000002
0.012467064099999998
0.012468654279999998
0.0124702457
0.012471835760000001
0.012473427029999998
0.012475017420000001
0.012476608370000001
0.012478198649999996
0.012479790010000005
0.012481381219999999
0.012482972079999995
0.012484562820000003
0.012486153650000005
0.012487743610000001
0.012489332900000004
0.01249092248
0.012492512740000001
0.012494102059999998
0.012495692539999999
0.012497281300000001
0.012498871080000003
0.0125004604
0.012502050380000001
0.012503639489999998
0.012505227569999998
0.01250681611
0.012508404209999997
0.012509992050000003
0.012511580189999998
0.012513167729999998
0.012514754689999996
0.01251634137
0.012517927929999999
0.012519514470000001
0.012521101210000002
0.012522687469999998
0.012524273549999998
0.012525858889999996
0.01252744354
0.012529028099999999
0.012530613239999997
0.012532197929999997
0.012533781899999999
0.01253536655
0.012536950010000002
0.012538532240000004
0.012540115800000003
0.01254169791
0.012543280300000001
0.01254486147
0.012546442159999999
0.012548021789999997
0.012549601800000003
0.01255118264
0.01255276122
0.01255434204
0.012555920450000002
0.01255749972
0.012559079709999999
0.012560657040000001
0.01256223458
0.01256381112
0.012565388380000002
0.012566965690000001
0.012568542130000004
0.012570118029999999
0.012571692849999998
0.012573267659999998
0.012574840779999994
0.012576414680000002
0.01257798636
0.01257955795
0.012581129909999997
0.012582701920000003
0.01258427216
0.012585843670000001
0.012587414410000003
0.012588985370000003
0.012590555049999999
0.012592123980000001
0.01259369223
0.012595260869999996
0.012596829179999998
0.012598395899999998
0.012599963110000001
0.012601529799999997
0.01260309501
0.012604659989999998
0.01260622439
0.012607787300000005
0.012609351759999998
0.01261091396
0.012612476910000002
0.01261403819
0.012615599909999999
0.012617161960000001
0.012618721739999996
0.012620282430000001
0.012621841099999998
0.01262339991
0.012624957550000005
0.012626515080000003
0.01262807238
0.01262962748
0.012631184150000004
0.012632739320000001
0.012634294720000003
0.012635848199999999
0.012637400939999998
0.01263895492
0.012640506430000002
0.012642058340000002
0.012643609010000003
0.01264516061
0.01264671102
0.012648260809999999
0.012649810609999996
0.012651358139999996
0.012652905850000007
0.01265445282
0.012655999300000003
0.01265754436
0.012659089769999996
0.012660634589999999
0.012662178900000003
0.012663721960000002
0.012665264729999997
0.01266680776
0.012668348549999995
0.012669890109999997
0.012671429819999998
0.01267296915
0.012674509159999998
0.012676046599999996
0.012677584209999999
0.01267912107
0.012680657880000001
0.012682193719999995
0.012683728399999998
0.012685262529999998
0.012686795479999999
0.012688329399999998
0.01268986121
0.01269139371
0.012692923669999998
0.012694453780000002
0.012695984109999997
0.01269751364
0.012699041719999997
