0.09798800096
0.03306768994
0.023948928220000006
0.020588320260000004
0.018383408140000005
0.016751303279999994
0.015547904790000002
0.014683751160000005
0.01408284335
0.01367925606
0.013418701199999999
0.013260646719999998
0.013175521109999998
0.01314167057
0.01314318794
0.013168519700000002
0.013209495099999998
0.013260465379999998
0.013317514229999996
0.013377877070000002
0.01343962365
0.013501465789999998
0.013562597519999997
0.013622541650000002
0.01368103234
0.013737935060000001
0.013793192079999994
0.013846800080000004
0.013898776450000004
0.01394916225000001
0.013998004310000004
0.01404535309
0.014091259479999998
0.014135778250000001
0.014178952759999997
0.01422083383
0.014261464819999998
0.014300887819999995
0.014339142469999996
0.01437626481
0.014412289839999997
0.01444725445
0.014481186349999998
0.014514117810000003
0.01454607609
0.014577090400000003
0.01460718751
0.014636392800000004
0.014664732200000004
0.014692230749999997
0.0147189102
0.014744794909999996
0.014769907130000003
0.014794269100000002
0.014817900830000001
0.014840823630000001
0.014863058640000006
0.014884626070000002
0.014905541330000004
0.014925828820000002
0.014945501009999999
0.014964580350000003
0.014983081669999999
0.015001023850000003
0.015018421300000003
0.01503529149
0.015051649600000001
0.015067510599999999
0.015082890300000002
0.01509780233
0.015112260130000001
0.015126279860000003
0.01513987179000001
0.015153051030000001
0.015165830109999999
0.015178221139999998
0.015190233860000003
0.01520188401
0.015213181069999996
0.015224135699999997
0.01523475855
0.015245059279999999
0.015255051950000003
0.015264743039999999
0.015274142220000007
0.01528325988
0.01529210592
0.015300688659999995
0.015309015410000001
0.015317096500000007
0.015324939910000002
0.01533255363
0.015339943900000007
0.01534712018
0.015354089739999991
0.015360860089999992
0.015367436149999998
0.015373826650000004
0.01538003706
0.015386075339999998
0.015391946589999997
0.015397658419999995
0.015403216720000001
0.015408626569999999
0.015413892010000001
0.015419022849999997
0.015424020469999999
0.015428892300000002
0.015433642980000002
0.01543827812
0.01544280131
0.01544721752
0.01545153242
0.015455750460000002
0.01545987652
0.015463914090000001
0.015467866479999998
0.0154717379
0.015475534179999998
0.015479255909999996
0.015482910809999998
0.015486500060000003
0.015490029179999998
0.015493497
0.015496912540000005
0.01550027445
0.015503589600000003
0.015506856360000001
0.015510082219999997
0.015513269000000003
0.015516417579999997
0.015519530670000002
0.015522612030000002
0.01552566331
0.015528687219999997
0.015531686199999999
0.01553466268
0.01553761808
0.015540554499999996
0.015543473990000006
0.01554637869
0.015549270039999999
0.015552150389999998
0.015555020649999998
0.015557884099999999
0.015560740260000004
0.015563591189999995
0.015566438069999999
0.015569284749999999
0.015572128630000001
0.01557497302
0.015577820300000003
0.015580669920000002
0.015583523379999997
0.015586383019999999
0.015589247479999999
0.015592119949999997
0.015595000969999995
0.015597890159999996
0.015600788890000003
0.015603698260000003
0.015606620840000005
0.015609555379999997
0.015612503269999996
0.01561546545
0.015618442369999999
0.015621435029999995
0.015624443820000002
0.015627469980000003
0.015630514170000002
0.015633575399999995
0.0156366558
0.01563975555
0.015642875389999995
0.01564601538
0.015649178089999997
0.015652360910000006
0.01565556691
0.01565879416
0.01566204624
0.015665320459999993
0.01566861954
0.015671943839999994
0.015675292180000005
0.01567866373
0.015682063290000003
0.015685490019999998
0.01568893944
0.015692417559999998
0.015695921980000003
0.01569945398
0.015703014
0.01570660181
0.015710217059999997
0.015713861000000003
0.015717536380000004
0.015721237580000002
0.015724970060000006
0.01572873163
0.01573252294
0.015736343539999992
0.01574019432
0.01574407588
0.0157479888
0.015751932710000003
0.015755907979999997
0.015759913809999998
0.015763950600000003
0.01576801967
0.015772119940000006
0.015776253110000003
0.01578041697
0.015784613979999994
0.015788843
0.015793105010000006
0.015797398740000003
0.01580172631
0.01580608817
0.01581048193
0.015814907799999996
0.015819368040000004
0.015823862549999998
0.015828390780000003
0.01583295346
0.015837550019999997
0.015842180360000003
0.01584684466
0.015851543300000003
0.015856276869999998
0.015861046489999996
0.01586585061
0.015870688640000005
0.015875562309999997
0.015880470009999998
0.01588541494
0.015890395759999995
0.015895410390000003
0.01590046232
0.015905550199999993
0.015910672719999998
0.015915833519999992
0.015921029579999996
0.015926259409999997
0.015931527729999995
0.015936832149999997
0.015942172509999998
0.015947549809999996
0.015952962500000004
0.0159584114
0.015963898039999997
0.01596941841
0.015974976759999995
0.015980570519999997
0.01598619863
0.01599186405
0.015997563479999997
0.016003299390000003
0.01600906873
0.016014873460000002
0.016020712290000003
0.016026586929999996
0.016032493230000004
0.016038435790000003
0.016044408839999996
0.016050416169999998
0.016056455910000003
0.01606252899
0.016068632010000004
0.01607476832
0.01608093422
0.016087132419999997
0.01609336027
0.01609961784
0.016105904920000004
0.016112220500000003
0.016118565510000005
0.01612493824
0.01613133828
0.01613776637
0.0161442196
0.01615069918
0.016157206559999998
0.016163736050000002
0.016170292160000002
0.01617687088
0.016183474929999997
0.016190102799999998
0.01619675412
0.01620342566
0.016210120380000005
0.01621683637
0.016223574600000002
0.016230334239999998
0.016237113640000002
0.016243910360000002
0.01625072894
0.0162575662
0.016264421969999998
0.016271296880000004
0.01627819063
0.01628510102
0.01629202867
0.016298973229999996
0.016305934940000003
0.016312912310000004
0.016319905580000002
0.01632691639
0.01633394194
0.016340981790000004
0.01634803682
0.016355105879999998
0.016362188629999996
0.016369285920000004
0.016376397219999995
0.01638352083000001
0.01639065896
0.01639780988
0.016404973759999997
0.016412150419999997
0.016419339079999994
0.016426539979999998
0.01643374982
0.016440974580000003
0.016448209
0.01645545562
0.016462712669999997
0.01646998122
0.016477258949999997
0.01648454873
0.01649184674
0.016499155919999998
0.016506473780000003
0.016513801960000005
0.016521139539999997
0.016528486199999998
0.016535840859999998
0.01654320609
0.016550577470000005
0.01655795944
0.016565348339999994
0.01657274722
0.016580151500000005
0.01658756441
0.016594984440000002
0.016602410459999998
0.016609844939999997
0.01661728622
0.0166247331
0.016632187340000004
0.016639647750000004
0.016647114139999995
0.016654586410000005
0.016662064440000002
0.016669546829999996
0.016677034459999997
0.01668452772
0.016692025620000005
0.016699526680000003
0.016707032539999996
0.0167145439
0.016722057819999997
0.01672957559
0.016737098850000007
0.016744623159999996
0.016752151559999998
0.016759681059999997
0.016767214459999995
0.016774751799999998
0.016782291939999992
0.016789830659999998
0.016797373319999996
0.016804917739999994
0.01681246257
0.016820009190000006
0.01682755744
0.016835104799999993
0.016842652600000004
0.01685020249
0.016857751239999996
0.01686530057
0.01687284918
0.01688039628
0.016887944479999993
0.0168954897
0.0169030355
0.01691058004
0.016918121860000003
0.016925661269999996
0.016933199779999995
0.016940736639999995
0.016948270100000006
0.01695580044
0.0169633302
0.016970855460000003
0.01697837718
0.016985896579999996
0.016993411
0.0170009243
0.01700843107
0.01701593431999999
0.017023434759999997
0.017030928739999996
0.01703841865000001
0.017045904680000005
0.0170533858
0.01706086138
0.017068331279999998
0.0170757964
0.017083253649999998
0.017090708240000002
0.017098156300000004
0.017105598020000005
0.01711303432
0.017120461199999996
0.01712788486
0.017135299839999996
0.01714270871999999
0.017150111940000004
0.01715750647
0.017164895529999998
0.01717227734
0.0171796507
0.01718701686
0.017194376779999996
0.01720172686
0.017209070209999996
0.017216407560000004
0.01722373696
0.017231056280000004
0.01723836754
0.01724567248
0.017252965920000002
0.01726025364
0.017267532140000007
0.01727480332
0.017282064759999997
0.01728932022
0.01729656514
0.01730380157
0.017311030970000002
0.017318249000000004
0.017325459939999996
0.017332662239999994
0.0173398538
0.017347037940000004
0.017354212919999997
0.017361378519999998
0.0173685342
0.0173756828
0.017382821260000004
0.017389950239999997
0.01739707114
0.017404182720000005
0.017411284440000004
0.017418377029999998
0.017425459810000002
0.017432533640000004
0.01743960056
0.017446658040000004
0.017453702259999995
0.01746073897999999
0.017467767700000005
0.01747478662
0.01748179626
0.017488796520000002
0.01749578686
0.017502768079999998
0.01750973846
0.01751670036
0.01752365378
0.017530597940000003
0.017537532479999993
0.017544455500000004
0.01755137138
0.017558276039999998
0.017565171720000005
0.017572060559999995
0.017578938700000005
0.01758580726
0.017592666240000006
0.01759951454
0.017606354959999997
0.017613184999999996
0.017620007139999998
0.017626818040000002
0.017633621759999996
0.017640414460000003
0.017647197479999998
0.01765397248
0.01766073738
0.01766749356
0.01767423828
0.017680975419999995
0.017687703160000002
0.01769441984
0.017701128219999997
0.017707826899999998
0.01771451576
0.017721196359999997
0.017727866609999997
0.01773452696
0.01774117984
0.017747821690000005
0.017754455160000005
0.01776107898
0.01776769302
0.01777429844
0.017780894959999995
0.017787480780000003
0.01779405880000001
0.0178006266
0.01780718376
0.01781373298000001
0.017820271389999996
0.01782680116
0.017833321999999995
0.01783983321
0.01784633298
0.01785282592
0.017859308500000007
0.01786578076
0.017872245859999997
0.017878701799999997
0.01788514568999999
0.01789158168
0.017898007670000004
0.0179044267
0.017910833919999997
0.01791723322
0.01792362306
0.017930002400000006
0.017936373879999995
0.01794273494
0.017949088119999998
0.017955430179999995
0.017961762689999994
0.017968087179999998
0.017974402159999993
0.01798070538
0.017987002429999996
0.017993288200000002
0.017999566699999997
0.018005834679999996
0.018012093100000008
0.018018342819999998
0.018024582849999995
0.018030814100000004
0.01803703476
0.018043245500000003
0.01804944854
0.018055640400000003
0.018061824639999998
0.018067997440000007
0.018074164499999993
0.01808031944
0.01808646526
0.018092601439999995
0.018098728319999997
0.01810484566
0.018110953090000007
0.01811705163
0.018123141180000003
0.018129219700000004
0.0181352899
0.018141349519999996
0.01814739906
0.018153438420000004
0.01815947095
0.018165492840000005
0.01817150252
0.018177504579999997
0.018183496879999997
0.018189479039999998
0.018195450159999998
0.01820141181
0.018207363380000004
0.018213304899999998
0.018219238360000008
0.0182251596
0.018231071239999997
0.018236972139999995
0.018242864430000005
0.018248746099999998
0.01825461514
0.018260475360000004
0.01826632772
0.018272167479999997
0.018277997259999998
0.018283817560000006
0.018289625779999995
0.018295422650000004
0.018301212320000003
0.018306989760000007
0.018312756519999997
0.018318510619999995
0.0183242551
0.01832998807
0.018335710660000008
0.01834142066
0.018347123900000005
0.0183528146
0.01835849278
0.018364161919999993
0.018369819100000004
0.01837546584
0.0183811004
0.01838672418
0.01839233698
0.018397937300000004
0.01840352716
0.018409105900000004
0.018414672719999997
0.018420228799999997
0.01842577508
0.01843130718
0.018436828439999997
0.01844234081
0.01844783773
0.018453325600000004
0.018458800200000004
0.018464265209999997
0.01846971854
0.018475158559999996
0.018480587340000004
0.018486004240000003
0.018491410639999997
0.018496804719999996
0.018502186880000007
0.018507557899999996
0.018512918059999998
0.01851826388
0.01852359864
0.018528921980000005
0.01853423408
0.018539535739999998
0.018544823880000002
0.018550100700000002
0.01855536524
0.01856061865
0.018565859539999997
0.018571087739999992
0.01857630622
0.0185815117
0.01858670626
0.01859188848
0.01859705832
0.01860221552
0.018607363180000006
0.018612497380000002
0.018617620820000003
0.018622732200000002
0.01862783022
0.01863291924
0.018637994470000002
0.01864305944
0.01864811158
0.018653152960000006
0.018658183300000002
0.018663200480000003
0.0186682066
0.018673199679999995
0.01867818382
0.018683152819999996
0.018688114260000003
0.018693062059999998
0.01869799754
0.01870292383
0.01870783774
0.018712739210000006
0.01871763074
0.01872251102
0.018727378939999997
0.018732235479999998
0.018737080540000003
0.018741913680000003
0.018746737640000004
0.018751550760000003
0.018756350499999998
0.018761140539999995
0.018765918169999996
0.018770685760000003
0.018775440680000005
0.018780186499999997
0.01878491954
0.01878964168
0.01879435344
0.01879905626
0.018803743880000005
0.018808423999999994
0.018813090379999998
0.01881774821
0.01882239376
0.018827030179999996
0.018831652940000002
0.018836265830000004
0.018840867180000005
0.01884546051
0.01885004084
0.018854610780000003
0.01885917281
0.01886372246
0.0188682605
0.018872787839999995
0.0188773067
0.018881813300000005
0.018886308459999997
0.01889079536
0.018895271859999997
0.018899736440000002
0.018904193099999998
0.018908637860000004
0.01891307278
0.018917495500000006
0.0189219097
0.018926311060000003
0.018930703340000004
0.018935087649999998
0.018939461919999998
0.018943824739999993
0.01894817692
0.01895251877
0.0189568506
0.018961172899999996
0.01896548605
0.018969787300000002
0.018974079720000002
0.018978363979999992
0.018982636819999996
0.018986899379999995
0.018991150879999998
0.018995395439999996
0.018999627240000004
0.01900385074000001
0.019008064119999998
0.01901226948
0.019016463060000002
0.01902064768
0.0190248212
0.0190289863
0.01903314172
0.01903728905
0.01904142367
0.01904555122
0.019049667899999997
0.01905377526
0.01905787252
0.01906195962
0.019066040479999997
0.01907011004
0.019074171860000003
0.01907822436
0.019082264090000002
0.019086298360000004
0.019090319760000005
0.019094334759999998
0.019098337479999995
0.01910233256
0.01910632058
0.0191102946
0.01911426532
0.019118223420000004
0.01912217526
0.019126115559999997
0.01913004858
0.019133972559999993
0.01913788758
0.0191417933
0.019145689700000003
0.019149578759999994
0.019153458130000002
0.01915732886
0.01916119096
0.019165043480000005
0.01916888795
0.01917272284
0.01917655004
0.019180368479999998
0.019184178580000003
0.019187979980000006
0.01919177242
0.01919555882
0.01919933642
0.019203103469999996
0.019206862439999993
0.01921061404
0.0192143559
0.01921809279
0.019221820520000002
0.019225539219999997
0.01922925022
0.019232951629999998
0.019236643819999996
0.019240330160000006
0.01924400904
0.019247679420000007
0.019251343080000004
0.019254994839999998
0.019258639799999998
0.019262278240000007
0.019265907619999998
0.01926953066
0.019273145319999997
0.0192767527
0.019280354280000002
0.01928394584
0.01928753138
0.0192911044
0.019294677149999998
0.019298237340000003
0.019301793060000006
0.019305337600000003
0.01930887582
0.019312408190000005
0.01931593323
0.019319449399999997
0.019322958620000004
0.019326460460000004
0.019329955359999998
0.019333441460000003
0.019336923219999996
0.01934039508
0.01934386281999999
0.019347322799999997
0.01935077412
0.01935421888
0.019357657440000002
0.0193610883
0.01936451134
0.019367929440000004
0.019371340299999998
0.01937474213
0.019378139720000003
0.019381528519999996
0.019384911319999996
0.01938828572
0.019391653499999998
0.019395014340000002
0.019398368819999998
0.019401717400000004
0.01940505964
0.0194083952
0.019411724859999997
0.01941504616
0.019418361840000006
0.019421669820000004
0.019424972020000004
0.019428269280000007
0.019431557759999996
0.019434839619999998
0.01943811642
0.019441387059999992
0.019444650320000003
0.01944790778
0.01945115845
0.019454402460000006
0.01945764254
0.019460873840000004
0.01946410016
0.0194673202
0.019470533780000004
0.01947374153
0.01947694352
0.019480137
0.019483328319999996
0.01948651068
0.019489688300000002
0.019492858480000007
0.019496022960000005
0.019499181379999998
0.019502333860000002
0.0195054803
0.019508622420000007
0.01951175608
0.019514884630000003
0.019518006860000003
0.019521120339999996
0.019524231680000007
0.01952733593999999
0.019530433219999997
0.019533526580000005
0.01953661446
0.019539695219999997
0.019542772200000003
0.019545841280000004
0.019548903240000005
0.019551960599999994
0.01955501045
0.019558055719999995
0.01956109608
0.019564129140000004
0.019567159259999998
0.019570181600000004
0.019573201399999997
0.01957621356
0.01957922084
0.019582221140000005
0.019585215059999998
0.019588204560000003
0.019591186499999996
0.019594164149999996
0.019597136499999997
0.019600101459999998
0.01960306356000001
0.01960601794
0.01960896806
0.019611911960000006
0.01961485064
0.01961778244
0.019620711439999997
0.019623630539999996
0.019626548800000004
0.019629458279999998
0.019632365660000005
0.01963526555
0.019638159220000003
0.019641048740000003
0.01964393096
0.019646809900000003
0.01964968134
0.019652547740000005
0.019655407160000003
0.019658264700000004
0.019661113260000005
0.019663959540000008
0.019666797840000003
0.01966963086
0.019672461159999998
0.019675283499999998
0.01967810074
0.01968091534
0.019683720840000002
0.01968652254
0.019689320339999997
0.019692110460000002
0.019694898960000005
0.019697680119999995
0.01970045656
0.019703229120000006
0.01970599485
0.019708753760000003
0.019711509239999994
0.019714260960000007
0.019717004899999994
0.01971974474
0.01972247864
0.019725207720000002
0.019727931219999998
0.019730648910000002
0.01973336249
0.01973607184
0.019738774040000004
0.019741471559999998
0.01974416556
0.019746852720000006
0.019749536119999998
0.019752213789999997
0.019754887390000003
0.0197575541
0.019760216280000003
0.019762875060000004
0.019765528359999993
0.019768177239999997
0.019770818320000005
0.01977345636
0.019776088440000006
0.019778715960000005
0.01978133944
0.019783956060000003
0.01978656956000001
0.019789177340000002
0.019791779319999994
0.01979437906
0.019796972100000004
0.019799561839999997
0.01980214307
0.01980472058
0.01980729588
0.019809865700000002
0.019812430779999998
0.019814988180000003
0.019817543660000003
0.019820094380000004
0.01982263876
0.019825180680000002
0.019827717419999998
0.01983024754
0.019832775249999993
0.019835298220000002
0.019837814399999997
0.019840327940000003
0.019842836480000004
0.019845340460000003
0.019847838279999995
0.01985033298
0.019852822099999997
0.019855307840000003
0.01985778664
0.01986026004
0.01986273158
0.019865199080000003
0.019867660639999996
