0.10946805497999999
0.06454059994
0.05198001501999999
0.043723555239999996
0.038016563280000006
0.034013327919999996
0.031144122740000002
0.029025792480000003
0.02740676796
0.026124645799999992
0.025074911259999996
0.02418972308
0.02342433734
0.02274867584
0.022142094579999997
0.02159013780000001
0.021082488100000005
0.020611642220000004
0.02017204606
0.019759509999999997
0.019370830459999995
0.01900349836
0.018655534040000005
0.0183253268
0.01801155434
0.017713106960000002
0.01742903813999999
0.017158528599999997
0.016900848299999997
0.016655349250000003
0.016421442110000004
0.016198580980000002
0.015986266609999997
0.015784027460000006
0.015591423289999996
0.015408033380000003
0.015233459880000005
0.015067325789999992
0.014909266699999996
0.01475893677
0.014616000089999996
0.014480141589999997
0.014351049859999998
0.014228430859999997
0.014112003180000004
0.014001494809999999
0.013896644940000001
0.013797200310000002
0.013702926079999997
0.013613588320000002
0.013528967130000003
0.013448850759999999
0.013373040390000005
0.013301338760000002
0.013233562660000002
0.01316953536
0.013109084770000001
0.013052050640000002
0.01299827953
0.012947619740000003
0.012899930299999997
0.012855076169999997
0.01281292479
0.012773355819999999
0.012736246289999998
0.012701484810000002
0.012668959000000002
0.012638567829999997
0.01261020989
0.01258378802
0.01255921151
0.012536392130000002
0.012515247139999996
0.012495694569999998
0.012477658309999999
0.012461064139999999
0.012445840649999998
0.012431922529999997
0.012419243599999994
0.012407743490000001
0.0123973622
0.0123880435
0.012379735000000003
0.012372383689999997
0.012365942370000002
0.012360363490000003
0.012355602150000002
0.012351616989999998
0.012348365859999998
0.012345811929999995
0.012343920449999997
0.012342652570000001
0.012341977239999998
0.012341862010000003
0.01234227645
0.012343194999999998
0.012344587139999998
0.012346428180000002
0.012348694490000001
0.012351360580000002
0.012354405349999997
0.01235780961
0.012361552410000002
0.0123656139
0.012369976280000004
0.012374623830000002
0.012379538389999998
0.012384706430000003
0.01239011362
0.012395745270000001
0.012401587510000001
0.01240762857
0.012413857529999999
0.012420262210000001
0.012426832899999997
0.01243355949
0.01244043161
0.0124474425
0.01245457981
0.012461839050000001
0.012469211919999999
0.012476688890000002
0.012484265339999997
0.0124919343
0.01249969027
0.012507525160000001
0.012515435509999999
0.012523416259999993
0.012531460290000003
0.012539564220000004
0.012547724390000004
0.012555936470000003
0.012564194590000001
0.012572495630000005
0.012580839220000004
0.01258921763
0.012597629150000001
0.012606071110000004
0.012614540169999999
0.012623033699999998
0.01263154852
0.012640084360000001
0.012648636720000002
0.012657202819999998
0.01266578395
0.01267437402
0.01268297158
0.012691578820000002
0.01270019132
0.012708806699999997
0.0127174235
0.012726041779999997
0.012734659859999999
0.012743275689999998
0.012751888380000003
0.012760494969999996
0.012769097759999999
0.012777693290000001
0.012786282049999997
0.012794861700000007
0.01280343196
0.012811990129999997
0.01282053991
0.012829076490000002
0.012837601119999991
0.012846110270000006
0.01285460721
0.012863090090000003
0.01287155534
0.012880006450000002
0.012888440129999996
0.012896857649999998
0.012905257200000004
0.012913639629999998
0.012922003400000001
0.012930348699999998
0.012938674699999996
0.01294698087
0.012955267790000002
0.012963535279999995
0.012971779780000001
0.012980005269999999
0.012988209169999997
0.012996392429999996
0.013004553790000001
0.01301269188
0.01302080864
0.013028904180000002
0.013036976599999998
0.013045026590000001
0.013053053109999997
0.013061056080000005
0.01306903658
0.013076993570000002
0.013084927920000003
0.013092838599999998
0.013100725980000004
0.013108587910000004
0.013116426440000004
0.013124242619999995
0.013132032310000001
0.013139799479999999
0.0131475411
0.01315526033
0.013162953480000003
0.013170621950000003
0.013178265660000008
0.013185885670000001
0.013193481300000002
0.01320105169
0.0132085963
0.013216119109999997
0.013223614960000001
0.01323108617
0.013238532580000002
0.01324595442
0.013253351769999998
0.013260725100000002
0.013268073040000005
0.01327539493
0.01328269305
0.013289966679999998
0.013297214690000003
0.01330443684
0.013311636139999998
0.013318808890000002
0.013325958130000003
0.01333308432
0.013340183580000003
0.01334725889
0.013354309149999999
0.013361334160000005
0.013368337020000001
0.013375312129999997
0.013382264369999999
0.0133891919
0.013396096120000001
0.013402975869999993
0.013409829990000002
0.013416659810000002
0.01342346653
0.013430249270000002
0.013437006979999997
0.013443740289999997
0.013450450810000004
0.01345713634
0.01346379854
0.01347043689
0.013477052220000006
0.013483643490000004
0.013490210340000001
0.01349675382
0.013503273449999995
0.013509769979999997
0.013516242760000002
0.01352269284
0.013529118249999998
0.013535522100000004
0.013541901579999994
0.013548259290000001
0.013554593350000001
0.013560904939999998
0.013567192829999995
0.013573458399999998
0.013579701400000001
0.013585921510000001
0.013592119030000006
0.013598293769999997
0.013604446399999996
0.01361057644
0.01361668498
0.013622770430000002
0.01362883388
0.013634874610000004
0.013640893869999997
0.013646891290000003
0.013652867079999999
0.01365882114
0.01366475303
0.013670662899999996
0.013676552809999997
0.01368242075
0.013688266789999999
0.013694091919999998
0.013699896509999998
0.013705679019999998
0.01371144086
0.01371718054
0.013722900459999998
0.01372859882
0.013734277940000005
0.013739935640000003
0.013745572110000001
0.01375118831
0.01375678386
0.013762359430000003
0.01376791522
0.013773449600000001
0.013778965239999996
0.013784459599999998
0.0137899346
0.013795389649999998
0.013800826099999998
0.013806241209999993
0.013811636950000001
0.01381701445
0.01382237088
0.01382770827
0.013833026629999998
0.013838325870000001
0.01384360554
0.013848866060000005
0.013854109270000003
0.013859331589999998
0.013864536370000003
0.013869722150000001
0.013874888350000001
0.01388003564
0.013885165929999999
0.013890276860000002
0.013895369280000004
0.01390044436
0.01390550013
0.01391053828
0.013915558339999997
0.01392056089
0.013925545579999999
0.013930511289999998
0.01393545929
0.013940391139999998
0.01394530333
0.013950200629999998
0.013955077620000002
0.013959938159999996
0.01396478236
0.013969607669999995
0.013974417029999995
0.013979209950000002
0.013983983180000003
0.01398874208
0.013993481980000002
0.013998206719999996
0.01400291579
0.014007606790000002
0.014012281159999999
0.014016939780000001
0.01402158082
0.014026206159999999
0.01403081514
0.014035408809999999
0.014039984929999996
0.014044545249999995
0.0140490894
0.01405361801
0.014058131670000005
0.014062628600000002
0.014067108280000008
0.014071574050000004
0.014076025590000001
0.014080460230000001
0.014084879210000003
0.014089283130000001
0.014093672100000001
0.014098045360000002
0.014102402860000003
0.014106746009999997
0.014111072999999998
0.014115386789999995
0.014119683590000001
0.014123967200000006
0.01412823583
0.014132489549999993
0.014136728390000002
0.014140951909999994
0.014145161059999998
0.01414935732
0.01415353882
0.014157705470000002
0.014161857629999997
0.014165995539999997
0.014170119589999999
0.014174230750000003
0.014178326620000004
0.014182409659999997
0.01418647692
0.014190532089999996
0.014194572559999999
0.014198599910000003
0.014202612370000004
0.014206611219999998
0.014210597689999998
0.014214570809999995
0.014218530370000003
0.014222473740000002
0.014226408239999998
0.014230327999999999
0.014234234609999999
0.014238128689999997
0.014242007689999997
0.014245874890000001
0.014249730339999999
0.01425357122
0.01425739998
0.014261216179999998
0.014265018649999996
0.014268809049999996
0.01427258716
0.014276352080000004
0.014280104289999998
0.014283844240000003
0.014287572779999995
0.014291287939999998
0.014294992009999999
0.01429868376
0.014302361970000002
0.01430602875
0.014309683969999997
0.014313327290000002
0.014316958720000005
0.014320578100000004
0.014324186469999993
0.014327781280000002
0.014331365390000001
0.014334938030000001
0.014338499709999999
0.014342046120000005
0.014345584849999999
0.01434911156
0.014352626399999999
0.014356129629999999
0.014359620519999996
0.01436310152
0.014366569939999994
0.01437002871
0.01437347528
0.014376911700000002
0.01438033583
0.014383749620000002
0.014387152559999996
0.014390544160000001
0.014393925539999998
0.014397295889999997
0.014400655430000003
0.014404004159999999
0.014407342760000007
0.014410670849999996
0.014413987799999996
0.0144172945
0.014420590739999996
0.014423876890000005
0.014427152789999998
0.014430417319999994
0.014433671000000002
0.014436916619999997
0.014440150359999997
0.014443374220000003
0.014446589209999998
0.014449793140000002
0.014452987189999997
0.014456170699999998
0.014459344620000003
0.014462508889999998
0.014465663680000001
0.014468807160000003
0.014471941640000003
0.014475066720000008
0.01447818289
0.01448128833
0.014484384140000004
0.014487470860000002
0.014490548159999998
0.014493615930000005
0.014496673780000002
0.014499722670000001
0.014502762650000002
0.014505792630000004
0.014508812700000005
0.014511824980000006
0.014514826969999995
0.01451782051
0.014520804230000002
0.014523778709999997
0.01452674499
0.014529700939999994
0.014532649299999999
0.014535589039999998
0.014538519300000002
0.01454143915
0.014544351229999995
0.014547255449999998
0.01455014984
0.01455303622
0.01455591361
0.014558783420000004
0.014561643569999998
0.01456449603
0.014567339330000002
0.01457017388000001
0.014573000390000002
0.014575818509999996
0.0145786273
0.014581429629999998
0.014584222340000003
0.014587007249999997
0.014589784159999999
0.014592552569999999
0.014595313240000001
0.014598063439999998
0.014600807390000003
0.01460354329
0.014606272369999996
0.014608991549999999
0.014611704700000004
0.014614408619999995
0.01461710541
0.0146197928
0.01462247287
0.014625145769999997
0.014627811210000001
0.014630468760000005
0.01463311735
0.014635760070000002
0.014638393719999998
0.014641019560000001
0.014643638220000001
0.014646249479999998
0.01464885415
0.014651448810000002
0.014654038170000001
0.01465662081
0.01465919526
0.014661761890000005
0.01466432115
0.014666872929999996
0.014669417540000005
0.01467195556
0.014674485280000003
0.014677008419999997
0.01467952468
0.014682034340000006
0.014684535359999997
0.014687029830000002
0.014689518560000002
0.014691999130000005
0.014694472099999998
0.014696938410000002
0.01469939978
0.014701851710000002
0.014704298669999998
0.01470673765
0.01470917068
0.01471159686
0.014714014499999994
0.01471642804
0.014718834370000003
0.014721233729999998
0.014723625360000003
0.01472601178
0.01472839094
0.014730765310000003
0.014733130749999998
0.0147354899
0.01473784314
0.014740191499999994
0.01474253099
0.01474486546
0.014747193460000004
0.014749515120000002
0.014751828980000006
0.01475413755
0.014756441439999997
0.014758736720000006
0.014761026309999998
0.014763311079999997
0.014765588400000005
0.014767860859999999
0.01477012479
0.014772384319999998
0.014774638319999998
0.014776885610000004
0.014779126610000002
0.014781361670000003
0.014783590040000003
0.014785813349999996
0.014788031209999995
0.01479024225
0.014792447570000004
0.014794648690000002
0.014796843480000002
0.014799031610000003
0.014801214740000004
0.014803390200000006
0.01480556171
0.014807727169999998
0.01480988567
0.014812041009999999
0.014814189019999997
0.014816331619999998
0.014818469840000004
0.01482060173
0.014822728450000005
0.014824848700000002
0.014826962620000002
0.014829072480000004
0.014831177039999997
0.014833275650000002
0.01483537003
0.014837457749999998
0.014839541120000006
0.014841618390000002
0.014843691869999998
0.014845757640000002
0.01484781935
0.014849875579999998
0.014851926599999999
0.01485397251
0.014856012749999996
0.014858047329999995
0.01486007575
0.01486210157
0.01486412405
0.014866138699999998
0.01486814797
0.014870152699999998
0.014872153159999998
0.014874148140000001
0.014876137999999999
0.014878122480000002
0.014880102600000005
0.014882076829999995
0.014884047590000005
0.014886013259999999
0.014887972799999996
0.014889927859999999
0.014891878080000002
0.014893824390000006
0.014895765139999994
0.014897701690000001
0.01489963433
0.01490156079
0.014903482659999998
0.014905399950000004
0.014907312209999999
0.01490921992
0.014911123199999998
0.014913022709999996
0.014914916269999998
0.014916805580000001
0.014918690410000005
0.014920571340000001
0.01492244609
0.014924317510000002
0.014926184530000003
0.014928046220000005
0.014929904819999998
0.014931758290000003
0.014933606929999996
0.01493545139
0.014937292139999997
0.014939128119999995
0.014940957940000001
0.01494278422
0.014944608290000005
0.014946426289999998
0.014948239859999999
0.014950050210000001
0.014951855940000001
0.014953657439999997
0.014955454190000004
0.014957248199999993
0.01495903605
0.01496082106
0.0149626021
0.014964378509999996
0.01496615146
0.014967919460000001
0.014969684180000003
0.0149714441
0.014973199749999997
0.01497495198
0.014976699399999998
0.01497844316
0.014980183389999999
0.014981919899999998
0.01498365109
0.014985379610000002
0.01498710372
0.01498882271
0.014990540290000003
0.014992253290000002
0.014993962770000003
0.01499566702
0.014997367230000001
0.014999065050000005
0.015000759769999997
0.015002449059999999
0.01500413557
0.015005816389999992
0.015007494879999996
0.01500916835
0.015010838169999999
0.015012506390000006
0.015014170170000006
0.015015830910000002
0.015017486519999994
0.015019138149999998
0.01502078641
0.015022431949999995
0.015024073669999997
0.015025710469999998
0.01502734288
0.015028974180000003
0.015030600850000003
0.015032224150000002
0.015033843820000005
0.0150354604
0.015037072489999994
0.015038683139999998
0.015040288429999998
0.015041891269999998
0.015043491389999998
0.0150450863
0.015046678650000008
0.01504826649
0.01504985251
0.015051435129999999
0.015053014290000008
0.01505458917
0.015056161290000002
0.01505773047
0.015059295599999998
0.015060858349999998
0.015062416699999996
0.015063971590000001
0.015065523220000005
0.015067071349999994
0.015068617579999999
0.015070160270000004
0.015071698370000006
0.01507323485
0.015074766979999998
0.015076296039999994
0.01507782369
0.015079346490000001
0.015080867109999998
0.015082383579999996
0.015083896559999997
0.015085407519999998
0.015086915450000002
0.015088418829999997
0.015089920840000002
0.015091418459999997
0.015092913770000004
0.01509440679
0.015095895960000001
0.01509738219
0.015098865770000003
0.015100345909999997
0.015101822830000002
0.015103296930000005
0.015104769390000005
0.015106236789999996
0.015107702740000005
0.015109165119999999
0.015110625239999998
0.015112080429999997
0.015113533569999999
0.015114985320000001
0.015116432560000002
0.015117877459999995
0.01511931854
0.015120756859999999
0.015122194260000004
0.015123627560000002
0.015125056800000005
0.015126484549999996
0.0151279085
0.015129330560000003
0.015130750010000003
0.015132166289999995
0.015133579779999996
0.015134990060000006
0.015136397420000003
0.015137802350000002
0.015139207110000004
0.015140606400000003
0.015142003129999996
0.015143396920000001
0.01514478853
0.015146177350000007
0.015147563670000001
0.015148947719999998
0.015150328
0.01515170597
0.01515308226
0.015154454310000003
0.015155824950000002
0.015157194780000004
0.015158559620000003
0.015159923339999997
0.015161283049999997
0.01516264022
0.015163997089999999
0.015165349459999995
0.015166698129999996
0.015168047950000001
0.015169391300000001
0.015170735000000001
0.015172074590000003
0.015173411940000003
0.015174746099999996
0.015176078119999999
0.015177408350000003
0.01517873627
0.01518006062
0.01518138184
0.015182703049999993
0.015184020380000001
0.015185336399999997
0.01518664844
0.015187958770000001
0.015189267230000001
0.01519057159
0.0151918742
0.015193175340000002
0.015194474340000002
0.015195769750000001
0.015197063399999997
0.015198354330000004
0.015199643730000004
0.01520093037
0.01520221475
0.015203497100000003
0.01520477602
0.015206054240000006
0.015207329680000006
0.015208601989999999
0.015209873799999997
0.015211141819999998
0.015212408400000004
0.015213671679999999
0.015214932800000004
0.015216190640000002
0.015217447400000002
0.015218703159999993
0.01521995553
0.015221204429999998
0.015222453810000007
0.01522369974
0.01522494366
0.015226184449999998
0.015227424359999998
0.015228661700000002
0.015229896159999999
0.01523112915
0.01523235894
0.015233586479999998
0.015234813590000007
0.015236036939999996
0.01523725894
0.015238479729999999
0.015239695860000003
0.015240912860000004
0.015242127609999996
0.015243337279999996
0.015244548009999996
0.015245755380000005
0.015246960580000002
0.015248164230000001
0.015249365139999997
0.015250563770000003
0.015251761720000003
0.015252957219999991
0.015254150579999994
0.015255342119999998
0.015256530960000007
0.015257718489999999
0.015258903749999997
0.015260087030000001
0.015261266960000002
0.015262446959999999
0.01526362499
0.015264799420000004
0.015265972589999996
0.015267143389999994
0.015268312739999998
0.015269479349999997
0.015270645100000002
0.015271809039999999
0.015272970799999999
0.01527413012
0.015275287650000002
0.015276442210000005
0.015277595790000001
0.015278747629999995
0.015279897489999998
0.015281045900000002
0.015282192329999998
0.01528333595
0.015284478360000003
0.015285619190000004
0.01528675762
0.015287894179999999
0.015289030240000001
0.01529016274
0.015291293110000001
0.01529242233
0.01529355128
0.015294677560000003
0.015295801080000003
0.015296924269999998
0.015298043540000002
0.015299162900000003
0.015300279120000005
0.015301394899999998
0.015302507359999997
0.015303618510000004
0.01530472831
0.01530583714
0.015306944870000005
0.01530804772
0.015309150280000001
0.01531025113
0.015311349890000003
0.015312446960000003
0.015313541039999998
0.015314636040000005
0.015315727700000004
0.015316817259999997
0.015317906909999998
0.015318994320000001
0.015320077879999996
0.015321161239999997
0.015322244170000004
0.015323323250000005
0.01532440133
0.015325478579999996
0.015326554249999997
0.015327628210000001
0.015328699400000001
0.015329770300000007
0.01533083842
0.01533190681
0.01533297249
0.015334035729999999
0.01533509663
0.015336154940000003
0.015337213819999999
0.015338270600000002
0.015339325370000004
0.015340377940000005
0.015341429279999999
0.0153424793
0.015343528749999997
0.015344576120000002
0.01534562282
0.015346665819999996
0.015347708479999994
0.015348747190000001
0.015349785849999999
0.015350824320000005
0.015351860400000005
0.015352894279999998
0.015353927360000002
0.015354959270000001
0.0153559894
0.015357018429999997
0.015358044149999998
0.015359070220000003
0.015360093089999997
0.015361115390000003
0.01536213597
0.015363153909999996
0.01536417225
0.015365187070000001
0.015366201840000003
0.015367215760000002
0.015368226809999995
0.01536923686
0.015370246150000003
0.015371252649999993
0.015372257700000001
0.015373262640000003
0.015374265709999996
0.015375266489999994
0.01537626647
0.015377264500000005
0.015378261379999996
0.015379255710000005
0.01538025078
0.015381243469999997
0.015382234579999998
0.015383224120000006
0.015384213139999997
0.015385198550000001
0.015386184389999997
0.01538716833
0.015388151280000002
0.015389133149999998
0.015390112179999993
0.01539109025
