0.10600204089999997
0.052371376539999986
0.037855530320000004
0.03037578815999999
0.026411726040000003
0.02400091242
0.022312926999999993
0.021006279500000006
0.019929109299999994
0.019007356479999994
0.018201584609999998
0.017488854800000002
0.016854528450000003
0.01628834869
0.01578250524
0.015330632549999999
0.014927322429999994
0.014567832080000002
0.01424793769
0.013963845110000005
0.013712120029999997
0.013489655059999996
0.013293626649999996
0.013121478729999999
0.012970894740000002
0.012839778580000002
0.012726231809999995
0.01262853311
0.012545116110000002
0.012474550199999998
0.012415528860000002
0.012366852719999998
0.012327418330000001
0.012296224869999999
0.012272352529999999
0.01225496725
0.012243310819999997
0.012236705759999997
0.01223453971
0.012236262999999994
0.012241391939999997
0.01224948784
0.01226016765
0.012273088519999998
0.012287950109999996
0.012304485000000002
0.01232245829
0.012341662580000001
0.01236191713
0.012383059220000006
0.012404950709999998
0.012427468409999998
0.012450503739999999
0.012473961749999998
0.012497760410000001
0.012521827319999996
0.01254609985
0.012570521590000003
0.01259504589
0.01261963115
0.01264424061
0.012668843550000005
0.012693409359999996
0.012717918069999999
0.012742345900000002
0.012766676910000002
0.012790894769999998
0.012814985709999997
0.012838939710000004
0.012862745880000002
0.01288639612
0.012909883379999997
0.012933201050000002
0.012956343939999998
0.01297930819
0.01300209117
0.013024686250000002
0.013047097780000003
0.01306931811
0.013091347029999995
0.013113186369999997
0.013134832170000001
0.0131562873
0.013177549100000002
0.01319861832
0.013219496030000001
0.013240181739999997
0.013260676599999998
0.013280984690000002
0.01330110094
0.013321030190000003
0.01334077448
0.013360332929999996
0.013379706679999999
0.013398898389999999
0.013417909029999998
0.01343674037
0.01345539371
0.013473872070000004
0.01349217322
0.013510302160000001
0.01352825948
0.013546048149999998
0.013563667
0.013581120799999999
0.013598408769999999
0.013615533180000002
0.013632496079999999
0.013649299419999997
0.013665944579999999
0.013682433149999996
0.013698766179999999
0.01371494569
0.013730974570000004
0.01374685121
0.013762580219999997
0.013778161700000003
0.013793599009999996
0.013808892090000002
0.013824042019999998
0.013839052030000003
0.013853921209999993
0.013868653960000001
0.01388324943
0.013897710489999994
0.013912038930000004
0.013926233510000002
0.013940299489999995
0.013954234819999998
0.0139680432
0.013981725340000006
0.013995281149999999
0.014008713579999998
0.014022025969999997
0.014035215549999994
0.01404828443
0.014061236469999999
0.014074070030000002
0.014086788990000002
0.014099392449999996
0.014111882370000002
0.014124259720000006
0.014136526070000006
0.014148683159999998
0.014160730890000002
0.014172670569999999
0.014184503350000004
0.014196231360000004
0.01420785464
0.014219374720000004
0.014230793919999998
0.014242110220000001
0.01425332729
0.014264446329999998
0.01427546595
0.014286388040000007
0.014297215469999996
0.014307946029999997
0.014318584429999994
0.014329129750000003
0.014339580500000003
0.014349941440000003
0.01436021212
0.014370393490000001
0.014380486359999998
0.014390489739999998
0.014400406550000005
0.014410236979999998
0.014419982520000001
0.014429644750000001
0.014439223089999995
0.014448718269999999
0.01445813106
0.014467463439999995
0.014476714379999998
0.014485885719999998
0.014494978339999997
0.014503992570000002
0.014512929919999999
0.014521790920000005
0.014530572660000001
0.014539281159999994
0.014547915249999996
0.014556474960000001
0.014564961690000005
0.014573375290000001
0.014581716029999999
0.014589986549999996
0.014598186039999999
0.014606316170000005
0.014614378230000004
0.014622368569999999
0.014630291730000002
0.014638146579999997
0.014645935450000001
0.014653658410000001
0.014661315010000002
0.01466890759
0.014676434839999997
0.014683896220000003
0.014691297139999995
0.014698631820000004
0.014705907159999998
0.01471312081
0.014720271689999993
0.01472736097
0.014734391799999993
0.014741362199999995
0.014748275990000004
0.014755129250000004
0.014761925699999998
0.014768663020000001
0.01477534574
0.014781970310000003
0.014788539300000004
0.014795053029999996
0.014801512460000004
0.01480791696
0.01481426767
0.014820564830000002
0.014826809420000002
0.014833001430000001
0.01483914151
0.014845231589999999
0.01485126845
0.014857254549999997
0.014863193059999997
0.014869080690000003
0.01487491928
0.014880709700000005
0.01488645081
0.014892145390000002
0.01489779259
0.01490339294
0.014908946509999998
0.01491445296
0.014919914389999997
0.014925331890000004
0.014930704500000008
0.014936031800000004
0.014941316569999998
0.014946557039999999
0.014951755850000002
0.014956908569999998
0.014962021809999998
0.014967092829999995
0.014972121910000004
0.014977110579999998
0.01498205824
0.014986966210000003
0.014991833599999997
0.014996662370000002
0.015001450890000004
0.015006201510000004
0.015010913480000004
0.015015588159999996
0.015020223400000001
0.015024823429999995
0.015029385839999998
0.015033912519999996
0.015038401289999998
0.015042856470000001
0.015047273579999998
0.015051657599999997
0.015056005720000001
0.015060319340000003
0.01506459971
0.01506884674
0.015073057800000001
0.01507723869
0.015081385469999996
0.015085499669999995
0.015089581619999999
0.015093632479999997
0.015097652380000002
0.015101638199999996
0.01510559608
0.01510952294
0.015113419009999997
0.015117285520000003
0.015121121160000006
0.015124928940000002
0.015128707879999998
0.015132456729999999
0.015136177419999997
0.015139871099999997
0.01514353571
0.015147172229999997
0.015150781609999999
0.015154363460000002
0.015157920529999997
0.015161448530000003
0.015164951329999996
0.015168428340000002
0.0151718796
0.015175304989999994
0.015178704599999999
0.01518207997
0.015185430899999998
0.015188756079999999
0.015192058350000003
0.015195336509999999
0.015198590099999998
0.015201818389999996
0.015205027409999999
0.015208210219999995
0.015211372040000006
0.015214510690000006
0.015217626750000001
0.015220722070000005
0.015223795070000006
0.015226846349999996
0.015229874850000002
0.015232883000000004
0.01523587122
0.01523883659
0.015241781819999998
0.015244707989999997
0.01524761417
0.015250498010000004
0.015253363620000002
0.01525621026
0.015259037699999999
0.01526184603
0.015264632200000001
0.015267402310000006
0.015270153949999999
0.015272885400000005
0.015275601190000002
0.015278298380000001
0.015280975829999998
0.015283637509999996
0.015286281009999996
0.015288907090000001
0.015291515359999999
0.015294108380000004
0.015296683029999997
0.01529924198
0.015301784149999997
0.015304310890000004
0.015306819920000003
0.015309312869999994
0.015311791439999995
0.015314253530000004
0.015316700639999997
0.015319132559999997
0.01532154737
0.01532394993
0.015326336489999998
0.015328709920000003
0.015331066840000003
0.015333409790000006
0.015335738580000001
0.015338052599999999
0.015340354199999996
0.015342640600000004
0.015344914000000001
0.01534717256000001
0.015349419669999996
0.015351652890000001
0.015353871550000002
0.01535607923
0.015358273069999994
0.015360454570000001
0.01536262411
0.015364780320000004
0.01536692402
0.015369055469999997
0.015371174199999997
0.015373283590000002
0.015375378080000003
0.01537746148
0.015379535069999999
0.015381594119999998
0.015383643529999998
0.015385681949999999
0.015387708020000002
0.01538972525
0.015391729189999996
0.015393723740000002
0.015395706749999995
0.015397680099999995
0.015399641300000006
0.01540159391
0.015403534920000007
0.01540546566
0.015407388210000001
0.015409300140000002
0.015411199660000001
0.015413091479999991
0.015414972709999999
0.015416845700000001
0.015418707799999997
0.015420562350000005
0.015422405979999996
0.01542424131
0.015426066
0.01542788332
0.01542969126
0.015431491310000003
0.015433281880000005
0.015435064220000001
0.015436836700000007
0.015438602020000004
0.015440359130000003
0.015442106629999999
0.015443845809999992
0.015445577669999997
0.01544730223
0.015449017380000006
0.01545072675
0.01545242671
0.015454119060000002
0.015455804039999998
0.015457482029999995
0.01545915254
0.015460815239999998
0.015462469069999995
0.015464118990000003
0.01546576017
0.015467395449999997
0.0154690228
0.015470643269999999
0.015472256659999996
0.015473863139999997
0.015475463849999996
0.01547705805
0.015478646520000004
0.015480226869999997
0.015481800859999997
0.015483367919999992
0.015484930409999997
0.01548648604
0.01548803678
0.015489581269999999
0.015491117430000001
0.01549265015
0.015494176150000006
0.015495697179999997
0.015497211850000001
0.015498721029999997
0.015500223869999998
0.015501722289999995
0.015503215440000006
0.015504703089999999
0.015506187029999997
0.015507663749999998
0.01550913625
0.01551060364
0.01551206595
0.015513523680000004
0.01551497586
0.015516424260000003
0.015517868010000001
0.015519304600000004
0.01552074056
0.015522169379999999
0.015523595189999996
0.01552501573000001
0.015526431230000002
0.015527843899999996
0.01552925104
0.015530654740000004
0.0155320552
0.015533451100000002
0.01553484286
0.015536231400000003
0.015537612840000001
0.015538994340000003
0.01554037042
0.01554174238
0.015543112380000008
0.015544477719999998
0.01554584088
0.015547198499999996
0.015548553640000004
0.015549905020000001
0.01555125409
0.015552599069999997
0.01555394014
0.015555279759999999
0.015556616620000002
0.015557948710000005
0.015559279490000005
0.015560605949999999
0.015561931359999996
0.015563252579999999
0.015564569760000002
0.01556588477
0.015567198179999997
0.015568509350000002
0.015569816909999996
0.015571123509999998
0.015572425699999996
0.015573725689999998
0.015575024790000003
0.01557631953
0.015577612379999996
0.015578904230000001
0.0155801927
0.015581480769999996
0.01558276543
0.015584048279999999
0.015585328949999994
0.015586606600000004
0.015587883370000001
0.015589159999999998
0.015590432299999998
0.015591703709999995
0.015592973889999995
0.015594241369999998
0.01559550692
0.015596771660000001
0.015598034510000008
0.015599296510000001
0.015600556839999996
0.015601814620000001
0.015603071230000005
0.01560432743
0.015605581409999998
0.015606833649999995
0.015608085429999998
0.015609336469999999
0.015610585399999998
0.01561183215
0.015613079620000001
0.015614325669999995
0.015615571360000004
0.015616814270000001
0.01561805598
0.015619298650000004
0.015620539429999995
0.015621779960000004
0.015623018929999996
0.015624258149999997
0.01562549545
0.015626732180000005
0.01562796931
0.015629204469999998
0.01563043847
0.015631673109999997
0.015632907270000003
0.01563413985
0.015635372599999996
0.015636603689999994
0.01563783575
0.01563906757
0.015640299079999996
0.015641529229999996
0.01564276001
0.015643991390000004
0.01564522167
0.015646450479999994
0.015647679429999995
0.015648907860000002
0.015650138049999995
0.015651367789999995
0.015652596260000002
0.015653825929999997
0.01565505478
0.01565628293
0.015657511889999996
0.015658740840000008
0.01565996875
0.015661199049999998
0.015662427309999997
0.015663657790000004
0.01566488802
0.015666116960000004
0.015667347710000005
0.01566857797
0.015669808419999997
0.01567104021999999
0.01567227163
0.01567350233
0.01567473243
0.015675965499999996
0.01567719796
0.015678433030000008
0.015679667030000004
0.015680901999999993
0.01568213601
0.015683370500000005
0.015684607089999997
0.015685845100000005
0.015687081929999996
0.01568832061
0.015689557580000003
0.015690797649999998
0.01569203854
0.015693278399999996
0.015694520820000005
0.015695763270000003
0.015697006119999996
0.015698250139999998
0.015699495430000005
0.01570074093
0.015701988180000005
0.015703234559999998
0.015704482100000004
0.015705732479999998
0.015706982530000003
0.015708233930000003
0.015709486640000003
0.015710739100000003
0.015711994960000003
0.015713250749999998
0.015714506529999995
0.015715764950000002
0.01571702421
0.01571828526
0.01571954646
0.01572080882
0.015722071770000002
0.015723336360000003
0.015724604010000004
0.01572587135
0.015727141290000003
0.015728410579999998
0.01572968215
0.01573095436
0.015732228900000002
0.015733504250000002
0.015734780799999997
0.015736059110000002
0.015737339619999995
0.015738620089999995
0.015739902019999998
0.015741184909999997
0.01574247041
0.01574375722
0.015745045799999996
0.015746334609999996
0.015747627860000005
0.015748919329999996
0.015750213129999996
0.015751510520000005
0.015752808729999998
0.015754108500000003
0.015755408069999994
0.015756709930000005
0.01575801439
0.015759319580000004
0.015760627370000002
0.015761935600000002
0.015763246869999997
0.015764560209999993
0.01576587355
0.015767189949999996
0.01576850788
0.01576982724
0.01577114878
0.01577247091
0.015773796239999995
0.01577512332
0.015776451160000003
0.01577778125
0.015779113600000002
0.01578044849
0.01578178517
0.015783122790000003
0.01578446229
0.015785803590000005
0.015787148700000007
0.01578849457
0.015789842420000002
0.015791192960000002
0.01579254458
0.01579389833
0.015795255200000004
0.015796612310000003
0.01579797341
0.015799334959999994
0.01580069852
0.015802065589999997
0.015803433560000003
0.01580480352
0.015806176609999997
0.015807550340000004
0.015808927299999997
0.01581030657
0.01581168829
0.015813069730000004
0.015814453820000005
0.015815841820000006
0.015817230500000005
0.015818622489999993
0.01582001581
0.01582141174
0.015822809799999994
0.015824210029999997
0.015825611689999998
0.015827016540000002
0.01582842328
0.01582983326
0.015831244800000005
0.01583265758
0.015834072190000003
0.01583549093
0.01583691121
0.015838332740000002
0.015839757729999994
0.015841184790000004
0.015842615969999994
0.015844046259999994
0.015845481049999995
0.015846917369999994
0.015848356949999996
0.015849797430000003
0.015851241189999997
0.01585268712
0.01585413665
0.015855585970000002
0.015857039179999997
0.015858495159999996
0.015859952379999997
0.01586141166
0.01586287379
0.015864338329999998
0.01586580541
0.015867275049999997
0.015868745250000003
0.015870220790000004
0.015871696849999995
0.015873176119999995
0.01587465732
0.01587614138
0.01587762901
0.015879118540000004
0.015880609790000003
0.015882102970000006
0.015883599739999997
0.01588509763
0.015886598590000002
0.015888102560000002
0.015889607990000002
0.015891115159999997
0.015892626720000008
0.01589414024
0.015895656009999995
0.015897174509999997
0.01589869652
0.01590021922
0.01590174443
0.015903273859999997
0.015904805289999994
0.01590633867
0.015907874120000002
0.01590941143
0.015910952299999996
0.01591249657
0.015914041429999998
0.015915591019999998
0.01591713988
0.01591869361
0.015920249439999992
0.01592180801
0.01592336824
0.015924932050000003
0.015926497549999995
0.015928065909999997
0.015929636189999995
0.015931210140000002
0.015932785970000002
0.01593436509
0.015935945290000003
0.015937529429999996
0.015939115480000005
0.015940704059999995
0.015942294370000002
0.015943887719999997
0.015945484590000003
0.015947083450000003
0.015948685299999998
0.01595028851
0.01595189526
0.01595350411
0.01595511757
0.015956730109999998
0.01595834785
0.015959967630000006
0.01596158905
0.015963212830000004
0.015964840190000003
0.015966469380000004
0.015968101420000002
0.015969734510000003
0.01597137233
0.015973012130000006
0.01597465348
0.015976298530000002
0.01597794566
0.015979594539999996
0.015981246419999998
0.015982900649999996
0.01598455792
0.015986217259999998
0.015987880249999996
0.015989543100000003
0.015991209940000008
0.01599288
0.01599455013
0.015996224840000003
0.0159979014
0.015999580479999994
0.016001261899999997
0.01600294616
0.01600463203
0.016006321139999998
0.01600801288
0.01600970565
0.016011401239999997
0.016013099930000003
0.016014800019999997
0.016016504750000004
0.016018210159999997
0.016019919159999996
0.016021628590000003
0.01602334121
0.016025056319999995
0.01602677429
0.016028495039999997
0.016030218
0.01603194109
0.016033669319999996
0.016035397570000002
0.01603713012
0.016038865119999995
0.016040601680000002
0.016042340829999995
0.01604408101
0.01604582539
0.01604757241
0.01604932196
0.01605107363
0.016052827610000004
0.016054583250000004
0.01605634002
0.016058100010000003
0.016059862559999995
0.01606162664
0.01606339462
0.016065165179999997
0.01606693707
0.016068711039999996
0.016070488019999996
0.01607226735
0.01607404736
0.016075831320000008
0.016077617120000002
0.01607940441
0.01608119506
0.01608298732
0.01608478201
0.0160865793
0.016088377359999996
0.016090178869999996
0.0160919824
0.01609378758
0.01609559665
0.016097405920000002
0.01609921828
0.016101034210000007
0.016102849840000003
0.016104667920000003
0.01610648926
0.016108312929999993
0.01611013722
0.016111965299999996
0.016113794030000003
0.016115627320000003
0.016117460529999995
0.016119297919999994
0.01612113464
0.01612297551
0.01612481902
0.016126662960000003
0.01612851155
0.016130360299999993
0.016132210709999997
0.01613406488
0.01613591924
0.01613777458
0.016139633610000002
0.0161414943
0.01614335676
0.01614522148
0.016147088420000004
0.01614895719
0.01615082805
0.01615270118
0.01615457785
0.01615645387
0.0161583337
0.016160214859999997
0.016162098299999997
0.0161639821
0.016165869500000003
0.016167759039999997
0.016169650019999995
0.016171542360000003
0.01617343692
0.016175332199999996
0.016177231200000003
0.016179131170000007
0.01618103296
0.01618293715
0.01618484266
0.01618675149
0.016188658830000004
0.016190572159999996
0.016192485259999997
0.016194401079999997
0.0161963184
0.01619823781
0.016200157379999996
0.01620208045
0.016204005139999995
0.01620593161
0.016207858939999997
0.016209789719999996
0.01621172144
0.01621365365
0.016215588090000004
0.01621752555999999
0.01621946414
0.016221404550000006
0.016223345220000004
0.016225289359999995
0.016227234760000004
0.016229182819999993
0.016231130840000003
0.016233080690000002
0.01623503337
0.016236987619999997
0.016238941809999997
0.01624089963
0.016242857660000002
0.016244818650000003
0.016246780500000006
0.016248744219999996
0.01625071098
0.01625267852
0.01625464503
0.016256616600000003
0.016258586919999995
0.016260560689999995
0.01626253505
0.016264512189999997
0.01626649038
0.016268468889999995
0.016270450989999994
0.01627243448
0.016274417599999997
0.016276404249999998
0.016278390820000002
0.01628038017
0.016282371620000003
0.016284362139999998
0.01628635533
0.016288351119999996
0.016290347539999993
0.016292344499999997
0.01629434296
0.016296343199999997
0.01629834522
0.01630034777
0.01630235419
0.01630436
0.01630636901
0.016308378449999997
0.01631038855
0.016312400999999997
0.016314414439999998
0.0163164293
0.016318445249999994
0.016320462719999998
0.016322481059999998
0.016324501269999996
0.016326522019999994
0.016328545500000003
0.01633056927
0.016332595359999997
0.016334621480000006
0.01633665033
0.01633867978
0.01634071001
0.016342742830000003
0.016344776519999996
0.016346810060000005
0.016348846319999995
0.016350883739999995
0.016352922519999993
0.016354963070000002
0.016357003780000004
0.016359047039999998
0.0163610899
0.01636313491
0.016365179949999996
0.016367226639999996
0.01636927394
