0.10647589171999997
0.04674255959999999
0.03334189298
0.027612228300000003
0.02462912212
0.022731928539999995
0.0213394264
0.020223233300000004
0.019281744719999997
0.018464606340000005
0.017744296099999998
0.017104222059999997
0.016533347919999997
0.016023586099999997
0.015568510760000001
0.015162695830000007
0.014801378939999997
0.014480286100000002
0.014195547260000003
0.013943650030000008
0.01372140273
0.013525910430000001
0.013354549430000006
0.013204939850000002
0.013074920749999998
0.012962520840000002
0.012865945770000003
0.01278355334
0.012713848670000001
0.012655466890000001
0.012607168229999998
0.012567831539999998
0.012536440690000001
0.012512085569999998
0.012493946269999999
0.01248128678
0.0124734509
0.012469853929999998
0.012469971269999998
0.012473341379999997
0.012479552590000005
0.012488236250000005
0.012499070200000002
0.012511769369999998
0.012526080450000001
0.01254178053
0.01255867348
0.012576587970000002
0.012595371799999998
0.01261489233
0.012635032950000003
0.012655691760000002
0.01267677993
0.01269821817
0.012719938159999998
0.012741880900000002
0.012763994570000001
0.012786233739999996
0.012808558509999998
0.012830934210000002
0.01285333145
0.01287572294
0.012898086530000002
0.012920403899999999
0.0129426549
0.012964827300000004
0.012986908210000002
0.013008885600000004
0.01303074979
0.0130524927
0.013074107199999997
0.01309558839
0.013116929810000002
0.013138125819999995
0.013159175590000002
0.013180075259999995
0.013200821469999999
0.013221408659999996
0.013241842059999995
0.013262115600000002
0.013282229159999999
0.013302181710000003
0.013321972240000002
0.013341601140000003
0.013361069100000003
0.013380374530000001
0.01339951679
0.013418498930000008
0.013437317450000002
0.01345597583
0.013474472060000003
0.013492809930000002
0.01351098728
0.0135290051
0.013546866430000002
0.013564570340000002
0.013582118299999996
0.01359950879
0.013616748449999999
0.013633833160000003
0.01365076368
0.013667544719999996
0.013684174310000003
0.013700656750000002
0.013716989599999998
0.013733175339999999
0.013749215359999997
0.013765110390000003
0.01378086255
0.013796472169999997
0.01381193947
0.013827267990000003
0.01384245718
0.013857507719999997
0.01387242377
0.013887203069999998
0.013901848950000002
0.013916361169999997
0.01393074252
0.013944993839999998
0.013959114060000001
0.013973109009999993
0.013986974740000001
0.014000715769999996
0.014014332650000001
0.014027826060000002
0.014041197889999999
0.01405444802
0.014067578739999998
0.014080590900000006
0.014093486240000001
0.01410626528
0.014118930420000002
0.014131480019999998
0.014143917579999998
0.014156243920000002
0.014168458339999994
0.01418056494
0.014192562969999996
0.014204453670000004
0.014216238700000003
0.014227918949999998
0.014239494930000006
0.014250967870000002
0.014262340329999998
0.014273611650000007
0.014284783300000001
0.01429585604
0.014306832389999994
0.014317712679999997
0.014328496209999996
0.014339186629999999
0.014349781399999999
0.014360285779999997
0.0143706981
0.014381019619999998
0.014391251000000004
0.014401394490000002
0.014411450229999997
0.014421418619999994
0.014431301040000004
0.0144410989
0.014450812559999996
0.014460442739999997
0.014469992340000001
0.014479458970000005
0.014488844679999995
0.014498151019999999
0.014507379399999997
0.014516528900000002
0.014525601450000002
0.014534597350000004
0.014543517740000001
0.014552363439999999
0.01456113459
0.014569831970000004
0.014578456839999993
0.01458701113
0.01459549293
0.014603905030000005
0.014612248410000002
0.014620522810000001
0.014628729130000004
0.014636867199999997
0.014644938580000003
0.01465294564
0.014660885449999996
0.014668761189999999
0.014676573360000002
0.014684322329999997
0.0146920071
0.014699632009999998
0.014707194669999996
0.014714695769999998
0.014722138200000002
0.01472952051
0.014736844200000002
0.014744108260000001
0.014751315230000001
0.014758466080000001
0.014765560159999998
0.01477259758
0.01477957926
0.014786506339999997
0.014793379219999996
0.014800198189999997
0.0148069639
0.014813677350000005
0.014820338599999998
0.014826948060000003
0.0148335065
0.014840014869999998
0.014846472090000002
0.01485287924
0.01485923785
0.01486554783
0.014871810329999995
0.014878023529999996
0.014884190040000002
0.014890310529999997
0.014896384409999998
0.014902410989999997
0.01490839484
0.014914331309999999
0.014920224350000004
0.014926073139999996
0.014931878360000006
0.01493763982
0.014943358819999999
0.01494903646
0.014954670509999999
0.01496026283
0.014965814549999998
0.014971324469999993
0.014976794849999999
0.014982224990000001
0.014987615480000003
0.01499296624
0.014998277659999998
0.015003550220000002
0.015008784620000002
0.015013981970000001
0.015019140959999996
0.015024262689999998
0.015029348399999996
0.015034396389999996
0.01503940927
0.01504438611
0.015049326089999999
0.015054232179999998
0.01505910287
0.015063939
0.015068740350000004
0.015073508950000002
0.015078243650000003
0.015082944059999997
0.015087612479999991
0.01509224702
0.015096851470000004
0.0151014203
0.015105958399999998
0.015110465369999998
0.01511494148
0.01511938616
0.015123800750000001
0.01512818223
0.015132535850000002
0.015136859469999996
0.015141153259999995
0.01514541743
0.015149652599999997
0.015153857389999999
0.015158035020000002
0.0151621852
0.015166305759999998
0.015170399469999998
0.015174464919999998
0.015178502710000003
0.015182512990000003
0.015186497149999999
0.01519045333
0.015194384390000006
0.01519828852
0.015202166599999995
0.015206020069999998
0.015209846470000002
0.015213647460000004
0.01521742463
0.015221176749999996
0.01522490373
0.01522860609
0.015232283380000003
0.015235938909999998
0.01523956883
0.015243176090000001
0.01524675914
0.015250319580000003
0.01525385691
0.015257370649999998
0.015260862810000003
0.015264332379999999
0.015267778649999992
0.015271204380000004
0.015274608059999997
0.015277991050000002
0.015281351159999998
0.01528469055
0.015288008760000001
0.015291307340000006
0.01529458364
0.015297838890000002
0.015301075370000002
0.015304290089999999
0.015307486919999997
0.015310662210000001
0.015313819239999995
0.015316956060000003
0.015320074520000004
0.015323172020000003
0.015326252729999998
0.01532931371
0.01533235598
0.015335381559999998
0.015338386299999996
0.015341374640000002
0.015344345030000001
0.015347297009999997
0.015350232489999996
0.015353149269999995
0.015356049509999999
0.015358931240000002
0.01536179791
0.01536464766
0.015367481250000002
0.015370296420000007
0.015373096590000001
0.01537588123
0.015378648350000006
0.01538140007
0.015384136010000002
0.015386857420000004
0.015389561949999995
0.015392251090000001
0.015394926009999997
0.015397586520000006
0.015400229989999998
0.015402859830000002
0.015405475640000001
0.01540807731
0.015410662810000001
0.01541323601
0.015415793869999996
0.015418338359999999
0.015420868150000003
0.01542338413
0.015425888370000003
0.015428379009999995
0.015430855129999999
0.015433317690000002
0.015435768630000004
0.015438206390000002
0.01544063065
0.01544304198
0.015445441690000004
0.015447829059999998
0.015450203390000002
0.015452565149999997
0.015454915729999998
0.015457253479999999
0.015459579550000001
0.015461895290000003
0.015464197060000002
0.015466487719999998
0.01546876833
0.015471037450000004
0.015473295259999997
0.015475541629999996
0.015477775629999998
0.015480000030000005
0.015482214000000003
0.015484417479999998
0.015486609549999995
0.015488793179999998
0.015490964820000001
0.015493126030000004
0.01549527793
0.015497417950000002
0.01549955025
0.015501670379999997
0.015503782730000004
0.015505884239999995
0.01550797661
0.015510059690000001
0.01551213179
0.01551419659
0.015516250889999994
0.015518297719999994
0.015520335149999998
0.015522361700000004
0.015524382179999996
0.015526391039999997
0.01552839367
0.015530387879999994
0.015532370930000004
0.015534346919999999
0.015536314610000001
0.015538275070000003
0.01554022659
0.015542169459999998
0.015544105620000002
0.01554603255
0.015547951500000004
0.015549864209999997
0.015551767250000001
0.015553665209999994
0.015555554290000004
0.0155574369
0.015559309980000002
0.015561177689999997
0.015563037460000002
0.015564890890000002
0.015566737310000002
0.015568575859999996
0.015570407540000003
0.015572233159999999
0.015574050709999995
0.015575861919999998
0.015577667010000008
0.01557946472
0.015581257729999997
0.01558304150999999
0.015584820329999997
0.015586593659999998
0.015588361149999994
0.015590120919999999
0.015591875920000003
0.015593623960000002
0.015595367059999999
0.015597104679999998
0.015598836619999999
0.01560056134
0.01560228046
0.015603993939999998
0.015605701710000001
0.015607405439999998
0.015609103030000005
0.015610796489999999
0.015612482490000003
0.01561416582
0.015615841339999999
0.015617512380000002
0.015619178819999994
0.015620840919999998
0.01562249787
0.0156241489
0.015625796539999997
0.01562743857
0.01562907575
0.0156307069
0.015632336540000003
0.015633960069999994
0.015635579890000004
0.01563719526
0.015638806289999998
0.015640411080000007
0.01564201494
0.015643611440000003
0.01564520521
0.015646794880000002
0.01564838115
0.015649962850000008
0.01565154114
0.015653116019999996
0.015654686010000002
0.01565625341
0.01565781658
0.015659375609999998
0.01566093139
0.015662483739999997
0.015664033240000003
0.01566557759
0.01566712082
0.015668658859999997
0.015670196180000002
0.015671726779999996
0.015673255489999996
0.01567478076
0.01567630448
0.015677824689999998
0.01567934124
0.01568085599
0.015682367470000003
0.015683876080000003
0.015685380800000003
0.01568688435
0.015688383230000002
0.015689880200000006
0.01569137392
0.015692866339999997
0.015694355139999998
0.015695843729999995
0.015697328349999998
0.01569881171
0.01570029207
0.015701768229999996
0.015703244480000003
0.01570471864
0.015706189409999998
0.015707657850000008
0.015709125009999998
0.01571059112
0.01571205327
0.01571351452
0.01571497415
0.015716431969999996
0.01571788766
0.015719340479999996
0.015720791920000005
0.01572224267
0.015723691730000003
0.015725139090000003
0.015726582899999998
0.015728027550000002
0.01572947055
0.015730911799999997
0.01573235036
0.015733788340000002
0.01573522417
0.015736660040000003
0.015738093849999996
0.01573952729
0.01574095876
0.015742390400000004
0.01574382024
0.0157452486
0.0157466749
0.015748101139999998
0.015749526609999998
0.015750950530000002
0.015752374920000006
0.0157537952
0.0157552165
0.015756638640000004
0.01575805966
0.015759477709999997
0.015760896959999996
0.01576231544
0.01576373243
0.015765149770000004
0.015766566419999996
0.0157679824
0.015769398259999998
0.015770813360000004
0.015772228860000004
0.0157736428
0.015775057320000004
0.015776470360000003
0.015777883410000002
0.015779295819999997
0.015780706920000005
0.015782119600000002
0.015783532139999997
0.01578494398
0.015786355670000002
0.015787766150000004
0.01578917747
0.015790589030000003
0.015791999069999996
0.015793411400000002
0.01579482325
0.015796234050000003
0.015797645439999997
0.015799057520000003
0.015800469290000004
0.015801881810000005
0.01580329377
0.015804706369999998
0.01580611935
0.015807531460000003
0.015808945990000007
0.015810359349999997
0.0158117724
0.015813186960000003
0.01581460255
0.01581601721
0.015817432020000004
0.015818848469999997
0.01582026466
0.01582168185
0.01582309918
0.01582451764
0.015825935789999995
0.015827354539999998
0.01582877406
0.01583019479
0.015831617
0.01583303922
0.015834461409999997
0.015835884589999995
0.015837309009999995
0.01583873423
0.015840159519999997
0.015841585720000006
0.01584301264
0.015844441129999998
0.015845870629999995
0.015847299380000002
0.015848729900000004
0.015850163179999998
0.015851595519999997
0.015853029129999995
0.015854464199999994
0.015855900629999992
0.01585733901
0.015858775329999998
0.01586021578
0.01586165581
0.015863096860000002
0.01586454009
0.015865984009999997
0.015867429339999996
0.01586887504
0.01587032303
0.01587177296000001
0.01587322373
0.015874673719999996
0.015876126419999997
0.015877579450000002
0.015879035179999997
0.01588049042
0.01588195009
0.01588340857
0.01588486778
0.015886331679999997
0.01588779367
0.01588925874
0.01589072549
0.015892192770000004
0.015893662319999998
0.015895131920000007
0.015896604039999995
0.015898078479999998
0.015899554110000002
0.015901030610000005
0.015902509539999995
0.015903990290000003
0.015905472240000003
0.015906955000000007
0.015908441040000002
0.015909926970000002
0.015911415579999998
0.01591290447
0.01591439705
0.01591589027
0.01591738413
0.01591888126
0.015920379020000007
0.015921879820000002
0.015923382309999998
0.01592488475
0.01592639001
0.01592789802
0.015929406009999997
0.015930916949999995
0.015932429049999995
0.0159339439
0.01593545948
0.015936978480000003
0.015938499300000002
0.01594002073
0.01594154514
0.01594306931
0.0159445973
0.015946126400000003
0.015947658219999997
0.01594919172
0.015950727680000002
0.015952265250000004
0.01595380426
0.015955346710000002
0.01595688822
0.01595843359
0.015959980940000004
0.01596152984
0.0159630809
0.015964635050000002
0.015966189360000004
0.01596774707
0.015969306420000003
0.015970868269999997
0.01597243287
0.015973996749999997
0.015975565139999995
0.01597713593
0.015978707809999996
0.015980281190000004
0.01598185893
0.015983435529999996
0.015985016869999997
0.01598659888
0.01598818438
0.015989771760000007
0.015991360359999998
0.01599295144
0.0159945453
0.015996141039999995
0.01599773858999999
0.015999338720000002
0.01600094222
0.016002545320000002
0.016004153519999998
0.016005761460000004
0.01600737337
0.016008986429999997
0.01601060136
0.01601222063
0.016013839819999997
0.01601546274
0.016017088589999996
0.01601871447
0.016020343920000003
0.016021975900000002
0.016023607699999998
0.01602524468
0.016026883040000005
0.016028524110000004
0.016030167819999993
0.01603181276
0.01603346108
0.01603511137
0.016036763550000003
0.016038418650000004
0.016040076090000004
0.016041734019999993
0.016043395749999995
0.016045059890000005
0.016046725959999997
0.016048393260000002
0.016050064470000003
0.016051737449999996
0.016053413720000007
0.016055091419999997
0.016056773690000005
0.016058455109999998
0.016060140520000002
0.016061828860000005
0.01606351771
0.016065210050000004
0.01606690486
0.016068602780000003
0.01607030135
0.016072004169999998
0.01607370715
0.01607541471
0.01607712283
0.01607883435
0.016080550119999995
0.01608226586000001
0.01608398486
0.016085706739999997
0.01608742881
0.01608915636
0.016090884549999997
0.01609261551
0.016094348820000003
0.016096085080000003
0.016097824050000004
0.01609956513
0.016101309669999998
0.016103055
0.016104801819999997
0.01610655207
0.01610830584
0.016110060360000004
0.01611181851
0.016113578600000004
0.01611534127
0.01611710638
0.016118874310000003
0.016120644979999998
0.01612241548
0.01612419272
0.016125969509999998
0.01612774834
0.016129530549999996
0.016131315450000003
0.016133101600000005
0.01613489132
0.01613668399
0.016138477230000003
0.01614027441
0.016142075109999994
0.016143876759999995
0.016145680519999997
0.01614748592
0.016149295039999997
0.016151106590000002
0.016152920009999995
0.01615473554
0.016156555370000002
0.016158376260000006
0.01616019882
0.01616202577
0.016163854110000007
0.016165684819999995
0.016167517100000004
0.016169352979999996
0.016171190349999996
0.01617303157
0.01617487372
0.016176719580000002
0.01617856741
0.016180417780000005
0.016182269529999998
0.01618412502
0.016185981080000002
0.016187841389999992
0.016189703750000003
0.016191568019999998
0.016193435050000003
0.01619530386
0.01619717498
0.01619904953
0.0162009257
0.016202804710000004
0.016204685029999995
0.01620656883
0.01620845509
0.016210344109999997
0.016212233509999997
0.016214126109999998
0.01621602276
0.016217919499999997
0.016219819160000003
0.016221720029999994
0.0162236249
0.016225531430000013
0.01622744055
0.016229352150000004
0.01623126472
0.01623317996
0.016235098899999995
0.016237019159999998
0.01623894295
0.01624086811
0.016242796519999998
0.016244725490000004
0.016246657080000004
0.016248591500000003
0.01625052703
0.01625246714
0.01625440716
0.01625635176
0.016258295460000002
0.016260245170000003
0.01626219431
0.016264146990000006
0.01626610164
0.016268057449999998
0.016270016469999996
0.01627197796
0.01627394144
0.01627590729
0.01627787392
0.01627984383
0.01628181545
0.016283790760000007
0.016285765790000004
0.016287744770000005
0.01628972414
0.016291708009999992
0.016293693399999996
0.01629567973
0.016297669550000005
0.016299660759999998
0.01630165312
0.01630364912
0.01630564634
0.01630764714
0.016309648140000004
0.016311651780000002
0.016313658680000002
0.016315666389999997
0.016317677189999998
0.01631968909
0.01632170438
0.016323720610000002
0.01632573884
0.016327758759999998
0.016329782059999996
0.016331807749999996
0.01633383369
0.01633586206
0.016337892409999995
0.016339925459999995
0.016341960059999997
0.016343995500000003
0.016346035099999996
0.016348075149999995
0.016350118679999998
0.016352162149999995
0.01635420846
0.01635625698
0.01635830662
0.01636035914
0.01636241397
0.016364469120000003
0.016366526829999995
0.01636858726
0.016370648020000007
0.01637271122
0.016374778539999996
0.01637684546
0.016378914510000002
0.016380985700000003
0.016383057880000003
0.01638513137999999
0.01638720714
0.0163892846
0.016391364180000003
0.016393446019999997
0.01639552969
0.016397616159999996
0.016399703060000003
0.01640179192
0.01640388315
0.016405975119999996
0.016408067149999997
0.016410160490000002
0.016412259999999998
0.01641435886
0.016416458640000003
0.01641856024
0.0164206649
0.01642277106
0.016424878669999997
0.016426987220000005
0.016429097699999996
0.016431210260000002
0.01643332367
0.016435438260000004
0.016437555459999996
0.01643967415
0.016441793370000006
0.016443914410000003
0.01644603968
0.01644816382
0.016450291369999995
0.01645241774
0.016454546619999996
0.016456676860000005
0.016458810019999996
0.01646094274
0.016463077379999996
0.016465214760000006
0.016467351539999998
0.016469491019999994
0.016471632439999998
0.0164737766
0.0164759204
0.016478065080000003
0.01648021132
0.016482359839999995
0.016484510279999993
0.016486659940000002
0.016488809880000004
0.0164909635
0.01649311827
0.016495273349999996
0.016497430539999997
0.01649958816
0.016501748600000005
0.01650390746
0.01650606968
0.016508233859999992
0.016510398939999997
0.016512564459999997
0.016514732729999995
0.01651689991
0.01651907002
0.016521242180000003
0.016523414099999998
0.016525588830000004
0.016527763679999998
0.016529940120000003
0.01653211678
0.01653429398
0.016536475300000002
0.01653865623
0.016540837939999997
0.0165430206
0.016545204879999997
0.01654738953
0.016549576939999994
0.016551764640000004
0.01655395371
0.01655614222
0.016558332699999997
0.016560524729999998
0.01656271683
0.01656490908
