0.10539328207999998
0.052428474620000005
0.03885587512000001
0.032352425680000005
0.02874406848000001
0.026445682979999992
0.02480549442
0.02353170625999999
0.022481965340000003
0.021581242599999998
0.020787297179999994
0.02007496916
0.019428478799999996
0.01883741506
0.018294517189999998
0.017794412799999996
0.017332896599999998
0.016906528900000006
0.0165124026
0.016147999829999996
0.01581110398
0.01549972604
0.015212063120000003
0.014946460089999997
0.014701393809999996
0.01447544363
0.01426729876
0.014075730619999997
0.01389959774
0.013737835210000002
0.013589450590000001
0.013453519389999995
0.013329177879999998
0.013215625639999997
0.013112112690000002
0.013017940320000003
0.012932456399999999
0.012855053419999991
0.01278516085
0.01272224915
0.0126658213
0.012615410580000002
0.012570585029999996
0.012530935600000001
0.012496082219999996
0.012465670219999996
0.012439367349999998
0.012416863600000005
0.01239786663
0.012382108070000002
0.012369336040000001
0.012359311700000002
0.012351818169999997
0.012346652290000005
0.01234362043
0.012342547529999996
0.012343270469999999
0.01234563466
0.012349500409999999
0.01235473419
0.0123612173
0.01236883498
0.012377484030000002
0.012387070319999997
0.012397502290000003
0.0124086988
0.012420586119999999
0.012433095189999997
0.01244616049
0.01245972521
0.012473735229999996
0.012488141570000005
0.01250289873
0.012517967469999993
0.012533307819999999
0.012548888150000001
0.012564675270000002
0.012580640799999997
0.012596759990000001
0.01261300729
0.012629363499999999
0.01264580554
0.012662319590000002
0.01267888628
0.012695492280000003
0.012712125590000001
0.012728771719999999
0.012745420710000002
0.012762061440000003
0.012778687999999998
0.012795289420000001
0.012811859089999997
0.012828392260000005
0.012844880520000006
0.01286131861
0.012877703409999995
0.01289402818
0.01291029137
0.012926488140000001
0.012942614699999997
0.012958668860000005
0.012974649640000004
0.012990553390000001
0.013006377820000001
0.013022121360000001
0.013037782530000007
0.013053359789999998
0.01306885275
0.01308425936
0.013099579349999996
0.013114811439999994
0.013129955609999997
0.013145012000000003
0.013159977560000003
0.013174853570000008
0.01318963735
0.01320433421
0.013218939479999999
0.013233454220000001
0.01324787849
0.013262212320000001
0.013276455750000004
0.013290607829999999
0.013304671730000002
0.013318643830000003
0.01333252709
0.013346319999999997
0.013360024019999996
0.013373638939999996
0.013387165200000002
0.01340060202
0.013413950540000004
0.013427212359999996
0.013440385869999995
0.01345347233
0.013466472920000002
0.013479387020000002
0.01349221522
0.013504956969999996
0.013517615699999994
0.01353018957
0.013542679470000003
0.01355508552
0.01356740783
0.013579648530000002
0.013591806929999997
0.013603883009999998
0.013615878549999993
0.01362779339
0.013639627659999997
0.01365138413
0.013663060550000002
0.013674657650000002
0.013686176279999997
0.0136976177
0.013708981630000004
0.013720271070000001
0.0137314815
0.01374261899
0.013753680650000004
0.01376466747
0.013775579960000004
0.013786419789999995
0.013797185079999996
0.0138078784
0.013818501180000003
0.01382905116
0.01383953086
0.013849939230000002
0.013860278240000001
0.01387054789
0.013880749090000002
0.013890880789999999
0.013900946469999998
0.013910942450000002
0.013920872910000003
0.01393073614
0.013940534599999997
0.013950266050000002
0.013959932820000005
0.013969536109999998
0.013979073950000002
0.013988548970000004
0.013997961639999999
0.014007312819999998
0.01401659928
0.014025825340000003
0.014034989660000002
0.014044093039999993
0.014053137430000003
0.014062123320000001
0.014071047070000002
0.01407991321
0.0140887204
0.014097470439999997
0.014106163770000004
0.0141147982
0.014123377929999997
0.014131899119999998
0.014140367669999997
0.014148779089999999
0.014157136019999999
0.014165439229999997
0.014173687580000004
0.014181882319999999
0.014190023929999997
0.014198112949999998
0.014206149579999995
0.014214135510000003
0.014222067940000001
0.014229951869999997
0.014237781290000005
0.014245563370000002
0.01425329517
0.01426097783
0.014268609220000004
0.014276193000000003
0.014283729909999997
0.014291216390000002
0.014298657259999997
0.014306049809999999
0.014313396039999999
0.014320695969999997
0.014327948929999999
0.014335156360000004
0.01434231931
0.01434943608
0.014356508170000004
0.014363536809999997
0.014370521600000003
0.01437746188
0.014384358559999998
0.014391213109999999
0.014398025370000003
0.014404794870000005
0.014411522420000003
0.014418208689999995
0.014424853869999999
0.014431456730000005
0.014438019380000002
0.01444454236
0.014451024770000005
0.014457467009999994
0.01446386947
0.014470234220000003
0.014476559320000002
0.014482844900000005
0.014489093760000005
0.014495305009999997
0.014501477769999998
0.014507612219999999
0.014513711109999999
0.01451977189
0.014525796070000001
0.014531785530000006
0.014537738030000004
0.014543654809999999
0.014549537209999996
0.01455538168
0.01456119417
0.01456697111
0.014572714129999997
0.014578422119999997
0.014584097019999999
0.014589737809999994
0.014595345539999997
0.01460092029
0.01460646236
0.014611970899999998
0.014617448400000004
0.014622892909999997
0.014628305089999998
0.01463368656
0.014639036550000002
0.01464435441
0.01464964213
0.014654898920000001
0.014660125190000001
0.014665321529999992
0.01467048831
0.014675624299999994
0.01468073113
0.01468580668
0.014690855200000002
0.014695874220000002
0.01470086474
0.01470582662
0.014710760489999999
0.014715666319999997
0.014720543419999992
0.014725393460000003
0.014730216310000006
0.014735011769999997
0.014739778739999997
0.014744521010000003
0.01474923543
0.014753923109999996
0.01475858494
0.01476322136
0.014767831819999999
0.01477241495
0.014776973999999993
0.014781505759999997
0.014786015600000002
0.014790498510000003
0.01479495494
0.01479938984
0.014803799559999999
0.014808183239999996
0.01481254547
0.014816881890000001
0.014821194680000004
0.014825483510000001
0.014829750739999998
0.01483399273
0.014838212
0.01484241001
0.014846584770000002
0.014850736589999998
0.014854864440000006
0.014858971540000005
0.014863056390000002
0.014867120010000004
0.01487116055
0.0148751804
0.014879177979999996
0.014883154700000002
0.01488710976
0.014891045210000002
0.014894958520000001
0.014898850880000003
0.014902724200000002
0.01490657564
0.014910406460000003
0.014914218499999998
0.01491800878
0.014921780470000002
0.01492553213
0.014929264749999997
0.014932976249999999
0.014936670349999999
0.014940344159999997
0.01494399923
0.01494763574
0.014951253099999999
0.014954852829999999
0.014958432780000004
0.01496199444
0.014965538359999999
0.014969063119999997
0.014972572260000004
0.014976062590000004
0.014979534789999997
0.014982989070000006
0.014986425
0.01498984625
0.014993247629999998
0.0149966336
0.01500000194
0.015003353960000004
0.015006688419999999
0.015010007510000003
0.01501330855
0.015016593939999996
0.015019863829999995
0.0150231152
0.015026352790000001
0.015029572710000003
0.01503277811
0.015035966900000001
0.015039140270000003
0.015042298070000001
0.015045441000000001
0.015048568069999997
0.01505168026
0.015054777329999998
0.01505785885
0.015060926770000004
0.015063978290000002
0.01506701555
0.015070039200000001
0.015073047569999998
0.015076041630000002
0.015079020660000003
0.015081985429999998
0.015084937480000003
0.015087874999999999
0.015090798559999997
0.01509370886
0.015096604579999999
0.015099487150000002
0.015102356559999999
0.015105211389999998
0.01510805396
0.015110882549999998
0.015113698919999998
0.015116501630000006
0.015119290929999998
0.015122067490000004
0.015124832380000003
0.015127584670000001
0.015130323110000002
0.015133048439999998
0.015135762390000005
0.015138464239999998
0.015141152260000004
0.015143829420000001
0.015146494169999998
0.01514914738
0.015151788139999997
0.015154416289999997
0.01515703469
0.01515964013
0.015162233520000002
0.015164815709999994
0.015167385740000004
0.015169944959999999
0.015172491439999998
0.01517502707
0.015177552440000004
0.015180066519999997
0.015182570560000002
0.015185063019999999
0.015187544779999998
0.015190014990000006
0.01519247412
0.015194923239999996
0.015197362270000004
0.015199790679999998
0.015202207900000004
0.015204614909999999
0.015207010390000003
0.015209397099999997
0.015211773699999997
0.015214139649999998
0.015216495829999996
0.015218840879999999
0.015221175810000005
0.01522350292
0.015225819600000003
0.015228126580000003
0.015230423269999998
0.015232711239999999
0.01523498804
0.015237256809999997
0.015239517130000001
0.01524176681
0.015244006120000002
0.015246238119999998
0.015248461109999995
0.015250673780000007
0.015252877010000006
0.01525507218
0.015257258929999996
0.01525943439
0.01526160389
0.015263763060000001
0.015265915110000004
0.015268057590000002
0.015270191569999998
0.015272317050000001
0.015274432159999997
0.015276541939999999
0.015278641490000001
0.015280733189999998
0.015282816559999999
0.015284892640000002
0.015286958459999998
0.015289017649999992
0.015291068169999998
0.015293111490000004
0.015295146450000002
0.015297173170000001
0.01529919132
0.015301202450000004
0.01530320555
0.015305201370000004
0.015307189639999998
0.015309169570000003
0.015311142200000002
0.01531310822
0.015315065140000004
0.015317014689999998
0.015318959810000001
0.015320893589999997
0.015322823089999995
0.015324743480000003
0.01532665858
0.015328564759999998
0.015330466120000004
0.015332358019999999
0.015334242139999999
0.015336121689999998
0.01533799316
0.015339858320000004
0.015341716730000001
0.015343569169999998
0.015345412350000002
0.015347250239999999
0.015349083429999999
0.015350907040000004
0.015352724129999995
0.015354536820000002
0.015356341999999997
0.015358140619999999
0.015359930139999999
0.01536171626
0.015363495760000003
0.015365269029999993
0.015367036289999999
0.01536879721
0.015370551989999995
0.015372300099999993
0.015374041639999995
0.015375778069999997
0.015377508319999993
0.015379231469999997
0.015380949380000002
0.015382661279999996
0.01538436781
0.015386067649999996
0.015387761759999997
0.01538945104
0.015391134690000006
0.015392811480000006
0.015394483589999997
0.015396150959999995
0.015397810509999998
0.015399465140000004
0.015401114020000006
0.0154027576
0.01540439617
0.01540602849
0.015407656740000004
0.015409278269999998
0.015410894910000002
0.01541250588
0.015414111730000003
0.01541571275
0.01541730818
0.01541889705
0.015420483069999998
0.015422063449999997
0.015423638950000002
0.015425208509999995
0.015426774559999998
0.015428334380000002
0.015429888109999994
0.015431437550000003
0.015432984620000001
0.01543452478
0.015436060459999994
0.015437591649999997
0.015439117319999997
0.015440637690000002
0.015442154180000008
0.015443665979999998
0.015445174229999999
0.015446676419999998
0.01544817334
0.015449666339999994
0.015451155289999992
0.015452639869999998
0.015454119079999997
0.015455594029999995
0.015457063950000002
0.01545853081
0.015459992609999999
0.015461450340000002
0.015462902829999998
0.015464352150000001
0.015465796810000002
0.01546723747
0.015468672950000005
0.015470105950000004
0.015471533700000005
0.015472956009999999
0.015474377040000003
0.015475791189999998
0.015477202790000004
0.015478610100000003
0.015480013
0.01548141169
0.015482805970000004
0.015484197229999996
0.01548558393
0.015486967680000002
0.015488347150000002
0.01548972352
0.015491095130000005
0.015492463069999997
0.015493826380000002
0.01549518565
0.015496542189999995
0.01549789517
0.015499243860000001
0.015500589339999996
0.01550193042
0.015503268369999998
0.015504603130000006
0.015505932319999995
0.015507259690000006
0.015508583180000004
0.015509902769999999
0.015511220610000001
0.015512532649999999
0.015513842340000004
0.015515147129999997
0.015516450450000004
0.015517750259999998
0.01551904642
0.015520338770000001
0.01552162806
0.01552291344
0.015524196839999999
0.015525475160000001
0.015526750680000005
0.01552802352
0.015529292589999997
0.015530558499999993
0.015531821659999999
0.015533081940000004
0.015534337599999995
0.015535591700000004
0.015536843090000006
0.015538089419999998
0.015539333379999997
0.015540574479999998
0.015541811519999999
0.015543046569999996
0.015544278210000005
0.015545507590000007
0.015546734680000002
0.015547956769999996
0.015549176379999996
0.015550395300000002
0.015551609419999996
0.015552821889999997
0.01555402986
0.015555236160000003
0.015556438389999998
0.015557639739999997
0.015558837020000002
0.015560032340000004
0.015561223809999998
0.015562413870000003
0.01556360112
0.015564786470000003
0.015565966759999996
0.015567145529999995
0.015568322969999994
0.015569495889999996
0.015570666509999997
0.015571834659999997
0.01557300142
0.01557416379
0.01557532581
0.015576483810000003
0.015577639109999996
0.015578792430000002
0.015579943369999995
0.015581092210000001
0.01558223694
0.015583381010000001
0.015584521750000002
0.015585659369999998
0.015586795799999997
0.015587929980000002
0.015589062170000003
0.015590191320000004
0.01559131964
0.01559244476
0.015593567339999998
0.015594687159999999
0.015595805669999997
0.015596921290000001
0.015598035609999998
0.015599147089999996
0.015600255970000003
0.015601362540000002
0.015602468760000002
0.01560357235
0.015604672679999997
0.01560577152
0.015606868710000001
0.01560796347
0.015609055409999994
0.01561014593
0.01561123511
0.015612321900000002
0.015613404890000007
0.01561448686
0.015615567350000003
0.01561664632
0.015617722879999997
0.015618797290000002
0.015619869010000004
0.015620940580000003
0.015622009159999997
0.015623076270000005
0.015624141669999996
0.01562520531
0.01562626667
0.015627326480000002
0.015628383399999998
0.015629440319999997
0.015630495
0.015631547830000002
0.01563259835
0.015633648599999998
0.015634696840000004
0.01563574182
0.01563678709
0.015637828110000005
0.0156388697
0.01563990792
0.015640947080000002
0.015641983250000005
0.01564301614
0.015644049630000004
0.015645081389999996
0.015646110399999996
0.015647138790000004
0.015648166319999993
0.015649190719999997
0.0156502144
0.015651235269999998
0.01565225604
0.01565327533
0.01565429346
0.015655310119999998
0.015656325710000005
0.015657337989999992
0.01565835011
0.015659359899999992
0.015660367320000004
0.015661377080000004
0.015662383190000004
0.01566338756000001
0.015664391570000002
0.01566539396
0.015666395200000002
0.015667395499999997
0.015668394199999994
0.015669390919999998
0.01567038696
0.015671382180000006
0.01567237581
0.015673369690000005
0.015674360219999996
0.015675350999999997
0.015676340190000002
0.015677328130000005
0.015678314970000003
0.015679299920000004
0.01568028419
0.01568126792
0.015682250039999998
0.01568323058
0.015684210309999995
0.015685190069999997
0.01568616915
0.015687144249999996
0.0156881197
0.01568909474
0.01569006722
0.015691040950000002
0.015692012479999996
0.01569298297
0.015693953219999997
0.015694921950000003
0.015695888690000003
0.0156968548
0.015697821079999993
0.015698787600000007
0.015699750469999992
0.015700713100000003
0.015701675000000005
0.015702637080000005
0.015703597469999997
0.01570455769
0.015705516259999996
0.01570647386
0.01570743043
0.015708387380000004
0.015709343339999998
0.015710296639999996
0.01571125043
0.01571220224
0.015713153829999996
0.015714105410000002
0.01571505571
0.015716005539999998
0.015716955089999998
0.01571790375
0.015718852180000003
0.01571980046
0.015720746170000004
0.015721691739999998
0.015722637290000004
0.01572358356
0.01572452598
0.015725470230000003
0.0157264132
0.015727355119999998
0.01572829683
0.01572923772
0.01573017774999999
0.01573111697
0.01573205604
0.01573299417
0.015733932270000004
0.015734870249999998
0.015735807600000006
0.015736744089999997
0.015737680209999997
0.01573861505
0.015739550580000004
0.01574048464
0.015741418120000003
0.015742352509999998
0.015743286810000003
0.015744218349999995
0.015745150800000003
0.01574608346
0.015747014979999998
0.0157479461
0.01574887613
0.01574980871
0.015750736709999998
0.01575166632
0.0157525943
0.015753524189999996
0.01575445216
0.0157553797
0.015756307369999997
0.0157572358
0.015758162880000003
0.015759089580000007
0.015760017009999995
0.015760943330000002
0.01576186784
0.01576279374
0.015763717710000003
0.015764642540000005
0.015765567870000007
0.015766491500000004
0.015767415150000005
0.01576833991
0.015769262739999998
0.01577018507
0.01577110844
0.015772032470000003
0.01577295489
0.015773877560000003
0.015774800079999998
0.015775723359999997
0.01577664556
0.015777567129999996
0.015778488909999996
0.015779411030000003
0.015780331400000003
0.015781253029999994
0.015782175689999997
0.015783096539999993
0.01578401763
0.015784938609999993
0.015785858759999997
0.01578677899
0.0157877
0.01578861985
0.01578954052
0.015790462020000003
0.015791382359999998
0.015792302520000003
0.015793223329999998
0.01579414391
0.015795064799999998
0.015795985590000006
0.015796904209999997
0.01579782467
0.01579874506
0.015799665569999996
0.01580058476
0.015801504810000002
0.01580242531
0.015803346830000002
0.015804266750000004
0.015805186409999995
0.01580610635
0.015807025519999997
0.015807946530000002
0.01580886626
0.01580978801
0.015810706829999997
0.01581162848
0.01581254996
0.0158134703
0.01581439116
0.01581531269
0.01581623392
0.0158171551
0.01581807598
0.01581899685
0.015819918809999996
0.015820840359999998
0.015821761820000002
0.01582268406
0.01582360751
0.015824527119999997
0.015825450430000002
0.01582637239
0.015827295339999995
0.015828218239999997
0.01582914076
0.015830063739999997
0.015830988199999996
0.015831911470000005
0.015832834679999994
0.015833758349999994
0.015834681859999998
0.015835605580000005
0.01583652976
0.015837452670000002
0.015838377299999994
0.015839301990000002
0.015840227259999996
0.01584115261
0.01584207718
0.01584300256
0.01584392828
0.01584485361999999
0.01584577989000001
0.015846706409999998
0.015847633829999996
0.015848560760000005
0.015849487689999997
0.01585041498
0.015851344099999998
0.015852271709999997
0.015853199600000006
0.015854127909999998
0.01585505784
0.015855987250000002
0.01585691679
0.015857845690000004
0.015858775549999996
0.015859707009999998
0.015860638609999998
0.015861569840000003
0.015862501180000002
0.015863431979999995
0.01586436477
0.015865297440000002
0.015866230070000008
0.015867163979999994
0.015868098499999997
0.01586903076
0.015869964659999996
0.015870898870000004
0.01587183268
0.01587276806
0.015873703110000005
0.015874638979999994
0.015875575510000003
0.01587651092
0.015877449269999996
0.015878386
0.015879323360000003
0.015880261600000004
0.01588120069
0.01588213964
0.015883077740000005
0.0158840173
0.01588495669
0.015885896719999994
0.015886836810000003
0.01588777599
0.01588871742
0.01588965868
0.015890600329999997
0.01589154155
0.015892484050000003
0.015893426800000002
0.015894370940000003
0.01589531461
0.015896258909999995
0.015897203580000005
0.01589814928
0.01589909569
0.015900042860000005
0.015900987890000003
0.01590193417
0.01590288243
0.01590382993
0.015904779
0.015905727699999997
0.01590667591
0.01590762498
0.015908575199999993
0.01590952558
