0.09058310616
0.0653328155
0.05562794299999999
0.047344319919999996
0.04061079103999998
0.03544496884000001
0.031644026320000004
0.02885741716000001
0.026762922620000004
0.025145443459999996
0.023860375779999995
0.022805568640000003
0.021911377399999998
0.021132070179999997
0.02043792752
0.019809468499999996
0.019233695699999998
0.018701731959999995
0.018207381099999996
0.01774619633
0.0173149033
0.01691103322
0.01653264878
0.01617820341
0.015846386789999996
0.015536057900000004
0.01524617008
0.014975735209999999
0.01472380114
0.014489435959999998
0.014271733140000005
0.014069799800000003
0.013882766869999993
0.013709793299999997
0.013550063280000003
0.013402794090000001
0.013267230409999997
0.013142655670000003
0.013028385800000007
0.012923770790000002
0.01282819238
0.01274106945
0.012661849190000001
0.01259001501
0.012525072569999995
0.012466563389999996
0.012414048449999998
0.012367118399999998
0.012325386440000004
0.012288486849999997
0.012256076569999996
0.012227831449999999
0.012203448130000003
0.012182639239999998
0.012165136330000003
0.012150690409999998
0.012139061520000001
0.012130033049999999
0.012123396569999998
0.012118960999999998
0.012116545830000002
0.01211598359
0.012117119649999999
0.012119807239999997
0.012123912700000001
0.012129308620000001
0.01213587984
0.012143516579999998
0.012152118480000003
0.012161595020000004
0.012171856890000004
0.012182827730000002
0.01219443408
0.012206608240000002
0.012219288889999997
0.012232419840000001
0.012245949119999999
0.012259833030000002
0.012274024820000005
0.012288488999999998
0.01230318774
0.012318091359999998
0.012333168660000005
0.012348395870000004
0.01236374828
0.01237920407
0.012394744279999998
0.012410351620000003
0.012426010789999999
0.01244170621
0.012457425380000003
0.012473158360000004
0.012488894110000004
0.01250462267
0.012520335379999994
0.012536027320000002
0.01255168792
0.012567313860000002
0.012582898669999995
0.01259843858
0.012613927340000003
0.012629363239999998
0.012644741690000003
0.012660059570000002
0.012675314130000002
0.012690503289999999
0.012705624989999999
0.012720677260000002
0.012735657770000006
0.01275056551
0.01276540102
0.012780160469999998
0.01279484464
0.012809452730000002
0.012823981320000006
0.01283843375
0.012852806789999999
0.012867100550000002
0.012881315229999997
0.012895451470000001
0.012909508879999993
0.012923484609999997
0.012937381309999997
0.012951198660000005
0.012964935160000003
0.012978594329999999
0.012992172309999992
0.013005671899999998
0.013019092950000003
0.013032435270000002
0.013045697790000001
0.013058882860000003
0.013071990020000002
0.01308501924
0.01309797202
0.013110846609999999
0.01312364557
0.013136367930000002
0.013149014530000003
0.013161585859999997
0.013174081900000006
0.013186504759999997
0.0131988521
0.013211126000000002
0.01322332617
0.013235453420000001
0.013247508970000002
0.013259490670000002
0.013271402630000005
0.01328324347
0.01329501311
0.013306712029999996
0.01331834212
0.013329901700000002
0.01334139401
0.013352816969999999
0.013364172460000004
0.0133754604
0.013386681679999998
0.01339783707
0.01340892579
0.013419947559999994
0.013430906579999999
0.013441798850000004
0.0134526284
0.013463394269999995
0.013474096020000001
0.013484735689999998
0.01349531277
0.013505827849999999
0.013516281429999997
0.01352667453
0.013537006540000002
0.013547277670000002
0.013557489770000004
0.013567643040000004
0.013577737040000004
0.013587772330000003
0.013597750650000002
0.013607670579999998
0.013617533080000004
0.013627339330000003
0.013637089820000003
0.013646784220000003
0.013656422700000002
0.013666006519999998
0.01367553633
0.013685011380000006
0.013694433849999998
0.013703800960000002
0.013713114880000004
0.013722377479999999
0.013731587330000003
0.013740746719999997
0.013749852609999997
0.013758909039999996
0.013767912329999996
0.013776865889999991
0.01378577039
0.013794625270000001
0.013803430550000002
0.013812185939999999
0.013820895269999996
0.013829554639999997
0.013838166820000003
0.01384673067
0.013855247869999998
0.013863717369999997
0.013872141379999996
0.01388051887
0.01388885124
0.013897135819999996
0.013905377120000005
0.01391357273
0.01392172411
0.013929830690000004
0.013937893929999999
0.013945913289999999
0.013953888730000006
0.013961821319999995
0.013969711000000003
0.013977558689999996
0.01398536431
0.01399312732
0.01400084834
0.014008528999999994
0.01401616746
0.01402376576
0.014031323729999998
0.014038842190000001
0.014046319889999997
0.014053756889999998
0.014061155250000004
0.014068514610000001
0.014075835259999996
0.014083115959999998
0.01409035863
0.014097564140000001
0.014104730439999998
0.014111860190000007
0.014118951560000002
0.0141260052
0.014133022019999998
0.014140002459999999
0.014146946779999997
0.014153854040000004
0.014160725000000002
0.014167561729999998
0.014174360119999998
0.014181124400000005
0.014187854780000002
0.014194548409999999
0.014201208090000004
0.01420783255
0.014214424219999999
0.014220979839999998
0.014227503280000005
0.014233991689999996
0.014240448099999999
0.014246869900000006
0.014253257260000006
0.014259612860000007
0.014265936049999994
0.014272226280000005
0.014278485660000001
0.01428471055
0.014290905299999998
0.014297067389999998
0.014303198580000002
0.01430929715
0.014315364540000002
0.01432140171
0.014327407650000004
0.014333381670000003
0.014339326989999998
0.01434524145
0.01435112581
0.014356978959999994
0.014362803430000001
0.014368596919999997
0.014374363220000002
0.014380098710000006
0.014385805190000005
0.014391482889999998
0.014397131860000002
0.014402750229999999
0.014408341360000004
0.014413904459999998
0.01441943938
0.014424946030000002
0.014430424670000002
0.014435875950000003
0.014441297729999998
0.01444669279
0.01445206136
0.014457402779999996
0.014462718189999994
0.01446800587
0.014473266089999992
0.014478500780000004
0.01448370905
0.014488890789999997
0.01449404667
0.014499176460000002
0.014504279200000005
0.01450935741
0.014514409450000001
0.014519437409999997
0.014524439000000002
0.01452941491
0.014534364410000002
0.014539292189999999
0.014544193220000003
0.014549069960000003
0.014553920530000004
0.014558748299999995
0.014563552799999999
0.014568333240000004
0.014573089010000002
0.014577819829999998
0.014582528540000004
0.014587212110000003
0.014591874039999994
0.014596510740000002
0.01460112528
0.01460571665
0.014610284130000005
0.014614830480000002
0.0146193522
0.014623851350000003
0.014628329889999996
0.014632784080000006
0.01463721689
0.014641628490000001
0.014646016709999998
0.014650383700000002
0.014654729489999995
0.014659052549999994
0.01466335385
0.014667634510000001
0.014671892270000002
0.014676130899999999
0.014680347279999999
0.014684542220000001
0.014688717750000002
0.014692870550000008
0.014697003799999999
0.014701116520000003
0.014705208200000002
0.0147092797
0.01471333035
0.014717361960000001
0.014721374760000003
0.01472536681
0.014729336309999997
0.0147332897
0.01473722131
0.01474113459
0.014745029040000001
0.014748902489999998
0.014752756970000004
0.014756592249999999
0.014760409900000002
0.014764206180000001
0.01476798569
0.01477174538
0.014775487930000003
0.014779212120000001
0.014782917559999999
0.01478660388
0.014790272900000003
0.014793922949999998
0.014797555409999998
0.014801169590000003
0.014804766539999998
0.014808345609999997
0.01481190642
0.014815451299999999
0.014818975120000001
0.014822484510000001
0.01482597585
0.014829451090000001
0.014832908070000001
0.014836348340000001
0.014839771819999998
0.01484317783999999
0.014846568840000001
0.014849942300000005
0.01485329976
0.01485663877
0.014859962759999998
0.01486327039
0.01486656388
0.014869839090000003
0.01487309925
0.014876344379999996
0.014879571190000003
0.014882784159999997
0.014885981810000002
0.01488916308
0.014892328719999997
0.014895478540000005
0.014898613830000004
0.014901734060000005
0.014904839200000004
0.014907930079999996
0.014911003809999998
0.014914063759999999
0.014917109159999997
0.01492014119
0.014923156200000003
0.014926158089999997
0.014929144659999997
0.01493211731
0.01493507669
0.01493802065
0.01494095123
0.014943867159999992
0.014946769579999998
0.01494965876
0.014952533350000003
0.014955393610000001
0.01495824161
0.014961072999999998
0.01496389342
0.01496670037
0.01496949379
0.01497227136
0.014975038079999996
0.014977791799999998
0.014980532610000007
0.014983259330000004
0.014985973990000002
0.01498867529
0.014991365690000001
0.014994039650000002
0.01499670377
0.014999355050000003
0.01500199298
0.01500462007
0.015007233729999996
0.015009834159999996
0.01501242177
0.015014999370000002
0.015017565819999992
0.01502011822
0.01502265914
0.015025187639999998
0.01502770537
0.015030210370000003
0.015032704490000002
0.015035185089999997
0.015037657259999998
0.015040116740000005
0.015042564719999998
0.015045001379999999
0.015047426950000005
0.015049841659999993
0.015052243119999998
0.015054634770000002
0.015057014710000005
0.015059384390000001
0.015061744430000001
0.015064091700000002
0.015066429280000002
0.015068754980000001
0.015071073160000009
0.015073377920000004
0.01507567299
0.015077958099999997
0.015080231589999995
0.015082495959999996
0.01508474944
0.015086993150000004
0.01508922565
0.01509144839
0.015093660349999996
0.015095862380000002
0.015098054459999994
0.015100239270000005
0.015102412270000002
0.015104574260000005
0.015106728099999998
0.015108871430000009
0.015111006499999998
0.015113130490000001
0.01511524519
0.01511735134
0.015119447189999998
0.015121533689999996
0.01512361391
0.01512568133
0.015127740839999999
0.015129791189999997
0.015131831940000002
0.015133862300000005
0.015135885619999997
0.015137899239999997
0.015139903460000003
0.015141900529999997
0.01514388798
0.015145864929999999
0.015147835109999997
0.01514979659
0.015151750240000001
0.015153692950000004
0.015155628919999997
0.015157555489999995
0.015159475020000002
0.015161384970000004
0.015163287159999999
0.015165180420000004
0.01516706564
0.015168941410000001
0.015170810940000001
0.01517267239
0.015174525350000006
0.01517636951
0.015178206530000002
0.015180035179999996
0.015181856849999998
0.015183669210000004
0.015185474119999997
0.01518727316
0.015189062920000001
0.01519084509
0.015192620979999998
0.01519438735999999
0.015196147219999996
0.015197900189999995
0.015199645530000003
0.01520138353
0.015203113660000003
0.0152048376
0.015206551120000005
0.015208263229999994
0.015209962830000003
0.015211656930000001
0.015213343259999996
0.015215022760000006
0.015216696320000002
0.0152183616
0.01522002106
0.015221672639999994
0.01522331933
0.015224957760000006
0.015226590339999997
0.015228215099999998
0.015229834040000001
0.015231446010000003
0.015233050300000002
0.015234647599999993
0.015236241410000002
0.015237826119999997
0.01523940597
0.015240977910000003
0.015242544700000003
0.015244105260000003
0.015245658680000003
0.015247206959999999
0.015248748429999997
0.015250284329999997
0.015251812849999997
0.01525333601
0.015254850789999995
0.015256362909999998
0.015257867870000004
0.015259366270000001
0.015260860499999999
0.015262346880000001
0.015263827329999997
0.015265302179999997
0.015266772530000002
0.015268235849999999
0.015269694569999997
0.01527114679
0.01527259393
0.015274034559999993
0.015275469810000003
0.01527689994
0.015278325579999998
0.015279744899999998
0.015281160300000006
0.01528256796
0.015283970299999991
0.015285369139999998
0.015286760879999996
0.015288146899999995
0.015289527240000005
0.015290902440000002
0.015292274560000001
0.015293640150000001
0.015295002670000002
0.015296358929999997
0.015297709239999995
0.01529905523
0.01530039542
0.015301731890000003
0.01530306403
0.015304390180000002
0.015305712819999992
0.01530703172
0.015308344650000002
0.015309651400000004
0.015310954640000003
0.015312253690000001
0.015313546280000001
0.015314834350000002
0.015316118940000002
0.015317400010000004
0.015318674330000002
0.015319945179999996
0.015321212659999998
0.015322474210000001
0.015323732150000002
0.01532498395
0.015326233369999998
0.015327477200000002
0.015328717559999998
0.01532995471
0.015331186109999999
0.015332413960000006
0.015333637769999997
0.01533485664
0.015336070880000002
0.015337281929999997
0.01533848922
0.01533969266
0.015340893080000006
0.015342087780000003
0.01534327927
0.01534446579
0.015345647840000006
0.01534682766
0.01534800214
0.015349174059999995
0.015350343239999998
0.01535150762
0.015352667869999994
0.015353826789999999
0.015354979459999998
0.015356129569999998
0.015357274159999997
0.015358415540000009
0.01535955476
0.015360691269999997
0.0153618231
0.015362951229999998
0.015364076059999999
0.015365198120000001
0.015366316720000004
0.015367430680000006
0.01536854259
0.015369649660000002
0.015370754140000007
0.015371855190000004
0.015372953580000001
0.01537404886
0.015375140039999997
0.015376230159999997
0.015377315570000003
0.015378395100000003
0.015379474950000003
0.015380550760000005
0.015381625789999999
0.015382695129999997
0.015383762339999997
0.015384825880000001
0.01538588689
0.015386944320000002
0.015387999709999997
0.015389052339999995
0.015390100480000002
0.015391146089999998
0.01539219073
0.015393231689999998
0.015394269669999999
0.015395303540000006
0.015396335360000003
0.015397364610000004
0.015398390140000003
0.015399414030000003
0.015400435320000001
0.015401453789999998
0.015402470739999998
0.015403481189999998
0.015404492669999997
0.015405501500000003
0.015406507150000002
0.015407509459999998
0.015408508589999998
0.015409506290000001
0.015410501140000001
0.015411494250000005
0.015412484160000002
0.01541346989
0.015414456959999996
0.015415439379999998
0.015416419089999996
0.015417395619999996
0.015418371790000003
0.01541934523
0.01542031735
0.015421285569999997
0.015422252549999998
0.015423217430000002
0.015424181039999993
0.015425141790000003
0.015426100349999996
0.015427057100000004
0.015428011459999997
0.015428963889999996
0.015429913649999998
0.015430861679999998
0.015431806969999996
0.015432749769999999
0.015433691539999995
0.015434629769999996
0.015435565969999999
0.015436501930000004
0.015437435939999999
0.015438365980000004
0.015439294939999999
0.015440221409999996
0.015441145570000004
0.01544206955
0.01544299145
0.015443911739999996
0.015444830059999996
0.01544574762
0.01544666184
0.015447575880000002
0.015448486439999997
0.01544939541
0.015450301980000001
0.015451208599999999
0.01545211251
0.015453015159999996
0.01545391652
0.01545481686
0.015455713920000003
0.015456609589999996
0.015457505100000001
0.015458397839999997
0.015459288499999994
0.015460177650000002
0.015461067580000003
0.015461954680000002
0.015462838510000004
0.015463721459999994
0.01546460234
0.015465483099999996
0.015466362109999996
0.015467238800000003
0.015468113849999994
0.015468988429999997
0.015469862839999998
0.015470732399999998
0.015471602519999999
0.015472470839999997
0.015473338289999994
0.015474203460000004
0.015475066870000003
0.015475931849999998
0.015476793600000004
0.01547765416
0.015478514339999996
0.015479372710000001
0.01548023
0.015481084630000001
0.015481941049999998
0.015482794760000003
0.015483645469999998
0.015484496560000003
0.015485346479999997
0.0154861943
0.015487041009999996
0.015487886949999998
0.015488733069999996
0.015489575530000006
0.015490419770000001
0.015491261119999995
0.015492101500000004
0.015492941549999998
0.015493780150000002
0.015494618260000006
0.015495456400000001
0.015496291450000001
0.015497123629999996
0.015497958329999999
0.0154987917
0.01549962266
0.015500453499999997
0.01550128368
0.015502111959999995
0.01550294108
0.015503768170000001
0.015504594109999999
0.01550541941
0.015506244040000004
0.01550706778
0.015507890149999997
0.015508712750000002
0.015509532259999997
0.01551035206
0.01551117073
0.015511990489999999
0.01551280784
0.01551362366
0.015514440519999999
0.015515257589999998
0.015516072570000001
0.015516886140000003
0.01551769809
0.015518510479999999
0.015519323939999994
0.0155201347
0.015520943829999998
0.01552175317
0.01552256263
0.015523370279999995
0.015524178110000003
0.01552498541
0.015525791429999998
0.015526598269999999
0.015527402900000003
0.015528206769999997
0.01552901065
0.015529814769999999
0.015530617980000003
0.01553142021
0.015532221149999999
0.015533024609999996
0.015533827320000004
0.01553462832
0.015535427740000001
0.01553622622
0.015537026490000001
0.0155378251
0.015538623550000002
0.015539419740000003
0.015540217300000003
0.015541013430000004
0.0155418107
0.015542605110000001
0.015543400210000004
0.015544194570000005
0.015544988749999999
0.015545782360000005
0.01554657666
0.015547370750000003
0.015548164739999997
0.015548957450000001
0.015549751340000003
0.01555054296
0.015551334530000002
0.0155521256
0.01555291595
0.015553705649999998
0.015554497440000004
0.015555286929999999
0.015556076579999996
0.015556868770000003
0.015557657700000003
0.01555844641
0.015559236030000001
0.01556002519
0.015560814349999999
0.015561603399999997
0.015562391020000002
0.015563178840000002
0.015563967519999994
0.015564755710000006
0.0155655434
0.015566330600000003
0.015567119619999997
0.01556790634
0.015568693720000002
0.01556947958
0.01557026719
0.015571054029999998
0.015571839960000007
0.015572625809999997
0.015573413220000006
0.015574199870000001
0.015574986480000004
0.015575772590000002
0.015576558439999999
0.0155773453
0.015578132440000001
0.015578917890000002
0.01557970504
0.015580490969999996
0.015581277150000003
0.015582064049999997
0.01558285095
0.015583636959999996
0.015584422479999997
0.015585208279999999
0.015585994459999997
0.015586780719999995
0.015587567129999997
0.01558835395
0.015589141469999996
0.015589927650000003
0.015590714759999999
0.015591500829999995
0.015592286739999999
0.015593074040000003
0.015593861540000002
0.015594650280000002
0.01559543786
0.015596225880000002
0.015597013030000002
0.01559780122
0.015598590340000001
0.01559937803
0.0156001671
0.015600955579999999
0.01560174424
0.015602532740000001
0.015603321069999999
0.015604109690000001
0.01560489781
0.015605687829999998
0.015606479240000002
0.01560726966
0.0156080616
0.015608850279999998
0.015609641510000003
0.015610433140000006
0.015611223800000002
0.01561201564
0.015612810250000003
0.015613601129999996
0.0156143946
0.015615186809999997
0.015615981010000002
0.015616775319999998
0.015617568790000003
0.015618362420000002
0.015619157219999997
0.01561995337
0.015620747340000003
0.015621542439999999
0.015622339900000004
0.015623137249999997
0.015623933409999999
0.015624730170000004
0.015625528580000003
0.01562632547
0.015627123280000002
0.015627922019999997
0.01562872212
0.015629522459999996
0.015630321090000003
0.01563112164
0.015631923050000003
0.01563272424
0.015633526480000003
0.015634330080000005
0.015635131080000003
0.01563593496
0.015636737919999998
0.015637541430000002
0.015638345390000002
0.015639150819999996
0.01563995706
0.015640762369999995
0.01564156819
0.015642376089999997
0.01564318496
0.015643993040000005
0.015644802710000003
0.015645612269999998
0.01564642050999999
0.015647230369999997
0.01564804075
0.01564885347
0.01564966544
0.015650478199999998
0.015651290340000006
0.0156521038
0.015652918709999998
0.015653732549999997
0.015654546479999996
0.01565536363
0.01565618089
0.01565699726
0.015657816189999996
0.015658635089999994
0.01565945403
0.01566027394
0.01566109338
0.015661914409999998
0.015662736109999995
0.015663556920000002
0.015664379000000003
0.01566520268
0.01566602662
0.01566685106
