0.09796135602000001
0.07194003226
0.06235654127999999
0.055131618020000016
0.04889669434000001
0.04361860256000001
0.039286603319999995
0.035815762440000024
0.03307240502000001
0.03090937682000001
0.02919086812
0.027804810419999996
0.02666513454
0.025708396260000002
0.02488870082
0.0241730163
0.023537501759999996
0.022964822019999994
0.0224422592
0.02196038138
0.02151212874
0.021092152960000003
0.020696373600000005
0.02032163332
0.0199654656
0.019625930300000004
0.01930147548
0.018990850519999998
0.01869302988
0.018407163720000005
0.01813253874
0.017868545299999997
0.017614661120000003
0.01737042365
0.01713542136000001
0.01690929125
0.0166916969
0.016482331639999997
0.016280913719999998
0.01608717728
0.015900871929999998
0.015721766260000002
0.015549631920000003
0.015384256130000001
0.015225434569999998
0.01507296508
0.014926660199999999
0.014786330560000005
0.014651793939999998
0.014522875410000002
0.014399405569999992
0.014281214470000001
0.014168136250000001
0.014060009460000002
0.01395667791
0.013857985460000005
0.013763778889999996
0.013673913810000002
0.01358823632
0.013506608289999998
0.013428884860000004
0.013354930239999997
0.013284607399999995
0.0132177811
0.013154323510000001
0.013094107579999998
0.013037009100000004
0.01298290529
0.012931680639999998
0.012883218479999998
0.01283741017
0.012794144979999998
0.01275332175
0.0127148378
0.012678596829999998
0.012644502989999999
0.012612466979999999
0.012582400159999998
0.012554220390000002
0.01252784429
0.01250319337
0.012480195399999998
0.012458774589999999
0.01243886428
0.01242039735
0.012403307340000001
0.012387533409999998
0.012373019180000002
0.012359703109999998
0.01234753455
0.012336458510000004
0.012326425430000001
0.012317387089999998
0.01230929732
0.012302107999999999
0.012295782310000001
0.012290275960000001
0.012285548010000003
0.012281563029999998
0.012278284190000002
0.012275675120000003
0.012273704379999995
0.012272338800000003
0.012271549849999999
0.01227130705
0.01227158223
0.012272348629999999
0.012273581919999998
0.012275256230000002
0.012277348860000002
0.012279837420000004
0.012282701370000003
0.012285919849999999
0.01228947345
0.012293344150000001
0.012297513789999999
0.012301967970000001
0.01230668947
0.01231166071
0.012316870849999995
0.012322306080000005
0.012327952380000005
0.012333797009999998
0.012339829140000001
0.012346037150000003
0.012352411840000004
0.012358941920000007
0.012365618210000002
0.012372430969999999
0.012379375599999999
0.012386439930000003
0.01239361816
0.012400902980000003
0.01240828512
0.012415762330000002
0.01242332478
0.012430969430000004
0.012438689030000004
0.012446479049999999
0.012454334729999994
0.012462250410000002
0.01247022322
0.01247824701
0.012486319809999995
0.01249443654
0.012502596139999999
0.01251079177
0.012519021060000001
0.012527282059999999
0.012535572100000001
0.012543888719999998
0.012552227829999998
0.012560588209999996
0.01256896708
0.012577362909999995
0.01258577321
0.012594196020000004
0.012602628839999998
0.01261107132
0.012619521810000001
0.012627977469999998
0.012636438819999998
0.012644901929999999
0.01265336657
0.01266183158
0.012670297670000002
0.01267876093
0.012687221080000002
0.012695677110000001
0.012704128229999999
0.01271257429
0.012721011950000001
0.01272944435
0.012737867889999999
0.012746282470000002
0.012754688110000006
0.012763083799999997
0.012771468239999998
0.01277984086
0.012788202829999998
0.012796552359999998
0.012804887889999996
0.01281321052
0.012821519680000002
0.012829814889999997
0.01283809512999999
0.01284636116
0.012854611420000002
0.012862846119999998
0.012871064409999996
0.012879268129999996
0.012887453109999997
0.012895621480000001
0.01290377405
0.01291190843
0.012920026659999997
0.012928125520000002
0.012936208239999998
0.012944271449999998
0.012952317400000002
0.012960344739999997
0.012968351029999999
0.01297633981
0.012984309739999995
0.012992260740000004
0.013000192480000006
0.013008105249999995
0.013015998900000002
0.013023872489999998
0.01303172776
0.013039560910000003
0.013047374939999998
0.013055168839999997
0.01306294369
0.013070698170000004
0.013078433090000008
0.013086146909999999
0.013093840220000002
0.013101513279999998
0.013109165809999997
0.013116798810000002
0.013124410930000002
0.013132002500000002
0.013139574149999994
0.013147124430000006
0.01315465442
0.013162164119999997
0.01316965307
0.01317712096
0.013184568169999997
0.013191993600000002
0.013199399750000002
0.013206784899999997
0.013214148850000003
0.013221493100000006
0.013228815549999997
0.013236117329999998
0.013243398330000005
0.01325065914
0.013257899789999998
0.013265118329999999
0.013272317969999996
0.013279495480000004
0.013286652549999998
0.01329378784
0.013300904019999997
0.013307998449999995
0.0133150733
0.013322127139999999
0.013329158200000002
0.013336171529999998
0.01334316268
0.013350134520000001
0.013357084339999999
0.013364015299999999
0.013370924959999999
0.01337781387
0.013384682859999997
0.013391531479999998
0.013398359080000002
0.013405167359999994
0.013411953569999998
0.013418720499999997
0.013425467109999999
0.013432193689999998
0.013438901630000001
0.013445587980000001
0.013452254640000003
0.013458900110000003
0.013465525950000003
0.01347213111
0.01347871802
0.01348528428
0.013491831619999999
0.013498357549999996
0.01350486343
0.013511350790000001
0.013517819609999999
0.01352426691
0.013530696060000003
0.013537103730000005
0.013543493310000003
0.013549862519999996
0.013556211859999995
0.013562543429999996
0.01356885608
0.013575147629999998
0.01358142102
0.013587673849999996
0.013593908400000004
0.013600122909999998
0.01360631924
0.013612497920000006
0.013618655949999997
0.013624795069999997
0.013630916589999997
0.013637018769999995
0.013643100239999999
0.01364916537
0.013655211359999997
0.013661239479999998
0.01366724782
0.013673238739999998
0.013679210339999996
0.013685163500000007
0.013691097190000001
0.013697015239999999
0.013702913959999998
0.01370879296
0.013714655570000005
0.01372049873
0.01372632545
0.013732133800000006
0.013737923130000001
0.013743695130000004
0.013749448499999999
0.013755185219999999
0.013760903829999999
0.0137666047
0.01377228882
0.013777955060000003
0.01378360381
0.013789233990000004
0.013794848079999998
0.013800443999999993
0.01380602174
0.013811583859999997
0.013817127749999996
0.013822655310000003
0.013828166469999997
0.013833660650000001
0.01383913513
0.013844594989999999
0.013850035600000001
0.01385546037
0.013860869580000004
0.013866261190000007
0.013871635419999997
0.013876994060000002
0.013882335550000005
0.013887661689999999
0.01389297043
0.01389826391
0.01390354039
0.013908798960000001
0.013914042830000004
0.013919270139999997
0.013924480669999996
0.013929675779999998
0.01393485376
0.013940017300000001
0.013945164930000002
0.013950294780000004
0.013955409260000001
0.013960508540000005
0.013965592049999998
0.013970661149999997
0.013975713560000002
0.01398074975
0.013985770969999999
0.013990776850000004
0.013995767629999998
0.014000742159999998
0.01400570173
0.014010646089999999
0.014015574630000001
0.0140204885
0.014025387539999998
0.014030270390000004
0.014035139119999995
0.014039991410000003
0.014044830259999998
0.014049654349999998
0.01405446132
0.014059256989999998
0.014064036729999998
0.014068801320000001
0.014073551199999996
0.0140782867
0.01408300643
0.01408771328
0.01409240477
0.014097082490000006
0.014101744880000003
0.01410639282
0.014111028549999993
0.01411564844
0.014120254220000001
0.01412484617
0.014129423749999998
0.01413398758
0.0141385381
0.014143073890000002
0.0141475961
0.014152104080000005
0.01415659787
0.01416107766
0.014165544089999997
0.014169998800000002
0.014174437650000003
0.014178863680000002
0.014183276179999997
0.014187674569999996
0.0141920606
0.014196433180000002
0.01420079144
0.014205136949999997
0.014209468969999995
0.01421378773
0.014218092849999999
0.014222386669999998
0.014226665230000001
0.014230932509999999
0.014235185470000005
0.014239426810000002
0.014243655229999999
0.014247870100000002
0.01425207259
0.014256261959999999
0.0142604391
0.01426460236
0.014268752990000001
0.014272893250000003
0.014277019280000004
0.014281133060000008
0.014285232989999999
0.014289321959999999
0.014293398879999995
0.01429746275
0.014301515349999995
0.01430555508
0.014309581850000001
0.014313597030000003
0.014317600419999996
0.014321591790000001
0.01432557029
0.014329537160000001
0.014333491619999998
0.014337435009999993
0.014341365330000001
0.014345285520000004
0.01434919243
0.01435308773
0.014356971590000003
0.014360844030000002
0.014364704359999998
0.014368552149999998
0.014372389799999994
0.014376215810000002
0.01438003013
0.014383832730000004
0.014387624779999999
0.014391405500000001
0.014395174890000004
0.01439893134
0.014402677779999994
0.014406413550000002
0.014410136669999993
0.01441384923
0.014417550709999997
0.014421242350000004
0.014424920800000003
0.01442859033
0.014432247290000007
0.01443589529
0.014439529829999999
0.014443155809999999
0.01444676962
0.014450372900000001
0.014453964370000003
0.014457545729999995
0.014461117960000002
0.014464677660000006
0.01446822721
0.014471766329999998
0.014475294840000002
0.01447881446
0.014482322730000005
0.014485820659999997
0.014489306599999996
0.014492783479999998
0.014496251459999998
0.014499706150000003
0.014503153730000001
0.014506590120000001
0.014510015279999997
0.014513430649999997
0.014516836149999999
0.014520230839999997
0.01452361611
0.014526991029999999
0.014530357520000006
0.014533712740000003
0.014537058620000003
0.014540395040000001
0.014543719889999997
0.014547036390000004
0.014550343189999999
0.014553639079999996
0.014556925229999995
0.014560203269999995
0.014563471339999998
0.014566730020000007
0.01456997826
0.014573217010000004
0.014576445499999997
0.014579667019999997
0.014582878120000002
0.014586079189999998
0.01458927104
0.014592452720000006
0.014595626339999996
0.014598791479999994
0.014601945799999998
0.014605091710000002
0.014608228059999997
0.014611354070000002
0.014614472879999996
0.01461758121
0.014620681170000004
0.0146237736
0.014626855399999998
0.014629927440000001
0.01463299207
0.014636048919999999
0.014639094580000003
0.014642132850000005
0.014645161219999998
0.01464818189
0.014651193069999997
0.014654195029999999
0.014657190390000002
0.014660175199999997
0.014663152699999998
0.014666120329999999
0.014669080590000001
0.014672030050000002
0.014674972110000007
0.014677905020000003
0.014680830899999999
0.01468374784
0.014686656890000004
0.014689558770000007
0.014692449630000002
0.014695333380000002
0.014698209999999998
0.014701076790000005
0.014703933939999999
0.014706785799999995
0.01470962882
0.014712463100000002
0.01471528925
0.014718108370000007
0.014720918919999998
0.014723721229999995
0.01472651647
0.014729302260000004
0.01473208064
0.014734850820000003
0.01473761427
0.014740368810000001
0.014743116470000001
0.014745855229999999
0.01474858611
0.014751310109999997
0.014754026139999996
0.01475673474
0.0147594341
0.014762125020000003
0.014764809659999998
0.01476748674
0.014770156040000003
0.0147728183
0.014775473739999998
0.01477812107
0.014780761159999998
0.014783393480000002
0.014786019630000004
0.014788635889999999
0.014791245659999997
0.014793847380000003
0.014796443179999999
0.014799029819999998
0.014801609770000003
0.01480418335
0.014806748049999999
0.014809307629999997
0.014811860310000001
0.014814407069999997
0.014816943870000002
0.014819476110000002
0.014821999170000003
0.014824515780000002
0.014827025729999999
0.01482952735
0.014832022280000006
0.014834510939999998
0.014836992500000003
0.014839466969999998
0.01484193391
0.014844393860000001
0.01484684913
0.014849296490000002
0.01485173634
0.014854170610000002
0.014856598430000003
0.014859018930000002
0.01486143248
0.01486383865
0.014866239239999999
0.014868631939999995
0.014871019780000001
0.014873399009999996
0.014875772880000004
0.01487813965
0.01488049882
0.014882850630000001
0.014885200329999994
0.01488754144
0.01488987663
0.014892204689999999
0.014894526019999998
0.01489684156
0.01489915114
0.014901454820000002
0.014903751329999998
0.01490604158
0.014908325410000003
0.014910602580000001
0.01491287344
0.01491513795
0.014917396790000002
0.014919650159999995
0.014921896599999998
0.01492413837
0.014926372010000005
0.014928600140000001
0.014930822409999994
0.01493303944
0.01493524944
0.014937454719999996
0.014939652799999998
0.014941843730000001
0.014944031000000003
0.014946211170000006
0.014948384769999996
0.014950554469999999
0.014952717240000003
0.014954874210000003
0.014957024900000003
0.01495917077
0.014961310059999997
0.014963443739999995
0.014965572659999999
0.014967695730000006
0.014969812779999998
0.014971923340000004
0.014974028600000001
0.01497613004
0.014978223730000002
0.014980313580000005
0.014982396589999997
0.014984474020000003
0.014986545450000001
0.014988611440000004
0.01499067257
0.014992727379999998
0.01499477841
0.014996823849999999
0.01499886223
0.015000895789999998
0.015002923749999997
0.015004946769999998
0.01500696394
0.015008974659999997
0.015010981779999998
0.015012983069999994
0.015014979170000003
0.015016968469999998
0.015018955389999995
0.015020936679999996
0.015022912060000003
0.015024882509999997
0.015026846760000004
0.015028806439999997
0.015030761779999999
0.01503271052
0.015034655550000003
0.015036595090000002
0.015038530219999999
0.015040458939999994
0.01504238302
0.015044301659999997
0.015046215330000006
0.015048124509999993
0.015050027950000003
0.015051927399999996
0.015053821050000001
0.015055711070000003
0.015057594369999998
0.01505947411
0.015061349550000002
0.015063217690000004
0.015065082439999999
0.015066942029999997
0.015068797559999996
0.015070646650000004
0.01507249334
0.015074334480000002
0.01507617223
0.015078003869999999
0.015079831440000002
0.015081653360000002
0.015083471460000003
0.015085283590000005
0.015087092940000001
0.015088895379999998
0.015090694710000003
0.015092488759999998
0.015094279320000004
0.01509606502
0.015097844760000003
0.01509962116
0.01510139261
0.015103158910000003
0.015104921870000003
0.015106679190000005
0.015108433519999995
0.015110182359999997
0.01511192634
0.015113668160000003
0.015115405859999997
0.01511713801
0.015118865269999998
0.01512058868
0.015122307960000001
0.015124022019999999
0.015125731449999997
0.015127437979999998
0.015129139270000001
0.015130836380000002
0.015132530419999998
0.015134218299999997
0.015135903939999999
0.015137584909999995
0.015139260580000003
0.015140931330000001
0.015142599589999998
0.015144262159999998
0.015145922129999996
0.015147577509999994
0.015149229269999998
0.01515087606
0.01515252013
0.015154159969999999
0.015155795680000002
0.015157426109999999
0.015159055190000001
0.015160677340000001
0.01516229724
0.015163912190000003
0.0151655239
0.01516713043
0.015168733780000006
0.015170332770000001
0.015171930269999998
0.015173521260000005
0.015175109849999997
0.01517669412
0.015178274489999997
0.01517985081
0.015181424339999998
0.015182993119999998
0.015184558689999995
0.01518611873
0.015187677149999997
0.015189232140000002
0.015190782129999999
0.015192328899999998
0.01519387198
0.015195408509999998
0.01519694296
0.015198474239999996
0.01520000205
0.015201526200000003
0.015203047340000005
0.015204563429999998
0.015206077130000002
0.015207586099999996
0.01520909231
0.01521059439
0.015212093759999998
0.01521358797
0.015215080129999997
0.015216567760000004
0.015218052520000002
0.015219532179999995
0.015221010049999999
0.015222485340000003
0.015223955239999996
0.015225423479999995
0.015226887340000004
0.015228348420000004
0.015229805169999997
0.01523125915
0.015232709030000006
0.01523415618
0.015235602360000003
0.015237042030000002
0.015238479979999999
0.015239913760000001
0.015241345609999997
0.015242772580000006
0.01524419433
0.01524561608
0.015247035180000002
0.015248449389999998
0.015249860269999997
0.015251267779999998
0.015252672849999992
0.015254072839999997
0.015255470979999998
0.01525686614
0.015258256730000004
0.01525964464
0.015261030250000005
0.015262412870000004
0.015263791490000001
0.01526516634
0.015266539540000004
0.015267909369999997
0.015269274690000001
0.01527063806
0.015271998349999998
0.015273356289999993
0.0152747124
0.01527606327
0.01527741086
0.015278756329999999
0.01528009818
0.01528143853
0.01528277527
0.015284109500000002
0.015285438820000004
0.015286767690000001
0.015288093310000004
0.015289414609999998
0.015290732170000002
0.015292048600000004
0.015293362460000006
0.015294671930000002
0.015295978549999999
0.015297283210000002
0.015298585290000005
0.015299883940000002
0.01530118023
0.01530247396
0.015303763220000002
0.01530505217
0.015306337419999996
0.015307619799999998
0.015308898829999995
0.015310174759999996
0.01531144903
0.015312720130000004
0.015313989009999997
0.015315255669999996
0.015316517749999998
0.015317779330000005
0.015319035179999996
0.01532029164
0.015321542040000002
0.015322793039999996
0.01532404012
0.015325283550000006
0.01532652549
0.015327764560000002
0.015329001300000002
0.015330235270000008
0.01533146647
0.015332695289999998
0.0153339228
0.015335145980000003
0.015336367560000001
0.01533758644
0.015338803260000004
0.015340014590000001
0.015341224830000002
0.015342433859999999
0.015343641319999997
0.01534484435
0.01534604558
0.015347244650000001
0.015348441210000001
0.015349634179999995
0.015350825759999995
0.015352015329999998
0.015353202159999994
0.015354387749999998
0.015355566630000001
0.015356746629999998
0.01535792273
0.01535909717
0.015360269610000003
0.015361439429999997
0.015362606739999998
0.015363771449999997
0.015364935
0.015366095770000001
0.015367253990000001
0.015368412129999998
0.015369565439999996
0.015370717
0.01537186594
0.015373011710000009
0.01537415701
0.015375299830000001
0.01537644009
0.015377576609999999
0.01537871247
0.015379845870000002
0.01538097883000001
0.015382106549999998
0.01538323322
0.01538435738
0.015385478419999998
0.015386598849999997
0.015387717260000005
0.015388832390000003
0.015389946640000002
0.015391057679999997
0.01539216771
0.01539327463
0.015394379629999996
0.015395483270000001
0.01539658505
0.015397684169999997
0.015398782410000002
0.015399877430000002
0.015400971099999999
0.015402061179999992
0.01540314919
0.015404236109999999
0.015405319299999998
0.015406402730000001
0.015407482900000002
0.015408561999999997
0.015409638190000002
0.015410713360000003
0.01541178585
0.015412855509999998
0.01541392355
0.015414990710000003
0.015416055829999997
0.015417117129999996
0.01541817795
0.015419235750000006
0.015420290809999994
0.015421346310000004
0.015422398620000005
0.015423449710000004
0.015424499129999998
0.015425546109999999
0.01542659238
0.015427634130000003
0.015428675079999999
0.015429714469999998
0.015430752990000003
0.01543178866
0.015432822779999996
0.015433855399999996
0.015434885020000004
0.015435913039999995
0.01543693933
0.015437964280000003
0.015438986899999998
0.015440007750000002
0.015441027539999999
0.015442045320000004
0.015443061509999998
0.01544407584
0.015445087540000003
0.015446097729999992
0.01544710668
0.015448114470000007
0.015449118630000003
0.01545012157
0.015451123379999997
0.015452124189999996
0.015453124470000003
0.015454120619999996
0.015455116310000001
0.015456108710000005
0.015457099949999999
0.015458089629999996
0.015459076809999993
0.015460062839999995
0.015461047279999997
0.01546203069
0.015463012380000005
0.015463992080000006
