0.09251326916000002
0.08642228312
0.08163484051999999
0.07797552425999998
0.07519829403999999
0.07304039304000001
0.07128874358
0.06979795794000002
0.06847576577999999
0.06726466181999999
0.06612862572000001
0.06504483189999999
0.0639986317
0.0629805061
0.06198422587999999
0.061005746420000034
0.060042397299999994
0.05909250794000001
0.05815505558
0.05722946324000001
0.05631548045999999
0.055413059839999994
0.05452233638
0.05364353564000001
0.05277695536
0.05192296038000002
0.05108193806
0.050254304840000014
0.04944046989999999
0.0486408663
0.04785590302000001
0.0470859889
0.04633151687999999
0.04559284700000001
0.044870315439999996
0.044164246620000014
0.04347490624
0.04280252984
0.04214731727999999
0.041509416880000004
0.04088893208000001
0.04028591092
0.03970035912
0.03913221828
0.03858139472
0.03804773392000001
0.03753103612
0.037031059479999996
0.036547518480000006
0.03608009154
0.035628426000000005
0.035192130720000006
0.03477080778000001
0.034364022800000005
0.03397133586
0.03359228622
0.033226417240000014
0.032873256579999996
0.03253234368
0.03220320656
0.03188538546000001
0.031578420139999994
0.03128186754
0.03099529135999999
0.030718262139999997
0.030450366500000003
0.030191206100000006
0.029940391319999995
0.029697548559999995
0.029462315480000004
0.02923434803999999
0.029013321600000003
0.028798910760000004
0.028590814680000007
0.028388745740000006
0.028192426559999997
0.028001592279999998
0.027815991759999995
0.027635386679999995
0.027459548660000013
0.02728825718
0.02712131006
0.026958509700000008
0.02679966718
0.026644607820000003
0.026493160299999995
0.026345163979999996
0.026200468100000002
0.026058925
0.025920391840000005
0.02578474756
0.02565185656
0.025521601659999997
0.02539387658000001
0.0252685676
0.02514556891999999
0.025024785999999993
0.0249061258
0.024789498899999995
0.024674818060000006
0.024562004539999998
0.024450982200000002
0.024341675200000003
0.024234012359999998
0.024127933820000003
0.024023368999999996
0.023920262740000003
0.02381855792
0.023718195580000004
0.023619126539999997
0.023521302860000003
0.023424679119999993
0.023329209440000005
0.02323485562
0.023141573839999992
0.023049332119999995
0.02295809682
0.022867832660000004
0.022778511240000007
0.022690105979999996
0.022602590559999997
0.02251594024
0.022430134380000008
0.022345152359999995
0.022260977579999997
0.022177590300000005
0.022094975699999995
0.022013122259999997
0.02193201814000001
0.021851649280000003
0.021772005699999996
0.02169307912
0.02161485794
0.02153733488
0.021460503420000006
0.02138435684
0.02130888988000001
0.021234095460000005
0.021159964940000005
0.021086494520000002
0.0210136791
0.0209415085
0.02086998135999999
0.020799094759999998
0.020728836900000002
0.0206592044
0.020590193640000004
0.020521792999999997
0.020454003420000002
0.020386813679999994
0.02032021544
0.02025420497
0.020188777560000006
0.02012392412
0.020059640050000004
0.019995914240000003
0.01993274414
0.019870119740000004
0.01980803817999999
0.019746487540000003
0.019685461
0.01962495775
0.019564964140000002
0.019505476680000005
0.01944648674
0.01938798888
0.019329975019999997
0.019272438679999997
0.019215374090000004
0.019158773779999996
0.019102630339999996
0.019046943180000005
0.01899170167
0.018936898229999995
0.01888252748
0.018828585080000005
0.01877506507
0.01872196205
0.018669267710000003
0.01861698128
0.018565093239999997
0.018513598680000003
0.01846249182
0.01841177324
0.018361433139999998
0.018311463250000003
0.018261865319999997
0.018212635659999993
0.018163762950000006
0.018115249019999998
0.018067087419999996
0.01801927264
0.01797180432
0.01792467264
0.017877880780000008
0.01783142061
0.01778528943
0.017739483800000004
0.017694000379999998
0.017648836550000005
0.017603989340000004
0.017559453770000004
0.01751522497
0.01747130393
0.01742768612
0.017384367310000006
0.01734134686
0.017298622040000003
0.017256189360000004
0.01721404712
0.017172190680000005
0.01713062155000001
0.017089330959999996
0.01704832163000001
0.017007589200000003
0.016967132720000003
0.016926948220000005
0.016887035380000002
0.016847392719999996
0.016808017229999996
0.01676890562
0.01673005694
0.01669146989
0.01665314132
0.016615068829999996
0.0165772544
0.016539692730000003
0.016502382379999993
0.016465321940000003
0.016428510179999998
0.016391944100000003
0.016355625190000004
0.01631954889
0.016283714210000005
0.016248120429999992
0.01621276531
0.016177647340000004
0.01614276579
0.016108118419999998
0.016073703749999998
0.01603952117
0.01600556788
0.015971844000000002
0.01593834767
0.015905076850000005
0.01587203033
0.015839208910000003
0.01580660835
0.01577422882
0.0157420691
0.015710126919999998
0.01567840258
0.01564689576
0.015615601729999998
0.015584521879999995
0.015553652330000002
0.015522996189999996
0.01549254899
0.015462308919999999
0.015432279010000003
0.015402454020000005
0.015372833390000005
0.015343417480000001
0.015314203939999995
0.015285191820000004
0.015256381210000003
0.015227770420000002
0.01519935677
0.015171141819999998
0.015143124150000003
0.015115301510000005
0.015087671980000002
0.01506023527
0.015032991329999999
0.015005938289999996
0.014979076389999995
0.014952402210000002
0.014925916119999995
0.014899617560000002
0.014873504490000002
0.014847575200000003
0.01482183069
0.01479626799
0.014770888579999999
0.014745688659999999
0.014720667950000004
0.014695827650000002
0.014671165730000001
0.014646680229999993
0.014622371229999997
0.014598237079999994
0.01457427596
0.01455048776
0.014526872740000004
0.0145034283
0.014480153110000005
0.014457048419999997
0.014434113679999994
0.01441134496
0.01438874399
0.01436630734
0.014344034640000003
0.014321927349999996
0.014299982179999999
0.014278197959999999
0.014256576299999999
0.014235115630000003
0.014213811899999998
0.014192666840000001
0.01417167873
0.014150848019999997
0.014130173499999999
0.01410965178
0.01408928655
0.014069072099999993
0.01404901035
0.014029100430000002
0.01400934099
0.013989731250000002
0.013970268459999996
0.013950954709999998
0.013931788629999997
0.013912768190000003
0.01389389519
0.01387516588
0.01385658065
0.013838137519999995
0.013819835329999997
0.01380167514
0.013783656410000003
0.013765775809999997
0.01374803472
0.013730432320000003
0.013712966060000003
0.013695637029999996
0.01367844488
0.01366138705
0.013644464169999997
0.013627673949999997
0.013611016319999995
0.013594490959999993
0.013578095460000003
0.013561831040000001
0.013545696459999994
0.013529690220000001
0.0135138139
0.013498063519999997
0.013482439040000002
0.01346694167
0.013451567599999997
0.013436317020000001
0.01342119371
0.013406191460000003
0.01339131071
0.013376551519999995
0.013361911770000004
0.013347394110000004
0.01333299531
0.013318715909999999
0.013304553280000003
0.013290508099999996
0.013276577830000002
0.013262764460000005
0.013249064980000004
0.01323548215
0.01322201113
0.013208653789999993
0.013195410109999998
0.013182277700000002
0.013169256789999998
0.01315634483
0.01314354527
0.013130852610000004
0.013118270139999994
0.013105794970000003
0.01309342708
0.013081164870000002
0.01306900776
0.013056955990000008
0.013045009320000002
0.013033165989999995
0.013021427599999994
0.013009790309999998
0.012998254949999996
0.012986821930000001
0.012975489730000001
0.012964257580000003
0.0129531251
0.012942091860000003
0.012931157810000005
0.01292031893
0.012909580079999997
0.012898935299999999
0.012888388090000003
0.012877935920000002
0.012867578880000003
0.012857316149999996
0.0128471436
0.01283706713
0.01282708174
0.012817187959999997
0.012807386910000001
0.012797676239999998
0.012788056829999998
0.012778526799999997
0.012769085360000001
0.012759733119999998
0.012750467310000003
0.012741288949999999
0.01273219699
0.012723193389999998
0.0127142736
0.012705438539999994
0.012696688669999996
0.012688022699999997
0.012679439830000002
0.012670940920000002
0.012662524070000004
0.012654190669999996
0.012645939030000003
0.012637766139999998
0.012629674169999999
0.012621662189999999
0.012613728749999999
0.012605874670000001
0.012598097979999999
0.012590399279999996
0.012582779100000004
0.012575234699999998
0.012567767130000001
0.012560374139999999
0.012553057569999996
0.012545813510000002
0.012538644200000003
0.012531550049999996
0.01252452846
0.01251758039
0.01251070419
0.012503899559999997
0.012497165870000007
0.012490503310000001
0.012483909720000002
0.012477387579999997
0.012470933459999998
0.012464548499999999
0.01245823116
0.012451982770000002
0.012445802349999997
0.01243968928
0.01243364098
0.012427660430000001
0.012421744129999999
0.012415892000000001
0.012410106450000003
0.012404384069999996
0.012398726209999999
0.012393132409999999
0.012387600979999998
0.012382133199999996
0.01237672496
0.012371379960000001
0.01236609637
0.012360873290000005
0.01235570983
0.012350606329999998
0.012345563119999998
0.012340578150000003
0.012335650709999996
0.012330782000000002
0.01232597041
0.012321216440000003
0.012316520649999997
0.01231188105
0.012307297700000004
0.012302770860000005
0.012298297930000004
0.012293880400000002
0.01228951743
0.012285207579999995
0.012280953279999993
0.012276751449999998
0.012272602709999999
0.012268506490000003
0.012264462989999995
0.012260470230000008
0.012256530479999998
0.01225264202
0.01224880288
0.012245014210000002
0.012241275450000002
0.01223758619
0.012233946970000003
0.012230355699999996
0.012226813509999997
0.012223318609999999
0.012219872049999995
0.012216472710000002
0.012213119730000001
0.012209814030000002
0.01220655502
0.012203341920000004
0.012200173599999996
0.01219705085
0.012193972909999996
0.01219093956
0.01218795006
0.012185005040000006
0.012182102290000003
0.012179242809999997
0.012176425940000003
0.012173652349999998
0.012170921009999997
0.01216823085
0.012165582619999995
0.012162976610000003
0.01216040946
0.012157884449999998
0.012155399699999998
0.012152955350000001
0.012150549570000002
0.01214818469
0.012145859779999999
0.01214357228
0.012141322779999995
0.012139111189999998
0.012136938699999995
0.012134802400000004
0.01213270294
0.012130642499999995
0.012128616690000003
0.012126628099999998
0.012124675329999996
0.012122757899999996
0.012120875310000001
0.01211902875
0.012117216730000002
0.012115441010000004
0.012113699049999998
0.012111990340000003
0.012110315259999999
0.012108673029999996
0.012107065780000002
0.012105491610000001
0.012103951030000002
0.012102441439999998
0.012100964339999997
0.012099519210000005
0.012098105190000003
0.012096722660000003
0.012095370589999998
0.012094050100000002
0.012092761910000001
0.012091501180000004
0.012090272130000001
0.012089073209999999
0.012087903609999999
0.01208676434
0.012085653520000001
0.01208457318
0.01208351974
0.012082495440000002
0.01208149948
0.012080530710000004
0.012079590769999999
0.01207867716
0.012077792559999996
0.01207693321
0.01207610192
0.012075296069999998
0.012074515620000004
0.012073764289999997
0.012073036650000004
0.012072335770000005
0.0120716607
0.012071010229999998
0.012070385639999999
0.012069785789999999
0.012069208699999995
0.012068657359999999
0.012068130270000001
0.012067627709999999
0.012067148830000003
0.012066692419999999
0.012066259519999997
0.01206584886
0.01206546283
0.01206509864
0.012064758160000005
0.01206443911
0.01206414394
0.012063870700000002
0.012063618160000001
0.012063386699999996
0.01206317803
0.012062990190000001
0.01206282475
0.012062678979999998
0.012062553169999995
0.0120624491
0.012062364099999993
0.012062299899999997
0.012062254270000001
0.012062228949999998
0.012062222909999998
0.012062236700000006
0.01206226981
0.01206232107
0.012062392040000001
0.012062481920000001
0.012062590640000002
0.012062716789999999
0.01206286246
0.01206302309
0.012063202230000004
0.01206340081
0.01206361647
0.012063850409999995
0.012064100630000001
0.012064367979999999
0.0120646523
0.012064953560000001
0.012065271620000002
0.012065605050000004
0.012065954579999996
0.012066321549999995
0.012066702800000002
0.012067100390000004
0.012067514529999998
0.012067942559999998
0.01206838692
0.012068845760000002
0.012069320339999997
0.012069810450000001
0.012070315229999996
0.012070832929999999
0.012071365439999995
0.012071912519999999
0.01207247168
0.012073047709999996
0.012073636180000003
0.012074238740000003
0.012074854620000002
0.012075484490000003
0.012076126950000004
0.012076782500000003
0.012077451699999998
0.01207813445
0.012078830309999995
0.012079536710000003
0.012080256820000001
0.01208098926
0.012081734140000001
0.01208249102
0.012083259539999997
0.012084040269999999
0.012084832350000005
0.01208563589
0.012086451190000005
0.012087278509999999
0.01208811638
0.012088964810000002
0.012089823690000003
0.012090694489999998
0.01209157658
0.01209247107
0.012093373269999999
0.01209428631
0.012095210390000001
0.01209614354
0.01209708828
0.012098040869999998
0.012099005619999994
0.012099979320000002
0.012100962729999996
0.01210195544
0.01210295724
0.012103968419999998
0.012104987489999998
0.012106017739999995
0.012107057240000002
0.01210810417
0.01210916114
0.01211022607
0.01211129944
0.012112381350000001
0.01211347076
0.012114569339999997
0.012115676449999996
0.0121167919
0.012117914750000004
0.012119046489999997
0.012120184670000003
0.012121331630000003
0.01212248767
0.012123648910000001
0.01212481775
0.01212599395
0.012127178269999997
0.012128369010000003
0.012129566679999997
0.01213077218
0.012131985879999998
0.012133203569999997
0.012134430070000006
0.01213566278
0.01213690137
0.012138147109999997
0.012139398420000001
0.01214065709
0.0121419209
0.01214319216
0.012144469339999998
0.012145752700000003
0.012147041099999999
0.012148335199999997
0.012149634719999998
0.012150940189999997
0.012152252019999999
0.012153568579999998
0.012154891960000002
0.01215622084
0.012157554910000002
0.0121588946
0.01216023953
0.012161589570000004
0.012162944189999999
0.012164304099999999
0.012165669870000001
0.012167039030000002
0.012168412840000005
0.012169792560000002
0.01217117583
0.012172565080000001
0.012173957810000002
0.012175355379999999
0.01217675644
0.012178163340000006
0.012179573890000002
0.012180988609999997
0.012182407379999998
0.012183831060000004
0.012185257560000001
0.012186689630000002
0.01218812441
0.012189564040000003
0.012191008520000001
0.012192455780000002
0.01219390727
0.012195361579999998
0.012196820519999995
0.012198282599999999
0.012199748479999996
0.012201217709999997
0.012202690960000005
0.012204165830000007
0.012205644989999997
0.01220712712
0.01220861374
0.01221010307
0.012211594380000003
0.012213089999999996
0.012214589210000001
0.0122160905
0.012217594779999999
0.01221910088
0.012220611309999997
0.012222123859999998
0.012223640489999996
0.01222516155
0.01222668163
0.012228206549999999
0.01222973367
0.012231264339999999
0.012232796600000002
0.012234332980000002
0.0122358707
0.012237410519999997
0.01223895364
0.012240498410000002
0.012242045239999997
0.012243594329999998
0.01224514692
0.01224670234
0.012248257279999997
0.012249815860000002
0.012251377429999998
0.012252939279999996
0.012254505160000005
0.012256072829999999
0.012257640779999997
0.01225921186
0.012260784460000005
0.0122623573
0.012263932570000002
0.012265509629999997
0.01226708854
0.012268669110000002
0.012270250929999999
0.012271836080000003
0.01227342283
0.012275009730000003
0.012276598960000001
0.012278190070000002
0.012279781769999996
0.012281375920000002
0.01228297108
0.012284568379999996
0.012286166529999998
0.012287765520000004
0.012289365670000003
0.01229096766
0.012292570939999995
0.012294174819999998
0.01229578103
0.01229738711
0.012298994819999999
0.012300604000000003
0.012302214950000006
0.012303827399999996
0.012305439220000002
0.012307052289999999
0.012308666800000003
0.012310281389999997
0.012311898029999999
0.012313516309999996
0.012315135979999996
0.01231675565
0.012318376089999998
0.012319998599999995
0.012321621840000001
0.012323245210000002
0.01232486974
0.012326495609999998
0.012328121599999999
0.012329748399999998
0.012331375990000002
0.01233300302
0.012334631340000006
0.01233626073
0.012337891419999998
0.01233952189
0.012341153729999998
0.012342787350000004
0.012344420509999995
0.012346054920000002
0.01234768866
0.012349323100000002
0.012350958079999997
0.012352594099999998
0.012354228669999998
0.012355866750000001
0.012357503139999997
0.012359138779999999
0.012360776390000001
0.012362413619999998
0.012364052430000001
0.012365690680000001
0.012367328799999999
0.012368967089999999
0.012370607629999999
0.012372247419999998
0.01237388806
0.012375527769999999
0.012377167930000004
0.012378809159999999
0.012380451289999997
0.012382092409999997
0.012383734000000004
0.012385376159999996
0.012387019049999996
0.01238866075
0.012390304360000002
0.0123919461
0.012393589140000001
0.012395231980000001
0.012396874510000003
0.012398517150000003
0.012400158629999998
0.012401803619999999
0.012403446459999997
0.01240509022
0.012406734479999999
0.012408377909999997
0.012410019599999999
0.01241166358
0.012413306360000001
0.012414950759999996
0.012416593630000002
0.012418237050000003
0.01241988064
0.012421524120000001
0.0124231665
0.012424810649999996
0.01242645352
0.012428096660000004
0.01242973924
0.01243138146
0.012433023890000004
0.012434665200000004
0.01243630618
0.012437948269999997
0.012439590000000002
0.012441231360000003
0.012442872999999997
0.012444514989999999
0.012446155610000002
0.012447796649999999
0.012449437540000005
0.012451078000000003
0.01245271767
0.01245435684
0.012455995890000005
0.01245763636
0.01245927526
0.01246091359
0.012462552150000004
0.012464189200000001
0.012465826540000002
0.012467463580000003
0.012469100949999996
0.01247073709
0.01247237336
0.012474010289999999
0.012475645719999998
0.012477280319999999
0.012478916160000002
0.012480549890000001
0.01248218419
0.012483818910000001
0.012485452739999998
0.01248708574
0.012488717849999997
0.01249035079
0.01249198157
0.012493613870000001
0.012495245149999995
0.012496875939999994
0.012498506020000001
0.01250013632
0.012501765500000005
0.01250339446
0.012505022970000002
0.012506651729999999
0.012508277770000003
0.012509905219999999
0.01251153074
0.01251315701
0.012514782830000001
0.012516407779999995
0.01251803198
0.012519656130000003
0.012521279279999997
0.012522903209999997
0.012524525920000003
0.012526148410000002
0.012527770760000003
0.01252939198
0.012531013050000001
0.01253263263
0.012534253070000001
0.012535871530000003
0.012537489110000001
0.01253910729
0.012540724610000003
0.012542340919999999
0.012543957499999998
0.012545573450000003
0.012547188910000001
0.012548803739999998
0.012550417480000003
0.012552031609999997
0.012553643699999997
0.012555255590000002
0.012556866899999998
0.012558477210000007
0.012560088190000002
0.01256169794
0.01256330621
0.012564915549999998
0.012566523259999997
0.012568130190000006
0.012569737159999999
0.012571342179999999
0.012572948440000007
0.012574551699999999
0.01257615614
0.012577759050000002
0.012579360779999998
0.01258096373
0.012582564459999996
0.01258416608
0.012585766550000006
0.012587366469999998
0.01258896583
0.012590564019999998
0.012592161189999998
0.01259375789
0.012595354730000003
0.01259694995
0.012598545230000003
0.012600139179999999
