0.11012942502000003
0.10323200456000002
0.09684529805999997
0.09113746278000001
0.08621580708000001
0.08210624472
0.07874931178000001
0.07602875683999998
0.07381154722000001
0.07197344559999999
0.07041162572
0.0690486956
0.06782977495999998
0.06671657641999999
0.06568214973999999
0.06470727966
0.06377830833999999
0.06288558054000001
0.06202236807999997
0.061183999300000014
0.06036725247999998
0.059569864060000005
0.058790261719999994
0.05802729506000001
0.0572801234
0.05654810038
0.05583074151999999
0.05512762702000001
0.05443840997999999
0.05376280101999997
0.053100531920000006
0.05245136096000001
0.051815066699999995
0.051191438000000006
0.05058028132
0.049981399600000004
0.049394602259999996
0.04881972830000001
0.04825658632
0.047705019220000006
0.04716484502
0.04663589818000001
0.04611801511999999
0.045611027660000004
0.045114769439999994
0.044629076860000005
0.04415378692000001
0.043688725760000005
0.04323373062000001
0.042788629739999993
0.042353263979999986
0.04192745892000001
0.04151104564000001
0.04110385686000001
0.04070571844000001
0.04031646642
0.03993592343999999
0.03956392353999999
0.039200295159999995
0.03884486849999999
0.03849747068
0.03815794119999999
0.0378261081
0.037501803599999994
0.03718486085999999
0.036875125179999996
0.036572426520000006
0.03627660525999999
0.03598750273999999
0.035704961140000005
0.035428829179999996
0.03515895118000001
0.03489518154
0.03463736369999999
0.0343853603
0.03413902335999999
0.03389821464000001
0.03366279492
0.03343262445999999
0.0332075778
0.032987516499999994
0.03277232349999999
0.03256186185999999
0.03235601346
0.03215465859999999
0.031957684039999996
0.03176496564
0.03157639558
0.03139186484
0.031211269179999997
0.031034497999999994
0.03086145356000001
0.0306920304
0.03052613529999999
0.03036367276
0.030204551339999997
0.030048676380000004
0.029895961740000004
0.029746320740000005
0.029599671739999996
0.029455934600000004
0.029315026299999998
0.029176870879999997
0.029041389619999997
0.02890851673999999
0.028778173640000005
0.028650289280000005
0.028524807639999993
0.028401654620000008
0.028280766219999996
0.028162082319999997
0.02804554052
0.02793108371999999
0.027818656239999996
0.02770820102000001
0.02759966142
0.027492990660000004
0.027388132439999987
0.027285042579999995
0.027183672780000005
0.02708397332000001
0.026985900659999996
0.0268894127
0.02679446296
0.026701012059999994
0.02660902122
0.026518448520000005
0.02642925982
0.026341415939999994
0.026254884679999993
0.02616962568
0.0260856125
0.026002805820000002
0.025921179079999995
0.025840696639999997
0.025761336899999994
0.025683064559999996
0.025605851299999996
0.025529676499999997
0.025454508139999995
0.02538032484000001
0.025307098559999998
0.025234807019999996
0.02516342544
0.025092932000000005
0.025023306140000007
0.024954525140000006
0.02488656632
0.024819411959999996
0.02475304682
0.024687446019999993
0.02462259342000001
0.02455847184
0.024495060539999995
0.02443234839999999
0.024370314079999997
0.024308944659999995
0.02424822546000001
0.024188140920000007
0.024128674560000004
0.02406981442
0.024011547799999998
0.023953859620000004
0.02389673904
0.023840171920000004
0.023784145979999994
0.023728652880000003
0.023673677719999987
0.02361920902000001
0.02356523690000001
0.02351175084
0.023458741760000002
0.02340619872
0.023354109620000004
0.02330246958
0.023251269619999997
0.02320049626000001
0.02315014492
0.023100204300000003
0.02305067096
0.023001533240000004
0.02295278282
0.022904414860000003
0.022856419159999995
0.022808792659999994
0.022761526600000005
0.022714612219999993
0.02266804436
0.022621817760000003
0.022575924640000005
0.0225303606
0.02248511726
0.022440193039999997
0.022395578279999998
0.0223512719
0.022307264759999997
0.02226355094
0.02222013066
0.022176995060000003
0.02213413852
0.022091559440000005
0.022049253700000004
0.022007214659999996
0.021965437159999993
0.021923919980000005
0.021882658060000004
0.021841645859999995
0.021800881100000006
0.02176036065999999
0.021720076460000005
0.021680033100000006
0.021640219779999997
0.021600635940000005
0.021561276660000003
0.021522142060000006
0.02148322636
0.021444527680000002
0.021406041699999993
0.021367768119999995
0.021329698120000004
0.02129183565999999
0.021254174019999995
0.021216712059999997
0.021179449319999995
0.021142376299999998
0.021105497660000007
0.021068808019999996
0.02103230558
0.020995987980000002
0.020959853179999998
0.020923899180000007
0.02088812146
0.020852516600000003
0.0208170896
0.02078183348
0.0207467474
0.02071182884
0.02067707354
0.02064248273
0.020608055380000004
0.020573789280000004
0.02053968239999999
0.020505729799999997
0.02047193524
0.02043829439
0.02040480456
0.02037146578
0.020338276739999994
0.0203052339
0.020272338899999992
0.02023958506
0.020206976280000007
0.02017450886
0.020142186
0.02010999974
0.020077952899999998
0.020046042940000005
0.0200142687
0.01998262694
0.019951118509999997
0.01991974338
0.01988849604
0.019857378899999997
0.019826390459999996
0.019795533339999997
0.01976479966
0.0197341926
0.0197037116
0.019673352869999997
0.01964311768
0.019613003980000005
0.019583010160000004
0.019553135520000004
0.019523378619999997
0.01949374176
0.01946422037999999
0.019434816440000002
0.019405528260000002
0.019376352819999998
0.019347292940000003
0.019318343300000006
0.019289506149999996
0.019260781329999994
0.019232166820000007
0.01920366153
0.019175266199999996
0.019146979840000005
0.01911880034
0.019090727999999998
0.019062760719999995
0.01903490147
0.019007145840000003
0.018979496369999998
0.018951948980000004
0.018924506520000002
0.0188971639
0.018869924070000002
0.018842785500000004
0.018815746390000006
0.01878880794
0.018761971239999998
0.018735229760000003
0.018708588640000006
0.01868204542
0.018655599129999995
0.01862924992
0.018602997479999998
0.01857684092
0.018550777419999998
0.01852480912
0.01849893518
0.018473154859999993
0.01844746986
0.018421875059999995
0.01839637475999999
0.018370965809999997
0.018345648400000004
0.01832042162
0.01829528826
0.01827024357
0.018245287880000002
0.018220422280000002
0.018195644159999996
0.018170955200000005
0.018146356049999993
0.018121841140000004
0.01809741422
0.01807307535
0.018048823579999998
0.018024658100000004
0.01800057732
0.01797658136
0.017952669980000006
0.01792884422
0.01790510272
0.017881444580000003
0.01785786922
0.01783437763
0.017810969420000003
0.01778764324
0.017764398860000002
0.01774123624
0.017718155439999998
0.017695155820000003
0.017672236779999996
0.0176493995
0.017626642370000004
0.017603963979999995
0.017581367089999994
0.01755884727
0.017536406999999997
0.017514044569999995
0.017491761659999997
0.017469556900000002
0.017447429119999996
0.017425382399999995
0.01740341006
0.01738151567
0.017359696429999998
0.01733795413
0.017316287609999998
0.01729469728
0.017273181819999997
0.017251742860000002
0.017230378579999997
0.01720908654
0.017187871619999996
0.017166731020000003
0.01714566532
0.017124673410000003
0.017103752939999998
0.017082906100000003
0.01706213392000001
0.017041436
0.017020808220000003
0.017000251700000003
0.01697976646
0.01695935354
0.016939013240000005
0.016918744099999997
0.016898546470000005
0.0168784197
0.0168583626
0.01683837433
0.016818459360000003
0.016798614700000002
0.016778837890000002
0.016759130679999998
0.01673949251
0.0167199237
0.016700423060000004
0.016680990880000003
0.01666162685
0.016642329850000002
0.01662310111
0.016603939579999998
0.01658484562
0.01656582003
0.016546860619999996
0.016527968529999996
0.016509142129999998
0.016490383329999997
0.016471690400000003
0.016453064189999995
0.016434503109999995
0.016416007789999992
0.016397577519999998
0.016379210930000002
0.016360909349999998
0.016342672980000004
0.01632450117
0.016306394689999996
0.016288349849999998
0.01627037153
0.01625245527
0.01623460186
0.016216813749999996
0.01619908851
0.01618142586
0.01616382384
0.016146286270000004
0.01612881022
0.016111396740000006
0.01609404673
0.016076757820000002
0.016059530670000002
0.016042363210000007
0.016025257440000003
0.016008213860000002
0.01599123103
0.015974307399999995
0.0159574462
0.015940643970000012
0.01592390216
0.01590721962000001
0.01589059575
0.0158740347
0.0158575311
0.015841086109999996
0.015824702369999995
0.015808377000000005
0.015792110479999993
0.015775902260000002
0.015759752739999994
0.01574366014
0.015727626560000003
0.01571164956
0.01569573116
0.0156798688
0.015664063880000002
0.015648318140000003
0.015632627019999998
0.015616993019999994
0.015601415400000002
0.015585895529999998
0.015570430829999997
0.01555502116
0.0155396701
0.015524373459999997
0.01550913443
0.015493949920000003
0.015478821749999996
0.015463746880000004
0.01544872805
0.015433763599999999
0.015418856230000002
0.015403998930000001
0.015389199310000006
0.015374453429999995
0.015359762949999998
0.01534512288
0.015330537219999997
0.01531600625
0.015301528390000001
0.015287102870000006
0.015272731950000002
0.015258412419999999
0.015244145620000003
0.015229930970000001
0.015215767719999995
0.01520165926
0.01518760383
0.015173598510000002
0.015159643769999995
0.015145742440000005
0.01513189206
0.015118093010000005
0.015104344679999998
0.015090647030000001
0.015077000770000005
0.015063405740000004
0.015049860319999997
0.01503636396
0.015022918709999998
0.01500952458
0.01499617982
0.01498288504
0.014969641270000002
0.014956444269999997
0.014943297190000003
0.014930199180000006
0.01491715066
0.014904150910000002
0.014891198980000003
0.01487829592
0.014865443489999998
0.014852638620000002
0.0148398826
0.014827172269999998
0.01481451161
0.014801898209999999
0.01478933246
0.014776814850000004
0.014764344759999994
0.014751919870000003
0.014739543479999999
0.014727213459999998
0.014714929689999998
0.01470269416
0.014690505379999998
0.014678361829999995
0.014666264489999994
0.014654213639999995
0.014642208129999995
0.014630248409999996
0.0146183365
0.014606469559999996
0.01459464737
0.014582870470000002
0.014571137980000004
0.014559450890000006
0.01454780736
0.014536209060000001
0.014524656009999996
0.014513147159999996
0.014501683070000002
0.014490261939999997
0.014478884710000002
0.01446755166
0.01445626347
0.014445016819999998
0.014433815600000004
0.01442265648
0.01441153986
0.014400466349999998
0.01438943859
0.014378451279999998
0.014367507239999997
0.014356605289999998
0.014345746259999998
0.01433492951
0.014324155569999997
0.0143134231
0.014302732380000002
0.014292083819999997
0.014281476960000004
0.014270910559999996
0.01426038853
0.014249906040000003
0.014239466900000004
0.014229067249999996
0.01421870922
0.01420839113
0.01419811335
0.01418787773
0.014177679900000002
0.014167523829999995
0.014157407099999998
0.014147332060000002
0.014137296069999996
0.014127300019999997
0.014117343870000004
0.01410742751
0.01409754823
0.014087708859999997
0.014077908370000003
0.014068149950000003
0.01405842868999999
0.01404874573
0.014039103110000005
0.014029497020000005
0.01401993104
0.014010402230000005
0.014000913219999998
0.013991463150000001
0.013982049219999999
0.01397267372
0.013963336480000003
0.01395403468
0.013944771669999998
0.013935546720000002
0.013926358329999994
0.013917206339999995
0.013908092429999998
0.013899016579999996
0.013889976290000002
0.01388097431
0.013872007329999997
0.013863076680000001
0.01385418101
0.01384532208
0.013836499580000003
0.013827713109999997
0.013818962120000002
0.013810247500000001
0.013801570830000005
0.013792928139999995
0.01378432151
0.013775750149999998
0.01376721492
0.013758714190000004
0.013750248570000003
0.013741817830000003
0.01373342078
0.013725059269999998
0.013716732880000004
0.013708440510000005
0.013700182279999995
0.013691958380000003
0.013683768049999998
0.013675612419999999
0.013667491309999997
0.013659401340000002
0.013651347669999998
0.013643327040000004
0.013635339960000003
0.01362738635
0.013619466680000001
0.01361158055
0.013603725809999996
0.01359590551
0.013588118749999996
0.013580363509999997
0.01357264307
0.013564953359999998
0.013557297339999998
0.013549673709999998
0.013542081420000003
0.013534522370000001
0.013526993929999995
0.013519498880000001
0.013512034490000002
0.013504604189999998
0.013497203290000002
0.013489833969999998
0.013482497439999998
0.013475192340000003
0.013467917400000003
0.013460672809999996
0.013453461150000002
0.01344627961
0.01343912819
0.01343200883
0.013424919019999999
0.013417860009999998
0.013410831519999998
0.013403833990000003
0.01339686609
0.013389928339999998
0.013383021280000003
0.01337614466
0.01336929673
0.013362480280000007
0.01335569155
0.013348932960000002
0.013342203740000001
0.013335504340000002
0.013328832789999998
0.01332219136
0.013315579849999998
0.01330899797
0.013302443599999996
0.013295918570000002
0.013289423120000001
0.013282956850000005
0.013276518629999996
0.01327010862
0.013263727529999998
0.01325737578
0.013251051020000005
0.013244754929999998
0.013238486780000001
0.013232245309999996
0.013226031699999996
0.013219847469999995
0.013213689650000002
0.013207560290000005
0.013201457699999999
0.013195382309999998
0.013189334039999995
0.01318331328
0.013177319669999998
0.013171352520000004
0.013165414339999997
0.013159500679999998
0.013153616539999994
0.013147756799999999
0.013141924370000007
0.01313611752
0.01313033672
0.013124583460000004
0.0131188569
0.013113155379999996
0.013107481879999999
0.013101833279999999
0.013096210619999998
0.013090612020000005
0.013085039890000004
0.013079494609999997
0.013073973619999998
0.013068477379999999
0.01306300829
0.013057563009999997
0.013052144549999995
0.013046750590000003
0.013041382199999996
0.013036038449999995
0.013030718860000004
0.013025424870000002
0.013020155200000005
0.013014909419999998
0.013009690360000001
0.013004495620000002
0.012999324210000001
0.01299417913
0.01298905699
0.012983957929999998
0.012978885389999998
0.012973835420000001
0.012968809410000002
0.01296380713
0.012958828210000002
0.012953873260000002
0.01294894227
0.01294403343
0.012939150040000003
0.012934287789999997
0.012929449800000003
0.012924634760000003
0.01291984306
0.012915073420000004
0.012910327849999998
0.01290560461
0.01290090271
0.01289622421
0.012891568720000001
0.012886934939999999
0.012882324070000001
0.01287773515
0.012873169539999998
0.012868625590000002
0.012864103469999999
0.012859603890000001
0.012855126200000002
0.012850671129999998
0.01284623645
0.012841824979999998
0.012837433780000001
0.012833064390000003
0.012828717000000005
0.01282439074
0.012820086549999998
0.01281580251
0.012811540599999996
0.01280730159
0.012803083819999997
0.012798886700000001
0.012794709049999997
0.012790552680000001
0.012786417490000004
0.012782300440000003
0.012778206100000002
0.012774131770000004
0.0127700793
0.012766046599999994
0.012762034370000003
0.012758042800000004
0.012754071470000003
0.012750120090000004
0.012746189699999997
0.012742279099999998
0.01273838623
0.01273451611
0.012730664090000001
0.012726830999999996
0.012723019309999998
0.012719227859999998
0.012715453820000005
0.012711699399999998
0.01270796488
0.012704249940000002
0.012700552500000004
0.012696876379999994
0.01269321853
0.012689581030000001
0.012685962010000003
0.01268236214
0.0126787812
0.012675217690000004
0.012671673509999998
0.012668148640000005
0.012664641960000006
0.01266115393
0.01265768281
0.012654231250000002
0.01265079729
0.012647382809999996
0.012643986779999998
0.012640607149999998
0.012637246340000003
0.012633903810000003
0.012630578440000002
0.012627271530000001
0.0126239834
0.012620711930000006
0.012617457879999999
0.012614220869999996
0.012611002080000003
0.012607799949999996
0.012604616259999996
0.01260144891
0.01259829838
0.012595166650000003
0.01259205096
0.012588953670000003
0.012585872389999999
0.01258280848
0.01257976033
0.012576728770000004
0.012573714170000002
0.01257071777
0.012567736629999998
0.012564771509999996
0.012561823559999998
0.012558889969999995
0.012555974740000002
0.012553074990000001
0.012550193219999997
0.01254732703
0.01254447719
0.01254164365
0.01253882479
0.01253602203
0.01253323559
0.012530464789999998
0.012527709909999997
0.012524969750000002
0.01252224726
0.012519540190000003
0.012516846979999998
0.012514170209999998
0.012511508110000003
0.012508860989999997
0.012506230949999999
0.01250361493
0.012501014710000001
0.012498428530000003
0.01249585699
0.012493302069999997
0.012490760499999998
0.012488234039999999
0.012485722990000002
0.012483227319999998
0.012480744769999996
0.012478278319999998
0.012475825939999994
0.012473388509999996
0.012470965610000002
0.012468558569999996
0.012466162730000003
0.012463783149999998
0.012461416500000004
0.012459065870000003
0.012456727929999996
0.01245440443
0.012452095570000002
0.012449800900000004
0.012447519160000005
0.012445251309999995
0.01244299822
0.01244075783
0.01243853238
0.012436319509999998
0.012434119599999998
0.012431932229999998
0.012429759650000004
0.012427601709999998
0.01242545627
0.01242332433
0.01242120615
0.012419100889999996
0.0124170088
0.01241493048
0.012412864820000001
0.012410813130000002
0.01240877375
0.012406746880000001
0.012404733660000002
0.012402733409999998
0.012400746020000004
0.012398771189999998
0.012396806949999999
0.012394856439999997
0.012392918679999998
0.012390992479999998
0.012389079639999998
0.012387179519999998
0.012385290900000002
0.012383414369999995
0.0123815508
0.01237969947
0.012377859869999999
0.01237603346
0.012374218070000003
0.012372415499999997
0.012370623579999997
0.012368844740000003
0.01236707828
0.012365322129999998
0.012363579190000005
0.012361846409999997
0.012360127629999997
0.012358418949999998
0.012356721860000005
0.01235503726
0.012353363079999997
0.012351699120000002
0.012350047979999994
0.012348407689999997
0.012346778829999993
0.012345161729999998
0.012343555769999999
0.012341960260000001
0.012340377019999998
0.012338804479999996
0.012337242270000003
0.012335691509999995
0.012334151889999999
0.012332623570000001
0.012331106089999998
0.012329597250000001
0.012328101100000002
0.012326615800000001
0.012325141419999996
0.01232367709
0.012322223730000003
0.012320781069999998
0.012319348360000005
0.01231792634
0.012316515129999997
0.012315114079999998
0.012313722689999999
0.012312342260000005
0.012310970760000005
0.012309610979999998
0.012308259370000003
0.01230691802
0.012305588029999997
0.01230426725
0.012302957869999999
0.012301657499999999
0.012300367700000002
0.01229908775
0.01229781749
0.01229655747
0.012295307259999999
0.012294066159999997
0.012292833900000001
0.012291611200000004
0.01229039993
0.012289196370000002
0.012288002430000002
0.012286818080000001
0.012285643340000001
0.012284477390000001
0.012283319349999999
0.012282173900000002
0.012281035329999999
0.01227990531
0.012278786259999999
0.012277676170000003
0.01227657485
0.01227548251
0.012274398309999997
0.012273325160000001
0.012272259100000002
0.012271202249999997
0.012270155630000001
0.012269116730000005
0.01226808778
0.012267066599999998
0.01226605449
0.012265049099999996
0.01226405332
0.012263065949999999
0.012262087099999996
0.01226111701
0.012260155019999998
0.012259202020000002
0.012258258359999998
0.012257323949999996
