0.09015179300000002
0.08122344428000002
0.07522249398
0.0713164118
0.06859682346
0.06636261965999998
0.06433077306
0.06239590985999999
0.06051777577999999
0.05868190561999999
0.0568847756
0.05512774934000001
0.05341429339999999
0.05174870313999999
0.05013539092000001
0.048578524260000006
0.047081826600000015
0.04564841402
0.04428068401999998
0.04298021842000001
0.04174771568000001
0.04058296058000001
0.03948488246000001
0.03845165503999999
0.0374808319
0.03656951764000001
0.035714512399999995
0.03491247098
0.03415999146
0.03345373672
0.032790462959999996
0.03216708843999999
0.031580695039999995
0.031028563539999988
0.030508158100000005
0.030017121739999993
0.02955329432
0.029114661440000012
0.02869937452
0.028305707819999998
0.027932074019999996
0.02757698938
0.027239063959999997
0.026917017020000003
0.026609650859999997
0.02631585282000001
0.02603459210000001
0.02576491806
0.025505955079999997
0.025256899560000004
0.025017013640000006
0.0247856254
0.024562120500000003
0.02434593706
0.024136561180000005
0.02393352864
0.02373640744
0.0235448177
0.02335840268
0.023176836979999997
0.022999824659999994
0.022827093459999993
0.02265839296000001
0.022493498959999997
0.022332196239999998
0.02217429402
0.022019612059999995
0.02186798342
0.02171925849999999
0.02157329049999999
0.02142994312
0.021289097640000008
0.02115062942
0.021014431159999996
0.02088039416
0.020748418480000003
0.020618399460000002
0.02049024408
0.02036386012
0.020239149320000004
0.02011602308
0.01999438265999999
0.0198741357
0.019755182300000004
0.01963742676
0.019520765299999996
0.01940509958
0.01929032858
0.0191763573
0.019063104299999998
0.018950496779999996
0.018838491880000002
0.01872707346
0.018616266990000005
0.01850613816
0.01839679205000001
0.01828837485
0.018181053019999994
0.018075005480000003
0.01797039962
0.017867382960000004
0.017766063279999997
0.017666518460000006
0.017568790770000002
0.017472889499999995
0.017378796900000004
0.017286477270000003
0.017195887829999992
0.017106973459999997
0.01701968000000001
0.016933952599999996
0.016849736639999998
0.01676697934
0.016685631109999998
0.016605644109999998
0.016526979739999996
0.01644959476
0.016373452610000002
0.0162985185
0.01622476305
0.016152152899999994
0.016080665770000002
0.0160102696
0.01594094496
0.015872667590000004
0.015805414340000008
0.01573916622
0.01567390409
0.015609609490000002
0.015546263159999995
0.01548385089
0.015422354619999993
0.01536176187
0.015302057259999996
0.015243225949999996
0.015185254989999999
0.015128130870000001
0.015071840729999997
0.015016373760000002
0.01496171786
0.014907859700000003
0.01485478993
0.014802496899999996
0.014750971930000006
0.014700204390000002
0.014650183510000001
0.014600898640000002
0.014552341950000002
0.01450450381
0.014457374029999996
0.014410944769999998
0.014365206729999998
0.014320151860000001
0.014275773090000004
0.014232057339999998
0.014189000140000008
0.014146594950000002
0.014104831799999997
0.014063702159999995
0.01402319927
0.013983314999999998
0.01394404241
0.013905375199999997
0.013867302220000004
0.013829820709999998
0.01379292293
0.01375659881
0.013720844000000001
0.013685652400000001
0.01365101597
0.01361692741
0.013583381930000004
0.013550371700000001
0.013517888419999999
0.013485930160000001
0.01345448755
0.0134235546
0.013393125259999998
0.013363191990000002
0.0133337526
0.013304797010000001
0.01327632172
0.013248320859999997
0.013220787769999996
0.013193717260000007
0.013167102940000001
0.01314093895
0.013115221320000002
0.01308994075
0.01306509603
0.013040681600000006
0.013016688549999999
0.012993114860000004
0.01296995433
0.012947201759999994
0.012924850710000005
0.012902897669999995
0.012881337090000007
0.012860164790000001
0.012839374939999997
0.01281896279
0.012798922640000003
0.012779251610000002
0.012759943320000007
0.01274099326
0.01272239799
0.012704151949999996
0.01268625064
0.012668690509999999
0.012651467409999997
0.012634574379999996
0.012618009449999999
0.012601768250000003
0.01258584691
0.012570239269999997
0.012554942370000002
0.01253995223
0.012525262759999998
0.012510872449999998
0.012496777629999997
0.012482972320000002
0.012469453090000002
0.012456219059999997
0.01244326371
0.012430581170000001
0.012418169689999998
0.012406026069999996
0.012394147130000003
0.01238252837
0.012371166179999999
0.012360058629999999
0.01234919956
0.012338586999999998
0.012328217450000001
0.01231808546
0.01230819141
0.012298529850000002
0.012289098149999997
0.012279890279999994
0.012270905169999999
0.012262141570000003
0.012253592889999998
0.012245258370000001
0.012237134250000002
0.012229215700000002
0.012221502399999997
0.01221398856
0.01220667335
0.012199552690000004
0.012192624490000003
0.012185885559999998
0.012179333839999999
0.012172965289999997
0.01216677736
0.01216076626
0.012154929930000004
0.012149267790000005
0.012143772199999998
0.012138446559999998
0.012133284070000003
0.01212828392
0.012123441759999999
0.012118757010000002
0.01211422833
0.012109850030000001
0.012105620049999998
0.012101538239999998
0.012097599950000005
0.012093802879999999
0.012090146720000004
0.012086627930000003
0.012083244030000002
0.012079991760000004
0.012076871110000003
0.012073877850000001
0.012071011710000003
0.012068270129999996
0.012065649639999999
0.012063149850000001
0.012060767240000008
0.012058498439999999
0.012056343390000002
0.012054301560000001
0.012052370059999998
0.012050545950000005
0.012048826629999999
0.01204721157
0.01204569837
0.012044285200000003
0.012042972079999999
0.012041753819999999
0.012040631920000003
0.012039601749999997
0.012038663619999999
0.012037816669999996
0.012037057889999996
0.012036384580000002
0.012035796150000002
0.012035288980000001
0.01203486743
0.012034524449999997
0.012034259259999998
0.01203407089
0.012033959869999998
0.01203392273
0.012033960169999995
0.01203406874
0.012034246560000001
0.012034493269999997
0.012034806890000001
0.012035187329999999
0.012035633600000005
0.012036143050000002
0.012036714070000001
0.0120373468
0.012038038830000002
0.01203879009
0.012039599070000002
0.012040465229999998
0.012041386249999998
0.012042361389999999
0.012043389150000002
0.012044469409999998
0.012045599370000003
0.01204678066
0.012048010539999997
0.01204928907
0.012050614749999992
0.012051985169999996
0.01205340097
0.012054862519999997
0.012056365479999998
0.01205791112
0.01205949889
0.012061126
0.012062792859999998
0.01206449941
0.012066243190000001
0.012068024109999999
0.012069841719999998
0.01207169649
0.012073585530000002
0.012075508000000002
0.012077464920000001
0.012079453330000003
0.012081473519999998
0.012083526439999997
0.01208560946
0.01208772249
0.0120898645
0.012092035040000004
0.012094233219999995
0.012096458590000001
0.012098711550000005
0.01210098952
0.012103293900000003
0.012105622419999996
0.012107976219999993
0.0121103528
0.012112753730000004
0.012115176609999998
0.012117622029999999
0.012120088189999998
0.012122577609999996
0.012125085760000001
0.012127616059999997
0.012130165149999997
0.012132733750000003
0.012135320759999998
0.012137926100000003
0.012140550239999999
0.01214318977
0.012145847949999997
0.012148523049999997
0.0121512155
0.012153921560000001
0.01215664321
0.012159381040000002
0.012162132240000002
0.01216489825
0.012167678029999997
0.01217047148
0.012173278329999997
0.012176098100000001
0.012178929859999998
0.012181772530000001
0.012184628710000003
0.012187495999999999
0.012190375179999999
0.012193264609999999
0.01219616524
0.012199075830000003
0.012201996760000002
0.01220492649
0.01220786679
0.012210815119999996
0.0122137735
0.01221673974
0.01221971501
0.012222699490000006
0.01222568966
0.012228687990000002
0.0122316947
0.012234706849999997
0.01223772699
0.012240754340000003
0.012243787970000005
0.012246827710000002
0.012249874230000003
0.012252925030000002
0.012255983379999995
0.0122590466
0.012262116630000002
0.012265190379999999
0.012268268039999999
0.01227135254
0.0122744405
0.012277533030000003
0.012280629980000003
0.01228373104
0.012286835500000004
0.012289944230000002
0.012293055659999995
0.01229617115
0.012299290550000001
0.012302412170000006
0.012305536199999996
0.0123086645
0.01231179482
0.01231492785
0.012318063679999998
0.012321200539999999
0.012324341369999998
0.01232748317
0.012330627020000002
0.012333773199999998
0.01233692226
0.01234007207
0.012343222420000004
0.012346375729999996
0.012349530170000001
0.012352685300000001
0.012355842159999996
0.012358999250000008
0.01236215634
0.012365314780000003
0.01236847439
0.012371633889999997
0.012374793530000004
0.01237795562
0.012381116769999995
0.01238427896
0.01238744023
0.012390602240000001
0.012393763439999999
0.01239692638
0.01240008653
0.01240324856
0.012406408800000004
0.012409570859999998
0.012412729760000003
0.012415888380000002
0.012419047559999999
0.012422206090000004
0.012425364519999997
0.012428520189999999
0.012431677280000003
0.012434833809999997
0.012437989739999999
0.012441142260000003
0.012444296190000002
0.012447447939999998
0.012450599230000003
0.01245374795
0.012456896649999999
0.012460044369999996
0.012463189799999996
0.01246633355
0.01246947538
0.01247261655
0.012475755149999995
0.012478892029999999
0.012482028020000003
0.012485163290000004
0.012488296390000002
0.012491428290000002
0.012494557380000004
0.01249768645
0.012500811819999999
0.012503936620000003
0.012507059380000005
0.01251018003
0.0125132992
0.01251641642
0.012519530430000004
0.012522643440000005
0.012525753430000001
0.012528861819999999
0.012531967509999999
0.01253507192
0.01253817569
0.012541275409999992
0.012544372370000001
0.012547467060000001
0.012550560290000005
0.01255364955
0.012556737519999996
0.012559823710000004
0.012562906099999998
0.012565986199999999
0.012569064079999996
0.012572139849999995
0.012575213599999998
0.01257828463
0.012581353330000003
0.012584420359999998
0.012587483090000002
0.012590543599999999
0.012593602260000003
0.012596657889999998
0.012599711129999998
0.012602760870000002
0.012605808380000002
0.01260885332
0.012611894460000002
0.01261493361
0.012617969409999999
0.012621002729999999
0.012624034139999997
0.01262706262
0.012630087330000001
0.012633110400000001
0.01263613093
0.01263914892
0.01264216344
0.012645175900000001
0.012648185650000001
0.012651191720000001
0.012654195330000001
0.012657196250000002
0.01266019411
0.012663188130000003
0.012666179829999995
0.01266916963
0.012672155280000002
0.012675137560000002
0.01267811782
0.012681095529999999
0.012684068790000003
0.012687040839999999
0.01269000821
0.012692973460000001
0.012695935240000001
0.012698895879999996
0.012701851539999998
0.012704805769999999
0.01270775724
0.012710704809999999
0.012713648920000004
0.012716590760000002
0.012719530389999997
0.01272246664
0.01272539875
0.012728328069999996
0.01273125378
0.012734176950000002
0.012737097479999997
0.012740015479999995
0.012742929449999997
0.012745841130000001
0.01274875061
0.012751657409999997
0.012754560599999997
0.012757459450000003
0.012760355389999999
0.012763248330000003
0.012766137899999998
0.012769025459999996
0.0127719108
0.012774792439999998
0.012777670070000002
0.012780545250000002
0.012783417349999998
0.012786285779999997
0.012789153369999999
0.0127920164
0.012794877219999999
0.012797733610000002
0.01280058702
0.012803436849999999
0.012806285019999999
0.012809128900000001
0.012811970269999999
0.012814808619999996
0.012817644489999997
0.012820475539999997
0.01282330531
0.012826132070000001
0.01282895556
0.012831774380000003
0.01283459085
0.012837405350000003
0.012840215409999996
0.012843022589999998
0.01284582739
0.012848629559999998
0.012851426849999998
0.012854222629999999
0.012857013790000003
0.012859802690000003
0.01286258964
0.012865372460000003
0.012868153339999999
0.012870931059999995
0.0128737046
0.012876475469999997
0.01287924312
0.012882008159999998
0.01288476878
0.012887527080000006
0.01289028297
0.012893036320000002
0.012895785709999998
0.012898531829999999
0.012901276040000005
0.01290401524
0.012906752290000004
0.012909485609999995
0.012912216780000003
0.01291494529
0.01291766996
0.01292039101
0.012923109139999998
0.01292582645
0.012928538989999998
0.01293124888
0.012933956149999998
0.01293666024
0.012939361000000003
0.012942058730000004
0.012944754460000003
0.012947445649999995
0.012950134639999998
0.012952819850000002
0.012955502700000003
0.012958181990000005
0.012960859070000004
0.012963531920000004
0.01296620301
0.012968870519999998
0.012971534550000002
0.012974196890000001
0.012976854480000006
0.01297951109
0.012982163339999995
0.012984813400000001
0.01298746101
0.012990104780000004
0.012992746020000003
0.012995385029999997
0.012998020689999999
0.0130006522
0.013003282129999998
0.013005908480000002
0.013008529619999995
0.013011149629999996
0.0130137664
0.013016381530000001
0.013018993180000002
0.013021602210000004
0.013024208450000001
0.013026811650000003
0.01302941092
0.01303200806
0.013034600840000004
0.013037193539999993
0.013039781820000002
0.013042366040000005
0.013044947679999998
0.013047528090000003
0.013050103339999999
0.01305267723
0.01305524771
0.01305781674
0.01306038157
0.013062943719999992
0.013065503040000004
0.013068059360000002
0.013070612750000004
0.013073161859999998
0.013075707530000001
0.013078253259999997
0.013080794920000003
0.013083332950000002
0.013085868370000005
0.01308840088
0.013090930709999999
0.013093456920000001
0.013095980559999998
0.013098502219999995
0.013101020560000003
0.01310353567
0.013106049600000003
0.013108558909999998
0.013111066769999999
0.013113570839999998
0.013116071749999996
0.0131185708
0.013121066500000007
0.013123560239999998
0.013126049899999994
0.0131285379
0.013131021340000002
0.013133502470000002
0.013135980960000002
0.01313845842
0.01314093082
0.013143400230000001
0.013145867299999997
0.01314833226
0.013150792300000005
0.013153252349999995
0.01315570757
0.01315816232
0.013160611750000002
0.013163060279999998
0.013165505030000002
0.01316794642
0.013170387050000001
0.013172823139999994
0.013175258959999997
0.013177690680000003
0.013180119309999995
0.013182544689999999
0.013184967020000002
0.013187385290000003
0.013189803049999999
0.013192218089999996
0.013194629280000005
0.013197038549999995
0.013199444799999998
0.013201848600000001
0.013204249729999997
0.01320664708
0.013209043520000003
0.013211434940000003
0.013213825690000004
0.013216212640000002
0.01321859642
0.013220978219999999
0.01322335858
0.013225735299999996
0.013228109729999998
0.013230481609999997
0.013232850190000004
0.01323521723
0.01323757999
0.013239940819999995
0.013242297920000002
0.01324465202
0.013247003960000002
0.013249353490000003
0.013251700469999999
0.013254044289999998
0.01325638683
0.013258724679999995
0.013261061609999998
0.013263394389999999
0.013265725849999997
0.013268052419999999
0.013270378030000004
0.013272700529999999
0.013275021649999998
0.013277339809999997
0.013279654659999996
0.013281967950000003
0.01328427705
0.013286585629999997
0.013288889659999996
0.013291190989999997
0.013293489689999998
0.013295786609999995
0.01329808052
0.013300371339999999
0.013302661169999997
0.013304947760000005
0.013307230350000003
0.013309511199999992
0.013311789829999997
0.013314066170000005
0.013316338800000002
0.01331860868
0.01332087751
0.013323143550000001
0.013325404400000003
0.01332766516
0.013329923180000001
0.013332177910000003
0.013334431029999996
0.013336681109999996
0.013338927589999999
0.013341172169999997
0.013343414210000005
0.013345654819999997
0.013347891239999998
0.01335012495
0.01335235736
0.013354585649999995
0.013356813749999998
0.013359038900000004
0.01336126112
0.013363480689999999
0.013365697969999996
0.01336791125
0.013370123559999995
0.013372332419999997
0.013374540119999999
0.013376743139999998
0.013378945890000002
0.01338114397
0.013383340070000001
0.01338553536
0.013387727150000002
0.013389916390000003
0.01339210295
0.013394286760000007
0.01339646998
0.013398648920000002
0.01340082659
0.013403002419999999
0.013405174410000003
0.013407344500000003
0.013409512490000004
0.013411678840000005
0.013413840980000001
0.013416000280000001
0.0134181573
0.013420312519999998
0.013422466259999998
0.013424617159999996
0.01342676368
0.013428908529999999
0.013431050969999999
0.01343319074
0.013435327769999998
0.013437464550000005
0.013439596740000006
0.013441727920000002
0.013443856379999999
0.013445982249999999
0.013448106530000002
0.0134502293
0.013452347119999996
0.013454462650000004
0.01345657691
0.013458688129999999
0.013460796639999996
0.013462903249999998
0.013465006629999998
0.013467109049999997
0.013469207939999998
0.013471303570000004
0.01347339953
0.013475490799999998
0.013477580710000001
0.013479668819999995
0.013481752680000004
0.013483836380000001
0.01348591667
0.01348799485
0.01349007079
0.013492144699999997
0.013494216109999999
0.013496285609999997
0.013498353580000004
0.01350041709
0.013502480909999998
0.013504540870000003
0.01350659726
0.01350865282
0.013510704969999999
0.013512755489999998
0.013514802000000001
0.013516847980000003
0.013518890070000001
0.013520930219999998
0.013522969049999998
0.013525004640000006
0.013527038310000001
0.01352907061
0.013531099879999994
0.013533126749999997
0.013535151659999998
0.013537173969999998
0.013539195470000003
0.013541212510000004
0.013543228449999995
0.013545241769999999
0.01354725283
0.013549262780000002
0.013551270200000003
0.013553273970000002
0.013555275900000002
0.01355727602
0.013559273750000005
0.013561268850000004
0.013563261819999999
0.013565252100000001
0.01356724096
0.013569227880000005
0.013571212910000005
0.013573196000000003
0.01357517699
0.013577154849999997
0.013579130680000003
0.01358110464
0.013583074329999993
0.013585043769999996
0.013587010200000003
0.01358897551
0.01359093709
0.013592898039999997
0.01359485617
0.013596812550000002
0.013598766440000003
0.01360071713
0.013602667069999996
0.013604614099999999
0.013606559470000001
0.013608503449999997
0.013610443840000002
0.013612382939999999
0.013614320150000003
0.013616255649999999
0.013618187889999998
0.01362011766
0.013622045539999999
0.013623971849999998
0.013625894689999996
0.013627816460000003
0.01362973537
0.013631652050000003
0.013633566509999997
0.013635478869999995
0.013637389679999999
0.01363929869
0.013641204750000004
0.013643108629999998
0.013645012330000006
0.01364691293
0.013648811090000004
0.013650707579999994
0.01365260151
0.013654491610000003
0.013656380610000003
0.013658267849999996
0.013660153950000002
0.013662037400000002
0.01366391728
0.013665795680000002
0.013667671640000004
0.013669546280000002
0.01367141812
0.013673289770000003
0.013675157660000001
0.013677024660000002
0.013678888100000001
0.013680748939999997
0.0136826082
0.013684466240000002
0.013686321930000002
0.013688175660000001
0.013690027590000004
0.013691876920000002
0.013693724420000003
0.013695570900000002
0.013697413470000004
0.01369925592
0.013701096
0.01370293316
0.013704768659999998
0.013706603040000003
0.013708435190000002
0.013710263969999999
0.013712092579999995
0.01371391782
0.013715741129999999
0.013717563559999996
0.01371938303
0.013721200740000005
0.013723015759999999
0.013724829000000001
0.01372664042
0.013728450870000004
0.01373025732
0.013732062850000004
0.013733866419999997
0.013735667680000003
0.013737468210000003
0.013739266390000003
0.013741060980000002
