0.08566246216
0.07961587675999998
0.07570852049999997
0.07304498363999996
0.07098944042
0.06922693204000002
0.06760586228
0.06605223412000001
0.06453040518000003
0.06302442896
0.06152870482000001
0.06004302263999998
0.058569893419999984
0.0571131348
0.055677072139999985
0.054266158300000006
0.05288473614
0.05153697556000002
0.05022676580000002
0.04895765981999999
0.04773276100000001
0.046554613439999996
0.04542506125999998
0.044345212620000005
0.04331540288000001
0.042335241320000015
0.041403730119999996
0.04051935584000001
0.03968027873999999
0.038884394280000005
0.03812948912
0.037413324180000006
0.036733671079999995
0.03608837835999999
0.03547540552
0.03489281321999999
0.03433877434000001
0.033811570620000016
0.03330958702
0.032831303039999996
0.03237527895999999
0.03194015572
0.03152463939999999
0.03112750030000001
0.03074756966
0.030383728380000002
0.030034915759999996
0.02970012945999999
0.029378409319999993
0.02906886195999999
0.02877064719999999
0.02848297578
0.02820514728
0.027936504780000003
0.02767648498
0.02742458398000001
0.0271803715
0.02694348796
0.026713624459999998
0.026490514100000008
0.02627392172
0.026063624159999996
0.025859405280000004
0.025661038440000006
0.025468298000000004
0.025280940600000003
0.025098721680000005
0.02492139156000001
0.024748708039999998
0.02458042328
0.024416304300000004
0.02425613119999999
0.02409968371999999
0.023946766520000006
0.023797191499999995
0.023650779340000008
0.023507373260000006
0.02336681562000001
0.023228970760000002
0.02309370578
0.02296090272
0.022830452119999997
0.022702248200000007
0.0225761989
0.02245221448
0.02233021267
0.022210117879999994
0.02209186307000001
0.02197538147
0.021860614760000004
0.021747505740000003
0.021636001850000003
0.02152605471
0.021417619809999996
0.02131065354
0.0212051183
0.02110097536
0.02099819505
0.020896736620000002
0.020796574260000002
0.020697676180000003
0.020600019980000002
0.020503575019999998
0.02040832016
0.020314230630000006
0.020221282909999996
0.020129458360000005
0.02003873589
0.01994909843
0.01986052829
0.019773002500000005
0.01968650947
0.01960103421
0.019516559359999998
0.01943307022
0.019350552040000003
0.019268991779999998
0.019188379589999995
0.019108700040000003
0.01902994276
0.018952093500000003
0.018875139860000004
0.018799077399999996
0.01872388935000001
0.01864956781
0.018576100949999997
0.018503485059999998
0.01843170464
0.018360750500000005
0.01829061614
0.01822129072
0.018152770520000003
0.018085039150000003
0.01801809589
0.017951926899999998
0.01788652866000001
0.01782189091
0.017758007230000004
0.01769486759
0.01763246954
0.017570801440000002
0.01750985642
0.01744963023
0.01739011297
0.0173312999
0.01727318236
0.01721575477
0.017159009
0.017102937780000004
0.01704753663
0.016992796060000002
0.01693871084
0.01688527499
0.01683248141
0.01678032278
0.016728792149999994
0.016677884600000005
0.01662759166
0.01657790626
0.016528823009999992
0.016480332239999996
0.016432427620000002
0.016385104759999998
0.016338353539999996
0.016292167150000002
0.01624653794
0.016201459560000003
0.016156921870000007
0.01611291677
0.016069438380000002
0.016026474060000004
0.015984017019999998
0.01594205761
0.01590058435
0.015859589170000004
0.01581905829
0.01577898186
0.01573934661
0.0157001371
0.01566134321
0.015622944390000004
0.015584925160000002
0.015547268770000006
0.015509953600000001
0.0154729525
0.015436245860000005
0.01539980466
0.015363593000000002
0.015327581090000004
0.015291725150000001
0.015255983380000003
0.015220303620000002
0.01518463254
0.015148905679999998
0.015113055690000002
0.015077007239999997
0.01504068359
0.015004002430000003
0.014966888180000002
0.014929272489999996
0.014891105189999998
0.014852359909999996
0.014813054319999998
0.01477325575
0.014733084220000001
0.01469272079
0.014652388920000004
0.01461233536
0.014572809019999999
0.014534040260000002
0.014496208699999999
0.014459447689999998
0.0144238306
0.014389383969999997
0.014356094829999997
0.014323925000000001
0.0142928188
0.014262707749999997
0.014233523069999997
0.014205194030000002
0.014177657519999996
0.0141508475
0.01412470665
0.014099180549999995
0.014074218599999997
0.014049771559999997
0.014025792660000001
0.0140022439
0.013979080600000004
0.013956262930000001
0.013933749639999998
0.013911504190000002
0.013889483209999998
0.01386764958
0.013845955690000005
0.01382436232
0.01380282095
0.013781278840000005
0.013759682289999998
0.013737971839999997
0.013716082940000002
0.013693940930000002
0.013671468140000002
0.013648573189999997
0.013625162519999998
0.013601134740000003
0.013576377090000001
0.013550780040000002
0.013524235690000004
0.013496648649999998
0.013467944190000003
0.013438090500000001
0.013407101790000002
0.013375065730000002
0.01334213855
0.013308550630000002
0.01327458626
0.013240553809999998
0.013206751570000003
0.01317343688
0.013140789310000001
0.01310891226
0.013077827740000006
0.013047491649999998
0.013017804069999998
0.01298863874
0.01295984219
0.012931263680000003
0.01290275851
0.012874197350000003
0.012845485810000003
0.012816571369999998
0.012787446920000002
0.01275816995
0.01272884867
0.012699643640000001
0.012670752279999998
0.012642389179999996
0.01261476402
0.012588065269999999
0.01256244204
0.012537998949999995
0.012514792180000003
0.012492843469999994
0.012472132490000001
0.012452621220000005
0.012434249229999998
0.012416949180000003
0.012400651389999996
0.012385279430000002
0.012370762589999999
0.01235703328
0.012344029509999997
0.01233169191
0.012319968169999999
0.012308811099999999
0.01229817623
0.0122880253
0.01227832353
0.01226904046
0.012260146770000003
0.012251616779999999
0.012243430330000001
0.012235566690000003
0.012228006300000005
0.012220733600000002
0.01221373252
0.012206991670000002
0.0122004991
0.01219424214
0.01218821056
0.012182396229999995
0.012176790240000002
0.012171383709999997
0.012166170209999999
0.01216114296
0.012156296559999996
0.012151623680000008
0.01214711906
0.012142779329999999
0.0121385976
0.012134569920000003
0.012130693310000001
0.012126960659999998
0.012123371380000001
0.012119916969999995
0.012116599439999997
0.012113413519999996
0.0121103568
0.012107423719999993
0.01210461416
0.012101923669999999
0.012099350890000006
0.01209689265
0.01209454435
0.012092306360000001
0.01209017418
0.012088148160000001
0.012086224850000002
0.01208439932
0.012082674910000004
0.012081046250000005
0.012079511660000007
0.012078072240000001
0.012076720629999997
0.01207546004
0.012074286410000001
0.012073197359999996
0.012072192020000004
0.012071269119999999
0.012070426939999997
0.012069664000000004
0.012068979129999997
0.012068371149999996
0.012067838179999998
0.01206737761
0.012066989560000003
0.012066672580000003
0.012066424619999998
0.01206624487
0.01206613231
0.01206608598
0.012066105299999998
0.012066185960000001
0.012066329419999997
0.012066533069999998
0.012066796600000006
0.01206711987
0.012067500919999998
0.01206793781
0.01206843076
0.012068979930000003
0.012069582049999998
0.01207023704
0.012070943899999999
0.0120717032
0.012072510720000002
0.0120733672
0.01207427164
0.01207522424
0.012076221730000001
0.012077265090000002
0.01207835343
0.012079485510000003
0.012080661999999995
0.012081880179999999
0.012083139560000001
0.012084441190000001
0.01208578263
0.01208716237
0.012088581099999997
0.01209003875
0.012091532720000003
0.012093064510000003
0.01209463258
0.012096235899999998
0.01209787354
0.01209954512
0.012101250199999998
0.01210298848
0.012104758029999996
0.012106559360000001
0.01210839241
0.012110253959999998
0.012112145959999997
0.012114066080000001
0.012116016069999997
0.01211799455
0.01212000078
0.012122034190000002
0.012124094169999997
0.012126180399999999
0.012128292100000007
0.012130428760000003
0.012132590359999995
0.012134775610000002
0.01213698564
0.012139217119999999
0.012141472529999999
0.012143749520000002
0.01214604946
0.012148368459999998
0.012150709629999996
0.0121530713
0.01215545311
0.012157855189999995
0.01216027639
0.012162716489999996
0.01216517496
0.012167651160000001
0.012170144349999999
0.012172656390000003
0.01217518444
0.01217772898
0.012180290459999998
0.012182866679999994
0.012185458340000002
0.012188066189999996
0.012190689079999999
0.012193323780000001
0.012195975419999998
0.01219864028
0.012201318880000001
0.012204009870000001
0.012206714409999996
0.01220943102
0.012212158929999996
0.0122149005
0.012217652280000001
0.012220415570000002
0.01222319054
0.01222597499
0.012228770929999995
0.012231576940000004
0.012234392349999996
0.01223721731
0.012240052030000002
0.012242895689999998
0.012245747400000001
0.01224860767
0.012251476570000001
0.01225435555
0.012257240280000003
0.012260132730000005
0.012263031389999996
0.012265939620000004
0.012268852710000002
0.01227177262
0.01227470004
0.012277633499999996
0.012280572760000002
0.01228351667
0.012286467369999996
0.012289424069999997
0.01229238464
0.012295351490000005
0.012298322770000003
0.012301298449999996
0.012304276590000003
0.012307261029999995
0.012310249210000004
0.012313240920000001
0.01231623595
0.012319235429999997
0.012322236329999996
0.012325241889999998
0.012328251390000003
0.012331263270000004
0.01233427603
0.012337293359999996
0.012340312639999997
0.012343334049999998
0.01234635817
0.01234938356
0.012352411100000002
0.012355439790000004
0.012358470750000001
0.012361502909999997
0.012364536240000001
0.01236757105
0.01237060684
0.01237364276
0.012376679770000001
0.012379718510000002
0.012382757819999996
0.012385797439999999
0.012388838349999997
0.012391877919999999
0.01239491921
0.012397958399999997
0.01240100017
0.012404040809999996
0.012407080890000003
0.012410121419999996
0.012413160950000002
0.01241620001
0.012419238240000002
0.012422277740000003
0.012425317249999998
0.012428354349999999
0.012431390700000005
0.012434424849999999
0.012437458790000001
0.012440493149999995
0.012443525080000004
0.012446556309999999
0.01244958658
0.01245261598
0.012455644439999998
0.012458669890000001
0.012461694499999999
0.012464717989999995
0.012467739909999997
0.012470760410000002
0.012473777389999998
0.012476794630000001
0.012479808999999998
0.012482820939999998
0.012485831930000002
0.012488840639999998
0.012491847919999997
0.012494852629999997
0.012497856390000004
0.012500857560000002
0.012503853930000005
0.01250685191
0.012509845220000005
0.012512838029999999
0.012515827089999996
0.01251881429
0.012521798649999997
0.01252478098
0.012527760639999996
0.012530739050000001
0.012533713920000002
0.012536686189999997
0.01253965518
0.012542622570000002
0.012545587709999998
0.012548550740000003
0.0125515099
0.012554467619999999
0.012557421269999995
0.01256037253
0.01256332167
0.012566266469999999
0.012569210620000002
0.012572150529999998
0.012575086869999998
0.012578022059999997
0.012580955230000003
0.012583885500000003
0.012586811490000002
0.012589734830000001
0.012592652839999998
0.012595570140000003
0.012598484880000003
0.01260139616
0.012604305199999999
0.012607209349999999
0.012610111220000003
0.012613011030000001
0.012615907729999995
0.012618799940000001
0.012621690620000004
0.01262457792
0.012627461100000001
0.01263034256
0.012633220170000004
0.012636094510000005
0.012638965230000005
0.012641833600000001
0.012644698640000005
0.012647561349999996
0.012650420719999994
0.012653277879999996
0.012656131259999998
0.012658980090000002
0.012661826329999999
0.012664669180000001
0.012667508510000003
0.012670346769999999
0.012673179939999996
0.01267601191
0.012678840690000002
0.012681664540000005
0.012684485580000002
0.012687304879999995
0.012690119860000001
0.01269293125
0.012695740900000004
0.012698547160000002
0.01270134987
0.012704148960000003
0.012706944869999999
0.0127097375
0.012712526519999996
0.0127153144
0.01271809712
0.012720875289999998
0.012723653
0.01272642645
0.012729196909999995
0.012731963660000003
0.012734727419999998
0.012737487450000003
0.012740246260000001
0.01274299973
0.012745750270000002
0.012748497940000002
0.01275124291
0.01275398441
0.012756723859999996
0.012759460369999998
0.012762193929999997
0.012764924339999994
0.012767649920000002
0.01277037237
0.012773091949999997
0.012775809099999997
0.01277852374
0.012781234219999998
0.012783941110000004
0.012786644579999997
0.012789345770000005
0.01279204332
0.012794737149999999
0.012797428259999999
0.012800115430000002
0.012802800980000004
0.012805482189999997
0.012808160219999993
0.012810836330000004
0.01281350822
0.01281617725
0.012818843529999999
0.012821506670000003
0.012824165680000001
0.012826823370000002
0.012829477670000002
0.012832128330000003
0.012834776539999999
0.01283742015
0.012840061209999998
0.012842700919999997
0.012845336839999999
0.012847969519999997
0.012850599229999997
0.012853226119999998
0.01285585008
0.012858472409999998
0.012861088810000006
0.012863703899999999
0.012866314900000004
0.012868922950000002
0.012871527100000002
0.01287412913
0.012876728159999996
0.012879324470000003
0.012881917029999997
0.012884506650000002
0.01288709393
0.012889676989999998
0.012892257800000003
0.01289483444
0.012897409260000001
0.01289998119
0.012902549820000006
0.012905116329999999
0.012907680440000003
0.012910241070000002
0.012912799570000001
0.01291535324
0.012917904879999997
0.012920453619999996
0.012922999400000001
0.01292554153
0.012928080759999998
0.012930617450000004
0.012933151770000002
0.012935681910000002
0.01293820937
0.012940733889999998
0.012943254520000003
0.012945773420000002
0.012948288779999994
0.012950801060000003
0.012953311269999997
0.0129558184
0.012958322730000003
0.012960825190000002
0.012963323339999997
0.012965819699999999
0.012968313729999997
0.012970803599999999
0.012973292459999997
0.01297577712
0.012978259010000003
0.012980737099999997
0.01298321262
0.0129856877
0.012988157489999996
0.012990625290000009
0.012993088679999997
0.012995550769999998
0.0129980093
0.01300046509
0.013002919739999999
0.01300537008
0.01300781747
0.013010262229999998
0.013012703
0.013015141050000003
0.013017577700000003
0.0130200122
0.013022444159999995
0.013024873450000005
0.013027300089999996
0.013029724030000002
0.01303214581
0.013034564579999998
0.013036979530000001
0.01303939218
0.013041801399999997
0.013044208409999997
0.013046611950000002
0.013049012589999999
0.013051411350000002
0.013053805829999997
0.013056198440000001
0.013058590450000003
0.013060977559999996
0.01306336304
0.013065745809999996
0.01306812623
0.0130705039
0.013072877110000002
0.013075250740000004
0.013077619219999996
0.013079987359999998
0.013082352390000003
0.01308471316
0.01308707369
0.013089430160000002
0.013091784800000004
0.013094133959999999
0.013096483980000004
0.01309882852
0.013101172690000003
0.013103512040000004
0.013105849460000001
0.01310818469
0.013110517370000001
0.01311284805
0.01311517523
0.01311750042
0.013119822460000001
0.013122140559999997
0.013124458250000002
0.013126772329999998
0.013129084659999997
0.013131393949999999
0.01313370046
0.013136005260000002
0.013138307130000004
0.01314060648
0.013142903010000002
0.01314519656
0.013147487929999997
0.013149775959999999
0.013152062209999999
0.01315434609
0.01315662808
0.01315890704
0.013161184099999999
0.013163459299999996
0.013165731660000004
0.013168000460000004
0.01317026788
0.013172531080000003
0.013174794069999997
0.01317705463
0.0131793108
0.013181566419999999
0.013183817450000001
0.013186066779999998
0.01318831432
0.013190559140000007
0.013192801469999993
0.01319504031
0.013197277910000001
0.013199513479999998
0.01320174642
0.013203976020000003
0.013206204629999998
0.013208429279999998
0.013210653049999998
0.013212873609999998
0.013215092320000002
0.013217307440000006
0.01321952059
0.013221733070000002
0.01322394127
0.01322614664
0.013228351110000003
0.013230551779999999
0.013232750270000003
0.013234946059999997
0.013237139340000004
0.013239330660000001
0.01324151973
0.013243707690000004
0.013245891909999998
0.013248074909999998
0.013250256800000002
0.013252434259999996
0.013254608850000005
0.013256780119999999
0.013258950040000002
0.013261118459999999
0.013263284219999998
0.01326544733
0.013267608450000001
0.013269767789999998
0.013271924300000005
0.013274077150000002
0.013276229990000001
0.01327838029
0.013280528470000004
0.01328267481
0.01328481702
0.013286956619999998
0.013289094610000005
0.01329122917
0.01329336262
0.013295494259999995
0.01329762332
0.013299750150000003
0.013301873659999998
0.013303996790000001
0.013306116580000003
0.013308235140000005
0.013310350599999998
0.013312464809999995
0.01331457463
0.01331668314
0.013318789390000004
0.013320892639999997
0.013322996190000002
0.01332509526
0.013327195099999998
0.013329289809999995
0.013331381949999999
0.013333472120000005
0.01333556019
0.013337646540000003
0.013339730220000004
0.013341812000000003
0.013343891750000001
0.01334596934
0.013348043409999996
0.013350117480000001
0.013352188310000004
0.013354256290000002
0.013356322329999998
0.013358386210000003
0.013360448710000004
0.01336250771
0.013364565870000003
0.013366620230000001
0.013368673050000002
0.013370724490000003
0.01337277295
0.01337481981
0.013376863400000001
0.013378907099999999
0.01338094722
0.013382984970000001
0.013385020870000002
0.013387054560000005
0.013389086000000003
0.013391115489999996
0.01339314295
0.013395168480000002
0.013397191649999998
0.013399212619999995
0.013401231250000001
0.013403248509999998
0.013405263140000004
0.013407277180000001
0.013409287439999999
0.013411296229999996
0.013413301679999995
0.013415305270000004
0.013417306340000004
0.013419307200000001
0.013421303180000002
0.013423298260000001
0.013425291510000001
0.013427282049999998
0.01342927161
0.013431259260000003
0.013433245070000002
0.013435226630000003
0.013437207740000004
0.013439186989999997
0.013441165240000002
0.013443141179999998
0.01344511626
0.01344708778
0.013449057120000005
0.01345102514
0.013452991100000002
0.013454954910000004
0.013456915250000003
0.013458874680000003
0.013460831890000002
0.013462787470000005
0.013464741229999997
0.01346669367
0.01346864268
0.013470590140000002
0.013472534020000005
0.01347447747
0.0134764171
0.0134783562
0.01348029355
0.01348222947
0.013484162750000004
0.01348609346
0.013488021310000004
0.013489948380000005
0.013491872770000001
0.013493795530000002
0.013495715559999996
0.013497634409999994
0.013499552339999998
0.01350146741
0.013503380599999998
0.01350529121
0.013507200469999998
0.01350910669
0.01351101146
0.01351291462
0.013514815679999997
0.013516714949999998
0.013518611880000002
0.013520506700000004
0.013522398680000002
0.01352428923
0.0135261782
0.013528065810000003
0.01352995054
0.013531834179999995
0.013533718299999995
0.013535598099999999
0.0135374778
0.013539353129999996
0.013541226990000002
0.013543099860000001
0.013544968980000002
0.01354683755
0.013548704440000002
0.013550568639999998
0.013552430580000002
0.013554290850000004
0.013556147849999999
0.013558004850000003
0.013559860190000002
0.013561713449999999
0.013563565009999999
0.013565414320000002
0.013567261860000002
0.013569108699999997
0.013570953009999998
0.013572795460000002
0.013574636529999993
0.013576475850000002
0.013578312550000004
0.013580145259999996
0.01358197883
