0.09928858079999994
0.08112510768
0.07266377300000001
0.06771569763999999
0.06369958174000001
0.06004160599999998
0.05674428925999999
0.05382829293999997
0.05120366084000001
0.04880383146000001
0.046598676879999995
0.04457181388
0.04271102576000001
0.041005369
0.03944425464
0.03801720127999999
0.03671385032
0.035524036419999995
0.03443790724
0.03344603354
0.03253950068
0.03170997244
0.030949722479999994
0.030251656700000004
0.029609328159999993
0.029016891060000004
0.028469102099999997
0.027961260059999996
0.02748917219999999
0.027049115659999998
0.026637772379999994
0.026252211860000013
0.025889831039999995
0.025548323640000006
0.025225646279999996
0.024919990799999993
0.024629742880000003
0.024353483080000002
0.024089938499999995
0.023837981979999995
0.02359660808
0.023364921739999996
0.023142118740000005
0.0229274883
0.022720386260000006
0.022520237180000003
0.02232652544
0.02213878832
0.021956609380000006
0.02177960806
0.0216074473
0.021439822539999997
0.021276452819999996
0.021117085899999995
0.020961496719999993
0.02080947476
0.020660832919999997
0.020515398180000005
0.02037301398
0.020233536839999997
0.02009683528
0.019962790539999994
0.019831291759999994
0.01970223538
0.019575528940000003
0.019451089480000003
0.01932883312
0.019208690520000002
0.019090591240000006
0.018974472319999998
0.01886027656
0.018747947400000006
0.01863743308
0.018528689720000005
0.018421667959999995
0.018316331430000003
0.018212636699999996
0.01811054758
0.018010029380000004
0.01791104897
0.017813575680000002
0.01771758052
0.01762303368
0.017529910569999998
0.017438179660000004
0.017347823709999998
0.01725881508
0.017171134759999995
0.01708475623
0.016999662340000003
0.016915830119999996
0.016833243599999995
0.016751880679999994
0.016671724449999998
0.01659275641
0.016514961090000006
0.01643832178
0.01636282186
0.01628844462
0.016215176999999997
0.016142999989999997
0.016071900929999997
0.016001865910000003
0.015932879559999995
0.015864927389999995
0.01579799746
0.015732075799999995
0.015667147770000004
0.015603201800000004
0.015540225710000006
0.015478206400000001
0.015417129229999998
0.015356984960000002
0.015297759819999996
0.01523944246
0.01518202087
0.01512548564
0.015069823199999999
0.01501501991
0.014961069460000002
0.014907958399999992
0.014855676970000007
0.01480421402
0.014753558440000007
0.014703697859999998
0.014654624570000002
0.014606329139999995
0.014558798919999996
0.014512025520000001
0.01446599703
0.01442070552
0.014376140479999999
0.01433229374
0.014289154540000001
0.01424671299
0.014204962189999995
0.014163889610000004
0.014123489679999999
0.014083750399999997
0.014044664019999997
0.014006222300000003
0.013968417099999998
0.013931236669999996
0.013894677519999996
0.01385872799
0.013823380479999998
0.013788626679999996
0.013754458390000003
0.013720868900000002
0.013687849109999999
0.01365539201
0.013623488499999996
0.013592133169999994
0.01356131716
0.013531031800000003
0.01350127136
0.013472029029999994
0.01344329635
0.01341506785
0.013387334330000005
0.013360092120000002
0.01333333164
0.013307047559999997
0.013281233709999998
0.013255879280000004
0.013230982610000002
0.01320653493
0.013182530730000001
0.013158964209999999
0.013135827290000002
0.013113116910000007
0.013090825130000004
0.013068946619999995
0.013047475340000003
0.013026405510000004
0.01300573048
0.012985446739999996
0.012965547530000003
0.012946025380000002
0.0129268778
0.012908097580000001
0.012889681979999996
0.012871623509999996
0.01285391767
0.012836559329999997
0.0128195424
0.012802862779999997
0.01278651605
0.012770496920000006
0.012754801280000004
0.01273942362
0.012724358580000001
0.01270960369
0.012695152279999997
0.012681001489999996
0.012667145079999997
0.01265358106
0.012640302749999999
0.01262730908
0.012614592
0.012602150799999998
0.012589979150000001
0.012578072849999995
0.012566429779999994
0.012555043769999998
0.012543911909999999
0.012533030710000002
0.012522397780000003
0.01251200607
0.012501853590000002
0.012491938670000004
0.01248225419
0.01247279763
0.012463567519999998
0.012454557709999996
0.01244576542
0.01243718683
0.012428820040000002
0.012420662159999998
0.01241270828
0.012404953849999997
0.012397399150000002
0.01239003962
0.012382872460000001
0.012375895700000002
0.01236910346
0.01236249341
0.012356064330000003
0.012349812639999999
0.012343733800000001
0.012337827309999999
0.012332090410000005
0.012326519460000001
0.012321112519999997
0.012315864350000004
0.012310775859999994
0.012305842689999999
0.012301061269999995
0.012296429440000001
0.01229194661
0.012287609379999998
0.012283414059999997
0.012279359839999997
0.012275444310000001
0.012271664449999995
0.012268018390000001
0.012264503560000002
0.012261117540000007
0.01225785941
0.012254725409999999
0.012251714849999998
0.01224882296
0.01224605111
0.01224339696
0.012240854590000001
0.012238426480000002
0.012236107600000004
0.012233897909999998
0.01223179521
0.012229797319999998
0.012227900920000008
0.012226108540000004
0.012224414860000003
0.012222818390000006
0.012221318380000002
0.012219912559999999
0.012218599679999997
0.012217375600000004
0.012216242980000003
0.012215197820000002
0.012214239780000002
0.01221336625
0.012212574500000004
0.0122118668
0.012211237850000006
0.012210687789999999
0.01221021626
0.01220981986
0.012209497829999996
0.012209249890000003
0.012209074640000005
0.01220896817
0.01220893231
0.01220896363
0.01220906215
0.012209227229999998
0.012209455369999997
0.012209747269999998
0.012210100639999999
0.012210515789999998
0.012210990310000003
0.012211522639999996
0.012212113579999996
0.012212760599999999
0.01221346423
0.012214221550000001
0.012215032830000002
0.012215895429999997
0.01221680905
0.01221777468
0.012218787860000004
0.012219851870000005
0.012220961989999996
0.012222118320000001
0.01222332222
0.012224570859999997
0.01222586237
0.012227198940000001
0.012228576349999996
0.012229995909999998
0.012231453890000004
0.012232955239999994
0.01223449292
0.01223607118
0.012237685619999994
0.012239337690000003
0.012241025850000002
0.012242748789999994
0.0122445069
0.01224629813
0.012248124110000001
0.012249982689999996
0.01225187362
0.012253795360000002
0.012255748660000001
0.01225773168
0.01225974415
0.012261784589999998
0.01226385465
0.012265951589999997
0.012268076590000001
0.0122702275
0.012272405370000001
0.012274608579999999
0.012276835919999998
0.012279088229999997
0.012281363869999999
0.012283663350000003
0.012285986679999996
0.012288330729999998
0.01229069868
0.012293086319999997
0.012295495280000002
0.01229792594
0.012300376329999996
0.012302846550000001
0.012305336029999994
0.012307843320000003
0.012310369770000001
0.012312914489999998
0.01231547664
0.0123180559
0.01232065046
0.0123232638
0.012325891959999996
0.012328535809999996
0.012331195230000001
0.012333869769999999
0.012336559270000002
0.012339261659999996
0.01234197926
0.01234470929
0.01234745306
0.012350209780000001
0.012352979450000003
0.012355761559999998
0.012358555319999999
0.012361361179999997
0.012364178210000005
0.012367006490000004
0.012369843439999998
0.012372693990000003
0.012375554729999998
0.012378425169999999
0.012381304569999998
0.01238419565
0.012387093089999999
0.012390001420000005
0.012392917389999997
0.012395843420000002
0.012398775879999997
0.01240171975
0.012404669009999997
0.01240762704
0.01241059166
0.012413562040000003
0.01241654179
0.01241952728
0.012422518609999999
0.012425516810000002
0.012428520980000001
0.012431531240000002
0.012434548319999999
0.012437571120000004
0.012440597699999995
0.012443631399999999
0.012446668909999998
0.012449712130000002
0.012452760010000001
0.012455812890000003
0.012458870090000003
0.01246193172
0.012464996459999999
0.012468064849999998
0.012471136830000002
0.012474213459999996
0.012477293659999998
0.01248037729
0.012483464410000002
0.012486554859999999
0.012489647840000005
0.012492744469999994
0.012495842689999996
0.012498943410000001
0.01250204804
0.01250515407
0.012508261040000006
0.01251137284
0.012514484749999999
0.012517599719999996
0.012520716099999997
0.012523833299999999
0.012526953810000001
0.01253007361
0.012533197090000002
0.012536320759999999
0.012539445950000004
0.01254257186
0.01254569853
0.012548826450000003
0.012551955520000005
0.012555085389999998
0.0125582156
0.012561345950000007
0.01256447704
0.012567608769999999
0.012570741109999999
0.012573874170000004
0.01257700791
0.012580139260000005
0.01258327266
0.01258640443
0.012589537259999995
0.012592669049999998
0.01259580018
0.012598932630000004
0.01260206346
0.012605195370000002
0.012608325089999999
0.012611454550000002
0.012614583239999998
0.012617712750000001
0.01262083956
0.01262396701
0.01262709241
0.01263021743
0.012633342849999998
0.012636465089999998
0.012639588669999997
0.01264270997
0.012645830580000007
0.012648949640000004
0.012652067760000002
0.01265518257
0.012658296960000003
0.012661409810000001
0.01266452185
0.012667630660000002
0.012670740159999994
0.01267384664
0.01267695247
0.012680055830000004
0.012683158580000003
0.012686258879999999
0.012689358279999997
0.012692455100000001
0.012695550609999997
0.012698643039999999
0.012701735719999996
0.01270482528
0.012707913679999995
0.012710999479999999
0.012714082500000001
0.012717163330000001
0.012720243230000004
0.012723320449999997
0.012726395749999998
0.012729469130000002
0.012732540449999998
0.01273560922
0.01273867615
0.012741739950000002
0.012744802719999998
0.012747862969999994
0.012750921170000002
0.012753977320000004
0.012757029660000004
0.012760079539999998
0.01276312805
0.012766172760000001
0.01276921474
0.012772255140000001
0.012775294229999996
0.012778328169999997
0.012781362070000002
0.01278439167
0.01278742095
0.012790446689999999
0.012793468380000004
0.012796488719999999
0.012799506030000001
0.012802520690000001
0.012805533229999999
0.012808540779999999
0.012811547380000001
0.012814550919999999
0.01281755347
0.012820552019999997
0.012823548139999998
0.012826539979999997
0.012829530410000001
0.01283251941
0.012835503909999999
0.012838486639999997
0.012841465950000002
0.012844441170000004
0.012847414580000003
0.012850385149999997
0.012853353480000003
0.012856318109999997
0.012859280260000001
0.012862238899999998
0.01286519523
0.012868148099999994
0.012871098980000004
0.012874046959999998
0.0128769901
0.01287993282
0.012882871210000002
0.012885807119999997
0.012888740219999998
0.012891670639999998
0.012894597190000006
0.012897520969999994
0.012900441909999998
0.012903359100000001
0.01290627557
0.012909187760000001
0.012912095850000003
0.01291500211
0.012917904549999996
0.012920804950000002
0.01292370168
0.012926595930000001
0.012929487290000001
0.012932374839999998
0.012935259900000001
0.01293814168
0.01294102101999999
0.012943896039999998
0.012946769529999997
0.012949638419999996
0.012952505689999998
0.01295537067
0.012958231380000003
0.01296108857
0.012963942070000001
0.0129667933
0.012969640829999997
0.01297248596
0.012975327929999995
0.012978166530000003
0.01298100204
0.012983834900000001
0.012986663780000001
0.01298949015
0.012992313299999997
0.012995133820000003
0.012997950740000002
0.013000762969999998
0.01300357558
0.013006382269999995
0.01300918629
0.01301198659
0.01301478471
0.013017580200000003
0.013020372589999997
0.013023160050000003
0.013025946750000007
0.013028728920000001
0.01303150763
0.013034284679999997
0.013037058069999998
0.013039827339999999
0.013042594599999999
0.013045358429999996
0.01304811927
0.0130508773
0.013053631960000003
0.013056383940000004
0.01305913252
0.013061878199999998
0.013064620689999995
0.013067359520000004
0.013070095119999993
0.013072828289999996
0.013075557150000002
0.013078283829999999
0.013081007079999998
0.013083727350000003
0.013086444319999996
0.013089158189999998
0.013091868729999996
0.013094576569999995
0.01309728087
0.013099983049999996
0.013102681389999999
0.013105377189999998
0.013108068379999997
0.01311075794
0.013113443919999997
0.013116126789999998
0.013118807769999997
0.013121484199999995
0.013124158599999998
0.013126828689999998
0.013129497290000004
0.01313216033
0.013134821429999994
0.013137480290000003
0.013140135259999998
0.013142786750000001
0.013145434990000007
0.013148080940000003
0.01315072379
0.013153363179999997
0.013155999519999994
0.013158633580000002
0.01316126458
0.013163891079999998
0.013166516309999998
0.01316913729
0.013171754789999999
0.013174369750000001
0.0131769811
0.013179590290000003
0.01318219583
0.013184798379999998
0.013187398509999998
0.01318999564
0.01319258901
0.013195178949999997
0.013197766479999998
0.013200349710000002
0.013202931600000007
0.013205508720000002
0.013208084529999999
0.013210655180000004
0.01321322579
0.013215791920000004
0.013218354110000002
0.013220912099999997
0.013223469609999998
0.013226023409999996
0.013228575060000003
0.013231122739999997
0.013233668829999996
0.013236210730000001
0.013238749679999997
0.01324128605
0.013243818280000002
0.013246347900000004
0.013248874400000004
0.013251398539999997
0.013253918060000001
0.013256435650000002
0.013258950290000002
0.01326146226
0.013263970899999995
0.013266476770000002
0.013268980289999996
0.013271480720000004
0.013273976490000004
0.013276472289999997
0.013278963170000005
0.013281451639999997
0.013283937459999999
0.01328641927
0.01328889757
0.01329137337
0.01329384658
0.013296317780000002
0.0132987853
0.013301249049999995
0.013303710189999998
0.01330616886
0.013308624809999996
0.013311078369999996
0.013313527339999997
0.013315973760000004
0.013318417550000001
0.013320858699999999
0.013323296730000003
0.013325731969999994
0.013328164129999995
0.013330593499999998
0.013333020140000002
0.013335444000000004
0.01333786411
0.013340281890000001
0.013342696029999998
0.013345108330000001
0.01334751736
0.013349923379999996
0.013352326270000001
0.013354726969999998
0.013357124380000003
0.013359518340000001
0.013361910189999998
0.013364298929999997
0.01336668486
0.013369067549999994
0.013371447079999998
0.013373826269999995
0.01337619976
0.013378572970000002
0.013380942630000002
0.013383307480000002
0.013385670759999994
0.01338803032
0.013390387039999993
0.013392741610000003
0.013395093210000002
0.013397441900000003
0.01339978858
0.01340213166
0.013404472520000002
0.01340680888
0.013409143459999997
0.013411475119999995
0.01341380391
0.013416129929999996
0.013418454310000001
0.013420772879999994
0.013423090990000004
0.01342540608
0.01342771863
0.013430027860000004
0.01343233364
0.01343463796
0.013436937749999997
0.013439237080000006
0.013441532720000003
0.013443825369999997
0.01344611492
0.013448402719999999
0.013450687919999997
0.01345297046
0.013455248830000002
0.0134575252
0.013459799129999995
0.01346207057
0.013464338349999999
0.01346660378
0.013468866880000003
0.013471126799999997
0.013473383910000003
0.013475639259999998
0.01347789143
0.013480140199999999
0.013482387010000001
0.013484630529999996
0.013486869839999995
0.013489106940000002
0.013491342960000001
0.01349357565
0.013495806709999997
0.013498033070000004
0.01350025743
0.013502480359999998
0.013504699899999998
0.013506915769999996
0.013509128880000004
0.01351133956
0.013513548149999999
0.013515754530000002
0.013517957699999998
0.013520158589999998
0.013522355710000003
0.013524550419999996
0.013526742979999997
0.013528932420000002
0.013531118509999997
0.013533303600000005
0.01353548506999999
0.01353766517
0.013539841180000003
0.013542015740000002
0.013544186840000002
0.01354635529
0.013548521720000005
0.013550685030000002
0.013552845860000001
0.013555003089999997
0.013557159110000001
0.01355931206
0.013561461660000006
0.013563610069999996
0.013565754490000002
0.01356789809
0.013570036930000005
0.013572174759999995
0.013574308769999998
0.013576441119999998
0.013578570089999999
0.01358069616
0.013582820910000001
0.013584942790000004
0.013587061759999998
0.01358917913
0.01359129378
0.013593405350000006
0.01359551371
0.01359761977
0.01359972274
0.013601825669999998
0.01360392438
0.01360602092
0.013608114239999998
0.013610206120000001
0.013612294129999997
0.01361438073
0.013616464780000002
0.01361854598
0.01362062484
0.013622702679999998
0.013624777150000003
0.013626847209999994
0.01362891563
0.013630982239999999
0.01363304596
0.013635107090000001
0.013637167099999998
0.01363922368
0.013641277689999998
0.013643329859999997
0.013645379169999996
0.01364742513
0.013649469580000002
0.013651510930000004
0.013653550300000001
0.01365558705
0.013657620920000004
0.013659652730000001
0.013661681549999997
0.013663707419999999
0.013665731569999996
0.013667753869999997
0.013669772719999996
0.013671789570000002
0.013673803889999996
0.013675816250000002
0.01367782556
0.013679832070000002
0.013681837209999999
0.013683840319999996
0.013685839820000004
0.013687836989999997
0.013689831700000002
0.01369182367
0.013693813470000003
0.01369580123
0.013697786390000005
0.013699770020000003
0.01370175039
0.013703728969999997
0.013705705160000001
0.013707678930000002
0.013709649149999998
0.013711616179999997
0.01371358416
0.013715547650000003
0.013717509900000004
0.01371946883
0.013721426750000003
0.01372338098
0.013725333130000001
0.013727282330000002
0.013729229789999998
0.013731175539999996
0.013733117840000001
0.013735057810000001
0.013736996370000006
0.013738931779999998
0.013740865730000001
0.01374279684
0.01374472538
0.013746652129999998
0.013748576850000003
0.013750500050000001
0.013752419580000001
0.01375433767
0.01375625334
0.013758165769999997
0.013760076979999997
0.013761984980000004
0.013763890710000002
0.01376579428
0.01376769575
0.013769594400000003
0.013771490189999996
0.013773383640000001
0.013775276389999997
0.013777165469999996
0.013779053700000002
0.013780940059999995
0.01378282385
0.01378470525
0.013786583180000003
0.013788460620000003
0.013790332970000001
0.013792205519999996
0.013794075429999999
0.013795942970000004
0.013797809310000003
0.013799671319999995
0.013801531939999999
0.013803391030000006
0.013805247579999999
0.013807101199999998
0.013808953140000003
0.01381080311
0.01381265062
0.01381449548
0.0138163387
0.013818179170000005
0.013820018920000001
0.013821855210000001
0.01382369051
0.013825521649999995
0.013827351509999997
0.01382917987
0.013831006870000002
0.01383282969
0.013834651930000002
0.013836470440000009
0.013838287980000006
0.013840102310000001
0.013841916209999998
0.01384372627
0.013845534840000001
0.013847340219999994
0.013849143510000002
0.013850945499999998
0.01385274443
0.013854541819999996
0.013856336970000003
0.013858129349999995
0.013859919770000005
0.013861708309999997
0.01386349486
0.013865279329999997
0.01386706122
0.013868842769999995
0.013870620540000005
0.013872396889999998
0.013874169400000002
0.01387594037
0.01387770998
0.013879476579999994
0.0138812418
0.013883004239999996
0.01388476584
0.013886524349999999
0.013888283940000001
0.013890038319999999
0.013891792059999996
0.013893543
0.013895291059999999
0.013897038739999992
0.013898782430000003
0.013900525349999996
0.013902266130000002
0.013904003899999996
0.01390573984
0.013907473719999999
0.01390920649
0.013910936640000003
0.013912664749999994
0.013914391719999999
0.01391611585
0.013917838159999996
0.013919558210000007
0.013921276010000006
0.013922991610000005
0.013924705009999996
0.013926416560000002
0.013928127339999999
0.013929836149999996
0.01393154202
0.013933245110000006
