0.09274517414000001
0.07472707192
0.06796096485999997
0.06290442176000001
0.05816227024
0.05365747842000001
0.049504624360000006
0.04579467616000001
0.04255114374
0.03974383412
0.037314189119999994
0.03519789935999999
0.033341444139999996
0.0317074943
0.030270716659999995
0.02901147032
0.027910263659999997
0.026944885159999994
0.0260916354
0.025328405
0.024636812160000004
0.02400309832
0.023418044859999987
0.022875883440000005
0.02237243398
0.02190366680000001
0.02146541874
0.02105371092
0.02066506612000001
0.02029659182
0.01994594836
0.01961126668
0.019291047969999996
0.018984098540000004
0.018689441670000004
0.018406283080000002
0.01813395355
0.01787189972999999
0.017619631839999997
0.017376726249999995
0.017142808880000002
0.016917538000000006
0.01670060797
0.016491732300000003
0.016290642790000004
0.01609709062
0.01591083579
0.01573165519
0.015559328900000002
0.015393646569999997
0.01523440615
0.01508140823
0.01493446423
0.014793384339999998
0.014657980210000001
0.014528078170000005
0.014403502579999998
0.014284073900000001
0.014169631949999999
0.014060006810000004
0.01395504098
0.013854575519999999
0.01375846093
0.013666549929999999
0.01357869916
0.013494770730000003
0.013414633399999997
0.013338154519999994
0.013265210529999998
0.01319568315
0.013129452569999995
0.013066409840000005
0.013006443830000002
0.012949449800000002
0.012895324020000001
0.012843968229999995
0.012795285060000003
0.012749179110000007
0.01270555889
0.012664335740000001
0.012625419290000002
0.012588724099999999
0.012554167020000001
0.012521664190000002
0.012491138739999996
0.012462510300000002
0.012435703660000002
0.012410642659999997
0.01238725862
0.012365479310000003
0.012345237799999999
0.01232646495
0.012309102580000002
0.012293085590000004
0.012278355539999999
0.012264854449999998
0.012252526700000002
0.012241318219999997
0.012231178439999997
0.01222205855
0.012213910740000005
0.012206689419999996
0.012200349910000002
0.012194850800000004
0.01219015183
0.012186214830000004
0.01218300404
0.012180480329999998
0.012178612930000004
0.012177369559999998
0.012176717489999997
0.012176628070000004
0.012177073929999997
0.012178026360000004
0.012179461680000002
0.012181351889999999
0.012183675330000003
0.012186410329999998
0.01218953502
0.012193028219999996
0.012196870990000002
0.012201043460000005
0.012205529610000002
0.012210312219999998
0.01221537358
0.012220700139999995
0.012226276209999998
0.012232088250000002
0.012238122119999998
0.012244365940000002
0.012250807730000004
0.01225743399
0.012264238360000002
0.012271204799999998
0.012278326360000003
0.012285593420000003
0.012292996589999996
0.012300527399999999
0.01230817664
0.01231594029
0.012323806420000001
0.012331770759999998
0.012339825649999999
0.012347965499999997
0.012356182999999998
0.012364475170000002
0.012372833969999998
0.012381256310000002
0.012389736719999999
0.01239827001
0.012406852730000003
0.01241548009
0.012424149519999993
0.012432855620000002
0.01244159718
0.012450369429999997
0.012459169289999999
0.01246799489
0.012476841199999998
0.01248570905
0.012494592629999999
0.0125034922
0.012512404210000003
0.01252132706
0.012530258620000003
0.012539195149999998
0.01254813878
0.01255708527
0.012566032240000002
0.012574981409999996
0.012583927960000001
0.012592873150000003
0.012601813060000005
0.012610749029999997
0.012619678059999999
0.01262860195
0.012637516
0.012646422090000003
0.012655317409999998
0.01266420117
0.012673073989999999
0.012681934990000006
0.01269078178
0.012699614200000002
0.01270843376
0.012717237329999995
0.01272602505
0.012734796980000001
0.012743551550000004
0.012752290449999999
0.012761010210000001
0.012769713080000002
0.01277839608
0.012787062300000006
0.01279570801
0.012804334560000002
0.012812941100000001
0.012821527930000003
0.012830095269999998
0.012838639189999999
0.012847163449999997
0.012855666649999997
0.012864149189999998
0.01287260756
0.01288104683
0.012889463890000003
0.012897856840000001
0.012906229729999996
0.01291457876
0.012922906619999999
0.012931211570000004
0.012939493110000002
0.012947753139999997
0.0129559893
0.012964202880000003
0.012972393879999997
0.012980559530000001
0.012988703910000001
0.012996824149999999
0.013004921090000001
0.013012995539999999
0.013021045129999995
0.013029072579999993
0.013037074939999999
0.01304505432
0.013053009000000003
0.013060940889999997
0.01306884956
0.013076734850000002
0.013084598320000003
0.01309243601
0.013100249340000005
0.013108039179999998
0.013115805930000002
0.013123548620000001
0.013131267749999995
0.013138963840000002
0.013146637080000002
0.013154286540000002
0.01316191176
0.0131695129
0.013177091869999998
0.01318464614
0.013192178010000001
0.013199685410000002
0.013207169129999998
0.01321462976
0.01322206742
0.013229482150000004
0.013236873000000003
0.013244241820000004
0.013251585319999997
0.013258907889999994
0.013266205469999999
0.01327348207
0.013280734800000003
0.013287964100000002
0.013295170960000002
0.013302353799999994
0.013309513870000003
0.013316652879999995
0.013323768249999994
0.013330861889999998
0.013337932689999998
0.013344979560000003
0.013352004439999995
0.01335900696
0.01336598703
0.013372943850000006
0.013379879959999999
0.013386791960000002
0.013393683760000002
0.0134005534
0.013407399729999993
0.013414224520000004
0.013421027649999999
0.013427809449999996
0.013434568700000003
0.013441304920000001
0.013448021569999998
0.013454714879999998
0.013461386919999995
0.013468036329999999
0.013474667050000007
0.01348127366
0.013487859949999997
0.013494425249999997
0.01350096825
0.013507491489999999
0.013513993729999998
0.01352047497
0.013526934740000003
0.013533372430000003
0.013539792139999998
0.013546189879999997
0.013552565280000001
0.013558919859999997
0.01356525515
0.013571568669999999
0.01357786234
0.013584135050000001
0.01359038923
0.01359662272
0.013602836139999998
0.013609027409999997
0.013615199730000003
0.013621352570000002
0.013627486099999999
0.013633598470000001
0.013639691470000003
0.013645764880000001
0.013651818170000003
0.013657851610000002
0.013663866
0.0136698608
0.013675837419999998
0.013681793579999995
0.013687731540000001
0.01369364979
0.013699548120000005
0.013705427900000004
0.013711287589999994
0.013717130300000005
0.01372295254
0.013728755310000002
0.013734541520000003
0.013740307800000002
0.013746056100000001
0.013751785759999998
0.01375749649
0.013763188910000003
0.013768863929999996
0.013774520200000005
0.01378015717
0.013785777020000002
0.013791378090000002
0.013796961919999996
0.01380252716
0.013808074540000003
0.013813604509999999
0.013819116389999999
0.013824610820000001
0.013830086540000001
0.01383554599
0.01384098688
0.013846412169999994
0.01385181891
0.013857207120000001
0.013862579540000006
0.013867934030000003
0.013873272790000004
0.013878593569999997
0.013883897540000006
0.01388918457
0.013894453430000004
0.013899708029999996
0.01390494309
0.013910162240000001
0.013915365129999998
0.013920550339999999
0.013925719369999999
0.013930873589999998
0.01393601087
0.01394113047
0.013946234620000003
0.013951322969999999
0.01395639534
0.01396145074
0.013966489649999999
0.013971513429999997
0.013976520730000002
0.01398151414
0.013986490459999999
0.01399144926
0.01399639452
0.014001324259999998
0.014006236860000004
0.014011135140000004
0.014016018180000004
0.014020887040000006
0.01402573756
0.014030573699999995
0.014035394439999998
0.014040200590000003
0.014044991190000005
0.01404976766
0.014054528919999998
0.01405927519
0.01406400592
0.014068722660000001
0.014073426070000004
0.01407811165
0.014082784059999997
0.014087441600000002
0.014092084649999996
0.01409671473
0.014101327590000004
0.014105927110000005
0.014110510389999997
0.014115081350000001
0.014119637980000002
0.014124181449999997
0.014128709019999998
0.014133224420000002
0.014137723279999998
0.01414220947
0.014146682540000004
0.014151140780000005
0.014155583929999998
0.014160015809999997
0.01416443252
0.014168837390000001
0.01417322615
0.01417760288
0.014181965060000001
0.014186315100000004
0.014190650170000001
0.014194971359999997
0.014199280309999998
0.014203574670000003
0.01420785672
0.014212125780000003
0.014216381259999999
0.014220624759999998
0.01422485415
0.014229070819999998
0.01423327622
0.014237467240000001
0.014241646109999999
0.01424581225
0.014249963820000005
0.014254104069999997
0.014258230980000003
0.014262345809999999
0.014266446539999995
0.01427053642
0.014274614140000001
0.014278677170000002
0.014282729069999998
0.01428676834
0.0142907957
0.01429481107
0.014298813249999997
0.014302804009999996
0.01430678311
0.01431074812
0.01431470262
0.01431864384
0.01432257498
0.014326493119999995
0.014330399190000002
0.014334294750000002
0.014338177590000003
0.014342047899999998
0.014345907710000001
0.01434975418
0.014353590500000004
0.014357414840000002
0.014361228330000001
0.014365030669999999
0.014368819290000001
0.014372596780000002
0.01437636294
0.014380120080000003
0.01438386478
0.014387598010000007
0.01439131983
0.01439503189
0.014398731749999996
0.014402421229999995
0.014406098120000004
0.014409763340000006
0.014413417340000003
0.014417062739999997
0.01442069662
0.014424318949999994
0.014427930710000005
0.014431532449999998
0.014435123839999998
0.014438704190000002
0.014442272550000001
0.014445830619999999
0.01444937676
0.014452914360000003
0.01445644062
0.014459956689999998
0.014463461100000002
0.014466955649999993
0.014470440329999995
0.014473913560000001
0.014477378959999995
0.014480832419999999
0.014484273979999997
0.014487707119999997
0.014491129929999999
0.014494543410000003
0.01449794494
0.0145013381
0.014504721359999998
0.014508094900000004
0.014511454529999999
0.014514806550000002
0.014518150510000003
0.014521482660000003
0.014524804600000002
0.01452811563
0.01453141979
0.01453471346
0.014537997540000005
0.01454127243
0.014544537469999999
0.014547792799999999
0.0145510386
0.014554272660000003
0.014557500000000001
0.014560716219999997
0.014563923850000004
0.014567120730000003
0.014570310779999998
0.014573489839999999
0.014576658000000003
0.01457981822
0.014582968419999998
0.014586109199999999
0.014589241230000003
0.014592365319999996
0.01459547904
0.014598584860000003
0.01460168103
0.014604768329999995
0.014607846820000001
0.014610915310000003
0.014613974540000005
0.014617026349999996
0.014620066619999999
0.014623098119999997
0.014626121899999997
0.014629137810000003
0.014632143089999999
0.014635141910000003
0.014638133059999994
0.014641111930000006
0.014644083970000001
0.014647046150000008
0.014650001760000001
0.014652947429999993
0.014655885690000004
0.014658812970000004
0.01466173237
0.014664644759999998
0.014667548260000001
0.014670442389999998
0.014673328659999995
0.01467620616
0.014679076849999997
0.014681938319999999
0.01468479233
0.014687636450000001
0.014690474700000003
0.014693304110000001
0.014696124690000001
0.01469893808
0.014701740920000001
0.014704537140000003
0.014707326719999999
0.014710106100000004
0.014712877589999998
0.014715641229999998
0.014718397579999997
0.014721145189999998
0.014723886269999991
0.014726618190000002
0.014729343019999997
0.014732059979999998
0.014734767889999998
0.014737467289999999
0.014740162069999996
0.014742846549999997
0.01474552389
0.014748194209999996
0.014750856570000002
0.01475351063
0.014756157919999997
0.014758797839999997
0.014761428149999999
0.014764052480000001
0.014766669889999999
0.014769277879999994
0.014771881029999996
0.014774474660000002
0.01477706133
0.014779640839999999
0.014782213109999998
0.01478477619
0.01478733329
0.01478988212
0.014792425150000003
0.014794961149999999
0.014797489790000005
0.01480000962
0.014802523470000004
0.014805029380000001
0.014807528510000001
0.014810020730000002
0.014812505810000003
0.014814981400000003
0.01481745305
0.014819917350000003
0.01482237355
0.014824822650000003
0.014827265119999999
0.014829700539999999
0.01483212941
0.014834550039999997
0.014836964689999994
0.014839374130000003
0.014841774019999997
0.014844167390000001
0.014846555089999998
0.01484893522
0.014851310509999995
0.014853677049999996
0.014856037780000003
0.014858390400000001
0.014860736960000002
0.014863079670000006
0.014865412380000003
0.01486773988
0.01487006075
0.014872375159999998
0.014874683260000006
0.014876982540000002
0.014879277790000003
0.014881566560000002
0.014883848449999999
0.014886121929999998
0.014888388549999996
0.014890651319999997
0.014892906910000003
0.01489515759
0.014897400140000003
0.014899635400000001
0.014901867180000005
0.014904090620000003
0.014906308629999998
0.014908518359999994
0.014910722080000001
0.014912921050000002
0.01491511422
0.014917301119999999
0.014919480970000001
0.01492165444000001
0.01492382304
0.014925985780000005
0.014928140479999996
0.014930291060000003
0.014932436100000002
0.014934573080000003
0.014936705470000002
0.0149388308
0.014940949150000004
0.014943064740000003
0.014945170559999998
0.014947271639999997
0.014949367329999998
0.01495145691
0.014953541160000005
0.014955618119999998
0.014957688739999999
0.0149597545
0.014961813819999998
0.01496386828
0.014965916160000002
0.014967960569999996
0.014969997120000005
0.014972028640000001
0.014974054519999993
0.014976076240000002
0.01497809067
0.014980098510000001
0.014982102379999999
0.014984099239999998
0.014986090819999997
0.014988076320000005
0.014990057590000001
0.014992032470000001
0.014994003700000001
0.014995966659999997
0.014997926449999999
0.014999880080000002
0.01500182837
0.01500377131
0.015005708660000004
0.015007638479999998
0.015009566730000003
0.015011488790000001
0.015013403559999998
0.015015313399999997
0.015017219339999997
0.015019116570000001
0.015021010730000001
0.01502290047
0.015024783980000001
0.015026663600000004
0.015028536859999997
0.015030404550000001
0.015032266480000002
0.015034123390000001
0.015035976150000002
0.015037824229999998
0.01503966792
0.015041503899999998
0.015043334549999999
0.0150451609
0.015046981760000001
0.015048797210000003
0.015050608679999999
0.0150524141
0.015054214899999996
0.01505601121
0.015057802610000002
0.015059589299999999
0.015061370800000003
0.015063146879999998
0.015064918040000002
0.015066683350000004
0.015068445310000001
0.015070202619999997
0.015071953660000003
0.01507370181
0.015075443870000003
0.015077180709999995
0.01507891474
0.01508064226
0.015082364780000001
0.015084083800000002
0.015085797549999997
0.01508750803
0.01508921113
0.015090908940000002
0.01509260502
0.015094294219999997
0.015095979629999996
0.015097661020000002
0.015099336320000007
0.015101007969999998
0.01510267525
0.015104337049999998
0.015105996330000006
0.01510764826999999
0.015109297020000002
0.015110941639999995
0.01511258089
0.015114215070000003
0.015115846620000001
0.015117473129999994
0.01511909522
0.01512071213
0.01512232402
0.01512393249
0.015125537409999999
0.015127137189999994
0.01512873188
0.015130324110000003
0.015131910299999995
0.015133493520000008
0.01513506966
0.015136643459999998
0.015138213059999994
0.01513977951
0.015141340689999996
0.015142896789999997
0.015144449610000008
0.015145997790000003
0.015147541149999997
0.015149080520000002
0.015150616250000002
0.015152145839999995
0.01515367289
0.015155195700000002
0.015156714060000007
0.015158227999999998
0.01515973776
0.015161244410000002
0.01516274594
0.015164244160000001
0.01516573856
0.015167227939999998
0.015168715800000003
0.01517019654
0.015171675229999997
0.01517314922
0.015174619420000004
0.015176085159999997
0.015177545640000002
0.015179005219999996
0.015180458810000002
0.015181909970000004
0.015183356080000003
0.015184799720000001
0.01518623836
0.015187672500000004
0.015189103169999997
0.015190530119999997
0.015191952870000002
0.015193372969999999
0.015194789010000003
0.015196201729999994
0.015197607459999995
0.015199012330000004
0.015200412480000003
0.015201810029999999
0.015203204299999997
0.015204593250000002
0.015205978330000003
0.015207360009999999
0.015208739309999997
0.015210112670000005
0.01521148501
0.015212852709999997
0.015214216500000002
0.015215575300000004
0.015216930019999998
0.015218283249999997
0.01521963154
0.01522097783
0.015222318409999998
0.015223657049999999
0.015224992349999996
0.015226323149999998
0.015227651650000002
0.015228976340000004
0.015230296570000003
0.015231613389999996
0.015232927549999992
0.015234237700000002
0.015235545229999998
0.015236848290000002
0.01523814947
0.015239446200000001
0.015240739039999998
0.01524202865
0.015243315450000003
0.015244597870000001
0.015245876150000002
0.015247152259999997
0.015248426289999997
0.015249696740000002
0.015250962110000002
0.015252225310000003
0.01525348551
0.015254740749999995
0.015255992059999996
0.015257242199999998
0.015258489179999994
0.01525973268
0.015260972950000005
0.015262209340000006
0.015263443460000001
0.01526467323
0.015265899529999998
0.015267123410000003
0.015268342780000005
0.015269559939999997
0.015270774509999998
0.015271985229999997
0.015273193109999998
0.015274397279999996
0.015275597359999999
0.015276797
0.015277991749999999
0.015279183899999998
0.01528037358
0.015281560589999995
0.01528274388
0.015283923440000003
0.015285102169999999
0.01528627685
0.01528744787
0.015288615849999998
0.01528978211
0.015290943589999996
0.015292102980000005
0.015293257480000003
0.015294410099999997
0.015295559839999997
0.015296707090000005
0.015297853839999997
0.01529899457
0.015300132169999998
0.015301268160000001
0.01530240112
0.015303529520000005
0.015304657659999993
0.015305782470000005
0.015306905369999999
0.015308024100000006
0.015309139759999996
0.01531025153
0.015311361370000004
0.015312467159999999
0.015313571590000003
0.015314673220000003
0.015315772049999996
0.015316868589999998
0.015317960370000003
0.015319052199999995
0.015320140670000003
0.015321224950000005
0.015322307540000002
0.01532338742
0.015324464740000005
0.015325537780000002
0.01532661013
0.015327679220000003
0.01532874631
0.015329810970000007
0.015330871910000004
0.015331929879999998
0.015332984600000002
0.01533403624
0.015335085829999998
0.015336133239999999
0.015337178179999996
0.015338220810000008
0.01533925939
0.015340296330000003
0.015341331270000003
0.015342364060000002
0.015343394029999997
0.01534442111
0.015345446210000002
0.015346468609999999
0.015347487390000004
0.015348502590000002
0.015349516640000003
0.01535052824
0.015351538360000002
0.015352544739999996
0.015353549670000004
0.015354553340000004
0.015355553729999995
0.01535655084
0.015357546049999999
0.015358537640000003
0.01535952784
0.01536051592
0.015361501029999997
0.015362483710000001
0.01536346433
0.015364442070000001
0.0153654171
0.015366390779999992
0.015367361639999997
0.015368331540000002
0.015369297320000004
0.015370259199999998
0.015371221710000002
0.015372181750000005
0.015373139389999997
0.01537409419
0.015375046270000001
0.015375995250000002
0.015376943119999997
0.015377887169999995
0.015378830169999998
0.015379770010000005
0.015380707309999998
0.01538164497000001
0.015382578369999997
0.015383508809999995
0.01538443905
0.015385366239999998
0.015386291949999997
0.015387214280000004
0.015388135119999997
0.015389053329999996
0.015389969380000002
0.015390884259999994
0.015391795999999998
0.015392707009999998
0.015393615129999998
0.0153945209
0.015395424559999997
0.015396325260000001
0.015397224999999997
0.01539812253
0.015399016779999998
0.015399910180000006
0.01540080083
0.015401690389999998
0.01540257619
0.015403460540000002
0.015404342900000003
0.015405221419999997
0.015406099949999998
0.015406976140000002
0.01540784978
0.015408722339999997
0.015409591699999996
0.015410460539999995
