0.08694029236
0.046535380700000004
0.028664625479999987
0.02322931618
0.020368159559999998
0.01832268686
0.016695443820000003
0.015328716669999997
0.01448169989
0.013919831150000004
0.013545487100000005
0.013307248590000003
0.013163266710000001
0.013083539549999999
0.01304819468
0.013043976220000001
0.013061517739999997
0.013093971949999998
0.013136228330000001
0.013184421969999997
0.013235799460000001
0.013288593720000002
0.01334173755
0.013394598829999998
0.013446797650000003
0.01349810765
0.013548386829999998
0.013597554730000003
0.013645557769999993
0.013692369659999997
0.013737975980000004
0.013782375120000006
0.013825572169999996
0.013867579889999999
0.013908414299999994
0.01394809815
0.013986654809999994
0.014024108960000004
0.014060489000000004
0.01409582291
0.014130142299999999
0.01416347485
0.014195849800000002
0.014227297149999998
0.014257844179999994
0.014287519980000002
0.014316350850000001
0.014344364669999993
0.014371585139999997
0.01439804154
0.014423751299999999
0.014448742179999998
0.014473034960000002
0.014496651269999996
0.014519611460000002
0.014541937750000001
0.014563647640000002
0.014584761460000002
0.014605298049999998
0.014625272830000003
0.014644704109999997
0.014663611570000004
0.014682006810000002
0.014699908030000004
0.01471733098
0.01473428932
0.014750797660000002
0.014766869880000004
0.014782519149999998
0.014797759269999999
0.014812600480000002
0.014827060340000002
0.014841144630000008
0.01485486724
0.014868242240000001
0.014881275549999996
0.01489397897
0.014906363709999997
0.014918438059999997
0.014930211719999998
0.01494169466
0.014952893319999999
0.01496381771
0.014974476039999997
0.014984875919999996
0.014995023550000002
0.015004927539999997
0.015014595770000002
0.015024034590000004
0.015033249389999998
0.015042247749999998
0.01505103399
0.015059618869999998
0.015068002479999995
0.015076193460000003
0.015084197409999998
0.015092018459999992
0.015099661319999997
0.015107133909999999
0.015114437830000002
0.01512158172
0.015128564219999998
0.015135395799999998
0.01514207729
0.015148612929999998
0.015155008000000003
0.015161266820000003
0.015167391600000003
0.015173388490000005
0.015179258709999999
0.015185008710000001
0.015190638970000003
0.015196153799999996
0.01520155668
0.01520685265
0.01521204234
0.015217131109999997
0.015222120460000002
0.01522701292
0.015231813479999998
0.015236523339999997
0.015241144529999999
0.015245681890000005
0.015250136690000003
0.0152545113
0.015258808799999997
0.015263032409999995
0.015267183570000002
0.015271264379999998
0.015275278930000002
0.015279226610000004
0.015283112149999998
0.015286937960000002
0.015290703580000002
0.015294411950000001
0.01529806725
0.015301670080000003
0.015305220349999996
0.015308722360000006
0.01531217809
0.015315589430000004
0.015318956799999997
0.015322284300000003
0.015325571520000004
0.015328820160000003
0.015332034470000002
0.015335213059999998
0.015338359360000003
0.015341474499999999
0.015344561019999998
0.015347617179999995
0.015350648420000003
0.015353652349999998
0.015356634180000002
0.015359592549999999
0.015362529650000003
0.01536544819000001
0.015368345640000001
0.015371226600000003
0.015374090149999997
0.01537693976
0.015379773850000002
0.015382594969999996
0.01538540184
0.01538819747
0.01539098278
0.01539376034
0.015396525970000002
0.015399285399999997
0.015402034939999996
0.015404778550000005
0.015407516640000006
0.01541024616
0.015412972619999991
0.015415692779999997
0.015418409490000002
0.015421124010000002
0.015423834980000002
0.015426541029999997
0.015429246259999996
0.01543195018
0.01543465154
0.015437350980000002
0.015440049580000005
0.015442749000000004
0.01544544772
0.01544814624
0.01545084571999999
0.015453544599999997
0.015456244340000003
0.015458946770000002
0.01546164761
0.015464352689999999
0.015467058429999998
0.015469765880000002
0.015472474660000003
0.015475185809999997
0.015477902779999999
0.015480619049999993
0.015483337719999997
0.01548606056
0.015488784690000004
0.015491513799999993
0.01549424583
0.015496981650000005
0.01549972007
0.015502463180000002
0.015505209839999996
0.015507957849999999
0.015510714339999999
0.015513473
0.015516234280000001
0.015519000330000003
0.015521770220000002
0.015524545920000006
0.015527324390000003
0.015530108309999999
0.015532895460000005
0.015535690800000003
0.015538487100000003
0.015541289250000003
0.015544097170000002
0.01554690816
0.01554972447
0.015552546910000005
0.015555374809999998
0.015558206689999998
0.01556104411
0.015563884969999999
0.015566731540000005
0.01556958427
0.015572442359999996
0.015575303980000002
0.015578172110000002
0.015581046359999995
0.015583926529999998
0.01558681154
0.015589700650000003
0.015592596640000003
0.015595497970000004
0.015598404429999999
0.01560131738
0.015604234209999998
0.015607159259999996
0.015610089779999997
0.015613025380000001
0.015615968689999999
0.015618915760000001
0.015621871380000003
0.015624831300000008
0.015627799019999996
0.01563077267
0.015633753409999996
0.015636739410000003
0.015639733750000002
0.015642734039999998
0.015645741910000004
0.0156487546
0.01565177672
0.015654804939999996
0.01565783985
0.015660882910000003
0.01566393189
0.01566698905
0.01567005321
0.015673125750000003
0.01567620496
0.01567929139
0.01568238663
0.0156854896
0.01568859911
0.01569171712
0.01569484335
0.01569797678
0.015701119029999995
0.01570426838
0.015707425599999998
0.01571059154
0.015713766389999998
0.015716949430000002
0.01572014058
0.015723339840000003
0.015726549080000003
0.01572976492
0.01573299107
0.015736224760000007
0.015739466900000002
0.015742719110000004
0.015745978070000003
0.01574924714
0.015752525530000002
0.015755810790000005
0.015759107619999994
0.01576241156
0.015765724160000005
0.01576904826
0.015772379170000003
0.015775720309999998
0.01577907082999999
0.015782428799999998
0.015785796539999997
0.015789174590000003
0.01579256053
0.015795957149999998
0.01579936314
0.015802777719999998
0.015806201880000006
0.015809634439999998
0.01581307627
0.0158165294
0.015819991959999998
0.015823461669999993
0.015826941259999994
0.01583043092
0.015833931000000002
0.015837438750000002
0.015840957689999997
0.01584448387
0.015848021380000007
0.015851567590000004
0.01585512226
0.015858688379999996
0.01586226265
0.01586584717
0.015869439590000003
0.015873042110000003
0.015876651889999996
0.01588027304
0.01588390204
0.015887540840000002
0.01589118983
0.015894847340000004
0.01589851448
0.015902190839999997
0.0159058744
0.015909569559999996
0.01591327192
0.015916982629999996
0.015920703789999997
0.01592443325
0.015928170340000002
0.015931918490000006
0.01593567357
0.015939437799999998
0.01594321214
0.01594699317
0.015950783910000002
0.01595458247
0.01595838852
0.015962202020000003
0.015966026629999998
0.01596985769
0.015973697790000005
0.015977545429999997
0.01598140358999999
0.01598526614
0.015989138039999996
0.015993017679999996
0.015996904679999993
0.01600080046
0.01600470305
0.016008614010000005
0.016012530570000003
0.016016455620000005
0.016020388589999997
0.016024326810000003
0.01602827415
0.016032225379999997
0.016036185539999998
0.016040153160000004
0.01604412666
0.016048107020000008
0.01605209482
0.01605608855
0.016060086600000002
0.01606409303
0.016068104910000006
0.016072123790000007
0.01607614766
0.01608017717
0.016084213830000006
0.0160882553
0.01609230215
0.016096356589999996
0.01610041367
0.016104478889999996
0.016108548050000004
0.016112622780000002
0.016116703779999998
0.01612078787
0.01612487935
0.01612897296
0.016133072360000004
0.016137177670000002
0.01614128768
0.016145402219999994
0.016149518980000003
0.01615364244
0.016157769030000005
0.016161903079999995
0.01616604033
0.016170182039999995
0.016174327
0.016178475919999998
0.016182630529999995
0.01618678762
0.016190950450000005
0.01619511613
0.016199287099999998
0.01620346118
0.0162076396
0.01621182196
0.016216008650000002
0.016220198489999997
0.016224392359999996
0.016228592360000002
0.016232794579999998
0.016237001390000005
0.01624121243
0.01624542663
0.016249644960000004
0.01625386738
0.016258093209999998
0.01626232335
0.016266556879999994
0.0162707955
0.01627503722
0.016279282380000006
0.01628353274
0.016287787289999998
0.01629204464
0.01629630691000001
0.01630057131
0.016304841400000006
0.01630911411
0.01631339152
0.01631767331
0.016321958450000004
0.016326248100000003
0.016330541139999995
0.016334837719999995
0.01633913597
0.016343441380000004
0.01634774898
0.016352060860000007
0.01635637646
0.016360696380000005
0.016365019430000002
0.016369345340000004
0.01637367735
0.016378011900000003
0.01638235049999999
0.016386693700000003
0.016391040019999997
0.01639538862
0.01639974198
0.016404098230000004
0.016408460499999996
0.01641282426
0.016417192379999997
0.016421563260000004
0.01642593836
0.016430316030000003
0.016434699790000003
0.01643908465
0.01644347371
0.01644786695
0.016452264370000004
0.01645666454
0.016461069450000004
0.01646547474
0.01646988373000001
0.016474299110000003
0.016478716819999996
0.016483138039999998
0.016487562549999998
0.01649199023
0.01649642257
0.01650085606
0.016505294079999996
0.01650973554
0.01651418132
0.01651862996
0.016523082669999998
0.016527536819999997
0.01653199746
0.016536458489999996
0.01654092422
0.016545393480000004
0.016549866359999995
0.01655434312
0.01655882255
0.01656330535
0.016567792890000002
0.0165722827
0.016576776360000003
0.016581274729999998
0.016585774610000006
0.01659027915
0.01659478645
0.016599297160000002
0.01660381196
0.016608329760000002
0.01661285107
0.01661737662
0.0166219046
0.01662643746
0.016630972989999996
0.016635511739999997
0.016640055310000002
0.01664460227
0.01664915078
0.01665370496
0.016658263409999995
0.01666282321
0.016667388930000006
0.01667195648
0.01667652737
0.016681103979999994
0.016685683460000007
0.0166902668
0.01669485313
0.016699443010000002
0.016704036949999997
0.016708634010000004
0.01671323353
0.01671783834
0.016722446430000003
0.01672705761
0.016731674819999997
0.01673629541
0.01674091665
0.016745542739999997
0.016750173119999993
0.016754807030000006
0.01675944409
0.016764084710000002
0.01676872841
0.01677337616
0.016778029039999996
0.016782685240000005
0.0167873434
0.01679200659
0.01679667368
0.01680134045
0.016806013919999994
0.01681068894
0.016815368619999996
0.016820052409999998
0.016824738120000005
0.016829427689999996
0.016834117710000002
0.016838813620000004
0.016843512789999994
0.01684821362
0.016852914929999994
0.01685762261
0.016862331580000004
0.016867042800000003
0.016871758370000003
0.016876476519999992
0.016881195820000004
0.016885918300000004
0.01689064473
0.016895373680000002
0.016900102119999996
0.016904836169999993
0.016909572280000007
0.016914307699999995
0.016919048110000005
0.016923790250000004
0.016928533349999997
0.0169332781
0.01693802511999999
0.016942774839999997
0.016947525360000004
0.016952278819999996
0.0169570341
0.016961791149999995
0.016966548859999996
0.01697130765
0.01697607041
0.01698083381
0.01698559827
0.01699036362
0.016995134200000005
0.016999903319999992
0.01700467312
0.017009445849999996
0.0170142213
0.017018996660000004
0.017023772859999998
0.017028549520000002
0.01703332801
0.017038107960000007
0.017042888500000006
0.01704766955
0.017052450699999996
0.01705723669
0.01706202133
0.01706680758
0.017071595279999997
0.0170763837
0.017081173570000004
0.017085963939999994
0.017090753219999994
0.017095545819999995
0.01710033658
0.017105128820000003
0.0171099215
0.01711471694
0.01711951292
0.017124308759999995
0.0171291036
0.017133901959999996
0.0171386988
0.017143497690000002
0.017148297209999993
0.017153097750000002
0.017157897680000003
0.017162698219999998
0.017167500199999998
0.01717230376
0.017177105419999998
0.01718190799
0.01718671027
0.01719151547
0.017196319940000003
0.017201123460000002
0.017205929410000008
0.01721073645
0.01721554256
0.01722034858
0.017225156739999997
0.017229963819999996
0.017234771639999993
0.017239579090000005
0.01724438622
0.01724919611
0.01725400506
0.01725881316
0.017263622170000003
0.017268432129999994
0.01727324125
0.017278051200000005
0.017282860450000003
0.01728766912
0.01729247956
0.017297290280000002
0.01730210071
0.017306910960000005
0.01731172044
0.017316529560000002
0.017321340910000003
0.017326151720000002
0.017330960719999997
0.017335771059999994
0.017340580180000006
0.017345390130000006
0.017350199740000002
0.017355008139999996
0.01735981832
0.017364624960000005
0.01736943291
0.01737424072
0.017379046849999996
0.017383854940000002
0.01738866152
0.017393467890000004
0.01739827234
0.017403077799999996
0.017407879279999993
0.0174126843
0.017417485629999997
0.017422287300000002
0.01742708781
0.017431888579999995
0.01743668729
0.017441486779999998
0.017446285239999998
0.017451082399999998
0.017455876809999996
0.01746067113
0.017465464769999998
0.017470256299999997
0.01747504706
0.017479837939999993
0.017484626420000003
0.01748941343
0.017494198339999996
0.017498982679999994
0.017503764820000003
0.017508546500000007
0.017513324940000005
0.017518103379999997
0.017522879760000002
0.017527653629999997
0.01753242468
0.017537195040000005
0.017541964820000006
0.01754673086
0.017551496359999995
0.017556259379999994
0.017561020839999993
0.017565780879999996
0.017570536000000005
0.017575289929999998
0.01758004392
0.017584793439999996
0.017589539739999997
0.017594286
0.01759902834
0.017603769209999995
0.01760850798
0.01761324366
0.01761797668
0.017622705900000004
0.017627432780000004
0.01763215628
0.01763687816
0.017641599059999995
0.017646315689999997
0.017651028810000004
0.017655740160000002
0.017660449039999998
0.017665152499999993
0.01766985406
0.01767455156
0.017679249100000006
0.017683941560000003
0.017688630780000002
0.017693314939999996
0.017697997139999998
0.017702677899999995
0.01770735415
0.01771202645
0.017716695180000002
0.017721361209999998
0.017726024420000003
0.01773068214
0.01773533772
0.017739989499999994
0.01774463674
0.01774928166
0.01775392262
0.0177585603
0.017763193939999998
0.01776782658
0.017772453039999997
0.01777707513
0.017781693560000002
0.017786306950000004
0.01779091779
0.01779552502
0.017800126029999995
0.01780472806
0.017809323510000006
0.017813914839999997
0.01781850291
0.01782308492
0.017827665140000004
0.0178322391
0.01783681212
0.01784138131
0.01784594336
0.017850501980000003
0.017855056220000005
0.01785960666
0.017864154380000007
0.01786869735
0.01787323459
0.01787776922
0.017882299889999998
0.017886825639999996
0.017891346430000003
0.0178958646
0.017900375740000002
0.01790488594
0.01790938948
0.017913890409999998
0.017918387020000003
0.01792287746
0.0179273649
0.017931846300000002
0.017936326329999995
0.017940799400000002
0.017945269620000003
0.017949736560000002
0.017954197479999996
0.017958655520000005
0.017963108299999996
0.01796755646
0.01797200031
0.017976440099999994
0.017980878420000002
0.017985307640000014
0.01798973486
0.017994156190000003
0.017998574679999997
0.01800298823
0.018007397839999998
0.01801180248
0.018016205759999997
0.01802060262
0.018024994100000004
0.018029383179999997
0.01803376578
0.018038144920000002
0.018042519509999997
0.018046890290000003
0.01805125652
0.01805561926
0.0180599748
0.018064326340000002
0.01806867464
0.01807301896
0.01807735768
0.018081693319999998
0.018086024739999998
0.01809035052
0.018094674019999996
0.018098990190000004
0.01810330593
0.018107615329999997
0.01811191896
0.01811622142
0.01812051898999999
0.018124810559999996
0.01812909975
0.01813338326
0.018137663720000002
0.01814193898
0.01814620924
0.01815047764
0.01815473878
0.01815899738
0.018163250499999995
0.018167500539999996
0.0181717473
0.01817598817
0.018180225280000004
0.018184457069999996
0.018188687939999997
0.01819291178
0.018197134219999994
0.018201348019999997
0.01820555965
0.018209768110000003
0.018213971899999997
0.01821817184
0.01822236528
0.01822655678
0.018230744039999996
0.018234926589999992
0.018239104319999998
0.0182432806
0.01824744853
0.01825161437
0.01825577624
0.018259932109999995
0.018264085779999998
0.01826823438
0.018272381039999997
0.0182765217
0.018280660280000003
0.01828479286
0.01828892206
0.018293047219999997
0.01829716805
0.018301284
0.01830539658
0.01830950539
0.01831361038
0.018317710580000007
0.018321807000000002
0.01832589878
0.0183299876
0.018334070899999996
0.0183381521
0.018342227270000004
0.018346301460000002
0.018350370519999996
0.018354435639999993
0.018358496960000005
0.01836255368
0.01836660676
0.018370658120000008
0.01837470272
0.018378745750000005
0.01838278434
0.01838681899
0.018390849860000003
0.018394875940000003
0.018398898019999995
0.0184029165
0.018406932879999994
0.018410943940000004
0.01841495198
0.018418954939999996
0.018422955839999998
0.01842695398
0.018430944160000004
0.01843493347
0.018438920669999997
0.01844290228
0.018446881049999996
0.0184508555
0.0184548264
0.0184587935
0.01846275728
0.01846671706
0.018470671900000003
0.018474624839999995
0.018478575039999997
0.018482519689999997
0.018486462329999998
0.01849040164
0.018494337799999996
0.0184982707
0.018502200349999998
0.01850612432
0.018510045639999997
0.01851396232
0.018517876200000002
0.018521787020000003
0.018525693969999996
0.018529598970000002
0.018533498859999997
0.01853739443
0.018541289140000004
0.018545177099999997
0.018549061460000002
0.01855294566
0.018556822860000002
0.01856069906
0.01856457186999999
0.01856844098
0.018572306800000004
0.01857616874
0.018580026620000002
0.018583882200000002
0.018587733050000003
0.018591581880000006
0.018595425480000004
0.018599264999999997
0.018603101220000005
0.01860693698
0.01861076952
0.01861459654
0.018618419619999996
0.01862223944
0.01862605592
0.01862987132
0.01863368128
0.018637486839999995
0.0186412896
0.018645089530000002
0.018648886040000003
0.018652679260000003
0.01865646782
0.0186602524
0.018664034219999997
0.018667813039999998
0.018671586760000004
0.018675357180000005
0.018679123970000006
0.01868288642
0.018686644170000002
0.01869040156
0.018694153480000003
0.01869790492
0.018701649180000005
0.018705387389999998
0.018709125310000005
0.018712860220000006
0.018716589729999997
0.018720315320000003
0.018724038260000003
0.01872775616
0.018731470800000004
0.018735180840000004
0.018738886240000002
0.018742588480000003
0.018746287939999995
0.018749981300000006
0.01875367208
0.018757356919999996
0.018761039900000002
0.018764718900000005
0.0187683931
0.018772063079999998
0.01877572942
0.01877939072
0.018783050699999998
0.018786703019999997
0.01879035322
0.018793999000000002
0.018797640720000005
0.018801277040000012
0.018804909800000002
0.018808538619999995
