0.09159066794
0.06250171418
0.050772047759999994
0.042185588239999995
0.03610450122
0.03191412576
0.029032836519999994
0.026980766779999995
0.0254345904
0.024202168380000003
0.023173009139999992
0.022282681659999998
0.021492486099999996
0.020778417479999995
0.020125098360000003
0.019522362579999997
0.01896325854
0.018442857000000003
0.01795751184
0.017504404869999997
0.017081265970000002
0.01668617578
0.016317458179999998
0.015973601429999998
0.0156532132
0.015354992219999995
0.01507770752
0.014820185780000002
0.01458131051
0.014360012390000001
0.014155271680000005
0.013966113160000002
0.013791602509999995
0.013630852100000002
0.013483010750000001
0.013347270640000004
0.013222859140000001
0.013109042859999996
0.013005120509999999
0.012910427310000002
0.012824336430000003
0.01274624689
0.012675594769999998
0.01261185072
0.012554509730000002
0.012503103359999998
0.01245718967
0.012416354869999997
0.012380214839999999
0.012348411470000004
0.012320610349999999
0.012296501219999999
0.012275796749999998
0.012258229499999997
0.01224355175
0.01223153518
0.0122219692
0.012214655949999997
0.0122094159
0.012206081869999996
0.01220449815
0.012204520800000002
0.012206016120000001
0.012208863849999994
0.012212948179999995
0.01221816531
0.012224414700000002
0.01223160768
0.012239660860000003
0.01224849514
0.01225804058
0.012268228200000007
0.012278998959999999
0.012290294229999998
0.012302062809999998
0.012314255529999998
0.012326828230000007
0.012339740439999998
0.012352953939999998
0.012366434809999998
0.012380150410000004
0.01239407281
0.01240817536
0.012422432839999996
0.012436824460000002
0.01245132933
0.012465929209999997
0.012480608199999998
0.012495351049999997
0.012510142420000002
0.012524971500000003
0.012539826539999998
0.012554697580000001
0.012569574670000002
0.012584450749999998
0.01259931741
0.012614166240000002
0.012628995110000001
0.012643794689999998
0.012658561950000003
0.012673291639999995
0.01268797966
0.0127026233
0.012717219500000003
0.012731763360000002
0.012746253620000004
0.01276068793
0.0127750639
0.012789379750000001
0.012803634149999998
0.012817826039999997
0.01283195349
0.012846015169999996
0.012860010319999999
0.012873938370000004
0.012887797549999998
0.012901588700000001
0.01291531039
0.01292896365
0.012942546020000001
0.012956058319999995
0.012969499320000006
0.012982870049999998
0.012996168829999996
0.013009397349999998
0.013022554160000002
0.013035641009999998
0.013048656859999997
0.013061600520000003
0.013074474519999995
0.013087276049999999
0.013100007360000004
0.013112669050000001
0.013125260100000001
0.013137780850000001
0.013150230310000004
0.01316261151
0.013174922900000002
0.013187165189999994
0.01319933869
0.01321144324
0.01322347833
0.013235445769999998
0.013247345779999998
0.013259179030000002
0.0132709437
0.013282641759999998
0.01329427450999999
0.013305841230000004
0.013317340579999998
0.013328775020000001
0.013340143300000001
0.013351447180000002
0.013362686539999995
0.013373862259999996
0.013384974810000004
0.0133960224
0.013407008419999998
0.013417930279999999
0.013428790570000007
0.013439588879999997
0.013450324849999999
0.013460998879999998
0.01347161359
0.013482167189999996
0.013492660379999999
0.013503094519999996
0.013513467059999998
0.013523781369999998
0.013534038580000001
0.013544235940000007
0.013554374800000001
0.013564456160000002
0.013574481459999996
0.01358444805
0.013594359480000002
0.01360421385
0.013614011260000001
0.01362375447
0.013633442969999996
0.013643074610000002
0.013652653259999996
0.013662177880000001
0.01367164735
0.013681063029999996
0.013690426049999998
0.013699736629999999
0.01370899364
0.013718199889999998
0.01372735379
0.013736454850000003
0.013745505609999997
0.013754506349999997
0.013763455640000007
0.013772354970000003
0.013781203210000002
0.013790004169999997
0.013798753750000003
0.013807455559999994
0.01381610845
0.01382471238
0.01383326863
0.013841777910000004
0.013850238420000003
0.013858652209999999
0.013867019510000005
0.01387533996
0.013883615349999996
0.013891843449999997
0.01390002619
0.01390816456
0.013916255129999998
0.013924302599999995
0.013932306389999996
0.013940265470000004
0.01394817883
0.013956050259999993
0.01396387853
0.013971663
0.013979404840000001
0.013987103360000001
0.013994760080000002
0.014002374879999996
0.014009947449999999
0.01401748
0.01402496893
0.014032415820000001
0.014039825460000002
0.0140471929
0.01405451999
0.014061807959999999
0.014069054930000002
0.014076262730000002
0.01408343086
0.01409056075999999
0.01409765047
0.014104703270000001
0.014111716770000003
0.014118692759999996
0.014125629629999999
0.014132530339999996
0.01413939264
0.014146217729999999
0.014153005200000002
0.014159757339999997
0.01416647134
0.014173149990000005
0.014179792940000007
0.014186398800000007
0.014192969879999996
0.014199506100000002
0.014206005940000006
0.01421247116
0.01421890179
0.014225296690000005
0.014231658400000003
0.014237985479999998
0.014244277449999995
0.01425053751
0.014256762560000002
0.014262955099999997
0.014269113750000001
0.01427524012
0.01428133212
0.014287392549999998
0.014293420819999996
0.014299415610000001
0.014305379400000002
0.014311311529999997
0.014317211469999995
0.01432308111
0.014328918660000002
0.014334723900000002
0.014340498450000006
0.01434624306
0.014351956009999998
0.014357639469999996
0.014363293049999996
0.014368915259999998
0.014374507659999996
0.01438007157
0.014385605579999999
0.014391108779999997
0.014396583729999999
0.014402031209999997
0.014407447639999994
0.014412835960000004
0.01441819462
0.01442352517
0.014428829669999999
0.014434104619999997
0.01443935085
0.014444569899999999
0.014449761440000004
0.014454926350000001
0.014460062870000002
0.014465172500000002
0.014470255970000002
0.014475311429999997
0.01448034056
0.014485342630000002
0.01449032027
0.014495269820000004
0.014500193720000006
0.014505091710000004
0.014509964519999998
0.014514811539999992
0.014519633300000001
0.014524429129999999
0.014529199650000001
0.01453394583
0.014538667259999997
0.014543363339999999
0.014548034870000002
0.014552682039999994
0.01455730466
0.014561903380000003
0.014566476999999996
0.014571028190000002
0.014575555459999999
0.01458005994
0.014584539140000009
0.014588995480000002
0.014593428119999998
0.014597840340000006
0.01460222605
0.01460659128
0.014610933290000006
0.014615252489999998
0.01461954906
0.014623822679999999
0.014628074619999997
0.014632305670000002
0.0146365142
0.01464070014
0.014644864050000001
0.014649007070000004
0.014653128569999996
0.014657229470000002
0.014661308949999997
0.014665367850000001
0.01466940413
0.014673420249999996
0.014677416079999997
0.014681390220000002
0.014685345239999998
0.01468927947
0.014693194009999999
0.014697086659999999
0.01470096209
0.014704816939999997
0.014708650440000002
0.014712466459999995
0.014716261700000004
0.014720038299999995
0.014723795109999995
0.014727530989999994
0.014731249979999996
0.014734948209999996
0.014738629819999998
0.014742291250000006
0.014745933760000001
0.014749557370000005
0.014753164330000006
0.014756751509999997
0.014760321060000001
0.014763872249999997
0.014767405660000002
0.014770920930000002
0.014774417320000002
0.01477789843
0.014781360710000002
0.014784806149999998
0.014788232710000002
0.014791645160000002
0.014795035739999997
0.014798412809999996
0.014801772169999998
0.014805116269999998
0.014808440839999994
0.014811749699999998
0.014815042499999993
0.014818318379999997
0.01482157747
0.014824821670000002
0.014828048110000002
0.014831259620000004
0.014834454089999996
0.014837634790000004
0.01484079682
0.014843943530000004
0.01484707689
0.014850194489999998
0.014853295440000002
0.014856380680000001
0.014859451079999997
0.01486250654
0.014865547450000002
0.0148685734
0.01487158402
0.014874579830000003
0.014877561050000002
0.014880527830000004
0.014883479520000005
0.01488641578
0.014889339229999996
0.014892249560000006
0.01489514528
0.01489802529
0.014900892320000001
0.014903743660000003
0.014906582750000001
0.01490940689
0.014912218549999997
0.01491501631
0.014917799759999996
0.01492057137
0.014923328680000004
0.014926073169999998
0.01492880351
0.014931522179999998
0.014934227200000006
0.01493691947
0.014939598000000004
0.014942263739999994
0.01494491633
0.01494755726
0.014950186349999998
0.014952800340000006
0.01495540403
0.014957993999999997
0.014960572810000006
0.014963139780000002
0.014965694520000006
0.014968237010000001
0.01497076717
0.014973284219999996
0.014975789910000004
0.014978286190000002
0.014980769349999996
0.014983239740000001
0.014985702429999994
0.014988148459999994
0.014990586659999998
0.014993011919999999
0.01499542615
0.014997830369999998
0.015000222709999997
0.015002602900000004
0.015004974490000003
0.015007334349999998
0.015009681759999997
0.01501201904
0.015014345079999998
0.015016662
0.0150189672
0.015021261400000001
0.015023546469999998
0.015025820769999998
0.015028085639999997
0.015030338269999997
0.015032581029999997
0.01503481516
0.015037037869999997
0.01503925188
0.015041453500000003
0.015043647640000005
0.015045831310000002
0.01504800465
0.015050168479999997
0.015052321390000005
0.015054466559999997
0.015056600679999999
0.015058726220000002
0.015060842090000004
0.015062948650000008
0.015065046870000003
0.015067135710000002
0.015069213730000005
0.015071283599999999
0.015073345029999994
0.015075396429999997
0.015077440110000001
0.015079473090000003
0.01508149939
0.01508351596
0.015085523090000002
0.01508752077
0.015089511409999999
0.015091493579999999
0.01509346751
0.015095431490000004
0.015097387660000003
0.015099334499999999
0.015101273960000003
0.015103205310000001
0.015105128990000005
0.015107043120000002
0.01510894958
0.015110848389999997
0.015112738199999996
0.015114621590000002
0.015116496219999997
0.015118362420000002
0.015120221170000002
0.01512207332
0.015123916559999995
0.015125752709999997
0.015127580399999997
0.01512940097
0.015131213879999996
0.015133019700000002
0.015134817409999996
0.01513660869
0.015138392580000002
0.01514016933
0.015141938139999998
0.015143700310000001
0.015145454229999999
0.015147202889999996
0.01514894365
0.015150675770000002
0.015152402970000001
0.015154122849999997
0.01515583634
0.01515754047
0.015159240669999996
0.015160932709999998
0.01516261808
0.015164297790000001
0.015165968919999995
0.015167635430000003
0.015169293890000001
0.01517094723
0.015172593759999999
0.015174233769999998
0.015175866700000002
0.015177494250000001
0.01517911589
0.015180730130000002
0.015182338729999998
0.015183942050000003
0.015185538249999998
0.015187129469999998
0.015188712669999998
0.015190291170000005
0.015191863940000001
0.015193430389999998
0.015194989630000003
0.015196545220000003
0.0151980951
0.01519963774
0.015201176729999996
0.01520270769
0.015204234350000002
0.015205755560000003
0.015207270490000004
0.015208780130000002
0.015210284780000003
0.015211783409999995
0.015213276550000003
0.015214764710000004
0.015216247549999999
0.015217725180000004
0.01521919896
0.015220663840000002
0.01522212638
0.015223581970000002
0.015225033950000001
0.015226480879999999
0.015227923069999993
0.015229359040000001
0.015230789759999997
0.015232215300000003
0.015233638670000002
0.015235054810000002
0.015236467020000002
0.01523787225
0.01523927494
0.01524067406
0.015242066330000002
0.01524345565
0.015244838649999998
0.015246217030000002
0.015247591109999997
0.015248962089999998
0.015250326050000002
0.015251687679999999
0.015253042799999996
0.01525439385
0.01525574247
0.01525708454
0.01525842353
0.0152597588
0.01526108943
0.015262416550000001
0.015263739439999997
0.01526505666
0.015266369879999997
0.015267680639999998
0.015268986249999998
0.01527028802
0.015271584710000008
0.015272879100000001
0.01527416857
0.015275455180000007
0.015276736660000002
0.015278015700000001
0.015279289869999997
0.015280558750000004
0.015281824
0.01528308895
0.01528434847
0.015285603029999997
0.015286853940000003
0.01528810323
0.01528934844
0.015290588689999997
0.01529182636
0.015293061610000006
0.015294292180000002
0.015295518800000003
0.015296742999999996
0.015297962099999998
0.015299179690000003
0.01530039313
0.01530160387
0.015302810029999996
0.015304013159999998
0.015305214190000006
0.01530641017
0.01530760414
0.015308796189999998
0.015309983940000011
0.015311167219999998
0.015312348289999998
0.015313527819999999
0.015314703189999999
0.015315874889999996
0.01531704411
0.015318209909999998
0.015319372910000002
0.015320533870000003
0.015321691229999997
0.015322844349999996
0.015323995930000002
0.015325145280000002
0.015326292160000003
0.01532743664
0.015328576269999998
0.015329715120000005
0.015330850079999996
0.015331983679999996
0.015333112440000001
0.015334240180000007
0.015335364370000002
0.015336487470000002
0.015337608499999997
0.015338724500000003
0.015339838920000005
0.015340952159999999
0.015342060889999998
0.015343168669999995
0.015344272430000005
0.015345375490000002
0.015346474749999998
0.01534757144
0.015348667679999997
0.015349759950000003
0.015350850220000004
0.015351938660000002
0.01535302459
0.015354108109999997
0.015355189640000006
0.01535626794
0.01535734546
0.015358420020000001
0.015359491760000002
0.015360561569999997
0.015361630279999997
0.015362697940000001
0.015363760689999997
0.01536482388
0.015365883639999998
0.015366941850000003
0.01536799667
0.015369051989999999
0.015370104119999999
0.015371153800000002
0.015372204039999997
0.015373249919999998
0.01537429628
0.015375337789999997
0.015376379499999999
0.015377418720000003
0.015378454230000003
0.015379491630000002
0.01538052391
0.015381555770000001
0.015382585960000004
0.015383616329999999
0.015384643069999999
0.015385668089999995
0.015386691359999996
0.015387712649999994
0.01538873192
0.015389752130000003
0.015390768659999998
0.015391784359999999
0.015392797639999994
0.015393809969999998
0.015394821849999995
0.015395830119999999
0.0153968386
0.015397844109999998
0.015398848339999995
0.015399851019999999
0.01540085384
0.015401853620000003
0.0154028528
0.015403849519999999
0.01540484695
0.0154058419
0.015406834309999999
0.01540782622
0.015408817069999995
0.015409806680000004
0.015410796129999998
0.01541178201
0.015412768060000002
0.0154137529
0.015414736849999998
0.01541571894
0.01541670049
0.015417680430000004
0.015418660569999994
0.015419637819999997
0.015420616069999995
0.01542159121
0.015422566070000001
0.015423538159999996
0.01542450961
0.015425481299999995
0.015426452070000008
0.015427420590000001
0.01542839002
0.015429357710000001
0.015430324119999997
0.015431289460000002
0.01543225455
0.015433216509999998
0.015434180129999996
0.015435142650000002
0.015436103629999996
0.01543706364
0.015438022290000004
0.015438980169999998
0.015439936870000002
0.015440893970000001
0.015441850920000002
0.01544280544
0.01544375995
0.015444713949999992
0.0154456656
0.015446618069999998
0.015447569979999994
0.015448520009999998
0.015449471270000004
0.015450419590000004
0.015451368160000003
0.015452316660000003
0.015453263430000001
0.015454209019999996
0.015455154779999997
0.015456100919999998
0.015457044649999996
0.015457989119999998
0.015458932980000005
0.015459874939999996
0.015460816939999997
0.015461757709999998
0.015462699730000003
0.015463640319999996
0.015464579939999999
0.015465518900000001
0.015466457830000007
0.015467396739999995
0.015468335510000004
0.015469272529999998
0.015470209180000001
0.015471144289999992
0.015472080780000001
0.015473017930000001
0.015473953470000003
0.015474887189999998
0.015475821989999996
0.015476756579999999
0.015477691500000001
0.015478624770000003
0.015479557059999998
0.01548048978
0.015481422909999995
0.015482355519999992
0.015483287049999999
0.015484217159999997
0.01548514983
0.01548608105
0.01548701227
0.015487943210000006
0.015488872669999997
0.01548980212
0.015490731830000002
0.015491661570000002
0.015492591320000006
0.015493520300000006
0.015494450069999999
0.015495379280000004
0.015496307710000004
0.015497236260000005
0.015498163920000004
0.01549909343
0.01550002021
0.015500948249999997
0.015501875599999994
0.015502803869999995
0.015503732329999995
0.015504660889999999
0.01550558813
0.015506515049999996
0.015507442809999999
0.01550837084
0.015509298380000001
0.015510226020000002
0.015511152300000004
0.015512081059999999
0.01551300768
0.01551393461
0.015514861740000004
0.015515790400000002
0.01551671857000001
0.015517646260000002
0.015518574350000001
0.015519500560000002
0.015520428690000003
0.015521357310000001
0.015522286360000003
0.015523213939999997
0.015524142510000003
0.01552507099
0.015525999860000002
0.015526928449999993
0.015527857029999998
0.015528786610000001
0.015529714889999999
0.015530643629999999
0.015531572919999997
0.015532502530000006
0.015533431760000002
0.015534361190000002
0.015535292349999999
0.015536223310000007
0.015537153480000001
0.015538083570000003
0.01553901436
0.015539944349999996
0.015540876569999999
0.015541808140000004
0.01554273853
0.01554366962
0.015544601839999998
0.015545534020000005
0.015546465699999996
0.015547399390000001
0.015548334179999996
0.015549267860000004
0.015550202240000002
0.015551137549999998
0.015552070529999996
0.015553005780000004
0.015553941719999995
0.015554877749999996
0.0155558135
0.01555675055
0.015557686969999995
0.015558626229999997
0.015559563470000004
0.015560501469999996
0.015561439899999998
0.015562379609999996
0.015563319800000001
0.015564258799999998
0.015565199090000004
0.015566140120000002
0.015567080020000002
0.015568021710000006
0.015568963549999997
0.015569906449999999
0.015570849739999998
0.015571792160000007
0.015572736120000003
0.015573679800000004
0.01557462362
0.015575568159999999
0.015576513499999993
0.01557746066
0.015578407939999999
0.015579355110000002
0.015580302710000002
0.01558125091
0.015582199400000003
0.01558314889
0.015584098600000006
0.015585050389999999
0.015586002039999998
0.015586953939999999
0.015587906690000002
0.015588860069999997
0.01558981265
0.015590765999999999
0.015591721289999996
0.015592675689999995
0.015593631949999999
0.01559458874
0.015595545620000002
0.015596504670000004
0.01559746145
0.015598421760000003
0.01559938118
0.015600342049999999
0.015601302540000004
0.015602264349999999
0.015603226839999998
0.015604189379999996
0.015605154550000002
0.01560611918
0.015607085180000004
0.01560805107
0.015609017349999999
0.015609985279999999
0.01561095341
0.015611921830000004
0.015612890950000003
0.015613862079999999
0.015614832319999999
0.015615803969999995
0.015616774919999998
0.015617747189999998
0.015618720769999999
0.01561969494
0.015620671540000002
0.015621648259999996
0.015622625810000004
0.015623603829999997
0.01562458258
0.01562556217
0.01562654139
0.015627521649999997
0.015628502930000003
0.01562948498
0.01563046864
0.015631452599999995
0.015632437470000003
0.015633422479999996
0.015634409519999996
0.01563539824
0.015636385279999998
0.01563737408
0.015638364400000007
0.015639354829999997
0.015640346809999997
0.015641339779999996
0.015642334269999995
0.01564332782
0.015644322769999996
0.015645317849999996
0.015646314889999995
0.015647312370000003
0.01564831305
0.015649311489999998
0.01565031106
0.015651313999999996
0.015652316099999997
0.015653319050000006
0.01565432372000001
0.015655326669999997
0.01565633211
0.015657340309999993
0.015658346900000005
0.01565935607
0.01566036423999999
0.015661375930000002
0.015662388080000006
0.015663399900000007
0.015664411520000004
0.015665425820000002
0.01566644132
0.01566745609
0.015668473750000002
0.015669491110000003
0.015670510440000004
0.015671530819999998
