0.08334261714
0.06727496896000001
0.05802176440000001
0.04994261972
0.04364147784000001
0.038817757880000005
0.03530331572
0.03283338477999998
0.030748485440000004
0.028866382639999993
0.027456067840000008
0.026391561619999986
0.02543975965999999
0.024382297459999994
0.023603125330000006
0.02299198485999999
0.02245790327999999
0.02198312852
0.02155953325
0.021182096440000003
0.02084706575
0.020551125809999994
0.0202910073
0.02006344132
0.019865247410000005
0.019693473020000005
0.01954543772
0.019418660460000004
0.019310749369999995
0.01921932859
0.019142079470000004
0.019076799640000003
0.019021418949999997
0.018973894919999998
0.01893189166
0.018891827990000006
0.018845318749999992
0.018761582670000002
0.01856661247
0.01841680128
0.01834028935
0.01824563042
0.01806554497
0.01793350838
0.01787475219
0.01783297443
0.017767431769999998
0.01759830567
0.017454874750000002
0.017411522609999997
0.017397556149999997
0.01739379566
0.01739487204
0.017398995400000002
0.017405386700000004
0.01741357481
0.01742321772
0.017434033259999995
0.017445768700000003
0.017458204349999996
0.017471141330000002
0.017484385880000005
0.017497753510000002
0.01751104944
0.017524057430000003
0.017536502479999997
0.01754802209
0.017558053480000002
0.017565664260000006
0.01756913131
0.01756480183
0.017543677110000003
0.017480354740000002
0.017328216659999996
0.017179072539999996
0.01706469175
0.016896302489999997
0.016789773840000004
0.016760580100000005
0.016751861860000005
0.016747413130000006
0.01674170611
0.01673016279
0.01670463137
0.01664500364
0.016523453690000002
0.01641696933
0.016384983
0.016382031129999995
0.01638726751
0.01639492631
0.016403369980000006
0.016412012420000007
0.016420459480000003
0.016428234049999997
0.016434617930000006
0.016438357209999997
0.01643700947
0.01642524783
0.016390106039999998
0.016302092839999994
0.01616525849
0.01609356624
0.016075085900000004
0.01607249336
0.016074698889999996
0.016078048310000002
0.016080413300000002
0.01607935354
0.016070524439999997
0.016044259749999998
0.015978171140000004
0.015851553879999994
0.015753476089999996
0.01572661907
0.015725548649999997
0.015732147430000003
0.015741273370000003
0.01575140594
0.015762050519999994
0.015773012099999997
0.015784182849999998
0.01579550045
0.0158069208
0.01581840364
0.015829924510000003
0.015841456210000007
0.015852971090000004
0.015864438880000005
0.01587582522
0.01588708473
0.015898153939999996
0.015908949800000002
0.015919341879999997
0.015929124190000005
0.015937944779999998
0.01594513469
0.015949287879999996
0.015946907420000003
0.01592731372
0.015851769459999995
0.015681751190000003
0.015583065809999989
0.015554720020000003
0.015548242220000001
0.01554963231
0.015554672429999998
0.015561743240000002
0.015570068410000004
0.015579219220000003
0.015588923820000003
0.015599005810000002
0.01560934042
0.015619840550000002
0.015630439970000003
0.015641092240000005
0.015651761160000003
0.01566241956
0.015673046660000002
0.015683626140000004
0.01569414488
0.015704598119999996
0.015714975400000004
0.01572526872
0.015735476099999996
0.015745594689999996
0.01575562128
0.01576555669
0.015775395069999996
0.01578514018
0.01579479021
0.0158043432
0.01581380011
0.015823160370000002
0.015832425610000006
0.01584159409
0.015850666319999995
0.015859644830000002
0.015868527309999998
0.01587731656
0.01588601333
0.01589461831
0.01590312876
0.015911548130000005
0.015919874889999998
0.01592811299
0.015936260560000005
0.015944317279999995
0.01595228308
0.015960160190000003
0.015967947570000002
0.015975649329999998
0.015983259740000005
0.01599078005
0.015998211100000003
0.01600555057
0.01601280038
0.01601995546
0.016027013470000004
0.01603397549
0.016040834300000004
0.01604758579
0.01605422287
0.016060738949999997
0.01606711956
0.016073349000000004
0.016079405280000004
0.01608525279
0.016090844740000002
0.01609610788
0.01610092319
0.016105100360000003
0.01610829273
0.016109839299999998
0.016108321319999997
0.016100192370000002
0.0160747526
0.0159954544
0.015829502240000005
0.01573670564
0.015710680070000003
0.015703323909999997
0.015701547989999995
0.015701719109999998
0.01570287779
0.01570469613
0.015706991009999997
0.015709630389999996
0.015712509599999997
0.01571553772
0.01571864194
0.01572175223
0.015724799940000003
0.015727706249999997
0.01573036856
0.015732645299999997
0.015734320590000003
0.015735031530000002
0.015734125189999996
0.015730272440000005
0.01572037088
0.01569560857
0.01562526318
0.015453030190000001
0.015338669819999998
0.015305923549999996
0.015295031669999999
0.015291263789999995
0.015290512289999994
0.015291324140000005
0.015293070270000002
0.01529542484
0.015298197890000002
0.015301265760000002
0.015304548240000009
0.015307992519999997
0.015311554349999996
0.015315204069999998
0.015318924219999997
0.015322691109999998
0.015326499290000002
0.015330332950000001
0.015334188980000003
0.015338060680000001
0.015341938920000003
0.015345823579999996
0.015349710439999997
0.015353599200000002
0.015357484129999996
0.015361364950000001
0.015365242259999998
0.01536911118
0.015372972610000002
0.015376825420000002
0.0153806695
0.01538450047
0.015388322789999995
0.015392134690000003
0.01539593353
0.01539972268
0.015403499620000006
0.015407263850000004
0.015411017229999996
0.015414757050000004
0.015418484399999998
0.015422200440000002
0.015425902990000002
0.015429595059999999
0.015433274149999999
0.015436940129999995
0.015440594760000002
0.015444238289999997
0.015447868439999998
0.015451487949999999
0.015455095229999995
0.015458692000000001
0.015462275899999997
0.015465849189999999
0.01546941089
0.015472960210000006
0.01547650056
0.015480028669999996
0.015483544419999995
0.015487052339999998
0.015490546829999998
0.0154940326
0.015497505480000002
0.01550096777
0.015504420019999998
0.01550786049
0.015511289550000005
0.015514707970000001
0.01551811492
0.015521509570000001
0.015524893889999997
0.015528264959999998
0.015531623159999999
0.015534972519999999
0.015538307030000005
0.015541632730000001
0.015544944050000004
0.015548242270000005
0.01555152839
0.01555480389
0.01555806278
0.015561310660000004
0.015564543480000002
0.0155677654
0.01557097182
0.015574166629999999
0.015577344139999998
0.015580509150000001
0.015583661960000003
0.01558679929
0.01558992283
0.015593031039999997
0.015596125380000003
0.015599207229999997
0.015602273950000002
0.015605325279999995
0.01560836198
0.015611383219999999
0.015614390449999998
0.015617382729999994
0.015620359080000003
0.015623320169999996
0.015626268230000004
0.01562919837
0.01563211413
0.01563501517
0.015637898980000002
0.01564076755
0.015643620869999996
0.01564645837
0.015649280190000003
0.015652087210000002
0.015654879180000005
0.0156576537
0.0156604151
0.01566315886
0.015665887640000004
0.01566859972
0.01567129922
0.01567397993
0.015676646760000003
0.015679300000000004
0.015681936589999997
0.015684559310000002
0.01568716568
0.015689758260000002
0.015692335999999994
0.015694898980000004
0.015697449089999996
0.015699983049999998
0.015702504929999996
0.01570501242
0.01570750536
0.015709986229999993
0.015712452100000007
0.015714906789999997
0.015717348070000005
0.01571977782
0.015722192359999998
0.01572459461
0.01572698696
0.015729364299999996
0.01573173149
0.015734085749999998
0.01573642946
0.015738759030000004
0.015741081459999997
0.01574339005
0.015745690570000002
0.015747977620000003
0.01575025574
0.01575252176
0.01575477881000001
0.015757024610000003
0.015759260250000004
0.015761486860000003
0.015763703380000004
0.015765910349999992
0.015768109550000006
0.01577029806
0.01577247843
0.01577465011
0.01577681369
0.01577896664
0.015781111400000002
0.015783248849999997
0.015785379409999994
0.015787499769999998
0.015789612140000003
0.01579171946
0.0157938163
0.015795907940000003
0.015797991170000004
0.01580006843
0.015802139229999995
0.015804201549999997
0.01580625963
0.015808307210000004
0.015810350049999995
0.01581238637
0.01581441519
0.015816438239999998
0.015818456209999998
0.01582046676
0.01582247319
0.01582447365
0.01582646852
0.015828455700000004
0.015830439460000005
0.015832416240000004
0.015834389029999996
0.015836356500000003
0.01583831909
0.015840277530000006
0.015842230439999997
0.015844177950000003
0.0158461206
0.015848059499999997
0.015849994109999998
0.01585192256
0.01585384792
0.01585576926
0.015857687349999997
0.015859598790000002
0.01586150555
0.015863410970000005
0.015865312889999997
0.015867210330000003
0.01586910315
0.015870993979999998
0.015872880289999995
0.01587476261
0.015876643050000003
0.015878519140000002
0.015880390150000003
0.015882259439999994
0.01588412675
0.01588598953
0.015887847349999998
0.01588970412
0.015891558019999998
0.015893407739999997
0.015895258459999995
0.01589710333
0.015898944959999998
0.015900784970000005
0.015902620189999998
0.015904455829999997
0.015906287400000003
0.01590811637
0.015909944649999997
0.015911767889999998
0.01591358944
0.015915410189999996
0.01591722775
0.015919041979999996
0.015920853740000004
0.01592266636
0.015924475860000002
0.01592628325
0.01592808736
0.015929889570000005
0.015931689250000002
0.01593348806
0.015935285929999994
0.015937079889999994
0.0159388731
0.015940663719999998
0.015942454260000002
0.015944241240000004
0.01594602583
0.015947809629999997
0.01594959229
0.01595137224
0.01595315097
0.015954926709999998
0.015956700119999997
0.015958471629999995
0.01596024344
0.015962012669999998
0.015963782280000005
0.015965549399999997
0.015967313009999998
0.01596907631
0.015970837260000002
0.01597259606
0.01597435495
0.015976111260000002
0.015977866680000005
0.015979618529999996
0.01598137069
0.01598312126
0.015984869979999997
0.015986617160000004
0.015988362840000006
0.015990108280000005
0.015991851209999998
0.015993593480000002
0.015995335019999998
0.01599707315000001
0.015998808429999997
0.016000545550000002
0.0160022793
0.016004013249999997
0.016005744229999997
0.01600747404
0.016009202549999997
0.016010928100000005
0.016012653789999998
0.016014377830000003
0.0160161008
0.016017822049999998
0.016019542
0.016021258889999997
0.016022974769999997
0.016024690580000004
0.01602640482
0.016028117340000002
0.016029828269999994
0.01603153738
0.0160332444
0.01603495308
0.016036656410000003
0.01603835969
0.01604006288
0.01604176244
0.016043462540000004
0.016045161180000003
0.01604685702
0.016048553099999998
0.016050245890000002
0.016051939269999996
0.01605362838
0.016055318380000003
0.016057005600000004
0.01605868907
0.016060372800000007
0.016062055479999997
0.016063735730000007
0.016065414950000002
0.016067093379999998
0.01606876975
0.01607044419
0.01607211674
0.016073788279999997
0.01607545781
0.01607712637
0.016078794539999997
0.016080459290000005
0.016082125130000003
0.01608378495
0.016085446729999998
0.016087106829999996
0.01608876208
0.01609041696
0.016092070529999992
0.016093722200000004
0.016095370939999992
0.016097019079999997
0.016098666500000004
0.01610031124
0.01610195622
0.016103596630000005
0.01610523334
0.016106872690000003
0.01610850882
0.016110141949999997
0.016111774190000004
0.016113403749999998
0.016115033380000005
0.01611666022
0.016118286130000003
0.01611990955
0.016121531420000005
0.016123150009999997
0.016124767519999993
0.016126383759999998
0.01612799766
0.01612960964
0.01613121891
0.01613282661
0.01613443364
0.016136035860000005
0.01613763615
0.016139235609999997
0.016140833490000003
0.016142428579999996
0.016144022
0.016145612929999994
0.01614720286
0.016148789349999994
0.01615037413
0.016151957169999995
0.016153537799999996
0.016155116359999996
0.01615669311
0.016158267910000003
0.016159841339999998
0.016161410990000003
0.01616297972
0.01616454454
0.016166107459999995
0.01616766924
0.01616923012
0.01617078607
0.016172340360000002
0.016173895709999993
0.016175445269999998
0.01617699471
0.01617854077
0.016180084679999998
0.016181626440000003
0.016183167349999993
0.016184703100000003
0.01618623945
0.016187772599999997
0.01618930513
0.016190834739999996
0.016192361180000003
0.01619388551
0.0161954074
0.016196929109999994
0.016198448009999998
0.016199963079999997
0.01620147735
0.01620299138
0.016204502570000005
0.016206011009999993
0.01620751863
0.016209022619999996
0.01621052601
0.01621202527
0.016213524560000005
0.016215021770000004
0.016216517830000006
0.016218011580000004
0.016219503410000002
0.016220993379999996
0.016222481650000002
0.016223968319999994
0.016225454349999998
0.01622693699
0.01622841844
0.01622989742
0.016231376350000003
0.016232855570000003
0.01623433063
0.01623580445
0.01623727842
0.016238750009999997
0.01624022281
0.0162416924
0.01624316146
0.016244628289999993
0.016246094800000003
0.016247560050000002
0.016249024029999996
0.016250485749999998
0.01625194911999999
0.01625340959
0.01625487003
0.016256330459999996
0.01625778927
0.01625924739
0.016260704220000005
0.01626216108
0.01626361849
0.016265073900000003
0.016266529640000003
0.01626798419
0.016269438779999996
0.016270890539999992
0.01627234401
0.01627379895
0.01627525187
0.01627670331
0.016278157359999997
0.01627960918
0.016281061739999998
0.016282512259999996
0.016283963510000003
0.016285414239999994
0.016286865399999996
0.016288318010000007
0.01628976776
0.016291219589999996
0.016292670549999996
0.016294121139999996
0.01629557265
0.01629702448
0.01629847356
0.01629992457
0.01630137505
0.016302826590000003
0.01630427783
0.016305729810000003
0.016307182079999993
0.01630863248
0.01631008403
0.016311535170000006
0.01631298612
0.016314438219999994
0.016315890089999997
0.01631734211
0.0163187937
0.016320245950000003
0.01632169688
0.016323147760000004
0.016324598750000002
0.01632605216
0.016327502259999994
0.016328954290000003
0.016330406210000002
0.01633185584
0.016333308200000004
0.016334758799999998
0.016336211429999997
0.01633766298
0.016339113619999998
0.01634056454
0.016342015449999997
0.016343468210000003
0.01634491656
0.0163463678
0.01634781875
0.016349270709999995
0.016350718559999998
0.016352166839999994
0.01635361662
0.016355065249999995
0.01635651228
0.016357959760000002
0.016359408449999998
0.016360855320000003
0.016362302199999998
0.01636374963
0.01636519405
0.01636664075
0.01636808616
0.016369532610000005
0.01637097748
0.016372422010000002
0.016373864529999997
0.01637530959
0.01637675122
0.01637819304
0.016379635540000003
0.01638107558
0.016382515
0.016383953500000003
0.01638539207
0.016386830370000004
0.016388268259999998
0.016389703519999993
0.01639113941
0.016392572669999994
0.01639400877999999
0.016395444449999998
0.016396874520000004
0.016398305230000004
0.01639973557
0.016401165780000008
0.016402596650000004
0.01640402472
0.016405451489999997
0.01640687809
0.016408302029999995
0.016409726600000004
0.01641115246
0.016412574969999996
0.01641399681
0.016415417850000006
0.016416837509999994
0.01641825549
0.016419673189999998
0.016421090520000004
0.01642250541
0.01642391809
0.016425330339999995
0.016426742530000003
0.01642815313
0.0164295631
0.01643097129
0.016432378580000004
0.01643378359
0.016435187820000002
0.016436591650000002
0.016437994539999994
0.01643939564
0.01644079414
0.016442193209999997
0.016443590349999995
0.016444986449999994
0.016446380110000002
0.0164477725
0.01644916531
0.016450553139999994
0.016451943219999998
0.016453330069999998
0.016454716019999996
0.01645610038
0.01645748343
0.01645886454
0.016460244910000005
0.01646162386
0.01646299978
0.016464372829999997
0.0164657447
0.01646711754999999
0.01646848877
0.016469858809999998
0.01647122419
0.016472591290000005
0.0164739556
0.01647531808
0.016476680940000005
0.01647804029
0.016479398930000003
0.01648075606
0.016482108429999996
0.01648346157
0.01648481328
0.016486163600000003
0.016487510570000002
0.016488856599999994
0.016490201079999996
0.01649154358
0.016492884989999998
0.016494223919999995
0.01649556158
0.016496896980000002
0.016498229500000003
0.01649956097
0.01650089015
0.01650221854
0.016503545860000007
0.01650487066
0.016506192650000005
0.016507513989999997
0.016508834340000004
0.01651015212
0.01651146604
0.01651278025
0.01651409099
0.016515399640000004
0.01651670622
0.016518012789999995
0.016519314829999996
0.01652061349
0.016521912209999996
0.01652320822
0.01652450152
0.01652579354
0.016527082270000007
0.01652836936
0.0165296541
0.016530936899999998
0.01653221846
0.016533494820000005
0.01653477091
0.01653604477
0.01653731618
0.016538584150000004
0.016539849340000006
0.016541114199999995
0.016542375259999995
0.016543633069999997
0.01654488574
0.016546139070000004
0.016547388050000004
0.016548633200000006
0.01654987659
0.016551116440000003
0.016552352979999997
0.016553586280000004
0.016554815949999996
0.01655604158
0.016557264859999997
0.016558483649999997
0.016559697810000006
0.01656090929
0.016562114929999996
0.01656331518
0.016564513189999998
0.016565705559999998
0.01656689417
0.01656807649
0.01656925192
0.016570423410000003
0.01657158753
0.016572746300000003
0.0165738961
0.01657503814000001
0.01657617228
0.016577298539999997
0.016578412199999996
0.0165795176
0.016580608400000002
0.01658168817
0.016582754699999997
0.01658380376
0.0165848343
0.01658584639
0.016586834480000003
0.0165877974
0.01658873029
0.01658962939
0.016590488110000003
0.01659129665
0.01659204818
0.016592731389999997
0.016593329620000003
0.016593818719999997
0.016594172070000003
0.01659434916
0.016594290989999996
0.0165939123
0.016593077279999997
0.01659156621
0.016588993839999996
0.016584627839999998
0.01657691492
0.01656200392
0.016528190579999998
0.01643351095000001
0.016235671930000004
0.016145068250000002
0.01612123597
0.016112228499999996
0.016108301090000002
0.016106632040000003
0.016106124659999995
0.016106271100000003
0.01610681171
0.0161075977
0.01610854221
0.016109592479999997
0.016110715419999998
0.01611188652
0.016113091309999997
0.016114319880000002
0.01611556311
0.016116814750000003
0.01611807366
0.016119334729999994
0.016120597789999996
0.016121859380000002
0.01612312088
0.016124379199999997
0.016125635040000006
0.016126889759999995
0.016128137570000006
0.016129384950000002
0.016130627449999994
0.016131867860000003
0.016133104649999997
0.016134338669999998
0.01613556934
0.016136796560000003
0.01613802313
0.016139245169999993
0.016140465519999998
0.01614168422
0.016142898949999998
0.016144112489999998
0.01614532363
0.01614653201
0.01614774016
0.016148945699999997
0.01615014683
0.01615134775
0.01615254728
0.016153742769999993
0.01615493971
0.016156134749999995
0.01615732869
0.016158520569999998
