0.08563421242000001
0.07783827906
0.07420506594
0.07145473825999998
0.06876419972000002
0.06602951700000001
0.06332682624000001
0.06074565128
0.058346791760000016
0.05615215558
0.05414911206000001
0.052307091320000006
0.05059455524
0.048984909000000014
0.047454125319999985
0.04598733182000001
0.04458983425999999
0.04327327113999999
0.042044046679999995
0.040907939420000004
0.03986772962000001
0.03891974322
0.03805482606
0.037260844
0.0365248027
0.03583387056
0.03517606412000002
0.034541928900000005
0.03392725906
0.03333396311999999
0.03276594034
0.032223903160000004
0.03170524082
0.031206996859999992
0.03072642555999999
0.030259180780000002
0.02980131354
0.029353487620000004
0.028918342259999997
0.028494104560000007
0.028071773420000005
0.02763487974000001
0.0271656169
0.02666501924000001
0.026162826600000005
0.025701820700000013
0.025299756989999995
0.024940930180000005
0.02460601508
0.024280388339999993
0.023953278290000005
0.02361855937
0.02327731108000001
0.02294031571999999
0.022622777509999997
0.022332708580000006
0.02207041921000001
0.021833553619999994
0.02161886938
0.021422828
0.021242140089999997
0.02107404953
0.020916378789999995
0.020767442409999996
0.02062593963
0.02049085011
0.020361359369999995
0.020236773130000003
0.020116475729999993
0.01999985834
0.01988627749
0.019774978350000007
0.019665017760000004
0.019555174249999994
0.0194438923
0.019329427860000005
0.019210447939999993
0.01908732604
0.018963257249999997
0.018843400770000004
0.018731991079999996
0.01863059294000001
0.01853864679
0.018454760800000004
0.018377498089999996
0.018305671099999997
0.01823838142
0.018174965739999997
0.018114937709999997
0.018057941030000003
0.018003694970000005
0.017951971580000003
0.017902585049999996
0.017855366119999997
0.017810155180000002
0.017766789869999997
0.017725116449999998
0.01768496383
0.017646140799999998
0.0176084285
0.01757156307
0.017535208250000003
0.01749892615
0.017462111139999997
0.0174239269
0.017383185389999996
0.01733825686
0.017287125950000003
0.017228043340000002
0.017161287639999995
0.01709122368
0.017025097619999995
0.01696817314
0.01692137859
0.016883125409999998
0.016851372970000004
0.016824443699999997
0.016801132479999994
0.01678060067
0.016762277160000002
0.016745768220000002
0.016730795790000003
0.016717162310000006
0.01670472032
0.016693359139999996
0.01668298747
0.016673536489999998
0.016664945759999997
0.01665716182000001
0.016650135150000002
0.01664382721
0.016638195839999995
0.01663320754
0.016628822500000005
0.0166250078
0.016621734939999994
0.01661896876
0.01661668001
0.01661484075
0.016613424920000005
0.01661240565
0.016611759799999997
0.016611463040000003
0.016611493179999996
0.01661183128
0.016612456289999997
0.016613352650000003
0.016614501539999996
0.01661589099
0.016617502969999996
0.016619325480000002
0.01662134803999999
0.016623555890000002
0.016625936169999998
0.01662848773
0.01663119623
0.016634048830000005
0.016637044139999994
0.016640170100000004
0.016643421789999998
0.016646792449999996
0.01665027732
0.01665386868999999
0.016657562820000003
0.01666135498
0.016665237769999994
0.016669208129999995
0.016673264209999997
0.01667739733
0.016681607850000002
0.016685888519999994
0.016690239419999996
0.016694652480000002
0.016699131769999997
0.016703668540000004
0.016708258740000002
0.016712902709999998
0.016717597840000004
0.016722340590000002
0.016727128919999997
0.016731955869999995
0.016736823970000002
0.016741731410000002
0.016746670130000002
0.016751643370000003
0.016756644789999994
0.016761677389999997
0.0167667383
0.016771821399999994
0.016776926900000003
0.016782054850000002
0.016787202609999996
0.016792370140000002
0.016797551549999994
0.016802748740000005
0.01680795971
0.016813184359999997
0.016818420269999995
0.016823665739999997
0.01682892209000001
0.016834185559999996
0.016839458229999996
0.016844735
0.016850019740000003
0.016855310089999995
0.01686060411
0.016865902529999997
0.016871199950000002
0.016876503360000007
0.01688180885
0.01688711425
0.01689242052
0.016897725990000004
0.01690303209
0.016908336250000003
0.016913639959999997
0.016918941420000003
0.016924239739999996
0.01692953643
0.016934829389999996
0.01694011835
0.01694540235
0.016950684459999997
0.01695595976
0.01696122813
0.016966491530000002
0.016971747979999993
0.016977000060000004
0.01698224194
0.0169874757
0.01699270075
0.016997918859999996
0.017003125650000003
0.01700832332
0.017013510600000004
0.01701868541
0.01702385049
0.01702900071
0.017034139429999998
0.017039262580000006
0.01704437056
0.01704946362
0.017054537840000005
0.017059594150000006
0.017064631250000004
0.017069649279999995
0.017074642620000004
0.01707961512
0.01708455963
0.017089477129999996
0.017094364629999997
0.017099218109999998
0.017104035939999998
0.017108817710000005
0.0171135524
0.01711824244
0.017122879620000003
0.017127458620000004
0.017131975199999996
0.0171364164
0.01714077754
0.01714504527
0.017149210479999996
0.017153252110000003
0.017157155010000005
0.017160898469999998
0.017164454659999998
0.017167787820000006
0.01717085677
0.01717361151
0.017175980879999997
0.017177881959999995
0.017179200359999997
0.017179784969999997
0.017179436310000008
0.01717787955
0.017174738869999994
0.017169483189999998
0.017161382240000005
0.017149421610000003
0.017132265640000005
0.01710834296
0.01707631084
0.01703623817
0.016991249030000002
0.016947552839999998
0.016911045770000004
0.016883946809999995
0.016865288999999995
0.016853056479999996
0.01684540237
0.01684095608
0.01683875119
0.01683812196
0.016838604719999997
0.01683987782
0.016841705369999998
0.01684392466
0.016846423019999997
0.01684911966
0.016851956240000004
0.016854902129999995
0.016857931540000003
0.016861025789999994
0.01686417902
0.016867383570000002
0.016870634169999996
0.016873931730000003
0.016877272019999997
0.01688065197
0.016884074279999994
0.016887535560000003
0.01689103541
0.016894572570000002
0.016898145749999996
0.016901751540000003
0.01690539326
0.016909063350000003
0.016912761580000005
0.016916491210000006
0.016920246639999997
0.016924027919999998
0.016927835059999997
0.016931663220000004
0.016935514050000003
0.016939382520000004
0.01694327178
0.01694717802
0.01695109819
0.01695503426
0.01695898259
0.016962945479999998
0.016966918710000004
0.016970903519999997
0.016974898059999993
0.016978899599999996
0.016982909219999995
0.016986927029999998
0.016990949879999998
0.016994978629999997
0.01699901185
0.017003048529999995
0.01700709092
0.017011133879999994
0.017015179560000003
0.01701922642
0.017023272950000005
0.01702732154
0.01703136984
0.017035417469999998
0.017039463589999998
0.01704350762
0.017047551090000005
0.01705159074
0.017055629729999994
0.017059665209999998
0.017063697219999997
0.01706772378
0.01707174808
0.017075766780000005
0.017079779369999996
0.017083790130000002
0.017087795770000008
0.01709179255
0.017095787670000005
0.01709977571
0.01710375655
0.017107732589999997
0.017111701000000007
0.017115663589999993
0.017119618870000002
0.01712356877
0.017127511569999997
0.01713144481
0.017135369540000004
0.01713928887
0.01714319852
0.01714710326
0.017150997209999998
0.017154885300000006
0.017158762350000002
0.01716263371
0.01716649715
0.01717035158
0.017174196599999997
0.017178030740000003
0.017181859650000006
0.01718567905
0.01718948649
0.017193288020000003
0.01719707844
0.017200860410000005
0.017204632480000003
0.01720839583
0.017212150109999998
0.017215895199999994
0.017219629459999997
0.01722335512
0.017227070240000003
0.01723077578
0.017234471140000006
0.017238155890000006
0.01724182913
0.017245494889999997
0.017249148349999997
0.017252792430000007
0.017256425629999995
0.01726005
0.017263663310000007
0.01726726802
0.01727086115
0.017274443680000005
0.017278015089999998
0.017281575500000004
0.017285124340000006
0.017288661940000002
0.0172921891
0.017295703450000005
0.01729920899
0.01730270346
0.01730618349
0.01730965375
0.01731311324
0.01731655805
0.017319991849999997
0.01732341444
0.01732682446
0.01733022048
0.01733360587
0.017336975190000006
0.017340332979999998
0.01734367811
0.017347009990000002
0.017350326689999997
0.01735362897
0.017356914539999994
0.017360186459999996
0.017363446040000004
0.01736668819
0.017369913479999995
0.017373123230000002
0.01737631513
0.01737948901
0.017382641499999997
0.017385777450000008
0.017388895130000002
0.017391989729999998
0.01739506549
0.01739811638
0.01740114234
0.017404144229999995
0.01740711791
0.017410066079999998
0.0174129825
0.017415865349999997
0.01741871454
0.017421523680000002
0.01742429379
0.017427019129999995
0.01742969596
0.01743232292
0.01743488914
0.017437392589999996
0.017439821419999998
0.017442171819999998
0.017444428949999997
0.017446584239999997
0.017448622190000006
0.01745052465
0.01745226784
0.017453830579999996
0.01745517548
0.017456263099999998
0.01745704335
0.017457444249999995
0.017457382330000003
0.01745674252
0.017455370499999998
0.017453054559999993
0.017449498810000005
0.017444283470000002
0.01743679355
0.017426118749999997
0.017410893880000004
0.017389121880000004
0.01735817371
0.01731581841
0.017263589840000003
0.017210080670000006
0.017165608299999996
0.017133646249999995
0.01711197994
0.017097401829999997
0.01708750387
0.017080741510000004
0.01707613393
0.017073061589999997
0.01707110853
0.017069995450000004
0.017069521880000004
0.017069545189999997
0.01706995683
0.017070676440000005
0.017071638870000006
0.01707279908
0.017074116549999997
0.01707556102
0.017077106879999998
0.01707873851
0.0170804366
0.017082194960000005
0.017083999080000002
0.017085841209999997
0.017087715070000002
0.017089618079999997
0.017091543350000002
0.017093488580000003
0.01709545201
0.017097430599999994
0.017099424260000006
0.01710142705
0.01710344115
0.01710546669999999
0.017107498970000003
0.01710953741
0.017111583660000002
0.017113639490000002
0.0171156982
0.01711776309
0.017119832550000002
0.017121907770000003
0.017123987670000004
0.017126072160000002
0.01712815961
0.017130252390000003
0.017132346500000003
0.017134444600000007
0.01713654375
0.017138648470000004
0.01714075012
0.017142856289999994
0.017144963639999997
0.017147070389999998
0.01714918077
0.01715128826
0.017153396890000006
0.01715550389
0.01715761141
0.017159718379999994
0.017161822910000003
0.017163927589999996
0.017166029319999998
0.01716812917
0.017170226229999995
0.017172318660000005
0.01717441110000001
0.01717649597
0.017178580309999997
0.01718065756
0.017182731049999997
0.017184801359999998
0.01718686364
0.017188921230000005
0.017190970619999996
0.017193012460000004
0.01719504727
0.017197074860000005
0.017199093050000003
0.01720110226
0.017203100400000004
0.01720508687
0.017207062290000002
0.017209026899999997
0.017210980639999998
0.017212918479999995
0.017214841770000003
0.01721674724
0.017218634360000002
0.01722050713
0.01722235699
0.017224187830000005
0.017225995480000006
0.017227779329999995
0.01722953741
0.01723126442
0.017232961390000003
0.017234625269999998
0.017236250220000002
0.017237836590000003
0.017239377250000007
0.017240871159999994
0.017242311219999994
0.017243692069999997
0.01724500716
0.017246250450000004
0.017247413039999996
0.01724848154
0.017249447990000003
0.017250293139999998
0.01725100375
0.01725155542
0.01725192761
0.017252083369999997
0.01725198805
0.017251588900000003
0.01725082811
0.017249632329999993
0.017247899279999993
0.01724550435
0.017242286580000002
0.0172380429
0.017232501609999996
0.01722531778
0.017216034969999995
0.01720405311000001
0.017188545440000008
0.017168360359999996
0.017141843079999993
0.01710656427
0.017058973109999997
0.016994483529999996
0.01691016102
0.01681310288
0.01672405246
0.01665839319
0.016614723500000005
0.016585732630000002
0.016565731350000005
0.016551329999999996
0.016540584839999994
0.016532344249999997
0.01652588477
0.016520737670000004
0.01651658069
0.01651319019
0.01651040735
0.016508117879999996
0.016506238140000004
0.016504702619999995
0.016503465800000002
0.016502486590000007
0.016501736090000003
0.01650118563
0.0165008118
0.016500592860000003
0.016500512720000002
0.016500555670000007
0.01650070798
0.01650095535
0.016501289569999994
0.016501696429999997
0.016502169920000004
0.01650270058
0.01650327936
0.01650390078
0.016504558790000002
0.01650524617
0.016505955080000002
0.01650668247
0.016507419720000003
0.016508161920000004
0.01650890181
0.016509632280000006
0.016510349990000003
0.01651104479
0.01651171032
0.01651233653
0.016512916050000003
0.016513436989999998
0.01651388982
0.016514259700000002
0.01651453319
0.01651469321
0.016514721359999998
0.01651459569
0.016514284570000003
0.01651376271
0.016512989570000004
0.016511917890000002
0.01651048933
0.016508636559999998
0.01650626499
0.01650326452
0.016499486800000004
0.0164947375
0.016488756870000003
0.016481189369999996
0.016471536559999996
0.016459096180000004
0.016442847840000004
0.01642131961
0.016392458640000006
0.01635384822
0.016304250330000002
0.01624748281
0.016194085470000005
0.016152885550000003
0.016124172500000002
0.016104091480000002
0.016089129730000006
0.01607693623
0.016065923319999998
0.016054851859999997
0.01604253309
0.016027566620000003
0.016008061369999996
0.015981375060000004
0.01594421518
0.01589427319
0.015834497679999997
0.01577556794
0.015728227790000004
0.015694948849999998
0.01567262085
0.01565758161
0.015647237270000006
0.015639966470000002
0.01563477034
0.015631021470000003
0.01562830634
0.015626353340000003
0.015624971060000001
0.015624027649999999
0.015623427969999994
0.015623101350000002
0.015622992969999997
0.01562306419
0.015623283909999999
0.01562362791
0.015624077749999996
0.015624622260000004
0.015625248420000005
0.01562594738
0.015626709269999997
0.015627533110000005
0.015628409940000004
0.01562933607
0.015630309140000003
0.01563132245
0.015632374340000005
0.015633464759999997
0.015634588720000002
0.01563574418
0.015636923510000005
0.01563813238
0.015639364710000003
0.015640620640000002
0.015641900129999997
0.01564319619999999
0.015644513099999997
0.01564584704
0.015647195859999997
0.01564856048
0.015649936570000002
0.015651327229999998
0.015652730040000003
0.01565414389
0.015655568900000003
0.01565700296
0.01565844851
0.015659900249999994
0.01566136156
0.015662829700000002
0.015664307079999995
0.015665789140000004
0.015667277010000005
0.01566877227
0.015670272250000002
0.015671776199999998
0.015673285109999997
0.015674797929999998
0.015676314219999998
0.015677835690000003
0.015679359200000003
0.015680888079999997
0.015682419179999997
0.015683953809999998
0.015685491260000003
0.0156870294
0.015688572460000005
0.01569011551
0.015691661090000003
0.01569320496
0.015694752920000003
0.015696299620000007
0.015697848750000003
0.015699397530000006
0.0157009474
0.01570249771
0.01570404851
0.015705596509999996
0.015707147989999996
0.01570870001
0.015710252710000004
0.015711803380000004
0.015713354690000004
0.015714904379999995
0.015716453789999994
0.015718003410000004
0.01571955153
0.01572109771
0.015722642180000003
0.015724184859999994
0.015725730049999997
0.01572727319
0.015728814749999997
0.015730352160000002
0.01573189157
0.01573342933
0.01573496399
0.015736498779999997
0.01573802875
0.01573955876
0.015741086009999995
0.015742611299999997
0.015744132620000004
0.015745654619999997
0.01574717251
0.01574868638
0.01575019874
0.01575170677
0.015753213409999998
0.015754717410000004
0.015756218419999996
0.015757716590000005
0.01575921257
0.015760703519999995
0.015762191999999998
0.015763676
0.015765157300000002
0.015766636460000004
0.015768110039999995
0.01576958077
0.015771048669999996
0.01577251145
0.015773970219999996
0.015775424930000004
0.01577687564
0.015778321749999998
0.01577976267
0.01578119972
0.015782632650000003
0.01578405907
0.01578548022
0.015786895410000005
0.01578830694
0.015789712070000003
0.015791111150000006
0.015792503630000006
0.015793891500000004
0.015795272399999994
0.015796645469999995
0.015798011920000007
0.015799370710000003
0.015800721069999992
0.015802064950000007
0.015803398360000002
0.015804725030000005
0.015806042349999997
0.015807350180000006
0.01580864553
0.01580993263
0.015811208710000003
0.01581247252
0.01581372255
0.0158149608
0.01581618652
0.015817395510000002
0.015818589589999998
0.01581976679
0.01582092924
0.01582206904
0.015823189419999998
0.015824289270000007
0.015825363470000003
0.015826411069999997
0.015827429549999997
0.015828419020000005
0.015829374469999994
0.01583029324
0.01583117081
0.01583200585
0.01583279111
0.015833520650000002
0.015834185110000003
0.015834781319999994
0.015835298600000002
0.0158357264
0.015836050839999997
0.015836255450000003
0.015836322969999997
0.01583622936
0.015835943749999998
0.01583543184
0.015834649270000008
0.01583353341
0.01583200973
0.015829971970000002
0.015827286119999995
0.015823763589999994
0.01581914262
0.01581304392
0.01580491939
0.01579395665
0.015778944750000003
0.015758109360000005
0.01572903865
0.01568916498
0.01563777355
0.015579702669999996
0.01552569446
0.015484306710000001
0.015456084180000001
0.01543742439
0.015424905530000003
0.015416288109999995
0.015410213409999998
0.015405860729999997
0.01540271228
0.015400428360000004
0.015398781660000003
0.015397617609999999
0.015396826120000002
0.015396325649999997
0.015396055500000004
0.015395974449999999
0.015396048460000008
0.01539624982
0.015396559690000002
0.015396962909999996
0.015397445879999996
0.015397996749999998
0.015398609469999996
0.015399273719999997
0.015399983940000002
0.015400736470000002
0.01540152647
0.015402348290000001
0.015403201770000001
0.015404081589999997
0.015404985889999999
0.015405911919999998
0.01540685866
0.015407824810000003
0.015408808069999997
0.01540980706
0.015410821519999996
0.015411846550000002
0.015412884969999999
0.015413932779999999
0.015414991379999998
0.015416059
0.015417136149999996
0.015418220249999995
0.015419312909999996
0.015420411170000004
0.015421515800000002
0.01542262565
0.015423740520000001
0.015424860610000004
0.01542598537
0.015427113970000003
0.015428248690000004
0.015429386749999994
0.015430530559999996
0.015431674610000001
0.015432822950000001
0.015433974779999996
0.015435127900000001
0.015436283359999999
0.015437440899999998
0.015438601750000001
0.015439764840000004
0.015440926510000003
0.015442093859999999
0.015443261139999996
0.015444431089999999
0.015445600820000002
0.015446772339999996
0.01544794356
0.015449115280000005
0.015450288440000006
0.01545146352
0.01545263939
0.01545381722
0.015454994579999999
0.015456171299999997
0.01545735062
0.015458528810000005
0.015459706609999997
0.015460887419999998
0.015462067819999996
0.01546324627
0.015464427530000002
0.01546560751
0.015466789129999998
0.015467967970000001
0.015469147050000003
0.015470327170000003
0.015471508079999998
0.015472687599999996
