0.09027636316000001
0.08203966562000002
0.07664485869999998
0.07299390839999999
0.0702824206
0.06805156852000004
0.06606381716000002
0.06420197244000002
0.062410471860000004
0.060664744859999994
0.05895587786000002
0.057282760239999994
0.05564805976
0.05405600771999999
0.052511226320000014
0.05101806454
0.049580196480000005
0.04820041389999999
0.04688053934
0.04562137937999999
0.04442282369999999
0.0432839253
0.04220310849999999
0.04117830446
0.040207153140000014
0.03928714106
0.038415692980000006
0.037590266100000005
0.03680838744000001
0.03606766213999999
0.03536579048
0.03470053840000001
0.03406977246
0.033471435179999995
0.0329035499
0.032364221299999996
0.03185164238
0.0313640822
0.03089990444
0.030457543539999996
0.03003552906
0.029632471559999995
0.02924706186
0.028878080219999994
0.028524388120000004
0.02818492696000001
0.027858709539999995
0.027544825379999995
0.02724243012
0.02695073811999999
0.026669020300000006
0.02639660040000001
0.026132850420000003
0.02587718924
0.02562907252
0.0253880089
0.025153544300000004
0.024925263740000005
0.024702796880000003
0.024485819879999995
0.024274054959999992
0.02406725708
0.023865226520000005
0.023667796019999993
0.02347483338
0.023286224359999993
0.023101869339999994
0.022921675720000007
0.0227455548
0.022573402580000006
0.02240510474
0.02224053558
0.02207955088
0.021922011199999994
0.02176775925999999
0.021616640179999994
0.021468505619999995
0.021323210999999995
0.02118061988
0.0210406038
0.020903042960000003
0.020767825999999996
0.02063485402
0.020504035610000006
0.020375280520000007
0.020248511880000007
0.0201236601
0.02000065687
0.019879444599999997
0.019759965419999997
0.019642166009999996
0.01952600074
0.01941142788
0.01929840094
0.019186888200000002
0.019076846789999997
0.018968247840000004
0.01886106082
0.01875525552
0.018650804640000004
0.01854768462
0.018445868999999993
0.018345338260000007
0.018246069950000002
0.018148044940000007
0.018051241739999998
0.017955645059999997
0.0178612359
0.017767998760000004
0.017675918740000005
0.017584980690000005
0.017495169500000005
0.01740647388
0.01731888102
0.01723237755
0.01714695147
0.017062591959999995
0.016979283990000003
0.01689702208
0.016815793439999997
0.016735587920000003
0.016656395419999998
0.01657820527
0.016501010169999993
0.01642479911
0.016349563230000006
0.016275295529999997
0.01620198482
0.016129621790000003
0.01605819984
0.015987710779999994
0.015918144160000005
0.01584949411
0.01578175313
0.015714913250000004
0.015648966219999998
0.015583901379999997
0.01551971522
0.015456396610000003
0.015393940450000003
0.015332337320000005
0.015271579419999994
0.01521166345
0.015152578239999999
0.01509431666
0.015036874380000002
0.014980242149999996
0.014924412459999996
0.014869376840000002
0.014815130879999997
0.014761665030000003
0.014708973379999997
0.014657048959999997
0.014605883090000002
0.014555471010000001
0.014505804559999997
0.01445687776
0.014408681090000002
0.014361208929999997
0.014314454529999996
0.014268411710000001
0.014223073830000002
0.01417843158
0.0141344807
0.014091212100000002
0.014048621140000004
0.014006700159999998
0.013965440890000005
0.013924839520000003
0.013884885290000003
0.01384557242
0.013806895509999997
0.013768848359999999
0.01373142258
0.013694610569999998
0.013658408129999997
0.013622807240000001
0.01358780023
0.013553382109999998
0.01351954735
0.013486286419999995
0.013453593989999998
0.01342146366
0.013389886630000005
0.01335885928
0.013328374150000002
0.01329842594
0.013269005569999999
0.013240109969999993
0.013211728889999996
0.013183860439999999
0.013156493029999999
0.013129623920000005
0.01310324548
0.013077353730000001
0.013051939359999997
0.013026997420000002
0.01300252171
0.012978506800000003
0.012954945499999999
0.012931834150000003
0.012909163859999996
0.012886929400000002
0.012865125860000003
0.012843747680000002
0.012822787180000001
0.01280223806
0.012782098899999999
0.012762360369999996
0.012743017570000001
0.012724063390000002
0.01270549406
0.012687305209999998
0.01266948928
0.012652041829999999
0.012634958120000005
0.012618230739999996
0.01260185519
0.01258582958
0.01257014251
0.012554796430000001
0.01253977839
0.012525089060000001
0.01251072206
0.012496670029999997
0.012482930360000003
0.01246949942
0.012456370830000008
0.01244353822
0.01243099829
0.01241874967
0.012406782730000001
0.012395096639999999
0.012383683520000004
0.012372543079999998
0.012361668330000002
0.012351056480000004
0.012340701709999997
0.01233059878
0.012320748100000002
0.012311140079999998
0.01230177502
0.012292647359999995
0.012283752250000002
0.01227508907
0.01226665089
0.012258433590000001
0.012250434640000004
0.01224264971
0.012235076299999996
0.01222771058
0.012220548739999998
0.0122135882
0.012206823
0.012200253519999997
0.012193873709999999
0.012187680219999998
0.01218167103
0.012175842539999997
0.012170191850000003
0.012164713680000001
0.012159408799999999
0.012154271020000001
0.01214929982
0.01214449057
0.012139841279999997
0.012135349889999997
0.012131011349999998
0.01212682393
0.012122786380000002
0.012118894339999998
0.012115143799999997
0.01211153568
0.01210806544
0.012104731639999998
0.01210152999
0.01209845887
0.012095517449999996
0.012092702169999999
0.012090011060000001
0.012087440279999997
0.012084989880000003
0.012082655149999993
0.012080436189999998
0.01207833164
0.012076335760000001
0.012074449569999994
0.01207266978
0.0120709942
0.012069420780000001
0.012067948419999999
0.012066575570000002
0.012065300329999999
0.012064121160000003
0.012063031809999998
0.012062035870000003
0.01206112962
0.012060312750000001
0.01205958047
0.012058932949999997
0.01205836941
0.012057888069999998
0.01205748573
0.0120571634
0.012056916549999998
0.01205674438
0.012056648419999996
0.012056624520000002
0.01205667225
0.012056786819999998
0.012056969759999998
0.012057219250000004
0.012057536160000002
0.012057916089999999
0.012058359359999998
0.012058863920000001
0.012059430039999994
0.012060054709999999
0.012060737469999997
0.012061478379999999
0.012062272319999998
0.012063123320000004
0.012064027320000002
0.012064983000000003
0.01206599018
0.012067048040000004
0.012068154659999998
0.01206931017
0.01207051086
0.012071759419999994
0.012073054189999998
0.012074392260000004
0.01207577366
0.012077198170000001
0.01207866334
0.012080170830000004
0.012081716340000003
0.012083302210000002
0.01208492694
0.012086586029999997
0.012088284920000001
0.012090019909999996
0.012091787720000002
0.012093591270000002
0.012095426780000003
0.012097297600000001
0.012099198849999998
0.012101132799999999
0.012103097439999998
0.012105091539999996
0.01210711586
0.01210916838
0.012111248860000003
0.01211335711
0.01211549259
0.012117654660000001
0.012119842209999999
0.012122055060000001
0.012124292339999999
0.01212655494
0.01212883944
0.012131147010000001
0.012133477939999996
0.012135830719999996
0.012138205490000003
0.01214059961
0.012143014899999997
0.012145452590000001
0.012147908230000002
0.012150383779999998
0.012152876490000002
0.012155390010000003
0.01215791992
0.012160467460000001
0.01216303304
0.01216561317
0.012168210829999996
0.012170824400000002
0.012173453619999998
0.012176098330000001
0.012178757140000003
0.012181431359999996
0.012184118519999999
0.012186819029999997
0.012189533340000005
0.012192261589999998
0.012195001449999998
0.012197755239999998
0.012200520359999998
0.012203298730000001
0.012206088540000002
0.012208889680000003
0.012211700910000001
0.012214522520000002
0.012217354830000002
0.012220197050000001
0.012223049469999999
0.012225912430000003
0.012228784310000003
0.012231663579999994
0.012234554410000001
0.012237452299999998
0.012240358769999998
0.012243275350000003
0.01224619788
0.012249129490000005
0.012252068219999997
0.012255014049999997
0.012257967710000001
0.01226092747
0.012263894420000003
0.012266867610000001
0.01226984694
0.012272832140000002
0.012275824060000001
0.012278821339999997
0.01228182472
0.012284834810000008
0.01228784984
0.012290867640000001
0.01229389182
0.012296921530000005
0.012299956340000003
0.012302994580000002
0.012306039730000001
0.012309087299999997
0.012312138480000002
0.012315193920000002
0.012318253350000004
0.012321315800000001
0.012324382300000002
0.012327452780000003
0.01233052562
0.012333601410000004
0.01233668127
0.012339762169999999
0.01234284675
0.012345934080000003
0.012349024650000007
0.012352119289999998
0.012355214460000001
0.01235831283
0.012361411609999998
0.012364512820000001
0.01236761724
0.012370722629999999
0.012373829069999998
0.01237693782
0.01238004831
0.01238316062
0.012386273900000001
0.012389388670000001
0.012392503110000001
0.012395620190000003
0.012398736889999994
0.012401855370000001
0.012404975349999998
0.012408096409999996
0.012411218279999999
0.01241434115
0.012417463059999998
0.012420586399999997
0.012423709329999998
0.01242683394
0.012429955980000008
0.012433080809999998
0.012436204069999996
0.012439328519999997
0.01244245389
0.01244557919
0.012448704040000001
0.012451829750000002
0.01245495343
0.012458077429999999
0.012461201679999995
0.0124643249
0.012467446509999997
0.012470568739999997
0.012473689880000005
0.012476811730000002
0.012479931789999999
0.01248305295
0.012486172220000003
0.012489291019999998
0.01249240787
0.01249552434
0.012498639459999999
0.012501754729999995
0.012504868339999997
0.012507982809999995
0.01251109508
0.012514206419999998
0.0125173162
0.01252042511
0.012523532160000002
0.012526638069999999
0.012529741630000002
0.012532845409999998
0.01253594626
0.012539047349999999
0.01254214736
0.012545244409999998
0.012548341160000006
0.01255143551
0.012554529009999999
0.012557621409999999
0.012560711880000004
0.012563799159999995
0.012566886089999998
0.01256997016
0.012573053210000002
0.012576134519999999
0.012579214829999998
0.012582292140000001
0.012585367360000002
0.01258844198
0.012591515239999997
0.012594584400000003
0.012597652519999997
0.012600719930000004
0.012603784310000001
0.012606846839999998
0.012609906990000004
0.01261296564
0.012616022309999999
0.012619075289999998
0.012622126840000003
0.01262517642
0.01262822431
0.012631269720000005
0.012634312650000002
0.012637353190000002
0.012640393060000003
0.012643430830000002
0.012646464520000001
0.012649498020000007
0.012652528159999999
0.012655556989999997
0.012658582080000006
0.012661606279999998
0.012664626949999997
0.012667645259999997
0.012670659880000004
0.01267367364
0.012676684060000004
0.01267969278
0.012682699200000005
0.012685702129999999
0.0126887033
0.012691701600000002
0.01269469775
0.012697690520000004
0.012700680720000001
0.01270366902
0.012706654349999999
0.012709639420000005
0.012712619149999995
0.012715598039999998
0.012718574230000003
0.01272154687
0.012724518360000001
0.012727485849999998
0.012730451620000001
0.01273341433
0.012736374589999997
0.012739333089999996
0.012742288709999999
0.012745240889999999
0.012748191589999998
0.01275113927
0.01275408432
0.01275702554
0.012759966229999998
0.012762903990000003
0.01276583661
0.012768766620000004
0.012771694899999997
0.01277461999
0.01277754258
0.012780462429999999
0.012783378780000004
0.012786294369999998
0.01278920739
0.012792116840000003
0.01279502196
0.012797925209999998
0.012800825149999999
0.012803722929999994
0.012806617709999999
0.012809510890000004
0.012812400259999997
0.012815287120000003
0.01281817006
0.012821050469999998
0.012823928889999996
0.012826805189999995
0.012829678680000003
0.012832549829999998
0.012835415540000006
0.012838279860000003
0.01284114165
0.012844000430000002
0.012846856239999998
0.01284970917
0.01285256035
0.01285540717
0.012858252050000001
0.012861092190000003
0.012863930629999996
0.012866764920000004
0.012869597839999995
0.012872427070000001
0.012875253070000005
0.012878078020000001
0.012880900169999994
0.012883718199999998
0.012886534319999993
0.012889345840000002
0.012892155170000006
0.012894961939999998
0.012897765760000004
0.01290056677
0.01290336583
0.012906161829999995
0.01290895484
0.012911744479999997
0.012914531930000002
0.012917315629999999
0.012920096999999998
0.012922875739999997
0.012925650399999997
0.012928423839999998
0.012931194049999997
0.012933960579999999
0.012936725290000005
0.01293948625
0.012942244109999999
0.01294500009
0.012947751979999998
0.012950501250000003
0.012953246600000003
0.01295598959
0.012958728630000001
0.012961465889999994
0.01296419919
0.012966931060000004
0.012969660600000004
0.012972385259999997
0.012975109180000005
0.012977829879999998
0.012980547569999999
0.012983260730000001
0.01298597243
0.012988680249999997
0.012991386280000001
0.01299408798
0.012996787919999997
0.01299948423
0.013002178980000001
0.013004869179999998
0.013007558380000004
0.013010242870000004
0.013012925969999999
0.01301560634
0.013018283810000005
0.013020958489999998
0.013023630469999993
0.013026298220000001
0.013028963390000002
0.013031625289999998
0.013034283690000002
0.013036939170000001
0.013039591700000002
0.013042242209999997
0.01304488903
0.01304753477
0.013050177580000004
0.013052816259999999
0.013055451799999998
0.013058086869999999
0.013060718070000001
0.013063346240000004
0.013065971369999999
0.013068593900000001
0.013071213219999997
0.01307383007
0.013076443410000001
0.013079053069999999
0.013081660500000002
0.013084265039999998
0.01308686719
0.013089465750000003
0.01309206373
0.013094657560000002
0.013097247079999999
0.01309983551
0.01310242044
0.013105002649999998
0.013107581029999999
0.01311015698
0.013112730639999997
0.013115301539999997
0.013117870270000005
0.01312043439
0.013122996650000003
0.013125556240000004
0.013128111809999999
0.013130665980000003
0.013133215869999998
0.013135763990000007
0.01313830911
0.013140851610000002
0.01314339122
0.013145929110000001
0.013148462690000003
0.013150994190000008
0.013153523749999998
0.01315604854
0.013158572200000003
0.013161092880000001
0.013163610819999998
0.01316612495
0.013168636650000001
0.013171146129999999
0.013173652459999996
0.013176156999999997
0.013178656929999998
0.013181155150000004
0.01318364993
0.013186142519999998
0.013188632819999999
0.013191120080000002
0.0131936052
0.01319608586
0.013198564920000003
0.01320104177
0.013203516149999999
0.013205986630000005
0.01320845396
0.013210919290000003
0.01321338158
0.013215842479999995
0.01321829821
0.013220753220000001
0.01322320532
0.013225654260000004
0.01322809993
0.01323054508
0.01323298614
0.013235422910000003
0.01323785792
0.013240289959999998
0.013242719330000001
0.013245145250000001
0.013247571000000005
0.013249992630000002
0.013252412230000005
0.013254828030000004
0.013257242680000003
0.013259653859999998
0.013262062100000001
0.013264467889999998
0.013266871420000001
0.01326927143
0.013271669589999995
0.01327406363
0.013276455990000002
0.013278845859999997
0.013281232999999998
0.013283616799999998
0.013285998549999995
0.013288378679999999
0.013290753860000004
0.013293128730000003
0.013295497819999997
0.013297866739999992
0.013300231969999996
0.01330259629
0.013304956590000002
0.013307313610000005
0.013309669799999995
0.01331202378
0.01331437392
0.013316721109999999
0.013319065669999998
0.01332140728
0.01332374724
0.013326083980000005
0.013328417740000003
0.01333075123
0.013333080969999998
0.013335406670000001
0.013337731910000004
0.013340052800000002
0.01334237267
0.013344689540000001
0.013347002709999998
0.013349315160000002
0.013351625199999996
0.013353932139999995
0.013356235989999996
0.013358536689999994
0.013360836159999999
0.013363132920000005
0.013365426529999997
0.01336771864
0.013370007659999999
0.01337229446
0.013374578580000003
0.013376860319999996
0.013379139469999999
0.013381415630000004
0.013383688099999997
0.01338595972
0.01338822952
0.013390494859999998
0.013392757719999997
0.013395018650000002
0.01339727592
0.013399530810000003
0.013401784310000003
0.013404036679999993
0.013406284739999998
0.01340853257
0.013410776370000002
0.013413016950000002
0.013415256309999997
0.01341749332
0.013419727329999995
0.01342196007
0.013424190420000003
0.013426416700000004
0.013428642040000004
0.01343086331
0.013433082849999995
0.013435300729999997
0.013437515560000002
0.013439728220000008
0.013441936160000001
0.013444143200000003
0.013446348630000002
0.013448551329999996
0.01345075082
0.013452948459999997
0.013455143210000003
0.01345733727999999
0.01345952719
0.013461714000000007
0.013463899690000003
0.013466082469999998
0.013468261709999998
0.013470438829999997
0.013472613660000004
0.013474786649999997
0.013476959989999999
0.0134791289
0.013481294170000007
0.013483459020000001
0.013485620209999992
0.013487779280000002
0.013489936299999996
0.01349209083
0.013494244129999998
0.013496393510000005
0.013498542239999996
0.01350068791
0.013502831790000001
0.013504972179999998
0.013507110650000004
0.013509246280000003
0.013511378270000002
0.013513507239999998
0.013515636050000007
0.013517761399999996
0.013519884879999998
0.013522007010000002
0.013524126360000001
0.013526242860000006
0.013528358329999997
0.01353047046
0.013532580179999998
0.013534688829999995
0.0135367942
0.013538896659999999
0.013540998929999997
0.01354309735
0.013545194720000004
0.013547289689999997
0.013549382150000002
0.013551471369999998
0.01355355938
0.013555646150000003
0.013557729200000002
0.01355980911000001
0.013561888450000004
0.013563965110000003
0.013566039250000002
0.013568111479999999
0.01357018191
0.013572250729999997
0.013574315950000006
0.013576379789999997
0.01357843929
0.013580497139999998
0.013582553740000001
0.013584606190000004
0.013586658839999998
0.013588707839999999
0.01359075591
0.01359280136
0.013594845040000005
0.01359688447
0.013598923329999998
0.013600959480000003
0.013602994040000004
0.013605025869999999
0.013607055109999999
0.013609084980000002
0.013611109149999997
0.013613132799999999
0.013615154010000002
0.01361717327
0.013619189050000003
0.013621203270000003
0.013623214920000001
0.013625225470000002
0.013627231500000005
0.013629236760000003
0.013631240699999997
0.013633242139999996
0.01363524191
0.013637238509999997
0.013639234419999997
0.013641227129999997
0.013643216700000002
0.01364520584
0.013647191609999998
0.013649176180000002
0.01365115786
0.013653138230000004
0.013655117010000002
0.013657093119999998
0.013659066929999996
0.013661039590000004
0.013663009440000002
0.01366497711
0.013666942100000001
0.013668905
0.013670866619999994
0.013672825500000001
0.013674780859999998
0.013676735429999996
0.013678689129999998
0.013680639119999994
0.013682588799999998
0.013684536560000007
0.013686480039999999
0.01368842217
0.013690363300000001
0.013692302430000003
0.01369423868
0.013696172650000003
0.01369810473
0.013700035160000004
0.01370196215
0.013703888509999998
0.01370581359
0.01370773574
0.01370965427
0.013711572089999999
0.013713488620000002
0.013715400250000002
0.013717311270000001
0.013719221480000002
0.013721130030000002
0.013723035630000005
0.013724939770000005
0.013726840580000002
0.01372873937
0.013730637729999993
0.013732532870000001
0.013734428589999997
0.013736321240000002
0.01373821177
0.01374010015
0.013741985450000003
0.013743869989999992
0.013745751630000002
0.013747631140000003
0.013749509439999997
0.01375138654
0.013753260979999998
0.013755132950000002
0.013757002879999996
0.013758872440000004
0.01376073952
0.013762603669999998
0.013764466159999999
0.01376632683
0.01376818534
0.013770042849999999
