0.09829746128
0.09453128912
0.09111872623999999
0.08805498380000001
0.08531934968
0.08288463739999999
0.08072214411999999
0.07880316309999998
0.07709918081999997
0.07558228598
0.07422586524000001
0.07300533022
0.07189865838
0.07088666910000001
0.06995302560000004
0.06908404016
0.06826838686
0.06749681362000003
0.06676178029999999
0.06605716419999998
0.06537805418
0.06472045189999999
0.06408115964
0.06345757923999998
0.06284762108000001
0.062249602500000015
0.06166215791999999
0.06108419327999998
0.060514824800000006
0.05995333992
0.059399164899999995
0.05885184928000002
0.058311033340000006
0.05777642246000002
0.057247803380000004
0.05672499938
0.05620788824000001
0.055696365539999994
0.05519036866
0.05468984849999999
0.05419478526000001
0.05370515682000002
0.0532209579
0.05274219846
0.052268890699999994
0.05180104905999999
0.05133869517999999
0.05088185351999999
0.05043053691999999
0.04998477557999999
0.04954459512000001
0.04911001283999998
0.04868104423999999
0.048257706459999994
0.04784001881999999
0.04742798681999999
0.04702163126
0.04662093998
0.0462259251
0.04583658617999999
0.04545290841999999
0.045074889679999994
0.04470250998
0.04433576084
0.0439746185
0.04361905046
0.04326903540000001
0.04292454046000001
0.042585529640000015
0.042251963780000006
0.041923798139999996
0.04160099724
0.04128350014
0.04097126434000001
0.04066423189999999
0.04036235462
0.04006556842
0.03977381383999999
0.0394870302
0.03920515443999999
0.03892812618
0.038655872859999996
0.038388332719999994
0.03812543241999999
0.03786711236000001
0.03761329238
0.03736391278
0.037118896840000005
0.03687817346
0.036641677
0.03640933858
0.036181081520000005
0.03595684042
0.03573654612
0.03552012830000001
0.03530751498
0.03509864049999999
0.03489343652
0.034691838479999994
0.03449377152000001
0.0342991785
0.034107987779999994
0.033920141079999994
0.03373556800000001
0.0335542066
0.03337599979999999
0.033200881039999984
0.033028788719999994
0.03285966259999999
0.03269344765999999
0.03253008294000001
0.03236951198
0.032211673419999996
0.03205651549999999
0.03190398396
0.03175401988
0.03160657188
0.03146158458
0.03131901276000001
0.03117879796
0.031040894540000002
0.030905250339999992
0.030771816239999996
0.03064054362
0.030511389399999995
0.030384302799999995
0.030259242140000007
0.03013615679999999
0.030015011539999983
0.0298957543
0.029778349759999996
0.029662754800000003
0.029548923800000005
0.029436822199999987
0.029326406719999996
0.029217641460000002
0.029110491900000004
0.02900491622
0.028900879779999996
0.028798347160000008
0.028697282740000003
0.028597653660000003
0.02849942704
0.02840257588
0.02830705964
0.028212852840000014
0.028119920700000002
0.028028235799999995
0.027937770399999996
0.027848496959999997
0.02776038364
0.02767340794
0.027587541819999988
0.027502757679999993
0.027419032139999997
0.027336340880000004
0.027254660360000002
0.027173963280000008
0.027094233519999997
0.027015442879999997
0.026937573839999996
0.026860599180000003
0.02678450436
0.026709268899999996
0.02663486948
0.02656128801999999
0.026488506379999995
0.0264165032
0.026345264139999984
0.026274771060000007
0.026205003799999994
0.026135947000000003
0.0260675818
0.025999900039999996
0.025932881939999996
0.025866511779999993
0.025800775700000007
0.025735657760000002
0.025671142699999996
0.025607220519999994
0.025543874280000003
0.025481095419999992
0.025418867780000003
0.025357177940000003
0.02529601744
0.025235369480000006
0.02517522992
0.025115580720000006
0.025056414779999998
0.02499772154
0.024939486879999997
0.02488170414
0.02482436442
0.024767456660000006
0.02471096976000001
0.024654897959999998
0.024599230659999995
0.02454395726
0.024489075560000004
0.024434572580000005
0.02438044658
0.02432668440000001
0.024273282360000016
0.024220232900000006
0.024167529519999998
0.024115166880000004
0.024063137440000007
0.024011437899999995
0.0239600612
0.02390899959999999
0.0238582544
0.023807817700000004
0.02375768224
0.023707848859999995
0.023658308079999996
0.023609062319999995
0.023560104340000002
0.023511429579999996
0.02346303662
0.02341492184
0.02336708558
0.023319521760000007
0.0232722282
0.023225203019999995
0.023178446760000006
0.02313195326
0.023085723379999992
0.02303975322
0.02299404366
0.022948591100000006
0.022903394379999997
0.0228584538
0.022813766219999997
0.022769328039999998
0.022725143019999998
0.022681204659999992
0.02263751460000001
0.022594071259999987
0.022550873359999998
0.0225079195
0.022465207659999997
0.022422737080000005
0.02238050586
0.022338513319999996
0.022296757639999994
0.022255238479999998
0.022213951819999998
0.022172899
0.022132075940000006
0.02209148459999999
0.022051118280000007
0.022010977819999996
0.021971062640000004
0.02193136708
0.02189189436
0.021852641680000003
0.02181360516
0.021774783279999994
0.02173617418000001
0.02169777657999999
0.02165958938
0.021621610800000007
0.021583839340000008
0.021546268420000004
0.021508899559999996
0.021471732259999998
0.02143476196
0.02139798844
0.02136140802
0.021325019019999995
0.021288820800000004
0.021252811659999996
0.02121698839999999
0.021181348440000015
0.0211458893
0.021110610919999998
0.021075510579999998
0.021040588120000002
0.021005837319999995
0.020971261460000005
0.02093685668
0.020902620500000003
0.020868551000000006
0.02083464706
0.020800906339999994
0.020767325260000004
0.02073390632
0.020700645379999997
0.0206675418
0.020634591140000002
0.020601795759999996
0.020569152560000005
0.02053665774
0.020504314300000003
0.020472116339999995
0.02044006152
0.020408151600000007
0.02037638314
0.02034475911
0.020313271439999996
0.020281924580000003
0.020250712920000004
0.020219635870000006
0.020188693470000005
0.020157885520000005
0.02012720489
0.02009665688
0.02006623876
0.02003594628
0.02000578087
0.01997574234
0.01994582732
0.01991603364
0.019886362619999997
0.01985681308
0.01982738142
0.019798068319999997
0.019768873560000004
0.019739793590000006
0.019710829380000003
0.019681979819999997
0.019653243099999995
0.01962461934
0.0195961051
0.01956770119
0.019539408229999996
0.01951122152
0.01948314467
0.019455171240000003
0.019427305800000003
0.019399544899999996
0.019371888439999995
0.0193443369
0.01931688662
0.019289539039999998
0.01926229262
0.01923514507999999
0.01920809559
0.019181147190000004
0.01915429686
0.019127541110000004
0.019100884279999997
0.019074323370000004
0.01904785606
0.019021482840000003
0.018995205040000004
0.018969021679999996
0.01894292974
0.01891693042
0.018891020309999996
0.01886520282
0.018839475099999992
0.018813837720000004
0.018788290139999997
0.01876282666
0.01873745388
0.018712167879999998
0.018686968260000002
0.01866185604
0.018636826899999997
0.018611883399999994
0.018587025660000003
0.018562251900000003
0.01853756164
0.018512956580000003
0.01848843088
0.018463989959999996
0.018439628679999997
0.018415348059999996
0.018391150519999996
0.018367036060000005
0.018342996179999994
0.018319039179999996
0.018295158559999997
0.018271357139999996
0.01824763578
0.018223992199999994
0.018200426469999996
0.01817693667
0.018153524279999996
0.018130186840000003
0.018106927180000003
0.01808374247
0.018060630419999998
0.018037595869999996
0.01801463617
0.01799174866
0.01796893802
0.017946200500000002
0.01792353565
0.01790094366
0.017878425759999997
0.017855978279999997
0.017833603009999997
0.017811300619999998
0.017789070420000008
0.01776691022
0.017744821560000002
0.01772280348
0.01770085495
0.017678977599999993
0.01765716896
0.0176354302
0.017613761319999997
0.01759216008
0.017570626399999997
0.017549160059999992
0.017527765119999997
0.017506435190000003
0.01748517367
0.017463979920000004
0.017442853799999998
0.017421795570000002
0.0174008024
0.017379876699999998
0.0173590176
0.017338223250000003
0.01731749633
0.017296832409999994
0.017276234459999998
0.017255701939999996
0.017235234519999997
0.017214830199999996
0.01719449115
0.01717421584
0.017154004440000002
0.017133859509999995
0.017113776819999996
0.017093757759999998
0.017073801430000004
0.017053908579999996
0.017034077239999994
0.017014311700000003
0.016994607170000002
0.016974964760000003
0.016955384070000003
0.01693586426
0.016916408020000002
0.016897009539999997
0.016877674460000002
0.016858402389999992
0.016839190620000003
0.016820038999999995
0.01680094875
0.01678191829
0.016762947480000002
0.01674403731
0.01672518517
0.016706396810000003
0.01668766546
0.016668994280000002
0.016650381380000003
0.016631828839999994
0.016613334079999997
0.01659489852
0.01657652211
0.01655820322
0.016539942719999996
0.01652174049
0.01650359629
0.01648551139
0.016467481699999995
0.016449509790000004
0.016431596519999998
0.016413739549999997
0.016395941409999996
0.01637819987
0.01636051418
0.016342886440000006
0.016325313940000002
0.01630779764
0.016290337030000004
0.01627293378
0.01625558542
0.01623829306
0.016221054449999994
0.016203873500000004
0.0161867472
0.01616967821
0.016152662999999998
0.016135702100000003
0.016118798929999997
0.016101949570000003
0.016085156239999995
0.01606841376
0.016051727569999997
0.01603509622
0.016018516659999996
0.01600199106
0.015985519160000003
0.01596910144
0.01595273773
0.015936425630000004
0.01592016868
0.01590396446
0.01588781368
0.01587171634
0.01585567005
0.01583967751
0.015823737979999995
0.015807850359999997
0.015792015109999998
0.015776233610000003
0.015760503099999996
0.015744823720000002
0.01572919777
0.015713621320000003
0.01569809642
0.01568262506
0.01566720444
0.015651834670000003
0.015636515490000003
0.01562124686
0.015606030129999997
0.015590864199999999
0.015575749289999994
0.0155606855
0.015545671910000001
0.0155307091
0.015515794980000004
0.01550093214
0.015486118070000004
0.015471353509999997
0.015456639769999997
0.015441974500000002
0.015427359889999999
0.01541279568
0.015398279949999996
0.015383813259999999
0.01536939557
0.015355027680000001
0.015340707660000001
0.01532643711
0.015312213100000003
0.015298038460000005
0.015283911829999997
0.015269834810000002
0.01525580373
0.0152418229
0.015227888219999994
0.015214002139999998
0.015200164919999998
0.015186375039999993
0.015172632849999996
0.015158938060000007
0.015145290589999996
0.01513169042
0.01511813741
0.015104628909999999
0.01509116908
0.015077755260000002
0.015064389929999998
0.015051069109999997
0.015037795980000004
0.015024568239999998
0.015011387530000002
0.014998253040000005
0.014985164600000003
0.014972121429999994
0.014959123649999996
0.014946172220000003
0.014933266439999997
0.01492040692
0.014907591930000002
0.014894823179999999
0.014882098099999996
0.01486941867
0.014856782910000008
0.01484419493
0.014831648469999998
0.014819148529999998
0.014806692950000002
0.01479428194
0.01478191416
0.014769591649999999
0.014757313849999999
0.014745079739999995
0.014732889720000001
0.014720742900000004
0.014708639790000002
0.014696580420000003
0.014684565399999999
0.014672593500000003
0.014660663499999999
0.01464877776
0.014636934679999998
0.014625136289999998
0.014613380800000004
0.014601666389999999
0.014589994959999996
0.014578365829999997
0.014566780420000001
0.01455523731
0.014543737440000006
0.01453227951
0.014520863789999996
0.014509491020000003
0.014498157510000003
0.01448686683
0.014475619020000005
0.014464411600000003
0.014453243390000002
0.014442119170000003
0.014431035160000001
0.014419992450000004
0.0144089922
0.014398030360000005
0.01438711251
0.014376233089999994
0.014365396339999994
0.014354599009999998
0.014343844540000001
0.014333128380000004
0.014322452189999996
0.014311815529999999
0.014301219370000002
0.014290663299999999
0.01428014687
0.014269672349999998
0.014259234130000003
0.014248836900000006
0.01423847947
0.01422816195
0.014217885650000006
0.01420764524
0.014197444779999999
0.014187283350000003
0.014177161780000003
0.014167079110000001
0.01415703538
0.014147030139999999
0.014137062480000002
0.01412713399
0.014117245349999998
0.014107392510000006
0.014097579249999999
0.014087803510000003
0.0140780664
0.014068364940000001
0.014058702510000005
0.014049077790000005
0.014039490750000001
0.014029940769999997
0.014020429290000002
0.01401095268
0.014001515519999997
0.013992113219999996
0.01398274966
0.013973421550000002
0.013964130559999996
0.01395487747
0.01394566023
0.013936479270000001
0.01392733506
0.013918226949999996
0.013909154019999998
0.013900117689999998
0.013891116719999992
0.013882151929999998
0.013873223439999997
0.013864331340000001
0.013855474739999998
0.013846651699999999
0.013837865849999999
0.013829115679999998
0.013820399959999997
0.013811720050000002
0.013803074310000003
0.013794463659999999
0.013785887120000001
0.01377734498
0.013768838940000003
0.0137603677
0.013751929429999999
0.013743527279999999
0.013735159380000002
0.013726824440000002
0.013718524439999996
0.013710258190000001
0.013702025510000002
0.013693826999999999
0.013685661850000008
0.013677530240000004
0.013669431709999997
0.013661366749999997
0.013653335560000002
0.013645336179999999
0.013637369030000002
0.013629435649999999
0.013621534800000003
0.013613667769999999
0.013605834310000002
0.013598032659999999
0.013590263389999994
0.013582526659999998
0.013574822380000004
0.013567148819999994
0.01355950902
0.013551900789999995
0.013544325100000002
0.013536780389999998
0.013529267039999997
0.01352178559
0.013514336120000001
0.013506918140000001
0.013499530679999998
0.01349217515
0.01348485036
0.01347755739
0.013470295040000003
0.013463062130000002
0.013455862820000004
0.013448692960000001
0.013441554029999999
0.013434445630000007
0.013427367520000004
0.013420319790000001
0.013413301679999996
0.013406314019999999
0.013399356609999998
0.013392429549999998
0.013385532
0.01337866324
0.013371825299999997
0.013365017810000001
0.013358239779999998
0.013351489770000002
0.013344771539999998
0.013338082160000002
0.013331420810000001
0.01332478952
0.013318186789999997
0.013311613169999998
0.013305068120000001
0.013298550130000001
0.013292061760000005
0.013285599670000004
0.013279167859999996
0.013272763800000002
0.013266389699999999
0.013260043780000003
0.013253724420000003
0.013247434590000003
0.013241171129999996
0.013234934930000003
0.013228727599999998
0.0132225484
0.013216395409999995
0.013210271919999999
0.013204173830000004
0.01319810377
0.013192059830000002
0.0131860443
0.013180055270000005
0.013174092769999996
0.013168156620000003
0.013162247279999999
0.013156364960000002
0.01315050978
0.01314468014
0.013138877220000003
0.013133100719999997
0.01312735009
0.013121627199999996
0.013115929550000002
0.013110257379999997
0.013104611829999996
0.01309899153
0.01309339868
0.013087830439999998
0.013082286849999996
0.01307676961
0.013071278080000002
0.013065810599999998
0.01306036855
0.013054951140000002
0.013049558299999996
0.01304419064
0.013038849040000002
0.013033530719999997
0.013028238719999996
0.013022970500000002
0.013017726010000003
0.013012506540000001
0.013007311050000003
0.013002141870000001
0.01299699545
0.012991873329999999
0.012986773630000004
0.0129816989
0.01297664919
0.012971621240000002
0.012966618710000004
0.012961638520000006
0.012956681200000002
0.012951749569999999
0.012946839790000003
0.01294195292
0.012937091369999997
0.012932252469999996
0.012927436140000002
0.012922642230000001
0.012917871490000002
0.012913122769999997
0.012908397039999997
0.012903693610000003
0.012899013750000004
0.012894356070000002
0.012889720019999997
0.012885107039999996
0.01288051514
0.012875947009999994
0.012871399679999998
0.01286687557
0.012862372809999996
0.012857891020000001
0.012853431680000001
0.012848991729999999
0.012844574159999997
0.01284017932
0.01283580519
0.01283145175
0.01282711927
0.012822809309999999
0.012818519749999997
0.012814252460000002
0.01281000446
0.01280577916
0.01280157371
0.012797389589999996
0.012793227570000001
0.012789084559999999
0.012784962300000001
0.012780860299999999
0.012776778750000004
0.012772717009999998
0.012768675789999996
0.012764654599999996
0.012760654829999996
0.012756674380000001
0.012752714010000001
0.012748772950000003
0.01274485246
0.012740951809999998
0.012737070369999997
0.012733208690000003
0.012729367179999998
0.012725545140000006
0.01272174129
0.012717957330000003
0.012714192199999998
0.012710444860000001
0.012706716930000004
0.012703008210000007
0.012699319649999999
0.01269565061
0.012691999200000002
0.01268836698
0.012684752589999997
0.012681156909999998
0.0126775804
0.01267402247
0.01267048079
0.012666958759999998
0.012663455379999999
0.012659968670000004
0.012656499939999993
0.012653048220000003
0.01264961536
0.012646200860000002
0.01264280311
0.012639424490000004
0.012636062770000001
0.012632718489999993
0.012629393870000004
0.01262608473
0.012622791900000006
0.012619518869999997
0.012616261839999997
0.012613023250000004
0.012609800099999999
0.01260659463
0.01260340504
0.012600233759999998
0.01259708001
0.012593941930000003
0.012590820250000006
0.012587715610000001
0.01258462761
0.012581555270000003
0.01257850031
0.012575461650000001
0.01257243962
0.012569435100000002
0.01256644495
0.012563471770000001
0.01256051363
0.012557570860000008
0.012554644769999998
0.012551734650000002
0.01254884119
0.012545963089999999
0.012543100539999998
0.012540253900000003
0.012537423450000003
0.012534607569999997
0.01253180754
0.01252902217
0.012526252500000001
0.012523497520000005
0.012520759070000003
0.012518036270000001
0.0125153276
0.012512634519999996
0.012509955700000002
0.012507291530000002
0.01250464383
0.012502010000000003
0.01249939129
0.012496787959999995
0.01249419893
0.01249162511
0.012489064270000003
0.01248651881
0.012483988390000004
0.01248147094
0.012478968560000003
0.012476478099999999
0.012474003300000001
0.01247154291
0.012469094730000001
0.012466661949999997
0.012464243779999997
0.01246183963
0.012459449269999995
0.012457073269999997
0.012454711050000001
0.012452360940000002
0.012450024940000002
0.012447703589999996
0.012445395399999998
0.01244310115
0.012440818760000001
0.012438549289999998
0.012436294360000006
0.012434051409999996
0.012431822760000003
0.012429606769999995
0.012427404310000001
0.01242521396
0.012423038000000004
0.01242087322
0.012418721920000004
0.012416583540000001
0.01241445983
0.012412347710000002
0.012410248270000002
0.01240816187
0.012406088109999998
0.012404026480000002
0.012401977490000002
0.01239994097
0.01239791572
0.012395903030000002
0.012393901770000004
0.01239191326
0.012389937650000002
0.01238797387
0.012386022429999997
0.012384083740000005
0.012382155350000002
0.012380239719999997
0.012378335329999999
0.012376443120000002
0.01237456292
0.012372695180000002
0.012370837959999999
0.01236899247
0.012367160189999997
0.01236533655
0.012363525729999998
0.012361727170000001
0.012359938600000002
0.012358162559999998
0.012356397789999996
0.012354643240000003
0.012352900230000003
0.012351168429999998
0.012349446459999998
0.01234773496
0.012346036170000001
0.0123443488
0.01234267039
0.012341004110000003
0.01233934734
0.012337702110000005
0.012336068099999995
0.012334445289999997
0.012332832049999997
0.012331229639999998
0.012329638449999998
