0.11525617272000005
0.09826556406000002
0.08603593241999999
0.07864253469999999
0.07319771188000002
0.06813308232
0.06348671133999999
0.05977593934
0.056964536739999995
0.054682707420000004
0.05268660139999999
0.05087344944000001
0.04920145018
0.04765053341999999
0.04620832182
0.04486541507999999
0.04361378604
0.042446256399999986
0.041356298439999994
0.040337944720000005
0.0393857197
0.0384946052
0.037659989139999996
0.036877625860000006
0.036143612359999994
0.03545434782
0.03480650037999999
0.0341970052
0.033623017619999994
0.03308192066
0.03257128504000001
0.032088867160000006
0.03163260748
0.031200585040000003
0.030791038459999993
0.030402338660000004
0.030032986359999993
0.02968159934
0.029346897940000005
0.029027706900000005
0.028722947580000012
0.028431613719999995
0.028152787840000002
0.027885622840000002
0.027629337080000007
0.02738320425999999
0.02714656624
0.02691880170000001
0.026699345120000006
0.026487672699999996
0.02628330068
0.026085782020000003
0.02589469442
0.025709658920000003
0.025530323560000002
0.025356353179999992
0.02518744214
0.025023309419999994
0.024863684459999997
0.024708325340000004
0.024557007719999992
0.024409510120000005
0.024265641419999998
0.0241252135
0.02398805544
0.02385400274
0.023722911219999997
0.02359463496
0.023469044899999996
0.02334601614
0.023225434760000007
0.023107190819999998
0.022991183960000005
0.022877320480000008
0.022765509840000003
0.022655666059999992
0.022547713369999996
0.022441574220000003
0.022337180240000004
0.02223446396
0.02213336629999999
0.022033826499999996
0.021935789900000002
0.021839202479999997
0.02174401498
0.021650182740000003
0.021557657799999998
0.02146640086
0.021376373379999997
0.021287532459999994
0.02119984778000001
0.021113283560000005
0.021027807199999998
0.02094338922
0.020859999680000005
0.020777611819999996
0.020696198400000004
0.020615734479999995
0.020536196219999994
0.020457560879999993
0.020379807740000002
0.020302912639999997
0.0202268584
0.020151627579999994
0.020077200389999997
0.020003558999999997
0.01993068613999999
0.019858569420000007
0.019787189940000005
0.01971653544
0.019646591979999996
0.019577344280000006
0.01950877968
0.019440886190000003
0.01937365397000001
0.019307069799999996
0.01924112064
0.019175797799999995
0.0191110924
0.019046991860000008
0.01898348702
0.01892057224
0.018858235259999998
0.01879646994
0.018735265940000002
0.018674615379999995
0.01861451124
0.018554947310000004
0.018495913640000004
0.018437405010000005
0.018379411920000005
0.01832193072
0.01826495506
0.018208477820000003
0.018152490639999998
0.018096990230000005
0.018041970259999995
0.017987424840000002
0.01793334941
0.0178797378
0.01782658376
0.017773883020000006
0.017721632810000002
0.017669824189999996
0.017618457409999993
0.017567522059999997
0.01751701685
0.01746693874
0.017417282039999996
0.01736804268
0.017319216560000003
0.017270798989999992
0.01722278519
0.01717517262
0.017127959769999996
0.017081139699999998
0.01703470824
0.016988662840000005
0.01694300023
0.016897715860000002
0.01685280763
0.016808270769999998
0.01676410478
0.01672030496
0.016676868069999996
0.01663379006
0.016591067550000005
0.016548698509999998
0.016506677739999996
0.01646500511
0.016423677430000005
0.016382691770000003
0.016342044769999998
0.01630173263
0.01626175232
0.016222103370000004
0.016182782500000006
0.016143785709999997
0.016105110560000004
0.01606675556
0.01602871699
0.015990994659999997
0.01595358213
0.01591647877
0.01587968266
0.01584319042
0.01580700032
0.01577111033
0.015735516530000004
0.015700219749999998
0.015665212609999996
0.01563049696
0.015596069270000004
0.015561927610000003
0.01552806857
0.015494490750000001
0.015461192740000004
0.015428171379999998
0.015395425539999999
0.01536295183
0.015330749220000005
0.015298814890000005
0.015267145919999996
0.015235741929999996
0.015204601780000002
0.015173719419999999
0.01514309746
0.01511273161
0.015082620779999995
0.01505276225
0.015023151830000003
0.01499379086
0.01496467693
0.014935807600000002
0.0149071807
0.014878795420000004
0.01485064947
0.014822740980000002
0.014795069809999999
0.014767630249999998
0.01474042372
0.014713448040000004
0.014686701909999999
0.014660181139999997
0.014633884209999998
0.01460781282
0.014581961129999998
0.014556329770000001
0.014530917410000002
0.014505721320000003
0.01448074028
0.014455973480000002
0.014431418279999995
0.014407072799999998
0.01438293432
0.014359004259999997
0.014335280039999999
0.014311759689999998
0.014288439989999997
0.01426532325
0.014242403950000003
0.014219683669999997
0.014197160809999993
0.01417483195
0.014152696010000004
0.014130752879999995
0.014108999149999999
0.014087434700000002
0.014066057410000004
0.014044866250000003
0.014023860299999998
0.01400303716
0.013982395949999999
0.013961936200000002
0.013941654700000004
0.013921551799999996
0.01390162542
0.01388187321
0.013862295369999998
0.013842890969999997
0.013823656120000001
0.013804592199999997
0.013785698239999998
0.013766970449999994
0.013748408719999999
0.013730011509999994
0.01371177826
0.01369370641
0.013675797660000003
0.013658048379999996
0.01364045664
0.013623022780000004
0.013605745230000006
0.01358862332
0.01357165454
0.013554838579999997
0.01353817509
0.01352166113
0.01350529654
0.013489080170000002
0.01347301134
0.01345708699
0.013441308939999999
0.013425674320000002
0.013410182480000001
0.0133948315
0.013379621040000001
0.01336454829
0.013349615260000003
0.013334820280000003
0.01332016085
0.0133056374
0.01329124818
0.013276991600000001
0.013262868510000001
0.013248875379999995
0.013235012510000001
0.013221277259999997
0.0132076736
0.013194194159999999
0.013180842200000003
0.013167616750000005
0.013154514919999994
0.013141536180000003
0.013128681359999997
0.013115945909999998
0.013103331760000001
0.01309083672
0.013078460759999995
0.013066202739999998
0.0130540612
0.013042036979999998
0.013030127909999998
0.013018332299999998
0.01300665073
0.012995081210000002
0.012983622819999999
0.012972276500000005
0.012961039020000004
0.012949910729999998
0.01293889216
0.012927980180000005
0.012917175470000002
0.012906476370000001
0.01289588172
0.012885393319999995
0.012875007239999998
0.012864724970000003
0.01285454432
0.012844463190000002
0.012834483119999997
0.01282460243
0.01281481936
0.012805137659999999
0.01279555118
0.012786061179999999
0.01277666636
0.012767368140000002
0.012758165289999998
0.01274905567
0.0127400377
0.012731112559999997
0.01272227923
0.012713535359999998
0.01270488254
0.012696318500000003
0.012687842340000002
0.012679455430000004
0.012671155440000003
0.012662943119999997
0.012654816930000002
0.01264677428
0.012638816400000004
0.012630944390000001
0.012623154669999996
0.01261544859
0.012607824529999995
0.012600281330000001
0.012592817989999998
0.012585435500000006
0.012578132339999997
0.012570908490000001
0.012563763859999999
0.012556696570000001
0.012549705760000003
0.0125427922
0.012535953280000001
0.012529191200000005
0.012522502869999997
0.01251588795
0.012509346630000005
0.012502878959999998
0.012496484169999999
0.01249016094
0.012483909349999999
0.012477729590000002
0.012471619369999997
0.012465577450000003
0.012459604990000001
0.012453701860000001
0.012447867129999998
0.012442099299999995
0.01243639702
0.012430761940000003
0.01242519363
0.012419690930000005
0.012414252479999999
0.012408877210000002
0.012403565949999999
0.012398319620000004
0.012393134080000005
0.012388011549999998
0.012382952750000002
0.012377954389999994
0.012373016220000003
0.012368137999999999
0.012363319430000002
0.012358561570000004
0.012353861940000004
0.01234922198
0.01234463903
0.01234011489
0.01233564483
0.012331234679999999
0.012326878230000003
0.012322577459999994
0.012318332410000004
0.012314141209999995
0.012310005159999996
0.012305923710000001
0.01230189595
0.012297921239999995
0.01229399922
0.012290128749999997
0.012286310109999999
0.012282542720000001
0.012278825560000005
0.012275160150000002
0.012271543939999997
0.012267977670000006
0.012264460719999998
0.012260992729999998
0.01225757363
0.012254201999999999
0.01225087802
0.012247601510000001
0.01224437139
0.012241188379999999
0.012238050829999998
0.012234960329999996
0.012231914859999997
0.012228912589999998
0.012225957710000004
0.012223046089999998
0.012220178389999996
0.012217355700000002
0.012214575059999996
0.012211836630000002
0.012209141080000001
0.01220648654
0.012203873800000003
0.012201303079999996
0.012198774269999997
0.012196285199999997
0.01219383577
0.01219142658
0.01218905795
0.012186727690000001
0.012184436119999998
0.01218218357
0.01217996857
0.01217779232
0.01217565403
0.012173552769999995
0.012171489
0.012169460879999998
0.01216747139
0.012165515729999996
0.012163595789999999
0.012161711889999998
0.012159864230000001
0.012158050620000001
0.0121562727
0.012154528159999997
0.01215281746
0.012151141640000007
0.012149498439999996
0.01214788926
0.012146311679999999
0.012144767690000002
0.012143255609999999
0.012141775910000008
0.01214032845
0.012138910219999997
0.012137523990000001
0.0121361693
0.012134844670000002
0.012133549570000002
0.012132285179999997
0.012131050929999998
0.012129845700000001
0.012128670860000001
0.012127524889999998
0.01212640728
0.012125318679999997
0.012124257419999998
0.012123224580000001
0.01212222074
0.012121242720000001
0.012120292719999998
0.01211936812
0.012118471720000003
0.01211760214
0.012116757809999998
0.012115941079999996
0.012115149339999997
0.012114383510000002
0.012113644379999997
0.012112928399999999
0.012112237739999997
0.012111571049999999
0.012110929789999997
0.012110313430000004
0.012109719620000004
0.012109150069999996
0.012108603959999999
0.012108081920000003
0.012107582129999996
0.012107105379999993
0.012106651589999996
0.012106219499999998
0.01210581133
0.012105424610000002
0.012105059649999994
0.012104717809999997
0.012104396869999999
0.012104096719999999
0.012103819270000003
0.012103561319999998
0.012103323700000002
0.01210310649
0.012102910560000003
0.012102735010000002
0.012102578819999998
0.01210244303
0.012102325760000003
0.01210222863
0.01210215121
0.012102092049999999
0.01210205143
0.01210203046
0.012102027100000003
0.012102042509999997
0.01210207627
0.012102128759999995
0.012102197819999995
0.012102285449999996
0.01210239008
0.01210251245
0.01210265143
0.01210280649
0.012102980100000002
0.012103170219999999
0.012103376239999998
0.01210359814
0.012103837880000003
0.012104092970000003
0.012104364330000004
0.012104651619999997
0.01210495506
0.012105272260000001
0.01210560593
0.01210595571
0.012106318770000003
0.012106697469999997
0.01210709099
0.012107499239999995
0.01210792187
0.012108357749999996
0.01210880953
0.012109272449999996
0.012109750379999997
0.012110242950000003
0.012110749050000001
0.012111267749999993
0.01211180125
0.012112347019999999
0.012112906359999995
0.012113478849999996
0.012114064780000003
0.012114662059999998
0.01211527115
0.012115894
0.012116530200000001
0.012117176439999999
0.012117836110000002
0.01211850712
0.012119189949999998
0.012119884419999997
0.01212058996
0.012121307280000002
0.012122036280000003
0.012122776609999995
0.012123527340000002
0.012124289329999998
0.012125062549999996
0.01212584718
0.01212664096
0.012127446369999994
0.012128263330000002
0.012129090530000003
0.012129926089999998
0.01213077311
0.012131630379999998
0.01213249617
0.012133373689999997
0.012134259709999998
0.012135155310000003
0.012136060930000001
0.012136976209999999
0.012137901249999996
0.012138835429999995
0.012139779549999997
0.012140731489999999
0.01214169306
0.01214266277
0.012143641399999999
0.01214462974
0.01214562569
0.012146630469999998
0.01214764372
0.012148664239999996
0.012149694639999997
0.012150732350000002
0.0121517798
0.012152833580000001
0.01215389645
0.012154965909999997
0.012156043549999997
0.012157128620000002
0.012158221409999998
0.012159322900000007
0.012160430600000003
0.012161544760000002
0.012162667710000002
0.01216379786
0.012164933780000003
0.012166077890000007
0.012167227699999998
0.0121683861
0.01216955093
0.01217072239
0.012171900200000006
0.012173084709999999
0.012174275480000002
0.012175473119999995
0.01217667665
0.01217788713
0.012179103479999995
0.012180327150000003
0.01218155709
0.012182791240000004
0.012184031909999999
0.012185279790000001
0.01218653191
0.012187790350000003
0.012189053769999998
0.01219032365
0.012191597530000002
0.012192879570000002
0.012194164220000005
0.012195455690000002
0.012196752350000001
0.012198054140000004
0.01219935978
0.012200671500000003
0.0122019898
0.012203311930000002
0.012204640170000001
0.012205972239999998
0.012207310100000004
0.01220865218
0.012209998659999999
0.01221134977
0.01221270646
0.012214067339999997
0.012215432620000001
0.012216801760000002
0.012218176610000003
0.012219555450000004
0.01222093859
0.012222325499999999
0.012223716540000002
0.012225112350000003
0.012226512130000002
0.012227914740000002
0.012229322090000001
0.012230733629999997
0.012232149239999998
0.012233568750000002
0.012234992059999996
0.012236419910000003
0.012237850730000001
0.01223928571
0.01224072367
0.01224216619
0.012243610719999999
0.012245060689999998
0.01224651281
0.01224796754
0.012249426199999998
0.01225088885
0.012252354509999997
0.012253823850000001
0.012255295929999998
0.01225677147
0.012258249100000002
0.012259731509999998
0.01226121705
0.012262704270000003
0.01226419428
0.01226568739
0.012267183599999995
0.012268683589999997
0.01227018524
0.012271690529999999
0.012273198319999996
0.012274709750000003
0.012276222560000001
0.012277738660000002
0.012279257499999998
0.012280779670000002
0.012282303399999996
0.012283829479999998
0.012285358739999995
0.012286889430000001
0.012288422439999997
0.012289958540000003
0.01229149627
0.012293036580000003
0.012294578589999999
0.01229612395
0.012297670400000002
0.012299219180000001
0.01230077012
0.012302323580000002
0.012303879319999995
0.012305436390000002
0.012306996069999998
0.012308555060000004
0.012310119290000001
0.012311684760000004
0.012313251829999998
0.012314820419999997
0.012316390499999996
0.012317963389999999
0.01231953785
0.012321114739999996
0.01232269336
0.012324273249999995
0.012325854850000002
0.012327437139999994
0.012329022579999998
0.012330608579999998
0.012332196310000001
0.012333786330000008
0.012335377709999998
0.012336969780000002
0.012338563839999999
0.012340158850000005
0.012341756310000002
0.012343355450000003
0.012344955319999996
0.012346558049999996
0.01234816087
0.01234976435
0.012351369999999999
0.012352974929999996
0.012354582110000002
0.012356191330000004
0.012357801719999999
0.012359412749999998
0.01236102405
0.012362637560000002
0.012364252669999996
0.012365869000000003
0.0123674862
0.01236910434
0.012370723430000003
0.012372344099999998
0.01237396421
0.012375586159999999
0.012377209890000003
0.012378833660000007
0.012380459479999996
0.01238208401
0.012383711549999999
0.012385337649999996
0.012386965110000002
0.012388594380000001
0.012390223530000001
0.012391853069999998
0.012393484299999997
0.0123951168
0.012396748220000002
0.01239838186
0.01240001509
0.012401648570000002
0.012403285289999996
0.012404920909999997
0.012406558069999997
0.012408193979999997
0.01240983253
0.012411469569999993
0.01241310819
0.012414747090000004
0.012416387699999998
0.012418027790000001
0.012419669929999998
0.012421311769999999
0.01242295332
0.012424596300000002
0.012426239330000002
0.012427883180000005
0.012429526780000004
0.012431170809999998
0.012432815460000003
0.01243446037
0.012436106479999997
0.012437752129999997
0.012439398269999999
0.012441044669999997
0.012442691649999997
0.01244433828
0.012445985869999999
0.012447634
0.012449281119999999
0.012450929519999997
0.012452577969999998
0.012454226559999997
0.012455876329999997
0.012457523190000002
0.012459172989999994
0.012460821499999998
0.012462471129999996
0.012464120470000001
0.012465769670000005
0.01246742046
0.012469068710000001
0.01247071877
0.012472368610000001
0.012474018449999997
0.012475667639999997
0.012477317280000002
0.012478968649999998
0.012480616640000003
0.012482267
0.01248391639
0.012485566630000002
0.012487216990000001
0.012488867140000002
0.012490517470000002
0.012492167109999999
0.01249381756
0.012495468390000002
0.01249711763
0.012498767540000002
0.012500418370000004
0.012502067569999999
0.01250371745
0.01250536768
0.012507016059999997
0.012508666730000007
0.012510315610000003
0.012511964490000001
0.012513613510000004
0.012515262300000005
0.012516911489999998
0.012518560299999997
0.01252020833
0.012521857490000001
0.012523504860000003
0.01252515222
0.012526799789999994
0.012528447789999998
0.012530095290000001
0.012531741470000001
0.012533388389999997
0.012535034269999999
0.012536679399999997
0.012538325610000003
0.01253997233
0.01254161786
0.012543263399999999
0.012544907789999995
0.012546551440000005
0.012548196190000001
0.01254983998
0.01255148313
0.012553126639999997
0.012554769300000001
0.012556411450000002
0.01255805375
0.012559694780000002
0.012561336059999997
0.012562978199999998
0.012564618730000001
0.012566259910000002
0.01256789892
0.012569538340000002
0.012571177869999997
0.01257281702
0.012574454679999993
0.012576093279999999
0.01257772986
0.012579367220000002
0.01258100419
0.012582640410000002
0.012584275719999996
0.012585912520000003
0.012587547039999997
0.012589181669999998
0.012590815380000004
0.01259244853
0.012594082479999998
0.012595713950000005
0.012597346509999998
0.01259897791
0.012600607950000004
0.01260223741
0.012603867539999996
0.01260549605
0.012607124330000002
0.012608752659999998
0.012610379169999996
0.01261200541
0.012613631629999997
0.012615257070000002
0.01261688318
0.012618509269999998
0.012620132870000002
0.012621757980000002
0.012623381380000005
0.012625003830000002
0.012626626940000002
0.012628248379999998
0.01262987052
0.012631491000000002
0.0126331099
0.012634729070000001
0.012636348550000003
0.01263796743
0.012639584619999993
0.012641201210000001
0.012642817770000004
0.012644433629999998
0.01264604816
0.012647662620000001
0.0126492756
0.012650888759999996
0.012652500669999997
0.012654111850000004
0.012655723220000003
0.01265733298
0.012658942669999996
0.012660551840000001
0.012662161269999994
0.012663768850000002
0.012665376159999998
0.01266698207
0.01266858717
0.012670193040000001
0.012671796580000004
0.012673401839999997
0.012675005359999998
0.012676608770000002
0.012678211319999997
0.012679811619999998
0.012681411259999996
0.012683011230000001
0.012684609729999994
0.012686207889999999
0.01268780646
0.012689402590000001
0.01269099858
0.012692593029999994
0.012694188900000004
0.0126957823
0.012697375350000005
0.01269896854
0.012700560529999998
0.012702151479999996
0.012703742599999996
0.012705331940000003
0.01270692046
0.01270850871
0.012710096689999997
0.012711682439999998
0.012713268640000002
0.01271485271
0.012716436840000001
0.012718021050000002
0.012719602869999999
0.012721185269999997
0.012722767179999997
0.0127243481
0.01272592871
0.012727507090000001
0.012729086069999998
0.012730663530000002
0.012732240069999996
0.012733814869999997
0.012735390690000006
0.012736965050000004
0.012738538799999994
0.012740112849999995
0.012741684249999998
0.01274325546
0.012744825990000003
0.01274639543
0.01274796449
