0.10734564542
0.09897757089999998
0.09165623762
0.08552460484000003
0.08057792564000002
0.07665933946
0.07354937408
0.07104195933999999
0.06896788807999998
0.06719573922000001
0.0656281218
0.06419849069999999
0.06286527192
0.06160411894000001
0.060401190679999994
0.05924852052
0.05814127285999999
0.057076198220000006
0.0560508726
0.05506325640000001
0.054111554180000014
0.05319412276000001
0.05230941183999997
0.05145598604
0.05063249129999999
0.04983764209999999
0.049070245280000035
0.04832915364000003
0.04761329160000001
0.04692163539999998
0.04625321822
0.04560709842000001
0.044982409820000006
0.04437830506
0.04379397576000001
0.04322865594
0.04268161274
0.04215214232
0.041639574
0.04114326424
0.04066259728
0.04019698644
0.03974586576000001
0.0393086996
0.038884970219999995
0.0384741762
0.03807585008
0.03768953603999999
0.037314793840000006
0.036951210899999996
0.03659838008
0.03625592079999999
0.0359234495
0.0356006279
0.03528710349999999
0.03498255199999999
0.03468665026000001
0.03439910198
0.034119607559999994
0.0338478887
0.033583673939999996
0.033326700699999996
0.03307671613999999
0.032833477579999985
0.0325967539
0.03236632064
0.03214195238
0.0319234467
0.0317106
0.03150321808
0.03130111401999999
0.03110410254
0.030912015100000013
0.030724677820000008
0.03054193054
0.030363619260000002
0.030189591700000015
0.030019698519999992
0.029853806360000002
0.029691775360000002
0.02953347316000001
0.029378779499999993
0.029227569920000005
0.029079730400000003
0.028935145620000005
0.028793710620000003
0.028655314720000012
0.028519864319999994
0.028387259880000012
0.02825740546000001
0.028130216319999984
0.028005602420000004
0.027883479360000005
0.027763766819999994
0.02764638914
0.027531270660000003
0.02741833905999999
0.02730752544
0.027198762019999993
0.027091983660000003
0.026987131460000008
0.026884143979999994
0.026782959579999988
0.026683527739999994
0.026585792719999998
0.026489703539999992
0.02639521114
0.026302267120000007
0.026210821580000005
0.02612083489999999
0.026032264840000006
0.025945066200000005
0.025859198880000007
0.025774624479999998
0.025691308380000003
0.025609209739999996
0.025528299740000003
0.02544854123999999
0.02536990174
0.025292350939999996
0.025215860980000008
0.025140398980000006
0.025065936880000007
0.02499245434
0.024919917360000005
0.024848303820000008
0.024777587560000005
0.02470774755999999
0.02463875734
0.024570599980000007
0.024503250460000004
0.024436687860000004
0.02437089456
0.024305849020000003
0.024241534220000006
0.024177930939999998
0.024115023319999998
0.02405279314
0.023991224799999995
0.02393030084
0.02387000684
0.02381032986
0.02375125454
0.023692767200000003
0.023634848519999994
0.023577495
0.023520687499999998
0.0234644174
0.023408670080000006
0.02335343544
0.023298703180000005
0.02324446008
0.023190697160000006
0.023137405479999998
0.023084571239999994
0.02303218861999999
0.02298024476
0.022928735880000006
0.022877651039999992
0.022826981419999996
0.022776716000000002
0.02272684964
0.022677373980000005
0.022628282159999992
0.022579567680000003
0.022531219640000003
0.022483235119999993
0.022435605740000003
0.022388324359999996
0.02234138652
0.02229478522000001
0.022248513960000008
0.022202566160000003
0.022156938580000007
0.022111623280000006
0.022066615859999993
0.022021910880000002
0.021977505739999997
0.02193339055999999
0.02188956544
0.02184602197999999
0.021802758360000007
0.021759765580000014
0.02171704696
0.021674590379999997
0.021632397499999997
0.02159046486
0.021548782300000003
0.021507352200000007
0.021466167359999996
0.02142522572
0.021384521819999995
0.021344054320000003
0.02130381999999999
0.02126381348
0.021224036539999998
0.021184481480000003
0.02114514454
0.021106025540000007
0.021067121640000002
0.0210284276
0.02098994284
0.0209516628
0.020913586740000004
0.020875712720000005
0.020838036339999998
0.020800557659999996
0.02076327014
0.020726176239999998
0.020689270660000002
0.020652552739999996
0.020616016520000002
0.020579664200000004
0.020543495699999997
0.02050750196
0.020471686499999992
0.020436045920000003
0.020400579320000008
0.020365280939999997
0.020330154500000003
0.020295194179999997
0.02026039968
0.020225768960000005
0.020191300159999995
0.020156992639999996
0.020122844799999998
0.020088853799999997
0.020055018839999997
0.020021339620000002
0.019987814939999994
0.019954442460000003
0.01992121726
0.019888143520000002
0.01985521742
0.01982243584
0.0197898009
0.019757309740000003
0.0197249593
0.01969275058
0.019660685140000002
0.0196287572
0.019596966759999997
0.019565314879999997
0.01953379984
0.019502416880000005
0.019471168039999993
0.019440053599999996
0.019409068580000008
0.019378216380000007
0.019347494020000005
0.019316898579999995
0.019286433160000005
0.019256093080000005
0.019225880059999995
0.019195794679999996
0.0191658286
0.01913598738
0.019106266839999997
0.01907666944
0.01904719154000001
0.01901783774
0.018988600500000005
0.01895948354
0.018930481929999996
0.0189015981
0.01887283038
0.01884417858
0.018815643460000003
0.01878722044
0.018758909889999998
0.01873071296
0.018702627759999996
0.018674654439999997
0.01864679314
0.018619038009999995
0.018591395860000002
0.018563861959999997
0.01853643528
0.018509114860000005
0.01848190258
0.018454797359999994
0.01842779724000001
0.01840090308
0.018374111680000003
0.018347424119999997
0.01832084314
0.01829436376
0.018267986900000005
0.01824171044
0.018215537899999995
0.018189463900000005
0.01816349134
0.018137618940000003
0.018111848089999997
0.01808617446
0.01806059962
0.018035121930000002
0.01800974202
0.017984457890000007
0.017959271730000007
0.017934179799999995
0.017909186660000003
0.017884285580000003
0.017859480450000007
0.017834770140000004
0.01781015272
0.01778563041
0.017761200799999998
0.0177368627
0.017712616649999995
0.017688461579999995
0.01766440005
0.017640427480000002
0.017616547729999998
0.017592756759999998
0.01756905523
0.017545443640000002
0.01752192232
0.017498486459999997
0.017475140779999995
0.017451883570000003
0.01742871457
0.017405630329999998
0.017382634529999996
0.017359726209999995
0.0173369024
0.01731416395
0.017291513369999997
0.017268944560000003
0.017246463600000005
0.017224066769999997
0.017201753509999997
0.01717952177
0.017157374859999998
0.017135310980000002
0.01711332988
0.017091430910000004
0.017069615139999997
0.017047879659999998
0.01702622793
0.017004655440000002
0.01698316558
0.016961754540000006
0.01694042348
0.016919174279999994
0.01689800319
0.016876913459999997
0.016855899849999995
0.016834966779999995
0.016814112440000004
0.016793336310000004
0.016772637530000002
0.016752013920000006
0.01673146869
0.01671100181
0.01669061106
0.016670297490000003
0.016650058140000003
0.016629896909999997
0.016609811109999997
0.01658980087
0.016569865000000003
0.01655000542
0.0165302188
0.016510508880000007
0.01649086987
0.016471306039999998
0.016451814119999998
0.016432396770000003
0.01641305454
0.016393782620000005
0.016374582749999998
0.016355454850000003
0.01633639992
0.016317416200000004
0.01629850606
0.016279665480000004
0.01626089641
0.016242198510000003
0.016223570689999998
0.016205014289999996
0.016186526239999995
0.01616810779
0.016149759689999998
0.016131480200000003
0.016113269359999995
0.01609512808
0.016077056620000002
0.016059052879999997
0.01604111578
0.01602324771
0.016005447170000003
0.0159877139
0.01597004757
0.01595244928
0.01593491757
0.015917450259999993
0.015900051719999996
0.015882717019999996
0.015865450000000007
0.0158482485
0.015831109909999995
0.015814036510000004
0.015797030409999996
0.015780088980000002
0.01576321014
0.015746396729999997
0.015729647419999996
0.01571296141
0.0156963401
0.015679780869999996
0.01566328527
0.0156468526
0.015630483480000002
0.015614177130000004
0.015597931320000003
0.015581749489999994
0.015565630240000003
0.015549570589999999
0.015533575639999997
0.015517640029999996
0.015501768649999996
0.015485953570000002
0.01547020378
0.015454511159999997
0.01543888063
0.01542330932
0.015407796429999999
0.015392346319999996
0.015376953609999999
0.015361620590000003
0.015346345820000006
0.015331130949999999
0.015315975450000002
0.015300878609999999
0.01528583923
0.015270858219999996
0.015255936020000003
0.015241072230000003
0.015226265610000001
0.015211515250000007
0.015196821669999994
0.015182185059999997
0.015167604699999998
0.015153082530000004
0.015138617580000003
0.015124206679999997
0.015109853930000002
0.015095556839999994
0.015081315759999997
0.015067129089999996
0.015052998279999999
0.0150389232
0.015024902499999998
0.01501093753
0.014997026810000001
0.014983170460000004
0.01496936754
0.014955619109999999
0.014941924749999995
0.014928283930000001
0.014914696319999999
0.014901162859999997
0.014887682390000006
0.0148742544
0.014860878979999999
0.014847558
0.014834289750000005
0.014821070579999998
0.014807905280000004
0.01479479198
0.014781730880000003
0.014768721670000005
0.014755762759999999
0.01474285633
0.014730000900000005
0.014717196760000002
0.014704443720000002
0.014691740600000001
0.014679087500000005
0.014666486710000004
0.01465393408
0.014641431349999998
0.014628979180000001
0.014616577390000003
0.014604223409999995
0.014591920649999996
0.014579665429999993
0.01456746079
0.014555303529999994
0.01454319489
0.014531134720000003
0.014519123439999998
0.01450716065
0.014495244809999999
0.014483376729999997
0.014471556860000004
0.014459784239999997
0.014448058770000001
0.014436380330000005
0.014424748959999996
0.01441316619
0.014401628779999998
0.014390137569999994
0.014378692960000003
0.01436729642
0.014355944470000001
0.01434463736
0.014333376440000004
0.014322162779999995
0.014310994570000004
0.01429987184
0.01428879405
0.014277761269999998
0.014266772730000002
0.014255829900000001
0.01424493209
0.014234078030000007
0.014223269039999997
0.014212502620000001
0.014201781970000002
0.01419110419
0.014180469789999999
0.014169878880000004
0.01415933179
0.014148828300000003
0.014138367359999997
0.014127950059999998
0.014117573710000003
0.014107240760000002
0.014096952429999999
0.014086705420000002
0.014076501709999996
0.014066339379999997
0.01405621858
0.014046139449999995
0.014036102470000002
0.014026106839999998
0.014016153009999997
0.014006240680000002
0.01399636851
0.013986537950000004
0.01397674912
0.013966999599999998
0.013957292060000001
0.01394762381
0.013937995890000006
0.013928410250000002
0.013918861970000005
0.01390935695
0.013899889589999999
0.013890462459999997
0.013881074220000001
0.013871725229999996
0.01386241549
0.01385314613
0.013843915440000003
0.013834723299999995
0.013825570839999997
0.013816456
0.013807379900000003
0.013798343560000002
0.013789342059999996
0.013780380720000006
0.013771456989999997
0.013762571640000004
0.013753723629999997
0.013744912869999999
0.013736139619999997
0.013727404540000002
0.013718705829999995
0.013710044019999996
0.013701419500000004
0.013692832079999996
0.013684282130000003
0.013675769030000005
0.013667293160000003
0.013658851100000001
0.013650446850000003
0.013642078039999998
0.013633747230000002
0.013625451649999998
0.01361719106
0.013608965759999998
0.01360077539
0.013592621839999996
0.013584503390000002
0.01357641838
0.01356836838
0.013560354330000001
0.013552374010000002
0.013544428479999995
0.013536517510000002
0.013528642240000001
0.013520800300000002
0.013512994120000002
0.01350522136
0.013497481750000002
0.01348977659
0.013482105529999995
0.013474466740000003
0.013466862709999996
0.01345929193
0.013451754489999999
0.013444250650000003
0.013436780709999999
0.013429342709999998
0.013421937759999997
0.013414565469999999
0.013407224879999997
0.013399917160000002
0.01339264185
0.013385398770000001
0.013378188169999998
0.013371010600000002
0.013363862509999996
0.013356746760000003
0.01334966466
0.01334261227
0.013335592100000002
0.01332860278
0.013321645720000006
0.013314720059999998
0.013307824819999996
0.013300961039999996
0.013294127990000001
0.01328732506
0.013280553709999999
0.013273813949999998
0.013267103330000004
0.013260423889999998
0.013253774000000003
0.013247153510000005
0.01324056399
0.013234003749999996
0.013227473760000002
0.01322097357
0.013214503409999996
0.01320806097
0.013201649289999999
0.013195266340000003
0.013188913310000001
0.013182589389999999
0.01317629414
0.013170026870000002
0.013163787969999998
0.01315757991
0.013151400139999998
0.013145248069999997
0.013139123740000001
0.013133028890000002
0.013126962380000004
0.013120922660000001
0.01311491362
0.013108929630000004
0.013102975059999999
0.013097048740000004
0.013091148790000002
0.013085275790000002
0.013079431129999996
0.013073613089999998
0.01306782176
0.01306205833
0.01305632215
0.013050612410000002
0.013044928619999997
0.013039272570000003
0.013033643569999996
0.013028039329999998
0.013022461989999998
0.013016911430000002
0.013011387699999995
0.013005889970000002
0.013000418539999996
0.012994972199999994
0.012989552770000001
0.012984158090000005
0.01297878894
0.012973446219999995
0.012968129720000004
0.01296283943
0.012957572660000003
0.012952332740000001
0.01294711633
0.012941925739999995
0.012936759560000002
0.012931619689999998
0.012926503280000001
0.012921413040000003
0.01291634679
0.01291130484
0.012906287150000003
0.012901295070000002
0.012896326230000001
0.012891381770000003
0.012886461749999998
0.012881565719999998
0.01287669312
0.012871845100000001
0.0128670205
0.012862219140000002
0.012857442189999999
0.012852688719999991
0.01284795808
0.012843251799999997
0.012838565819999998
0.01283390687
0.01282926901
0.012824654760000005
0.01282006266
0.012815494509999999
0.01281094979
0.012806427199999996
0.012801927979999999
0.01279745007
0.012792994640000001
0.012788561969999996
0.012784151339999996
0.0127797635
0.012775397119999997
0.01277105356
0.012766730350000002
0.012762430600000001
0.012758150850000004
0.012753893099999998
0.012749657769999999
0.012745444620000004
0.012741251419999999
0.012737080579999999
0.012732931640000002
0.012728802519999995
0.012724696739999994
0.012720610350000001
0.012716546129999999
0.01271250266
0.012708479589999997
0.012704477880000002
0.012700495210000001
0.012696533240000004
0.012692592450000002
0.012688670060000002
0.012684770300000002
0.012680890000000005
0.012677029780000001
0.012673190820000005
0.012669372950000002
0.012665572440000002
0.012661792259999997
0.012658031729999998
0.012654291770000001
0.012650571159999999
0.012646870210000005
0.012643189179999998
0.01263952771
0.0126358854
0.012632262369999996
0.012628658909999996
0.012625074429999996
0.012621509390000006
0.012617963990000002
0.01261443781
0.012610930789999999
0.012607440839999998
0.012603969850000006
0.012600519700000002
0.012597085580000002
0.01259366996
0.012590274470000004
0.012586896690000002
0.012583538180000003
0.012580198249999994
0.012576876060000002
0.012573572169999998
0.0125702859
0.012567017299999999
0.012563766550000006
0.012560534780000004
0.012557319859999996
0.012554123810000001
0.012550944239999999
0.012547781559999997
0.012544638190000002
0.012541510680000003
0.01253840071
0.012535308710000003
0.012532233149999995
0.012529175559999996
0.0125261342
0.012523110499999997
0.012520102669999998
0.01251711373
0.012514140710000001
0.01251118556
0.012508247390000003
0.012505324540000003
0.012502417799999999
0.012499529390000002
0.012496656500000002
0.012493801709999999
0.012490961410000001
0.012488137879999998
0.012485331280000005
0.012482540519999998
0.0124797653
0.012477005930000002
0.012474263530000003
0.012471537170000001
0.012468826239999998
0.012466130620000002
0.012463452290000003
0.012460789359999997
0.012458140439999998
0.01245550806
0.012452892410000001
0.012450291009999998
0.01244770494
0.01244513459
0.012442579220000005
0.01244003854
0.01243751431
0.012435003129999997
0.012432507990000001
0.012430027500000003
0.012427560880000004
0.012425108600000005
0.012422672359999998
0.012420250449999996
0.012417843019999996
0.012415450209999998
0.012413071609999998
0.012410708739999998
0.012408360249999998
0.012406025700000003
0.012403705329999999
0.012401399650000004
0.01239910818
0.012396830349999997
0.012394567399999999
0.012392318970000005
0.012390082869999996
0.012387862040000005
0.01238565538
0.012383461390000001
0.012381282420000004
0.012379117000000002
0.012376965199999996
0.012374827179999997
0.01237270242
0.012370591140000003
0.012368494169999997
0.012366409070000002
0.012364337889999999
0.01236227853
0.012360233210000002
0.01235820176
0.012356182600000001
0.012354176330000001
0.012352183949999998
0.012350203470000003
0.012348236319999997
0.012346281969999994
0.012344341089999999
0.01234241315
0.0123404953
0.012338592699999994
0.012336701589999999
0.012334822050000003
0.012332956239999996
0.012331102269999995
0.012329262440000002
0.01232743401
0.01232561862
0.01232381517
0.012322023969999998
0.012320244050000002
0.01231847775
0.012316722050000001
0.012314979279999997
0.01231324659
0.012311526230000003
0.012309818980000003
0.01230812268
0.012306438009999997
0.012304765769999998
0.012303105190000002
0.0123014565
0.012299818230000004
0.01229819216
0.012296576539999998
0.012294974489999999
0.012293383099999994
0.012291801810000001
0.01229023233
0.012288674039999998
0.012287127610000002
0.012285592920000001
0.012284069189999998
0.012282555479999997
0.012281052510000001
0.012279560569999997
0.012278079700000001
0.01227660896
0.012275150480000004
0.012273701029999999
0.012272262349999997
0.012270835530000001
0.012269419779999997
0.01226801434
0.012266619479999996
0.012265235679999995
0.01226386137
0.01226249693
0.01226114253
0.012259798330000002
0.012258464870000001
0.01225714163
0.012255829209999998
0.012254527239999997
0.012253234110000002
0.012251951870000001
0.01225068068
0.01224941888
0.012248166609999998
0.012246924619999999
0.012245693479999997
0.012244472330000002
0.012243260219999998
0.012242057679999998
0.01224086524
0.012239682089999997
0.012238509970000002
0.01223734528
0.012236190959999997
0.012235044780000003
0.012233909029999998
0.01223278146
0.01223166467
0.01223055717
0.012229458830000001
0.01222836978
0.012227290879999998
0.012226220210000001
0.012225158269999996
0.012224105629999999
0.01222306152
0.01222202692
0.012221001380000006
0.012219983700000001
0.012218975750000003
0.01221797654
0.012216986670000003
0.01221600539
0.012215033199999998
0.012214068420000003
0.012213115069999997
0.01221216836
0.012211230600000001
0.012210301380000003
0.012209380129999996
0.01220846861
0.012207565630000004
0.012206670469999998
0.012205783279999998
0.012204905240000001
0.012204036230000001
0.012203175009999997
0.012202320779999996
0.012201474729999997
0.01220063808
0.012199808639999999
0.01219898639
0.012198174220000002
0.012197369050000002
0.012196572579999995
0.01219578293
0.0121950018
0.012194229020000004
0.012193462470000001
0.01219270499
0.01219195497
0.012191212150000005
0.012190477509999999
0.012189750829999998
0.012189031999999999
0.01218832073
0.012187616200000003
0.012186920579999998
0.012186232300000002
0.01218555037
0.012184876309999999
0.01218420992
0.012183550349999999
0.012182899410000001
0.01218225442
0.01218161778
0.012180988520000005
0.012180365770000003
0.012179750749999997
0.01217914201
0.012178541099999997
0.01217794529
