0.10504198705999997
0.06462051690000001
0.05385270548000002
0.04613482210000001
0.04039732028000001
0.03614453455999999
0.03298892900000001
0.030620923000000008
0.028805897360000002
0.027376705620000007
0.026218706280000004
0.025254289580000006
0.024430804779999996
0.02371217562
0.023073340140000002
0.022496606279999994
0.02196931206
0.021482235579999995
0.02102857584000001
0.02060323644000001
0.020202353339999996
0.01982294784
0.0194626962
0.01911976132
0.018792670079999997
0.018480220159999994
0.018181419259999998
0.01789543096
0.01762154729
0.017359148630000005
0.017107695919999995
0.016866702750000004
0.01663573288
0.016414386330000006
0.016202292159999996
0.015999103710000004
0.01580449381
0.015618153130000003
0.015439789199999998
0.015269116440000001
0.015105864830000003
0.014949771089999992
0.01480058345
0.014658057379999999
0.014521954920000003
0.014392046990000004
0.014268111890000004
0.014149932690000004
0.014037300279999996
0.013930010319999997
0.013827866560000004
0.013730676560000004
0.013638252869999996
0.013550416209999994
0.013466991369999999
0.013387807439999995
0.013312699879999994
0.013241508150000001
0.013174076669999996
0.013110256890000003
0.013049901200000002
0.012992869490000003
0.012939024030000001
0.012888233629999999
0.012840369300000003
0.012795308689999996
0.012752930819999998
0.01271312233
0.01267577003
0.012640766200000002
0.012608007180000002
0.012577394290000002
0.01254883029
0.01252221953
0.01249747693
0.012474512459999998
0.012453244379999999
0.0124335945
0.012415486040000001
0.012398844479999999
0.012383600299999999
0.012369684919999997
0.012357033350000001
0.01234558241
0.012335275729999994
0.012326052929999996
0.012317862150000003
0.012310647939999997
0.012304363890000001
0.01229896042
0.012294390770000002
0.012290615159999995
0.012287589480000001
0.01228527431
0.012283633119999996
0.012282628959999996
0.012282228280000007
0.012282398350000003
0.012283107789999996
0.012284327169999998
0.012286029300000001
0.012288186119999997
0.012290772729999996
0.012293766420000003
0.012297144169999998
0.01230088222
0.012304963000000002
0.012309363370000001
0.01231406707999999
0.01231905647
0.012324312349999998
0.012329822040000004
0.012335570740000001
0.012341542729999998
0.012347723430000002
0.01235410053
0.012360664810000001
0.01236740254
0.01237430213
0.012381354369999997
0.01238855087
0.012395880160000004
0.012403333330000004
0.012410903369999997
0.012418583920000002
0.012426364000000002
0.01243423976
0.012442203770000002
0.012450248359999996
0.012458370040000001
0.012466560860000005
0.012474815859999997
0.012483131559999998
0.012491501159999998
0.012499922840000002
0.01250839116
0.012516901309999995
0.01252544976
0.012534035450000001
0.012542650160000002
0.012551295359999999
0.0125599671
0.012568660060000004
0.012577374910000001
0.01258610473
0.01259485071
0.01260360782
0.012612378529999994
0.012621155689999998
0.012629941249999999
0.012638731069999999
0.012647523039999999
0.012656317730000002
0.01266511281
0.01267390596
0.01268269662
0.012691482789999996
0.012700265109999996
0.012709039629999997
0.012717807539999999
0.01272656711
0.012735316109999997
0.012744055770000005
0.01275278378
0.012761499390000002
0.012770203700000003
0.012778894080000002
0.012787570210000002
0.012796231959999998
0.012804875519999998
0.01281350611
0.012822119419999998
0.01283071541
0.012839293770000003
0.012847854040000009
0.012856396400000001
0.012864920640000005
0.012873424019999994
0.012881908939999999
0.012890373359999995
0.012898818079999999
0.01290724181
0.012915644780000003
0.012924026120000003
0.0129323862
0.0129407246
0.01294904265
0.01295733816
0.012965611080000003
0.012973860799999997
0.012982089370000005
0.012990294970000003
0.012998477739999998
0.013006637190000003
0.013014774379999998
0.013022887249999997
0.013030977479999999
0.013039043710000002
0.01304708817
0.01305510804
0.01306310437
0.013071075829999999
0.013079023820000002
0.013086947949999999
0.01309484852
0.013102724740000002
0.013110576990000001
0.013118406530000005
0.013126211530000001
0.013133992279999998
0.013141747669999999
0.013149479889999998
0.013157186400000003
0.013164870290000002
0.01317252935
0.01318016484
0.01318777629
0.013195363440000002
0.013202925810000002
0.01321046314
0.013217976939999997
0.013225466920000001
0.01323293339
0.013240374620000002
0.013247793549999996
0.013255185519999999
0.013262554369999999
0.01326989957
0.013277221240000003
0.013284518159999996
0.013291790570000007
0.01329904099
0.013306265429999997
0.013313466799999998
0.013320644870000002
0.013327797459999992
0.013334926970000001
0.013342033170000003
0.013349115649999998
0.013356174359999999
0.013363209689999999
0.013370220380000004
0.01337720878
0.013384172300000002
0.013391114059999992
0.013398032150000003
0.013404925529999999
0.013411797269999996
0.013418645709999994
0.013425469899999995
0.013432272059999997
0.013439050380000001
0.013445806189999998
0.01345253991
0.013459248579999996
0.013465936059999996
0.013472600719999998
0.01347924208
0.013485861229999998
0.013492457479999997
0.013499031409999997
0.013505581279999995
0.01351211159
0.013518617770000001
0.01352510302
0.013531564740000002
0.013538004919999999
0.01354442363
0.013550820320000007
0.01355719374
0.013563546550000003
0.013569876989999998
0.013576185240000004
0.013582472369999996
0.01358873838
0.01359498284
0.013601205370000003
0.013607407309999996
0.01361358636
0.013619744379999998
0.013625881770000006
0.01363199832
0.013638092150000001
0.013644166680000005
0.013650221489999998
0.01365625309
0.01366226415
0.013668254730000001
0.013674224410000001
0.013680174489999999
0.01368610503
0.01369201333
0.013697900220000003
0.0137037685
0.01370961732
0.01371544439
0.013721251710000002
0.01372703965
0.01373280677
0.01373855309
0.013744282100000003
0.013749990239999996
0.0137556797
0.01376134908
0.013766997770000003
0.0137726285
0.01377823909
0.013783831369999998
0.013789401690000003
0.013794956219999998
0.013800490189999997
0.013806004249999995
0.01381150088
0.01381697851
0.013822436390000001
0.013827876800000001
0.013833296479999996
0.01383869838
0.013844082820000003
0.01384944892
0.013854795950000005
0.013860124059999996
0.013865433399999998
0.01387072522
0.013875998810000003
0.013881255860000004
0.013886492480000005
0.013891713019999996
0.013896914190000003
0.013902097929999994
0.013907264919999997
0.013912413409999998
0.013917545539999998
0.01392265954
0.013927754749999997
0.013932834710000001
0.013937894890000002
0.013942939100000004
0.013947966339999998
0.013952975639999997
0.013957968419999996
0.013962944870000002
0.013967903810000001
0.013972843889999996
0.013977769930000003
0.013982678839999995
0.013987569900000003
0.013992444430000002
0.013997303860000003
0.014002146669999995
0.014006972179999997
0.014011782760000003
0.014016574959999998
0.014021352979999995
0.014026114269999992
0.01403085701
0.014035586079999997
0.01404029906
0.014044995199999997
0.014049676979999998
0.014054340729999996
0.01405899035
0.01406362395
0.014068243130000001
0.014072845789999996
0.014077433219999998
0.014082004910000003
0.014086560899999996
0.01409110265
0.014095627889999997
0.014100138080000001
0.014104634179999997
0.01410911529
0.014113581309999998
0.014118030940000003
0.014122468360000003
0.014126889389999994
0.014131293090000002
0.01413568576
0.01414006191
0.014144423410000004
0.014148770619999999
0.014153103460000004
0.014157423010000001
0.014161727419999999
0.014166016879999997
0.014170292750000002
0.014174555009999996
0.014178801899999998
0.014183035100000005
0.01418725476
0.014191459800000002
0.014195653019999997
0.014199829940000006
0.014203993979999998
0.014208143820000001
0.014212279700000002
0.014216402229999998
0.014220511840000003
0.014224607160000005
0.01422868837
0.01423275748
0.014236813339999998
0.014240855309999998
0.014244884080000002
0.014248898949999998
0.014252900930000001
0.014256889069999999
0.014260865999999997
0.01426482888
0.014268779110000001
0.014272716380000001
0.014276641240000006
0.014280552270000002
0.014284450039999999
0.014288337100000003
0.014292208979999997
0.01429606989
0.014299917899999993
0.014303752980000004
0.014307576450000001
0.014311385369999999
0.014315184370000003
0.014318970380000002
0.01432274404
0.014326506080000002
0.01433025423
0.014333991469999998
0.014337718010000002
0.01434143039
0.014345131440000002
0.014348819660000001
0.014352497640000001
0.014356163520000005
0.014359816920000006
0.014363459219999994
0.014367088160000006
0.014370705820000001
0.014374313929999999
0.014377907810000002
0.014381492009999997
0.01438506415
0.014388625099999995
0.01439217441
0.0143957113
0.01439923849
0.01440275391
0.01440625832
0.01440975111
0.014413232889999995
0.014416705350000003
0.014420164420000001
0.014423613370000003
0.014427050660000001
0.014430478379999999
0.014433894559999999
0.014437299460000002
0.014440693489999995
0.014444076869999994
0.014447450260000003
0.014450813480000005
0.014454165379999996
0.014457505660000003
0.014460836110000003
0.014464155849999995
0.014467466139999996
0.014470764649999999
0.014474052610000003
0.014477331960000001
0.014480599109999994
0.014483856800000002
0.014487104130000004
0.014490344090000004
0.014493570140000005
0.014496787599999998
0.014499994749999998
0.014503190720000003
0.01450637858
0.014509556149999997
0.014512723600000001
0.014515880969999997
0.014519029550000001
0.014522166129999998
0.014525293670000002
0.014528411630000002
0.014531520689999996
0.014534620560000005
0.014537708389999997
0.0145407887
0.014543858609999995
0.014546919509999999
0.014549970300000003
0.014553011479999997
0.014556043519999997
0.01455906655
0.014562080179999997
0.014565084550000003
0.014568080010000001
0.014571065549999995
0.01457404209
0.014577009309999998
0.014579965940000003
0.01458291561
0.014585855939999996
0.014588786549999996
0.014591709480000001
0.014594623689999999
0.014597526910000007
0.014600422200000004
0.014603309269999998
0.014606186900000002
0.014609056389999996
0.014611917649999999
0.01461476944
0.01461761021
0.014620444979999996
0.01462327049
0.014626085559999997
0.014628894679999999
0.014631694439999999
0.014634486209999995
0.014637270479999997
0.014640044230000005
0.01464281031
0.014645568069999998
0.01464831714
0.01465105812
0.014653792470000005
0.01465651657
0.01465923193
0.01466194055
0.014664640709999996
0.014667331289999997
0.014670016099999995
0.014672692219999997
0.014675360559999996
0.01467802173
0.014680672840000002
0.014683316570000004
0.014685952530000004
0.014688581800000003
0.014691201269999996
0.014693814190000001
0.014696417800000004
0.014699016780000004
0.01470160427
0.01470418523
0.014706761139999998
0.014709326550000002
0.014711886169999999
0.014714436619999993
0.014716979869999997
0.014719516640000001
0.014722044840000002
0.014724564499999999
0.014727078519999999
0.014729584949999996
0.014732083440000002
0.01473457552
0.014737059980000002
0.01473953614
0.014742006349999998
0.014744468100000003
0.014746924139999998
0.0147493706
0.014751811630000005
0.014754246169999999
0.014756673710000006
0.014759093049999998
0.014761505179999997
0.014763910449999997
0.0147663078
0.014768699130000002
0.014771083590000006
0.014773460510000001
0.014775831059999998
0.014778195320000003
0.014780552229999999
0.014782901389999999
0.014785243859999997
0.014787579569999997
0.014789909190000004
0.01479223114
0.014794548999999997
0.014796856999999997
0.014799159299999998
0.014801455650000002
0.014803743679999997
0.014806025309999997
0.014808301600000002
0.01481057233
0.014812834919999995
0.014815091960000002
0.014817343139999996
0.014819586189999998
0.014821823429999999
0.014824053439999998
0.014826278149999999
0.014828495620000003
0.01483070753
0.014832913689999998
0.0148351126
0.01483730586
0.014839492880000001
0.014841674130000005
0.014843847630000004
0.014846015770000004
0.01484817728
0.014850333759999999
0.014852483140000006
0.01485462766
0.014856764949999999
0.014858896899999998
0.014861023129999998
0.014863140579999998
0.014865256289999997
0.01486736399
0.014869465770000001
0.014871560990000001
0.014873649799999998
0.014875734140000006
0.014877811900000003
0.014879884380000001
0.014881950610000003
0.01488401229
0.014886066709999996
0.014888114710000002
0.014890158999999993
0.014892197680000004
0.01489423093
0.014896257509999993
0.0148982784
0.014900294209999996
0.014902303639999998
0.014904308120000001
0.014906307090000005
0.014908299539999996
0.014910287460000003
0.014912270569999999
0.014914248249999994
0.014916219339999997
0.014918185429999998
0.014920146420000002
0.014922103059999995
0.014924051630000006
0.014925995540000004
0.014927935669999998
0.014929869079999996
0.01493179923
0.014933722869999997
0.014935641480000001
0.014937555330000003
0.01493946201
0.014941364310000003
0.014943260910000002
0.014945153199999997
0.0149470423
0.01494892358
0.014950800749999998
0.0149526721
0.014954538819999995
0.014956401660000002
0.01495825969
0.014960110689999997
0.014961956660000003
0.014963798570000002
0.014965633889999998
0.014967465609999998
0.014969292980000003
0.014971114140000002
0.01497293176
0.014974745210000005
0.014976551140000002
0.014978352509999997
0.01498015266
0.014981945620000003
0.014983732000000005
0.014985515520000003
0.014987294040000002
0.014989067189999998
0.01499083591
0.01499260142
0.01499436055
0.01499611684
0.01499786675
0.01499961179
0.015001354549999997
0.015003090759999997
0.015004823370000002
0.015006550249999997
0.01500827374
0.015009992040000001
0.015011704859999997
0.015013414300000002
0.015015120419999998
0.015016819720000001
0.01501851648
0.01502020873
0.015021895200000001
0.015023578430000002
0.01502525732
0.015026931699999994
0.015028601320000003
0.015030265089999995
0.015031926450000002
0.015033583089999998
0.015035236430000003
0.015036885630000003
0.01503853063
0.01504016831
0.015041804050000003
0.01504343594
0.015045063350000004
0.015046685419999999
0.01504830529
0.01504991987
0.01505152989
0.015053134489999995
0.01505473869
0.015056337380000005
0.01505793178
0.015059521579999999
0.015061109179999997
0.01506269011
0.015064268319999996
0.015065842360000001
0.01506741369
0.015068980290000002
0.015070542099999999
0.015072101059999999
0.015073655709999998
0.015075205890000004
0.015076753529999997
0.015078296619999994
0.015079836059999994
0.015081371879999998
0.01508290381
0.01508443146
0.015085954930000008
0.015087474479999998
0.015088990560000001
0.015090503639999996
0.01509201153
0.015093517139999998
0.015095016650000001
0.015096514749999995
0.015098009650000004
0.015099499990000001
0.015100986459999997
0.015102469899999997
0.015103947400000005
0.015105423999999996
0.015106895099999997
0.015108364050000003
0.015109828680000001
0.015111289820000002
0.015112746390000008
0.015114201319999998
0.015115651079999997
0.01511709759
0.015118541700000002
0.015119979519999998
0.015121416600000003
0.015122849779999996
0.015124280159999998
0.015125706020000008
0.015127127799999994
0.015128546970000004
0.015129962619999998
0.01513137543
0.015132784909999999
0.015134189980000004
0.015135592100000001
0.01513699193
0.015138387879999998
0.015139780079999998
0.015141169309999997
0.015142553909999997
0.015143935779999998
0.015145313950000001
0.015146689760000004
0.015148061099999997
0.015149430280000003
0.015150795609999997
0.015152157519999997
0.015153516329999997
0.015154872280000002
0.01515622637
0.0151575762
0.015158922419999998
0.015160266110000003
0.015161607019999997
0.015162943520000001
0.015164277610000004
0.015165608589999999
0.015166935840000001
0.015168259790000003
0.015169582479999992
0.015170901000000006
0.015172216589999996
0.015173527289999999
0.015174836749999998
0.015176142369999996
0.015177446019999995
0.015178746659999999
0.015180043700000003
0.015181337609999998
0.015182627640000002
0.015183914809999999
0.015185199840000005
0.015186481300000004
0.01518776199
0.015189037329999999
0.015190311289999998
0.015191582219999994
0.015192849349999997
0.015194114409999997
0.015195376170000002
0.015196635369999998
0.01519789021
0.015199143889999999
0.015200394189999997
0.01520164135
0.01520288671
0.015204129310000002
0.015205368890000001
0.015206605779999995
0.015207839380000006
0.015209071179999995
0.015210298899999995
0.015211523250000001
0.015212745390000003
0.015213964550000006
0.015215181790000002
0.015216395220000005
0.015217607099999997
0.015218816380000002
0.015220022100000008
0.015221225569999998
0.015222427680000008
0.015223625579999997
0.01522482111
0.015226015720000001
0.015227206040000003
0.01522839368
0.01522957748
0.01523076129
0.01523194089
0.015233118319999999
0.015234293030000004
0.01523546617999999
0.01523663569
0.015237803289999996
0.015238968470000001
0.015240130549999995
0.01524129058
0.015242446819999998
0.015243601489999996
0.015244754299999996
0.015245902859999999
0.01524704988
0.015248194809999997
0.015249336879999999
0.015250477080000002
0.015251613919999997
0.015252748740000002
0.015253880899999999
0.015255012090000004
0.015256138679999996
0.015257264940000006
0.015258389390000005
0.015259508620000002
0.01526062805
0.015261743159999997
0.015262856479999998
0.015263967760000002
0.015265076989999998
0.015266182829999999
0.015267286500000006
0.015268387340000002
0.015269487640000001
0.01527058451
0.015271679600000001
0.0152727708
0.015273861489999995
0.015274949909999997
0.015276033790000003
0.01527711784
0.015278197609999995
0.015279276610000002
0.015280353760000002
0.015281428889999999
0.015282500569999998
0.01528357089
0.01528463847
0.015285705879999998
0.015286767630000005
0.015287828960000001
0.015288888329999997
0.015289945739999998
0.015290999529999998
0.015292052120000005
0.015293103990000001
0.015294151489999996
0.015295197650000002
0.015296241660000003
0.015297283570000004
0.015298323520000006
0.015299361419999997
0.01530039802
0.015301431269999997
0.015302463260000005
0.015303492880000005
0.015304519130000003
0.015305544659999998
0.015306566740000003
0.015307587930000003
0.015308608299999997
0.015309625519999998
0.015310640790000002
0.015311653819999998
0.01531266642
0.015313674050000002
0.015314681970000006
0.01531568627
0.01531668927
0.01531769043
0.01531868931
0.01531968757
0.0153206834
0.015321676919999997
0.015322668969999998
0.015323657359999996
0.015324645609999998
0.015325631109999998
0.015326614290000002
0.015327596460000004
0.015328577510000005
0.01532955512
0.015330532050000002
0.015331505570000006
0.015332478019999998
0.015333448390000006
0.015334417560000002
0.01533538507
0.015336349610000004
0.015337311589999998
0.015338272209999997
0.01533923145
0.015340189199999991
0.015341144899999997
0.015342099390000006
0.015343052199999999
0.015344001759999998
0.01534494982
0.015345897579999997
0.015346840969999997
0.015347785630000001
0.01534872604
0.015349666740000004
0.015350605019999998
0.015351541719999997
0.015352474370000004
0.015353406599999998
0.01535433797
0.015355266709999999
0.015356193499999995
0.015357119809999997
0.015358043570000004
0.01535896693
0.015359886779999998
0.015360805
0.015361721300000002
0.01536263666
0.015363550360000002
0.015364461959999997
0.015365371790000002
0.015366280199999997
0.015367187570000001
0.015368093189999998
0.01536899574
0.01536989825
0.015370799520000002
0.01537169851
0.015372594380000004
0.01537349029
0.015374384709999996
0.015375276290000002
0.015376166410000008
0.015377055939999997
0.015377943780000004
0.0153788297
0.015379714360000001
0.015380596790000001
0.015381478110000006
0.0153823577
0.015383236449999995
0.01538411277
0.015384987169999996
0.015385861529999998
0.015386733370000003
