0.10365184438
0.09793912996
0.09285611670000002
0.08847816275999999
0.08481791977999997
0.08178648722
0.07923918174000001
0.07703692978
0.07507072693999996
0.07326006186
0.07154634171999999
0.06989028980000002
0.06827351818
0.06670018136000001
0.06519250373999999
0.06377821478000001
0.062476548539999996
0.06129104602000002
0.060211243219999995
0.05921926724
0.05829633714
0.05742653870000002
0.05659787312000002
0.05580187958000002
0.05503281940000002
0.054286826200000006
0.05356131198
0.05285450002
0.05216516407999999
0.05149240472000001
0.050835550179999994
0.05019407406000001
0.04956752876000001
0.048955539660000005
0.048357756720000006
0.04777385906
0.047203554419999995
0.04664654562000001
0.04610255408
0.045571300420000016
0.04505252259999999
0.04454595320000001
0.04405132626
0.04356839548
0.04309690421999998
0.04263660700000001
0.04218725431999999
0.04174859873999999
0.041320416779999994
0.0409024553
0.04049449362000001
0.04009629734
0.03970764274000001
0.03932830587999999
0.038958070340000005
0.038596718700000004
0.03824403624
0.03789981308
0.03756384724
0.037235932939999994
0.03691587025999999
0.03660346658
0.036298522400000005
0.03600085454
0.035710272019999996
0.03542659244000001
0.03514964155999999
0.03487923820000001
0.034615214139999996
0.03435739800000001
0.03410562412
0.033859731819999996
0.033619562660000005
0.033384960800000016
0.03315577320000001
0.03293185346
0.03271305624
0.03249923940000001
0.032290262800000004
0.03208599586
0.03188630480000001
0.0316910628
0.03150014138
0.0313134233
0.03113078423999999
0.030952115839999995
0.030777299860000006
0.030606228840000003
0.030438791500000003
0.030274889399999994
0.030114421959999995
0.02995728852
0.029803392779999997
0.029652645459999998
0.029504956259999996
0.029360235120000015
0.02921839668
0.02907936
0.028943047220000007
0.02880937694
0.028678275879999996
0.028549672039999995
0.028423491880000006
0.028299667260000005
0.02817813290000001
0.02805882236000001
0.02794167096
0.02782662138
0.027713614799999994
0.027602591000000006
0.02749349666000001
0.02738627324
0.027280875040000006
0.027177247859999996
0.027075343140000006
0.026975114379999988
0.026876516439999994
0.026779503379999996
0.026684033260000004
0.026590061659999994
0.026497548960000002
0.02640645892
0.026316747459999994
0.026228383480000006
0.02614132816
0.026055547019999997
0.025971007419999994
0.02588767452000001
0.025805517299999994
0.025724506999999997
0.0256446154
0.025565810740000007
0.025488067339999997
0.02541135474
0.02533564991999999
0.0252609262
0.025187159360000003
0.025114322180000002
0.025042395820000004
0.02497135888
0.024901184759999993
0.024831854319999996
0.02476335122
0.024695649519999998
0.0246287347
0.02456258580000001
0.02449718388000001
0.0244325101
0.024368550979999994
0.024305287700000004
0.024242707760000003
0.02418078907999999
0.024119524319999995
0.024058890379999996
0.0239988797
0.023939475759999995
0.023880665280000005
0.02382243544
0.023764771699999993
0.023707662479999992
0.02365109822
0.023595065259999996
0.023539551459999995
0.023484546579999998
0.023430042640000006
0.023376025259999995
0.02332248802
0.02326941672
0.023216804719999998
0.023164644900000003
0.023112925459999992
0.02306163542
0.023010768220000002
0.022960318440000006
0.022910274960000008
0.022860631940000008
0.022811377459999994
0.02276250868
0.022714016260000004
0.02266589388
0.02261813562
0.022570730020000006
0.022523678359999993
0.022476967739999996
0.02243059408
0.022384553180000002
0.022338838179999997
0.022293441759999998
0.022248359780000008
0.022203589520000008
0.022159122119999996
0.02211495092
0.02207107482
0.022027489980000002
0.021984186079999996
0.021941163719999993
0.02189841512
0.021855937800000006
0.02181372832
0.021771779220000002
0.021730088459999998
0.02168864994
0.021647462800000003
0.021606523819999994
0.02156582506000001
0.021525367700000003
0.0214851486
0.021445159979999996
0.021405400300000002
0.02136586606
0.021326556799999997
0.021287463979999997
0.02124859042
0.02120992794
0.0211714776
0.02113323753999998
0.02109519868
0.021057366060000002
0.021019732900000004
0.020982294059999997
0.020945052640000003
0.020908004059999992
0.020871145139999995
0.02083447416
0.020797989340000003
0.020761686360000003
0.02072556464
0.020689622320000003
0.020653858420000004
0.0206182684
0.02058285424
0.020547609419999998
0.020512533219999997
0.02047762374
0.020442879140000002
0.020408298880000002
0.02037388108
0.02033962458
0.0203055242
0.020271581659999996
0.020237793999999996
0.02020415944
0.020170679739999996
0.020137350039999998
0.020104168080000005
0.020071135219999994
0.02003824944
0.02000551044
0.019972912500000006
0.019940458699999997
0.01990814384
0.01987597002
0.019843934219999998
0.019812037799999994
0.01978027654
0.019748648860000002
0.01971715588
0.01968579601999999
0.019654567680000002
0.01962346986000001
0.01959250338
0.01956166476
0.01953095268
0.019500366960000005
0.01946991034
0.01943957608
0.01940936664
0.01937927784
0.019349312819999992
0.019319465830000004
0.019289739640000005
0.01926013379
0.0192306466
0.019201275260000004
0.019172021559999988
0.019142883480000008
0.01911385881
0.019084950040000003
0.019056157739999996
0.019027475739999994
0.01899890412
0.018970448249999997
0.018942100670000003
0.018913863349999994
0.01888573447999999
0.018857713250000005
0.018829801710000003
0.018801995849999996
0.018774296669999996
0.018746703759999997
0.018719217159999996
0.01869183434
0.018664556380000003
0.01863738308
0.01861031026
0.01858334221
0.018556475460000003
0.01852970988000001
0.018503045000000003
0.01847647982
0.018450012019999996
0.0184236456
0.01839737692
0.01837120661
0.018345134180000004
0.018319160000000004
0.018293280599999996
0.018267496899999996
0.01824181036
0.01821621956
0.01819072266
0.018165320679999996
0.018140011220000005
0.01811479564
0.01808967266
0.018064643320000004
0.018039703310000002
0.01801485754
0.01799010138
0.017965436200000007
0.017940860559999994
0.01791637779999999
0.017891983800000004
0.01786767752
0.017843459099999993
0.017819329339999992
0.017795288800000003
0.01777133536
0.01774746938
0.017723690480000002
0.017699998360000004
0.017676391819999998
0.017652871619999996
0.017629437919999998
0.017606089549999995
0.017582825120000006
0.017559646140000003
0.017536551130000008
0.01751353936
0.0174906107
0.01746776526
0.01744500192
0.017422320020000003
0.01739972205
0.01737720591
0.017354770710000002
0.01733241696
0.017310145210000003
0.017287951790000006
0.017265839950000004
0.017243808060000004
0.017221856770000002
0.01719998468
0.017178190280000002
0.017156475629999994
0.017134839659999998
0.017113283279999992
0.01709180506
0.017070402189999997
0.017049079270000003
0.017027832019999998
0.01700666258
0.01698556927
0.01696455175
0.016943611160000004
0.016922745370000002
0.016901956310000004
0.01688124234
0.01686060462
0.01684004081
0.01681955226
0.01679913812
0.01677879834
0.016758531880000004
0.01673833838
0.016718218800000007
0.016698171220000006
0.016678198119999998
0.016658298479999997
0.01663847014
0.01661871385
0.016599029509999995
0.016579417100000004
0.016559873989999998
0.016540403600000003
0.01652100423
0.016501675650000002
0.016482416980000004
0.016463226789999997
0.016444110659999997
0.016425062029999996
0.01640608422
0.016387175389999994
0.016368335469999995
0.016349563700000003
0.01633086104
0.01631222736
0.016293662320000003
0.016275164779999997
0.01625673489
0.016238373540000003
0.016220078689999997
0.01620185248
0.016183692799999996
0.01616559985
0.016147572909999998
0.016129613609999996
0.01611171978
0.01609389188
0.01607613
0.01605843412
0.01604080486
0.016023238999999998
0.01600573793
0.015988301309999998
0.015970930669999998
0.015953624699999995
0.015936380979999994
0.015919202880000004
0.01590208916
0.015885037709999997
0.01586804877
0.015851126570000002
0.0158342651
0.0158174657
0.015800730850000007
0.01578405742
0.01576744761
0.01575089775
0.01573441193
0.01571798666
0.01570162319
0.015685321390000007
0.015669081429999995
0.01565290188
0.01563678013
0.015620720230000005
0.015604720349999997
0.015588781759999998
0.015572902780000002
0.015557083669999998
0.015541325390000003
0.01552562565
0.01550998582
0.015494404220000002
0.015478881889999992
0.015463418000000001
0.015448012959999997
0.015432667629999997
0.01541737843
0.015402147989999997
0.01538697595
0.015371861519999997
0.015356804219999999
0.015341804840000006
0.015326861310000002
0.015311976330000001
0.015297146870000007
0.015282374240000002
0.015267658910000002
0.015252999100000003
0.015238396640000002
0.0152238502
0.015209359230000004
0.015194922910000002
0.015180543420000001
0.015166218869999996
0.015151948039999997
0.015137733219999996
0.015123573239999999
0.015109465720000003
0.015095414270000001
0.0150814162
0.015067472339999997
0.015053583699999998
0.015039748179999996
0.01502596676
0.015012238840000003
0.014998564360000006
0.014984943830000002
0.01497137595
0.014957859970000001
0.01494439745
0.014930985950000001
0.014917627630000003
0.014904321290000001
0.01489106628
0.014877863820000004
0.0148647137
0.0148516161
0.014838567450000005
0.01482557211
0.0148126276
0.01479973208
0.014786887319999996
0.014774093189999999
0.014761348839999999
0.014748656460000002
0.014736013149999998
0.014723418050000003
0.01471087522
0.014698380909999998
0.014685936860000002
0.014673542860000001
0.014661196080000001
0.014648898959999995
0.014636651459999997
0.01462445268
0.014612302659999996
0.01460019896
0.014588144930000005
0.014576137449999997
0.014564177909999997
0.01455226717
0.014540404199999994
0.014528589029999997
0.014516820179999994
0.014505098420000005
0.01449342502
0.014481799280000002
0.01447021768
0.014458683940000005
0.014447196010000003
0.014435755529999997
0.014424359509999998
0.014413009200000002
0.01440170592
0.014390448380000006
0.014379235169999999
0.014368067479999998
0.014356945149999998
0.014345868460000001
0.014334836110000004
0.01432384853
0.014312906399999999
0.014302009650000008
0.014291157
0.014280347739999998
0.01426958305
0.014258862180000005
0.014248184549999996
0.01423755085
0.014226959669999994
0.014216412949999997
0.01420590891
0.014195447060000001
0.01418503144
0.014174657100000002
0.014164324280000003
0.014154034080000003
0.014143787290000005
0.01413358244
0.014123420249999998
0.014113300279999998
0.014103221839999996
0.014093183920000005
0.014083189010000004
0.014073235419999996
0.01406332326
0.014053451959999998
0.01404362265
0.01403383532
0.014024086849999999
0.014014378249999997
0.014004710740000002
0.01399508456
0.013985497520000001
0.01397594969
0.013966443869999996
0.013956977660000005
0.013947551
0.013938162940000004
0.01392881481
0.013919507540000002
0.013910238249999995
0.013901008719999998
0.01389181727
0.013882664959999999
0.013873551649999998
0.01386447786
0.013855442400000003
0.013846444780000002
0.013837483459999998
0.01382856221
0.013819676990000003
0.013810828920000002
0.01380202008
0.013793248890000004
0.013784515229999999
0.013775820270000001
0.013767160340000004
0.013758538780000003
0.01374995282
0.01374140411
0.013732893559999997
0.013724418619999998
0.01371597968
0.01370757905
0.013699212640000003
0.013690883639999998
0.013682591259999996
0.013674333520000003
0.01366611239
0.013657926900000004
0.013649776200000002
0.013641659640000001
0.013633579379999997
0.013625534020000003
0.013617523319999996
0.013609546169999997
0.013601606130000004
0.013593699839999994
0.01358582667
0.013577990250000005
0.013570186629999996
0.013562418020000001
0.013554682790000005
0.013546981259999995
0.013539315269999998
0.013531682570000004
0.013524082200000002
0.013516516370000004
0.013508984000000003
0.013501484680000002
0.013494018489999999
0.013486586460000005
0.013479185349999999
0.01347181665
0.013464481749999997
0.01345717869
0.013449907320000001
0.013442670040000007
0.01343546483
0.01342829103
0.013421150810000004
0.013414040660000008
0.013406964279999998
0.013399918400000002
0.013392904539999997
0.01338592101
0.01337896939
0.013372050210000002
0.013365162129999998
0.013358304600000004
0.013351477659999994
0.013344680390000004
0.013337914160000002
0.01333117974
0.013324475719999998
0.013317800610000001
0.013311156889999995
0.013304544690000001
0.013297962020000003
0.013291408799999998
0.013284886570000003
0.013278391950000001
0.013271927430000002
0.013265492060000002
0.013259087599999997
0.013252711110000003
0.013246366300000001
0.013240048979999997
0.013233760470000005
0.01322750156
0.013221271250000001
0.013215069820000001
0.013208897170000003
0.013202752029999997
0.013196635600000005
0.013190547870000003
0.013184489380000004
0.013178458639999995
0.013172456090000001
0.013166481129999996
0.013160533920000004
0.01315461401
0.013148721980000005
0.013142856570000002
0.0131370196
0.013131209159999997
0.013125425279999998
0.01311967039
0.013113941039999999
0.013108239920000004
0.013102565700000002
0.013096917780000002
0.013091295680000004
0.013085700529999996
0.013080133109999994
0.013074589279999995
0.013069073199999996
0.013063583779999999
0.013058120290000001
0.013052683079999995
0.013047272029999994
0.01304188648
0.013036526569999995
0.013031192759999997
0.013025883249999998
0.01302059996
0.013015342079999997
0.013010109169999999
0.013004900549999998
0.012999717980000002
0.0129945602
0.01298942588
0.01298431776
0.012979234839999998
0.01297417539
0.01296914154
0.012964132400000002
0.01295914506
0.01295418426
0.012949248329999998
0.012944335159999997
0.01293944651
0.012934581500000002
0.01292973966
0.01292492219
0.012920127129999999
0.012915357699999996
0.012910610810000002
0.012905886189999995
0.012901185859999997
0.01289650888
0.012891853750000001
0.012887223169999995
0.012882614010000001
0.012878026879999997
0.012873464609999996
0.01286892476
0.012864406989999995
0.012859911279999999
0.012855437230000002
0.01285098717
0.012846557710000006
0.01284215193
0.012837769140000004
0.012833407710000001
0.012829067610000005
0.012824749710000001
0.012820453319999998
0.012816178000000003
0.012811925089999999
0.012807694079999996
0.012803483260000002
0.012799294389999999
0.012795125690000004
0.012790980879999999
0.012786853590000003
0.012782749249999998
0.012778665820000002
0.012774602060000003
0.012770559730000002
0.012766539349999996
0.012762537800000003
0.01275855749
0.012754597689999998
0.012750659059999996
0.01274674077
0.012742841830000002
0.012738962730000003
0.012735103489999997
0.012731264640000002
0.01272744538
0.01272364599
0.012719866820000002
0.01271610683
0.012712366279999998
0.012708645820000005
0.012704945030000001
0.01270126267
0.012697599560000002
0.012693957010000001
0.01269033312
0.0126867281
0.012683142749999998
0.012679574409999997
0.012676026079999993
0.01267249673
0.012668985580000004
0.012665492940000002
0.012662018440000002
0.012658563639999999
0.01265512703
0.0126517081
0.012648308750000005
0.01264492723
0.012641564139999999
0.012638218040000003
0.012634889440000002
0.012631578870000004
0.012628287120000001
0.012625011370000003
0.012621754910000003
0.012618515239999996
0.012615295049999998
0.012612091990000003
0.012608904639999998
0.012605736899999997
0.01260258495
0.012599452209999995
0.012596335379999997
0.01259323493
0.012590151210000004
0.012587086069999998
0.0125840364
0.012581005319999998
0.01257798983
0.012574990469999998
0.01257200692
0.012569042130000003
0.012566093320000003
0.01256316158
0.012560247310000001
0.012557348790000002
0.012554464899999998
0.01255159720000001
0.012548744889999996
0.012545909450000002
0.012543089990000004
0.01254028636
0.012537497989999997
0.01253472563
0.012531969539999998
0.012529228409999997
0.012526503709999996
0.012523794509999998
0.012521098869999995
0.01251842115
0.01251575764
0.012513109050000004
0.01251047628
0.01250785871
0.012505256470000002
0.012502669179999995
0.01250009725
0.012497538519999997
0.012494995029999996
0.0124924669
0.01248995453
0.012487456290000006
0.01248497189
0.012482503270000002
0.012480049790000001
0.012477609989999996
0.012475183769999995
0.012472771040000002
0.012470373230000005
0.012467990120000001
0.01246562102
0.012463264979999998
0.012460924840000004
0.012458598239999993
0.012456284430000002
0.012453986940000003
0.012451701120000002
0.012449430549999998
0.01244717191
0.012444927659999995
0.0124426979
0.012440480859999999
0.01243827724
0.012436087839999999
0.01243391052
0.012431746769999998
0.012429597039999993
0.012427460810000002
0.012425336459999997
0.012423224879999997
0.012421128190000004
0.012419043200000004
0.01241697206
0.012414911689999999
0.012412866959999998
0.012410834210000004
0.012408813990000003
0.01240680548
0.012404810969999997
0.01240282744
0.01240085649
0.01239889927
0.012396952549999998
0.0123950189
0.012393097579999996
0.012391188379999996
0.01238929136
0.012387407569999995
0.012385534510000002
0.01238367398
0.01238182591
0.012379988700000002
0.0123781635
0.01237635083
0.012374550069999999
0.012372761420000005
0.01237098433
0.012369218170000003
0.01236746473
0.012365722360000003
0.012363991650000006
0.012362272
0.012360564020000006
0.0123588678
0.012357181940000003
0.012355506709999999
0.01235384422
0.012352191920000002
0.01235055147
0.012348921229999999
0.01234730116
0.01234569238
0.012344095320000002
0.012342509829999999
0.012340935669999999
0.012339371089999997
0.012337817890000002
0.012336273710000005
0.012334740839999999
0.012333218099999998
0.012331706679999999
0.012330206549999995
0.012328715599999998
0.012327235730000004
0.01232576639
0.012324306719999997
0.012322858159999998
0.012321420559999997
0.012319990829999993
0.012318573819999998
0.012317166819999998
0.012315768890000002
0.012314379440000002
0.012313001580000007
0.012311634029999996
0.012310276229999998
0.01230892926
0.01230759334
0.012306264680000002
0.012304945030000004
0.01230363738
0.01230233771
0.012301048359999997
0.012299768359999996
0.012298497180000001
0.012297236520000001
0.012295985859999999
0.012294743850000003
0.012293511010000004
0.012292287309999999
0.012291072829999998
0.012289868399999999
0.012288673200000003
0.01228748688
0.012286310240000002
0.012285141490000002
0.012283982809999998
0.0122828325
0.012281693019999994
0.01228056219
0.012279439270000001
0.012278324429999998
0.0122772199
0.012276122530000003
0.012275035079999998
0.01227395421
0.012272884760000002
0.012271821079999998
0.012270767500000003
0.012269722789999998
0.01226868582
0.012267658659999998
0.012266639519999997
0.012265628599999998
0.012264625319999998
0.012263631380000002
0.012262646070000001
0.01226166894
0.012260700050000002
0.012259738139999999
0.012258785489999997
0.012257840919999995
0.01225690281
0.012255975649999999
0.012255053969999999
0.012254142159999995
0.012253237310000007
0.012252340489999998
0.012251451560000001
0.012250570900000002
0.012249698549999999
0.01224883277
0.012247975519999996
0.012247126239999996
0.012246283810000003
0.0122454495
0.01224462256
0.01224380265
0.012242991389999998
0.012242186130000006
0.012241389080000003
