0.10925067914
0.04892110275999999
0.035179232920000005
0.029107944560000005
0.02590569157999999
0.023867125459999992
0.0223705649
0.02116829506
0.02014976906
0.019260263339999997
0.01847013796
0.01776192066
0.017124389319999996
0.016549675509999997
0.01603178803
0.015565834500000002
0.015147580710000004
0.014773213990000002
0.014439212950000002
0.014142272290000002
0.013879270099999997
0.013647252479999998
0.013443429279999995
0.013265175729999999
0.01311004077
0.012975741209999997
0.012860170719999994
0.01276139195
0.01267762897
0.012607262790000004
0.01254882296
0.01250096943
0.01246249613
0.012432315550000003
0.01240944159
0.01239299701
0.012382195510000001
0.01237633134
0.012374782739999996
0.01237699307
0.012382470330000001
0.012390781599999998
0.012401542760000002
0.012414417310000002
0.01242910795
0.012445356199999995
0.01246293382
0.012481641329999998
0.012501304870000002
0.012521771870000007
0.01254291071
0.012564603609999997
0.012586752719999999
0.012609267839999999
0.012632074769999996
0.012655108719999999
0.012678307670000001
0.012701626349999993
0.012725018380000001
0.012748448230000002
0.012771882520000001
0.01279529488
0.01281865981
0.012841955859999999
0.012865165769999999
0.012888275069999997
0.012911268749999996
0.012934135789999999
0.012956866150000001
0.012979454179999999
0.013001890169999999
0.013024168500000004
0.013046283810000002
0.013068233479999995
0.013090012899999998
0.013111620030000002
0.013133052650000001
0.013154307050000003
0.013175383980000004
0.013196282050000006
0.01321699946
0.013237537240000007
0.01325789475
0.01327807268
0.01329806795
0.013317886829999997
0.0133375255
0.013356983999999994
0.013376265830000003
0.013395371029999999
0.013414301700000002
0.013433056710000007
0.01345163809
0.01347004709
0.013488285190000003
0.013506353589999999
0.01352425215
0.013541984249999995
0.013559550260000003
0.01357695259
0.01359418995
0.013611268320000001
0.013628184860000003
0.01364494195
0.013661544270000006
0.013677988399999997
0.013694279740000004
0.013710416599999999
0.013726403320000004
0.01374223945
0.01375792861
0.013773468500000004
0.01378886539
0.013804118510000008
0.01381922694
0.013834196199999997
0.013849025090000001
0.01386371544
0.013878269129999996
0.013892688210000004
0.013906971780000001
0.013921126200000002
0.013935147310000002
0.013949040580000002
0.013962803400000008
0.013976440709999993
0.013989951309999997
0.01400333847
0.014016602610000001
0.014029745320000002
0.01404276886
0.014055672069999999
0.014068458430000003
0.014081128410000003
0.014093682080000005
0.014106122680000001
0.014118451130000001
0.014130666960000003
0.01414277276
0.0141547708
0.014166660769999999
0.014178442709999996
0.014190121189999995
0.014201693470000004
0.01421316272
0.014224530809999995
0.014235797050000004
0.01424696319
0.014258030819999998
0.01426900179
0.014279873249999995
0.014290651130000004
0.014301332570000002
0.014311921189999998
0.014322418070000004
0.014332822260000003
0.014343136139999999
0.014353360109999996
0.01436349535
0.014373543099999999
0.014383503600000005
0.014393378019999997
0.014403167030000004
0.014412871799999998
0.014422494330000004
0.014432034060000003
0.014441493170000002
0.014450870349999999
0.014460169340000002
0.014469388040000005
0.01447852934
0.014487592379999999
0.01449657993
0.014505490679999993
0.014514327799999997
0.01452309006
0.01453177819
0.014540394609999998
0.014548941750000002
0.01455741519
0.014565818840000005
0.014574151950000001
0.014582417959999996
0.014590615920000001
0.014598744340000008
0.014606806970000002
0.014614803999999999
0.014622736419999999
0.014630601940000003
0.014638405279999999
0.014646145650000003
0.01465382162
0.014661435679999996
0.014668989119999996
0.014676481830000001
0.014683914020000001
0.014691286179999995
0.014698599960000001
0.014705854890000005
0.014713052619999995
0.014720193539999999
0.014727278460000002
0.014734304799999997
0.014741277160000002
0.014748193570000004
0.014755057380000002
0.01476186679
0.014768622700000004
0.014775326270000002
0.01478197669
0.014788574930000003
0.014795123899999998
0.01480162127
0.014808067579999999
0.014814467090000004
0.014820813690000004
0.01482711429
0.014833365999999999
0.01483956848
0.014845725010000003
0.01485183512
0.01485789872
0.014863915350000001
0.01486988793
0.01487581596
0.014881698860000006
0.014887535359999995
0.014893332479999997
0.0148990829
0.014904791260000001
0.014910457919999998
0.014916081890000002
0.014921664149999998
0.0149272058
0.014932705760000003
0.014938166630000001
0.01494358703
0.014948967540000004
0.01495430832
0.014959610650000002
0.014964874360000002
0.01497009962
0.01497528762
0.01498043693
0.014985552360000003
0.014990629180000003
0.014995669710000003
0.015000674060000002
0.015005642619999999
0.015010576500000004
0.015015475310000002
0.015020337970000002
0.015025167349999997
0.015029962550000003
0.015034724300000003
0.015039453139999999
0.015044148379999995
0.015048810629999998
0.015053440160000004
0.015058038970000003
0.01506260472
0.015067140219999997
0.01507164234
0.01507611555
0.015080556500000002
0.01508496847
0.01508934941
0.015093702249999999
0.015098022920000004
0.015102314730000002
0.015106577709999998
0.015110814179999998
0.015115019450000003
0.015119199290000001
0.01512334851
0.01512747107
0.015131566519999999
0.015135634430000003
0.015139675400000002
0.015143689549999999
0.015147678269999994
0.015151639560000001
0.015155576730000007
0.015159488029999993
0.015163372199999995
0.015167231420000005
0.015171065229999997
0.015174873980000001
0.01517865998
0.01518242071
0.01518615702
0.015189871369999998
0.015193559939999999
0.015197225489999999
0.015200868890000005
0.015204488470000001
0.015208084589999999
0.015211658800000003
0.015215211150000005
0.015218741220000005
0.0152222491
0.015225736380000007
0.015229200319999995
0.01523264395
0.015236065380000004
0.015239468039999999
0.015242848010000006
0.015246207759999995
0.015249546309999997
0.015252866860000002
0.01525616603
0.015259445350000003
0.015262704839999997
0.01526594589
0.01526916782
0.01527236902
0.015275552930000002
0.015278718139999998
0.015281863790000003
0.01528499197
0.015288101530000002
0.015291194529999998
0.015294267499999993
0.015297322480000004
0.015300360830000002
0.015303382780000001
0.01530638548
0.015309372250000002
0.015312343120000002
0.015315295940000005
0.015318232719999996
0.015321153319999998
0.015324058260000006
0.015326946180000002
0.01532981875
0.015332675809999998
0.015335516010000003
0.015338343179999997
0.01534115315
0.015343947610000004
0.015346728760000001
0.015349493510000001
0.01535224335
0.015354979760000003
0.015357701100000001
0.01536040913
0.015363102410000006
0.015365781230000004
0.015368446540000004
0.015371099020000006
0.015373736839999999
0.015376363089999998
0.015378974269999998
0.015381571919999996
0.015384157429999996
0.015386729810000001
0.015389290759999999
0.015391837610000006
0.0153943723
0.015396895500000002
0.015399404420000002
0.015401902839999999
0.015404388130000002
0.01540686318
0.015409325840000003
0.015411775999999995
0.0154142154
0.015416643439999997
0.015419060760000002
0.015421466439999998
0.015423861979999998
0.015426246310000002
0.015428619860000001
0.015430983240000003
0.015433334520000001
0.015435675679999997
0.015438006090000003
0.015440329270000002
0.015442640250000002
0.01544494236
0.015447232959999996
0.015449516020000005
0.015451788320000001
0.015454051330000001
0.015456304740000003
0.015458547960000006
0.015460783370000007
0.01546301043
0.015465226099999996
0.01546743553
0.015469634370000008
0.015471825890000002
0.01547400795
0.015476181460000002
0.01547834731
0.015480505349999998
0.015482655540000001
0.015484795519999999
0.015486928519999998
0.015489056219999993
0.015491173
0.015493284730000001
0.015495388430000003
0.015497484459999997
0.01549957324
0.015501654750000003
0.01550372814
0.0155057955
0.015507856829999998
0.015509910569999999
0.015511956499999993
0.01551399717
0.015516030439999993
0.015518057399999998
0.015520078000000008
0.015522092109999998
0.015524099949999998
0.015526102399999998
0.015528097680000002
0.015530088499999999
0.015532073209999999
0.015534051590000004
0.015536025000000002
0.015537990829999999
0.015539954530000004
0.015541910580000002
0.015543862170000002
0.015545806749999995
0.01554774718
0.015549681700000007
0.015551613739999996
0.015553538239999996
0.01555546032
0.015557375250000005
0.015559286100000003
0.015561193470000003
0.015563094650000005
0.015564992770000001
0.015566886360000002
0.015568774099999998
0.015570659010000001
0.015572539619999999
0.015574416069999994
0.015576288620000005
0.015578157070000001
0.01558002225
0.01558188237
0.015583739170000005
0.015585593319999997
0.015587441580000002
0.015589287669999998
0.01559113232
0.015592970330000004
0.015594805899999998
0.015596639570000001
0.015598468690000002
0.015600296010000004
0.015602119060000006
0.015603939879999999
0.015605758509999998
0.015607571240000001
0.015609383749999999
0.01561119381
0.015612999380000001
0.015614802730000004
0.015616603729999998
0.015618402380000005
0.01562019984
0.015621993539999995
0.015623785489999995
0.015625574290000003
0.015627361569999998
0.015629146829999996
0.01563092943
0.015632710450000004
0.01563449067
0.015636268199999998
0.01563804376
0.015639816490000003
0.015641587869999994
0.01564335864
0.015645127630000002
0.01564689541
0.015648660430000003
0.015650425330000002
0.015652188159999997
0.015653948740000003
0.01565570867
0.015657468019999995
0.01565922467
0.01566098194
0.015662737819999998
0.01566449203
0.01566624557
0.015667996149999995
0.01566974829
0.015671498510000003
0.015673248600000002
0.01567499801
0.01567674596
0.015678492619999998
0.015680240249999998
0.015681986019999993
0.015683732570000004
0.0156854778
0.01568722126
0.01568896638
0.015690710650000002
0.015692454100000003
0.015694197700000006
0.01569594079
0.01569768374
0.015699427520000003
0.015701170659999996
0.015702913040000002
0.01570465572
0.015706397400000006
0.01570814042
0.015709883319999996
0.015711624560000005
0.01571336798
0.01571511139
0.01571685522
0.01571859808
0.015720341069999998
0.015722086209999996
0.015723830799999998
0.01572557655
0.01572732182
0.01572906802
0.015730813479999998
0.015732560030000002
0.015734306889999997
0.01573605444999999
0.015737802380000006
0.015739551409999997
0.015741300859999998
0.015743051999999993
0.015744803319999993
0.0157465559
0.01574830884
0.015750063530000004
0.015751817589999998
0.015753573229999998
0.01575533029
0.01575708737
0.01575884586
0.015760605990000003
0.015762366190000005
0.015764126970000004
0.01576589093
0.015767654960000002
0.015769420390000004
0.015771186430000004
0.015772954300000003
0.015774723190000003
0.015776492369999996
0.01577826441
0.015780037849999998
0.01578181109
0.015783587180000006
0.015785362950000003
0.015787141239999997
0.01578892073
0.01579070287
0.015792485810000003
0.015794268559999998
0.015796053649999996
0.01579784071
0.01579963087
0.015801422120000002
0.01580321308
0.01580500724
0.015806801970000003
0.01580859904
0.015810397920000004
0.01581219817
0.015814001499999994
0.01581580649
0.015817611399999997
0.01581942075
0.015821229680000003
0.01582304083
0.015824853699999995
0.015826669699999997
0.015828487349999996
0.015830306459999995
0.015832127139999996
0.015833950330000002
0.01583577471
0.01583760219
0.015839431650000003
0.015841263539999997
0.015843094660000005
0.01584493037
0.015846768469999998
0.015848608370000003
0.01585045041
0.01585229345
0.01585414008
0.015855987510000006
0.015857838559999997
0.01585969139
0.015861545520000003
0.015863402989999994
0.01586526226
0.015867123910000006
0.015868987299999998
0.01587085446
0.015872722310000004
0.015874593819999994
0.01587646682
0.015878342739999992
0.015880220619999996
0.01588210018
0.01588398278
0.0158858688
0.01588775456
0.01588964553
0.01589153912
0.015893433880000002
0.015895331389999996
0.01589723177
0.01589913362
0.015901038359999998
0.015902945499999994
0.015904857350000006
0.015906770670000004
0.015908683189999998
0.015910601780000005
0.015912522
0.015914443659999996
0.015916368780000002
0.01591829781
0.01592022916
0.01592216127
0.015924097079999998
0.01592603461
0.015927976309999994
0.01592991907
0.01593186504
0.015933815459999993
0.015935766610000002
0.015937722629999995
0.015939678589999996
0.015941639809999998
0.015943601780000004
0.015945566100000006
0.015947533479999994
0.01594950357
0.015951476910000005
0.015953452370000003
0.015955433209999998
0.01595741536
0.015959400529999997
0.0159613871
0.01596337637
0.015965370329999992
0.015967365609999996
0.015969364870000002
0.015971365389999995
0.015973369269999996
0.015975375309999998
0.015977385639999998
0.01597939883
0.01598141544
0.015983433229999996
0.01598545267
0.015987476270000002
0.0159895045
0.015991532550000007
0.01599356644
0.01599560189000001
0.0159976405
0.01599968102
0.01600172552
0.016003771879999996
0.016005821590000004
0.016007873199999995
0.016009927979999995
0.016011985300000003
0.016014045809999995
0.016016109750000004
0.016018178169999998
0.0160202469
0.016022319259999997
0.01602439466
0.016026473500000003
0.016028553530000003
0.01603063754999999
0.016032724520000003
0.016034814940000003
0.01603690793
0.016039003439999998
0.01604110276
0.016043204250000002
0.016045308780000003
0.016047416210000002
0.01604952617
0.016051639179999997
0.01605375518
0.016055873759999995
0.01605799536
0.016060120400000003
0.01606224854
0.01606437753
0.016066509990000005
0.01606864656
0.016070785620000007
0.01607292873
0.0160750728
0.01607721973
0.01607936989999999
0.016081523200000003
0.016083679750000003
0.016085839570000003
0.016088000629999998
0.016090166490000005
0.01609233406
0.016094506189999993
0.016096678459999996
0.01609885444
0.01610103518
0.01610321748
0.016105402109999997
0.01610759036
0.016109779969999998
0.01611197316
0.01611416944
0.01611636777
0.016118569550000003
0.016120773960000005
0.01612298115
0.016125191580000003
0.016127403499999998
0.01612961974
0.016131837180000004
0.01613405913
0.016136283489999997
0.01613850991
0.01614073797
0.01614297197
0.016145206630000002
0.016147444520000002
0.016149684780000003
0.01615192918
0.016154174619999996
0.016156422180000005
0.016158673760000006
0.01616092796
0.016163184719999998
0.016165444159999997
0.016167707080000003
0.016169972180000002
0.016172238450000005
0.016174509709999996
0.016176783039999997
0.016179059079999995
0.016181337090000008
0.01618361889
0.016185902589999995
0.01618818857
0.01619047694
0.01619276892
0.016195064749999998
0.016197362179999997
0.016199660699999997
0.0162019632
0.01620426836
0.01620657493
0.016208885179999997
0.016211197610000002
0.016213512219999997
0.01621582815999999
0.016218150079999997
0.016220472549999997
0.016222796379999998
0.01622512503
0.01622745417
0.01622978718
0.016232120489999998
0.016234459130000004
0.01623680058
0.016239142730000003
0.016241488539999998
0.016243837340000004
0.016246188399999997
0.016248540059999997
0.01625089477
0.016253251820000002
0.016255610660000003
0.016257973310000003
0.016260338519999994
0.016262705030000005
0.01626507398
0.01626744515
0.01626981958
0.01627219579
0.01627457506
0.016276956079999995
0.016279339880000007
0.01628172586
0.016284114519999997
0.016286504900000002
0.016288898689999998
0.01629129248
0.016293688199999996
0.016296089519999987
0.01629849021
0.01630089538
0.01630330077
0.016305708979999996
0.01630811861
0.0163105308
0.016312945809999996
0.01631536212
0.01631778105
0.01632020374
0.016322626369999996
0.016325052220000004
0.016327480000000005
0.016329908849999998
0.0163323408
0.016334774760000007
0.016337211659999996
0.01633965012
0.016342089599999998
0.016344532600000003
0.01634697579
0.01634942156
0.016351870220000002
0.016354319130000003
0.016356771550000003
0.016359224569999997
0.016361681309999997
0.016364140549999996
0.01636660076
0.016369062860000002
0.016371526160000004
0.016373992979999998
0.016376460639999996
0.01637892996
0.01638140306
0.01638387483
0.01638634952
0.01638882767
0.01639130644
0.01639378824
0.016396271
0.016398755240000003
0.0164012409
0.01640372838
0.016406219249999996
0.01640871108
0.016411203319999998
0.01641369885
0.01641619587
0.01641869322
0.016421194580000006
0.016423695160000005
0.016426198719999997
0.016428703940000004
0.016431211419999998
0.016433720219999996
0.016436230059999998
0.01643874106
0.016441254859999997
0.016443768919999994
0.016446285249999998
0.01644880318
0.01645132358
0.01645384422
0.01645636725
0.01645889208
0.016461417719999996
0.016463944480000003
0.01646647464
0.01646900337
0.01647153622
0.01647406938
0.016476603630000003
0.01647914018
0.016481678700000002
0.016484218420000002
0.01648675814
0.01648930072
0.016491845200000004
0.01649438873
0.016496934919999998
0.016499482790000006
0.016502031609999995
0.016504582260000004
0.016507133480000005
0.01650968561
0.016512242599999994
0.016514795920000006
0.016517353619999998
0.016519910199999998
0.016522470339999998
0.016525031079999995
0.016527593520000005
0.0165301561
0.016532719419999998
0.01653528469
0.01653785109
0.016540418560000002
0.016542987779999997
0.016545557099999993
0.01654812882
0.016550700040000005
0.016553273439999995
0.0165558482
0.016558422929999997
0.016560999500000007
0.0165635762
0.016566155219999996
0.01656873407
0.016571315150000005
0.016573899019999998
0.016576481280000003
0.016579065220000005
0.016581648909999996
0.016584234179999997
0.01658682036
0.016589407730000002
0.016591995629999995
0.016594585040000002
0.016597173219999994
0.01659976557
0.016602358880000005
0.016604950920000004
0.016607543789999995
0.016610138039999993
0.01661273373
0.01661533162
0.01661792801
0.016620525660000007
0.01662312424
0.01662572297
0.01662832323
0.01663092362
0.01663352336
0.016636125640000003
0.016638727630000003
0.016641331100000004
0.016643935480000004
0.016646539059999996
0.016649145679999998
0.01665175162
0.016654357340000002
0.01665696688
0.016659575170000003
0.016662184949999995
0.01666479474
0.016667404
0.01667001562
0.016672624600000005
0.016675236790000002
0.016677848520000003
0.01668046216
0.016683074169999996
0.016685689769999998
0.016688303199999997
0.01669092028
0.016693535219999996
0.01669615276
0.016698768739999998
0.016701385860000004
0.016704002239999998
0.0167066199
0.01670923694
0.016711855999999997
0.016714474359999995
0.016717094060000003
0.016719712910000004
0.016722333419999996
0.01672495342
0.016727573269999997
0.016730194290000007
0.01673281376
0.016735436779999998
0.016738057959999997
0.016740680180000002
0.01674330424
0.016745926859999996
0.016748550220000002
0.016751172919999998
0.016753796360000003
0.01675642135999999
0.016759046340000004
0.01676167004
0.01676429598
0.01676691952
0.01676954321
0.01677216933
0.01677479356
0.0167774199
0.0167800447
0.01678266922
0.016785295699999994
0.016787920440000003
