0.0954703231
0.05734544324000001
0.04315449980000001
0.03453153056
0.029458160740000006
0.02631052936
0.024230599979999993
0.022712778599999997
0.021502511159999994
0.02048001904
0.01958617238
0.01878975134
0.018073016400000003
0.01742501329
0.01683832098
0.01630739735
0.015827709330000005
0.01539526328
0.015006364490000002
0.014657514640000003
0.014345369690000003
0.01406676002
0.013818708860000004
0.013598460710000005
0.013403477660000001
0.01323144933
0.01308027371
0.012948038490000003
0.012832996629999998
0.012733541459999997
0.012648185229999996
0.012575552869999996
0.012514362440000003
0.012463429609999998
0.01242166495
0.01238807094
0.012361737959999999
0.012341843489999997
0.012327641680000003
0.012318465579999993
0.012313712070000003
0.012312842090000003
0.012315374940000004
0.012320880869999997
0.012328977870000002
0.012339328890000001
0.012351634120000001
0.012365628549999999
0.012381080559999995
0.012397781090000006
0.012415553049999997
0.012434236869999997
0.012453693540000001
0.012473801270000003
0.012494455040000001
0.012515559510000001
0.01253703377
0.012558806480000002
0.01258081552
0.012603006860000009
0.012625331909999997
0.012647747999999999
0.01267022199
0.01269272163
0.01271521774
0.01273768671
0.01276010897
0.012782465280000006
0.01280474088
0.01282692172
0.012848995460000002
0.012870952269999998
0.012892783020000003
0.012914482080000001
0.012936040520000002
0.0129574556
0.012978720190000001
0.012999831780000002
0.013020787250000004
0.013041582360000002
0.013062216740000005
0.013082689089999997
0.01310299619
0.013123137690000002
0.013143114679999998
0.013162925399999999
0.013182568149999997
0.01320204564
0.01322135635
0.013240501130000002
0.013259482220000002
0.013278297899999998
0.013296948489999998
0.013315437760000002
0.013333764540000001
0.013351929599999993
0.013369934020000003
0.01338778105
0.013405468660000001
0.013423001930000003
0.013440379209999997
0.013457602829999997
0.013474673559999999
0.013491592929999997
0.013508362379999998
0.0135249836
0.013541455409999998
0.013557783769999998
0.01357396722
0.013590006860000002
0.01360590542
0.013621663039999996
0.013637283560000001
0.013652764579999999
0.013668110179999996
0.013683321299999995
0.01369839896
0.01371334503
0.01372815889
0.013742843749999997
0.013757401200000002
0.013771832519999997
0.01378613857
0.013800320770000003
0.013814379359999997
0.01382831744
0.013842134180000007
0.013855833269999998
0.01386941524
0.013882880839999995
0.013896230720000003
0.013909467179999998
0.013922591639999997
0.013935604549999998
0.013948506320000005
0.013961300819999996
0.013973985650000003
0.013986564339999992
0.013999037569999994
0.014011406180000002
0.014023672219999997
0.01403583439
0.01404789534
0.01405985657
0.01407171837
0.01408348288
0.014095150529999998
0.014106720960000001
0.014118197350000002
0.014129578720000003
0.014140866379999992
0.014152062749999998
0.014163168039999998
0.01417418133
0.014185107410000002
0.014195943569999998
0.014206692869999996
0.01421735395
0.014227929930000003
0.01423842155
0.014248827780000002
0.014259150589999997
0.014269392460000006
0.014279551359999998
0.014289628650000004
0.014299627660000001
0.014309546150000003
0.01431938543
0.014329147839999995
0.014338832739999998
0.014348441909999999
0.01435797459
0.01436743262
0.014376817079999998
0.014386127869999998
0.014395362950000004
0.014404527290000003
0.014413622270000004
0.014422644869999996
0.014431597329999999
0.014440481259999997
0.01444929674
0.014458040650000005
0.014466720139999998
0.014475331410000005
0.014483877249999997
0.014492356040000005
0.014500771259999996
0.01450911902
0.014517404819999994
0.014525626609999995
0.014533787299999996
0.01454188318
0.014549918270000002
0.01455789161
0.014565804660000004
0.01457365837
0.014581452159999998
0.01458918564
0.01459686156
0.014604478459999997
0.014612039189999999
0.01461954247
0.014626988649999997
0.01463437803
0.014641713399999999
0.014648992309999997
0.01465621625
0.014663386400000002
0.014670502760000002
0.014677565780000002
0.0146845747
0.014691532539999996
0.01469843797
0.014705292569999997
0.014712096140000004
0.014718847640000003
0.01472554978
0.014732200960000002
0.014738803530000004
0.014745355670000002
0.014751859549999994
0.01475831617
0.01476472306
0.014771084379999999
0.01477739613
0.014783663259999998
0.014789883109999995
0.014796058100000002
0.014802186399999999
0.014808268890000002
0.01481430815
0.014820302639999998
0.014826251100000005
0.014832156270000002
0.014838019389999998
0.014843837810000003
0.014849614059999999
0.014855348270000004
0.01486104007
0.01486668981
0.014872298289999995
0.01487786502
0.0148833904
0.014888875510000003
0.01489432187
0.014899727219999999
0.01490509312
0.014910419810000004
0.014915708489999999
0.014920958030000002
0.01492616889
0.014931341889999998
0.014936475710000003
0.014941573490000004
0.01494663437
0.014951659019999999
0.01495664646
0.014961597060000005
0.014966511600000001
0.014971389859999996
0.014976233370000005
0.014981041320000001
0.014985815210000001
0.014990554250000001
0.014995258860000003
0.01499992846
0.015004565110000005
0.015009168630000005
0.015013738359999997
0.015018274080000003
0.01502277718
0.015027248399999997
0.015031687159999998
0.015036096019999999
0.015040469680000003
0.015044812440000005
0.01504912628
0.015053406709999996
0.015057656799999996
0.015061877310000001
0.015066066309999997
0.015070225250000003
0.015074354690000005
0.015078455280000003
0.015082524439999996
0.01508656518
0.015090577539999999
0.015094560489999997
0.015098515420000003
0.01510244171
0.01510634081
0.015110208789999998
0.01511405114
0.015117867119999996
0.015121654709999998
0.015125413950000001
0.015129148369999996
0.015132855009999996
0.015136535830000002
0.015140191229999999
0.015143819080000002
0.01514742295
0.015151001280000003
0.01515455337
0.015158079510000002
0.015161580420000001
0.015165058510000003
0.015168510420000001
0.015171938060000001
0.015175340450000003
0.015178720470000002
0.015182076429999998
0.01518540796
0.01518871669
0.015192000590000001
0.015195262030000004
0.015198500500000003
0.01520171697
0.015204909800000001
0.01520808193
0.01521122848
0.015214354490000002
0.015217460359999995
0.015220543520000003
0.01522360502
0.015226643530000002
0.01522966301
0.015232660760000002
0.015235636209999999
0.015238593569999999
0.015241529470000001
0.01524444579
0.015247340010000004
0.015250214679999999
0.015253069350000002
0.015255905609999995
0.015258720969999997
0.015261516319999996
0.01526429342999999
0.01526705198
0.015269791510000002
0.015272510690000005
0.015275212099999996
0.015277894839999999
0.015280559560000004
0.0152832058
0.015285834279999997
0.015288444020000005
0.01529103779
0.015293612499999996
0.015296170260000002
0.015298711029999999
0.015301232749999996
0.015303740179999996
0.015306229819999996
0.01530870216
0.01531115829
0.015313597469999995
0.015316019920000002
0.015318424630000004
0.01532081671
0.015323192650000001
0.015325552099999997
0.01532789454
0.015330221930000006
0.015332533530000001
0.015334831080000002
0.015337114010000001
0.01533938194
0.01534163434
0.0153438713
0.015346093740000002
0.01534830214
0.01535049616
0.015352676149999998
0.015354842210000004
0.01535699331
0.015359130360000004
0.015361255840000003
0.01536336606
0.015365464550000008
0.015367546860000001
0.015369615810000004
0.01537167486
0.01537371985
0.015375752370000002
0.015377770019999999
0.015379775109999992
0.015381770110000005
0.015383752140000005
0.015385722540000002
0.015387677649999997
0.015389622779999999
0.01539155625
0.015393476489999997
0.015395386159999995
0.015397282099999991
0.015399169220000003
0.015401042249999997
0.01540290694
0.015404760410000001
0.015406600119999997
0.015408431639999998
0.015410250839999999
0.015412060480000003
0.015413860210000003
0.015415647629999998
0.015417425399999997
0.015419192100000003
0.015420949130000002
0.01542269578
0.01542443172
0.01542615823
0.015427875819999999
0.015429583050000004
0.015431281280000004
0.015432969599999999
0.015434648410000003
0.015436317960000003
0.015437978720000002
0.015439630299999998
0.015441272980000002
0.015442905400000002
0.015444529559999998
0.01544614685
0.015447754439999994
0.015449353569999996
0.01545094602
0.01545252929
0.015454103089999996
0.0154556694
0.015457227950000001
0.015458776809999993
0.015460321979999999
0.015461857399999999
0.015463385150000007
0.015464902919999994
0.015466414559999999
0.015467919640000004
0.015469417380000006
0.01547090666
0.015472389639999994
0.015473866480000003
0.015475335989999997
0.015476797709999997
0.015478253790000007
0.01547970219
0.015481144539999998
0.015482580400000001
0.01548400982
0.015485431569999996
0.01548684916
0.01548826161
0.01548966573
0.015491064490000001
0.015492457040000003
0.015493844560000001
0.015495223919999997
0.01549659976
0.015497970319999997
0.01549933499
0.015500693749999999
0.015502046370000001
0.015503394610000004
0.015504738149999997
0.015506075530000003
0.015507406609999991
0.0155087354
0.015510057850000002
0.01551137532
0.015512688229999995
0.015513996240000003
0.01551529957
0.015516598640000004
0.015517894240000002
0.015519184049999999
0.0155204694
0.015521750930000001
0.015523028590000001
0.015524302620000006
0.015525571759999994
0.015526835590000003
0.015528097000000001
0.0155293555
0.015530608770000003
0.015531858820000001
0.015533105249999998
0.015534348060000001
0.015535586049999996
0.015536821380000001
0.015538053950000004
0.01553928389
0.01554050768
0.015541731269999996
0.01554294964
0.015544165819999995
0.015545379890000002
0.015546588740000008
0.015547797819999997
0.01554900268
0.015550202749999999
0.01555140095
0.015552596289999996
0.015553789370000001
0.015554979739999997
0.01555616882
0.015557354700000001
0.015558537820000001
0.015559719109999998
0.015560898059999996
0.01556207384
0.015563248169999998
0.01556442028
0.015565591080000002
0.015566759239999998
0.015567923950000001
0.015569087979999991
0.015570250430000002
0.015571412509999999
0.015572571379999997
0.015573729110000005
0.015574883869999995
0.015576036389999997
0.01557718936
0.01557834131
0.015579488959999999
0.015580637800000002
0.01558178452
0.015582929339999997
0.015584073069999997
0.01558521596
0.01558635784
0.015587497630000004
0.015588636959999997
0.015589775970000004
0.015590913299999992
0.015592049570000002
0.015593184300000002
0.015594318709999997
0.015595453029999998
0.015596584939999998
0.015597718139999996
0.01559884971
0.015599980119999997
0.015601108740000003
0.015602238879999997
0.015603367200000004
0.015604495209999998
0.015605623310000006
0.01560675043
0.015607878099999997
0.015609005070000006
0.015610131290000002
0.0156112585
0.015612383720000001
0.015613507720000001
0.01561463388
0.01561575819
0.015616884550000001
0.015618008459999994
0.015619133459999998
0.015620259810000002
0.015621384109999994
0.015622508829999994
0.015623634180000002
0.01562476047
0.015625885769999993
0.015627010990000002
0.01562813698
0.015629263569999996
0.01563038867000001
0.015631517190000006
0.01563264408999999
0.01563377063
0.015634899639999998
0.015636028769999998
0.01563715750000001
0.015638286879999998
0.015639415009999998
0.015640546200000004
0.01564167712
0.01564280882
0.015643941370000004
0.015645073210000002
0.015646207649999997
0.01564734082
0.015648475390000003
0.015649610249999998
0.015650745899999995
0.01565188371
0.01565302188
0.01565416214
0.015655301530000002
0.015656442559999997
0.015657584439999997
0.01565872677
0.015659870399999998
0.015661014379999998
0.015662159689999997
0.01566330794
0.01566445539
0.015665602860000002
0.015666751579999992
0.01566790354
0.015669054489999997
0.01567020766
0.015671362470000002
0.015672518469999997
0.015673673719999993
0.015674832029999995
0.01567599056
0.01567715052
0.015678312300000007
0.01567947457
0.01568063775
0.015681802599999996
0.015682969189999996
0.01568413836
0.015685307979999997
0.01568647918
0.01568765101
0.015688825729999998
0.01569000106
0.01569117768
0.015692354940000004
0.01569353492000001
0.015694717380000004
0.015695899030000002
0.015697083160000003
0.015698269910000007
0.01569945506
0.01570064493
0.015701835299999998
0.015703026820000004
0.01570422039
0.01570541705
0.015706612510000006
0.015707811589999995
0.015709011440000004
0.015710212730000006
0.01571141659
0.01571262156
0.01571382738
0.015715035529999997
0.01571624615000001
0.01571745911
0.015718673710000002
0.01571988798
0.015721104889999993
0.015722324880000003
0.01572354476
0.01572476735
0.015725992120000004
0.015727219280000003
0.015728446950000002
0.01572967714
0.015730908470000003
0.015732141570000004
0.015733376420000004
0.01573461442
0.01573585268
0.01573709321
0.01573833551
0.0157395803
0.0157408274
0.01574207507
0.01574332534
0.015744577119999995
0.01574583115
0.015747086389999995
0.01574834322
0.015749603590000005
0.01575086585
0.015752128000000004
0.01575339529
0.01575466253
0.015755932320000002
0.01575720384
0.015758477969999997
0.015759753410000004
0.01576103126
0.01576231103
0.015763591819999995
0.01576487748
0.01576616259
0.0157674502
0.01576873936
0.015770030689999995
0.01577132575000001
0.015772621169999997
0.01577391858
0.015775217450000004
0.015776520380000002
0.015777824129999996
0.01577912988
0.01578043883
0.01578174762
0.01578305922
0.01578437418
0.01578568995
0.015787008770000006
0.015788329499999997
0.015789651249999998
0.01579097725
0.015792303009999998
0.015793631750000002
0.01579496311
0.015796295910000008
0.01579763188000001
0.015798969270000005
0.01580030844
0.01580164946
0.015802992640000003
0.01580433778
0.015805685870000002
0.015807035269999995
0.015808388399999998
0.015809741929999996
0.015811097700000006
0.01581245657
0.015813817120000004
0.015815179380000002
0.01581654322
0.01581790962
0.01581927888
0.015820650119999998
0.015822024929999998
0.015823400360000003
0.015824776650000004
0.015826156289999994
0.01582753746
0.015828922090000003
0.015830308399999996
0.015831696559999994
0.015833088179999996
0.015834479250000002
0.015835875220000004
0.015837270940000002
0.015838671619999998
0.015840072850000005
0.01584147542
0.0158428804
0.01584428881
0.015845697480000004
0.015847110249999997
0.015848525340000003
0.015849941629999996
0.01585136026
0.015852781790000003
0.015854203610000003
0.01585563038
0.015857057679999998
0.015858488429999998
0.01585992102
0.015861355809999998
0.015862792139999998
0.015864230820000002
0.01586567325
0.015867115060000003
0.01586856102
0.01587000852
0.015871458110000004
0.0158729108
0.015874364119999998
0.015875819519999997
0.01587727963
0.01587873915
0.015880200820000002
0.01588166613
0.015883132950000003
0.01588460252
0.01588607535
0.015887548920000005
0.015889025869999997
0.0158905031
0.015891984459999998
0.01589346702
0.015894952240000003
0.015896439959999998
0.015897928239999998
0.015899420379999998
0.015900915959999998
0.01590241288
0.015903911900000005
0.015905413509999997
0.01590691604
0.01590842116
0.015909927690000002
0.015911438179999998
0.015912949949999998
0.015914464470000004
0.015915980899999994
0.01591749998
0.015919019559999997
0.015920542489999995
0.015922067489999997
0.015923595359999997
0.015925124819999994
0.015926656279999996
0.01592819232
0.01592972744
0.015931267949999998
0.015932808099999998
0.015934351720000003
0.015935896579999997
0.01593744478999999
0.01593899409
0.01594054731
0.015942101059999998
0.0159436586
0.01594521924
0.01594678173
0.0159483455
0.015949912150000002
0.015951481839999997
0.015953052460000002
0.01595462436
0.015956199440000006
0.015957776129999993
0.01595935688
0.01596094003
0.01596252406
0.01596411178
0.015965701649999997
0.01596729482
0.015968887620000004
0.01597048494
0.015972083560000003
0.015973683029999998
0.015975287
0.01597689224
0.01597850103
0.01598011148
0.015981724699999998
0.015983338830000002
0.015984955310000003
0.01598657543
0.015988197320000005
0.01598982141
0.015991448069999997
0.01599307535
0.015994705839999998
0.01599633947
0.015997974260000002
0.01599961232000001
0.016001251530000003
0.016002896379999992
0.01600454146
0.016006188910000003
0.016007837710000004
0.016009489690000003
0.016011143079999998
0.016012800800000004
0.016014460079999997
0.016016119540000002
0.016017784140000005
0.016019451420000004
0.01602111771
0.016022790000000006
0.01602445981
0.016026135399999995
0.016027812989999998
0.016029493130000003
0.016031175849999996
0.016032859890000008
0.01603454604
0.016036234339999997
0.016037925509999995
0.016039618399999997
0.016041314700000003
0.016043011819999998
0.016044712780000005
0.016046416119999997
0.01604812015
0.016049827080000002
0.016051538619999993
0.016053250379999995
0.01605496453
0.016056680499999997
0.016058398540000005
0.016060121089999994
0.016061845189999997
0.01606357094
0.01606529858
0.016067030559999994
0.01606876411000001
0.016070498840000003
0.016072236410000003
0.016073976680000004
0.016075720800000002
0.01607746467
0.01607921189
0.01608096082
0.016082711169999996
0.016084465840000003
0.016086223379999997
0.016087980499999998
0.016089741559999995
0.01609150553
0.016093270010000004
0.016095037619999995
0.016096807659999997
0.01609857891
0.016100355379999997
0.01610213132
0.01610391075
0.01610569199
0.016107475219999997
0.016109262179999993
0.01611105066
0.016112841279999995
0.016114634009999993
0.01611643025
0.01611822761
0.01612002814
0.016121829520000002
0.016123633840000002
0.01612544171
0.016127251249999995
0.016129061150000002
0.01613087504
0.01613269015
0.01613450905
0.016136329260000002
0.016138152239999995
0.016139977540000003
0.016141805359999997
0.016143635119999996
0.01614546699
0.016147302470000003
0.0161491396
0.01615097778
0.01615281981
0.016154663
0.016156507909999996
0.016158355600000004
0.016160206080000003
0.016162059830000002
0.016163915040000004
0.016165771639999996
0.01616763166
0.016169493259999997
0.016171358219999998
0.0161732252
0.01617509308
0.01617696377
0.01617883815
0.01618071376
0.016182591479999994
0.016184471559999997
0.01618635223
0.016188236319999993
0.016190122859999996
0.01619200989
0.01619390142
0.016195793120000003
0.016197688450000004
0.016199586140000007
0.016201485480000003
0.016203387289999996
0.01620529275
0.0162071982
0.016209107439999995
0.01621101742
0.01621293076
0.016214844919999992
0.01621676349
0.016218681800000002
0.016220603899999995
0.016222526999999997
0.016224455270000004
0.016226383419999997
0.016228311989999994
0.01623024542
0.016232179450000002
0.016234115459999997
0.01623605487
0.0162379955
0.016239937839999996
0.016241885219999995
0.01624383232
0.0162457811
0.016247732879999997
0.016249686310000004
0.016251641810000002
0.01625359902
0.016255560770000003
0.01625752199000001
0.016259486880000004
0.01626145346
0.01626342311
0.016265392129999997
0.01626736521
0.016269339920000004
0.01627131892
0.016273297450000005
0.01627527868
0.01627726236
0.016279248459999996
0.016281236299999998
