0.09730122966
0.030079128419999993
0.022935980380000002
0.01986511788
0.017800955660000003
0.016311751169999996
0.0152486966
0.014515186330000002
0.014030697940000001
0.013726886650000002
0.01354902719
0.01345651021
0.013420524850000002
0.01342109383
0.013444693020000004
0.01348242628
0.01352862824
0.0135797939
0.013633760020000002
0.013689119680000004
0.01374491982
0.013800516330000002
0.01385549409
0.013909593729999998
0.01396265614
0.014014588520000003
0.01406533514
0.014114862059999995
0.014163155020000002
0.01421020652
0.01425601727
0.01430059273
0.014343941329999998
0.014386074000000002
0.01442700949
0.01446676114
0.014505349579999993
0.014542794360000005
0.014579119639999995
0.0146143454
0.014648498020000003
0.014681601600000004
0.014713683279999999
0.014744767110000001
0.014774880940000002
0.014804049310000001
0.014832299989999997
0.01485965778
0.014886149839999998
0.014911801630000004
0.014936640029999997
0.014960687859999997
0.014983971020000004
0.015006511640000003
0.01502833521
0.01504946315
0.01506992221
0.015089729609999998
0.01510891028
0.015127482219999999
0.015145469120000006
0.015162886470000005
0.015179757059999998
0.015196097450000001
0.015211926669999997
0.015227261809999998
0.015242120379999995
0.015256517729999999
0.015270469690000002
0.015283991380000002
0.015297099770000003
0.015309805540000004
0.015322123790000001
0.01533406847
0.015345649760000003
0.015356882289999998
0.01536777812
0.015378346740000003
0.015388601290000001
0.015398550300000003
0.015408205440000006
0.015417574980000001
0.015426670659999999
0.015435498290000002
0.015444070249999999
0.015452394550000002
0.01546047749
0.015468326040000003
0.015475950919999999
0.015483358340000001
0.015490556839999997
0.015497550200000005
0.015504348029999998
0.01551095473
0.015517377220000003
0.015523622260000003
0.015529695310000001
0.015535600379999997
0.015541345480000001
0.015546934570000004
0.015552372499999998
0.015557665020000002
0.01556281738
0.015567833740000004
0.015572718760000003
0.015577473729999998
0.015582108489999994
0.015586625220000006
0.015591026590000001
0.015595316859999996
0.015599500989999997
0.015603579939999999
0.015607562780000002
0.015611448160000006
0.015615240740000001
0.015618944909999998
0.015622563600000002
0.015626099900000003
0.01562955655
0.01563293737
0.015636244440000002
0.015639480999999997
0.015642651379999997
0.015645755859999992
0.01564879883
0.015651783529999998
0.015654711619999994
0.01565758564
0.01566040825
0.01566318376
0.015665910680000002
0.01566859455
0.015671236369999998
0.015673839699999997
0.015676405000000004
0.01567893546
0.01568143511000001
0.015683903970000003
0.015686344579999997
0.015688758440000002
0.015691149290000005
0.015693516360000003
0.015695864449999996
0.015698194510000006
0.0157005084
0.015702806630000003
0.015705092690000005
0.015707368569999998
0.015709635479999994
0.015711894620000003
0.01571414725
0.015716397849999997
0.015718643469999998
0.015720887979999997
0.015723133429999998
0.015725381349999998
0.01572763141
0.01572988772
0.015732147780000004
0.01573441662
0.015736693849999997
0.015738979479999998
0.015741276430000003
0.015743585420000004
0.015745907120000003
0.015748242909999998
0.01575059362
0.015752960220000004
0.015755343800000002
0.015757745040000007
0.015760165649999998
0.01576260479
0.01576506492
0.015767545690000006
0.01577004701
0.015772572780000004
0.01577512073
0.015777693129999996
0.01578029036
0.015782912719999997
0.015785559510000005
0.01578823408
0.015790935219999996
0.01579366417
0.015796420749999998
0.015799207219999997
0.015802021870000002
0.015804865879999998
0.015807740440000002
0.015810645639999996
0.015813582249999996
0.015816549550000007
0.015819549220000003
0.015822582439999996
0.015825646619999995
0.01582874798
0.015831878859999995
0.015835045130000006
0.015838245420000004
0.015841482189999995
0.01584475241
0.015848058529999993
0.015851401250000004
0.015854779800000003
0.015858193310000004
0.015861644660000004
0.015865132530000003
0.01586865813
0.015872222059999993
0.015875822100000003
0.01587946245
0.015883138869999997
0.015886856740000004
0.015890610019999994
0.015894404219999998
0.015898238269999997
0.015902111210000007
0.015906023560000003
0.015909975899999994
0.015913967450000007
0.015917998550000007
0.01592207044
0.015926182089999998
0.015930333429999995
0.01593452582
0.015938758440000006
0.0159430326
0.015947347069999996
0.01595170176
0.015956097950000005
0.015960534640000003
0.01596501097
0.015969527800000004
0.015974087449999994
0.015978685980000008
0.01598332425
0.01598800518
0.015992726419999995
0.015997487589999998
0.01600228882
0.016007130330000004
0.016012010750000003
0.016016931839999998
0.01602189414
0.016026894600000004
0.01603193541
0.01603701441000001
0.016042133720000004
0.016047291950000004
0.016052488199999996
0.01605772373
0.01606299688
0.016068309039999992
0.01607365854
0.016079046990000005
0.016084471540000003
0.016089934400000006
0.01609543311
0.016100969709999996
0.01610654314
0.01611215281
0.016117797819999998
0.016123477540000004
0.016129194189999998
0.016134945239999997
0.016140732069999993
0.016146552959999998
0.01615240926
0.016158298010000002
0.016164222180000007
0.01617017693
0.016176167079999998
0.016182189099999997
0.01618824408
0.01619433126
0.016200449659999994
0.016206599599999996
0.016212779599999998
0.016218989500000003
0.016225232460000003
0.016231503650000003
0.016237804239999997
0.01624413428
0.016250492490000008
0.01625688022
0.016263296440000005
0.016269739740000008
0.016276212500000005
0.016282710260000006
0.016289235899999997
0.016295786830000002
0.016302365400000005
0.01630896806000001
0.0163155965
0.01632224986
0.016328927960000003
0.01633563051
0.0163423565
0.01634910514
0.016355875769999997
0.01636266968
0.016369485479999998
0.016376325100000005
0.016383184680000003
0.01639006344
0.01639696471
0.016403886999999995
0.01641082817
0.016417789020000004
0.01642476869
0.016431766419999997
0.016438783480000007
0.01644581787
0.016452870230000007
0.016459938220000005
0.016467024499999997
0.016474126309999997
0.016481242650000002
0.01648837546
0.016495523569999997
0.016502686440000008
0.016509862300000004
0.016517053420000004
0.016524257430000005
0.016531475219999998
0.016538704660000004
0.016545947200000008
0.01655319996
0.01656046667
0.016567741790000007
0.01657502864
0.01658232536
0.01658963283
0.016596949330000003
0.016604274089999996
0.01661160758
0.016618949180000005
0.016626300660000003
0.01663365763
0.01664102368
0.01664839568
0.016655774699999994
0.016663159380000004
0.01667054941
0.016677943129999998
0.016685342850000003
0.016692749150000005
0.016700157159999996
0.01670756885
0.01671498528
0.016722404099999998
0.016729826360000002
0.016737251039999998
0.01674467748
0.01675210588
0.016759533440000002
0.016766962130000004
0.016774390879999993
0.01678182226
0.01678925
0.01679667973
0.016804108780000004
0.01681153538
0.01681896108
0.01682638602
0.01683380678
0.016841226120000004
0.016848641020000003
0.016856054760000003
0.016863465680000002
0.016870868759999994
0.01687827156
0.016885669479999997
0.016893061049999998
0.01690044892
0.016907830999999998
0.016915209360000006
0.01692257846
0.0169299434
0.01693730364
0.016944654179999998
0.01695199726
0.01695933596
0.01696666346
0.016973986639999997
0.01698130018
0.016988605639999998
0.016995902160000007
0.017003192200000003
0.0170104711
0.01701774209
0.017025003419999997
0.01703225559
0.01703949705
0.01704672779
0.0170539489
0.017061160040000002
0.017068361059999995
0.017075549969999996
0.017082727029999998
0.01708989518
0.01709705126
0.01710419392
0.01711132634
0.017118448480000003
0.017125556780000002
0.017132653720000002
0.017139737070000008
0.017146809380000003
0.01715386912000001
0.017160914819999998
0.017167950899999996
0.017174971110000003
0.017181980599999997
0.01718897486
0.017195956939999996
0.017202926780000002
0.017209883940000004
0.017216826299999995
0.017223753860000003
0.0172306702
0.017237571540000003
0.017244460400000005
0.01725133542
0.01725819572
0.01726504253
0.017271877050000002
0.01727869632
0.01728550231
0.01729229493
0.01729907336
0.017305838279999996
0.01731258918
0.017319327089999993
0.017326048309999998
0.017332758200000006
0.017339452449999994
0.01734613336
0.01735280294
0.01735945642000001
0.01736609523
0.017372720669999998
0.01737933238
0.017385930359999996
0.017392516179999998
0.017399086180000002
0.01740564146
0.017412184419999997
0.017418712939999997
0.017425228629999998
0.017431729040000003
0.01743821796
0.01744469139
0.017451153040000007
0.017457599460000004
0.0174640329
0.01747045212
0.01747685953
0.017483252780000003
0.017489632240000004
0.017495997099999997
0.01750235094
0.01750868972
0.01751501756
0.017521329539999998
0.017527628820000005
0.01753391526
0.01754018722
0.01754644704
0.01755269218
0.017558924220000004
0.017565143239999997
0.017571350200000006
0.017577543379999998
0.01758372274
0.017589890790000003
0.017596043979999997
0.017602183979999998
0.017608311090000005
0.017614426839999996
0.017620528479999998
0.017626617159999997
0.01763269326
0.017638754609999995
0.01764480584
0.017650841720000005
0.01765686558
0.01766287557
0.01766887276
0.017674857800000002
0.017680827800000007
0.017686786950000002
0.01769273129
0.01769866522
0.01770458676
0.01771049159
0.017716386029999996
0.01772226835
0.017728135460000006
0.01773399045
0.017739833780000002
0.0177456646
0.01775148251
0.01775728593
0.017763076760000007
0.017768853659999997
0.017774621119999997
0.017780373280000004
0.01778611201
0.01779183939
0.017797552760000005
0.017803254980000002
0.01780894337
0.01781461953
0.017820282889999997
0.017825933939999997
0.017831571259999998
0.0178371984
0.01784280976
0.017848409879999996
0.017853995899999996
0.01785957134
0.01786513369
0.017870683269999996
0.01787621917
0.017881743859999997
0.017887255280000004
0.01789275294
0.01789823784
0.01790371155
0.01790917081
0.017914618660000003
0.017920052520000004
0.017925475499999996
0.017930884099999995
0.017936281299999995
0.01794166749
0.01794703684
0.017952396399999994
0.017957742199999994
0.017963075400000004
0.01796839708
0.017973704160000006
0.01797900018
0.0179842843
0.0179895539
0.017994814980000006
0.018000059589999996
0.01800529284
0.018010512039999996
0.018015720199999995
0.018020915499999998
0.018026098619999997
0.018031271019999996
0.01803642918999999
0.018041574280000007
0.018046708449999997
0.01805183128
0.018056940259999998
0.018062035400000006
0.018067119339999996
0.01807219098
0.018077249999999993
0.018082298340000004
0.018087331489999997
0.01809235526
0.018097365709999993
0.018102365080000002
0.018107351700000003
0.018112323800000003
0.018117286939999998
0.01812223512
0.0181271721
0.01813209768
0.018137010199999998
0.018141911780000002
0.018146799180000003
0.018151675679999993
0.018156541199999997
0.01816139456
0.01816623338
0.0181710636
0.01817587872
0.018180681260000008
0.018185474400000002
0.018190254949999998
0.01819502516
0.018199778730000005
0.018204523860000002
0.018209255899999995
0.01821397602
0.018218685459999998
0.01822338199999999
0.018228068579999996
0.01823274243
0.01823740262
0.018242053360000007
0.018246690559999997
0.01825131834
0.018255932589999996
0.018260536390000005
0.01826512752
0.018269708600000004
0.01827427616
0.01827883338
0.0182833787
0.018287912620000003
0.018292435140000007
0.018296945639999996
0.01830144508
0.018305933259999997
0.018310410139999997
0.01831487332
0.018319329699999994
0.018323771720000003
0.01832820258
0.018332623379999996
0.018337031620000003
0.018341428040000003
0.01834581542
0.018350190280000005
0.018354553679999993
0.018358905999999998
0.01836324678
0.01836757824
0.01837189746
0.01837620522
0.018380502529999995
0.01838479042
0.0183890669
0.01839333036
0.018397585499999994
0.01840182874
0.01840606156
0.018410283079999996
0.0184144944
0.01841869672
0.018422886459999996
0.018427066380000003
0.018431233879999995
0.018435394659999996
0.018439542100000005
0.018443678020000007
0.01844780504
0.018451921039999996
0.01845602768
0.01846012212
0.01846420938
0.01846828428
0.01847234864
0.018476401439999998
0.01848044682
0.018484481859999992
0.018488504580000002
0.01849251848
0.018496522580000008
0.018500515900000004
0.0185045002
0.018508474239999996
0.018512438620000002
0.018516391580000003
0.01852033414
0.018524267769999995
0.018528192000000002
0.018532106199999995
0.01853601209
0.01853990723
0.01854379318
0.0185476709
0.01855153842
0.01855539476
0.0185592426
0.018563079740000002
0.01856690966
0.01857072862
0.0185745391
0.018578339200000002
0.01858213212
0.018585916400000003
0.018589688440000002
0.018593452859999998
0.01859720622
0.01860095482
0.01860469012
0.01860841766
0.018612137240000003
0.01861584634
0.018619547999999996
0.018623241479999997
0.018626924
0.018630598460000005
0.018634264279999993
0.018637921539999994
0.018641571219999997
0.018645211539999998
0.018648843619999994
0.018652465900000005
0.01865608228
0.018659687100000003
0.01866328602
0.01866687596000001
0.018670457480000003
0.0186740299
0.018677594920000002
0.018681150239999996
0.018684698759999997
0.018688236879999997
0.0186917695
0.018695294359999996
0.01869880907
0.0187023187
0.018705817019999994
0.01870930948
0.018712795279999993
0.01871627046
0.01871973777
0.018723198800000007
0.01872665074
0.018730098100000005
0.018733534020000005
0.01873696474
0.01874038746
0.018743803040000003
0.018747207999999998
0.01875060888
0.01875400214
0.018757386259999998
0.0187607658
0.01876413542
0.01876750132
0.0187708576
0.018774207600000002
0.018777550559999998
0.01878088584
0.01878421454
0.018787535320000003
0.018790849560000003
0.018794156899999998
0.018797456679999998
0.018800750220000002
0.018804038500000002
0.018807317760000004
0.018810590099999996
0.0188138573
0.01881711699999999
0.01882037146
0.018823617279999996
0.01882685827
0.01883009148
0.0188333184
0.01883653882
0.01883975308
0.018842960979999997
0.01884616319999999
0.018849358679999997
0.018852546700000004
0.018855728279999994
0.018858905299999996
0.01886207492
0.01886523756
0.018868393839999994
0.018871545739999995
0.01887469104
0.01887783214
0.0188809643
0.018884091739999994
0.01888721316
0.018890327559999996
0.01889343784
0.018896541580000002
0.01889963964
0.01890273184
0.018905816759999996
0.018908899270000005
0.01891197452
0.01891504552
0.018918111250000005
0.01892117046
0.018924221840000005
0.01892727014
0.0189303129
0.01893334982
0.01893638148
0.018939408079999998
0.018942428379999997
0.01894544326
0.018948455100000004
0.0189514589
0.018954456900000007
0.018957450859999996
0.018960441379999995
0.018963423780000002
0.01896640294
0.018969377699999998
0.018972346540000004
0.01897530928
0.018978267860000005
0.018981222879999995
0.018984172179999995
0.018987114660000005
0.018990054240000002
0.01899298688
0.01899591666
0.018998839499999996
0.01900175898
0.019004674540000002
0.019007584060000006
0.019010489579999998
0.01901338998
0.019016286900000002
0.01901917726
0.01902206361
0.019024945720000002
0.0190278229
0.019030694340000005
0.01903356332
0.0190364278
0.019039287560000003
0.01904214154
0.019044992799999997
0.019047837239999997
0.019050680899999995
0.01905351774
0.019056350219999997
0.019059180359999994
0.019062005400000002
0.019064823419999998
0.01906763914
0.019070452260000002
0.019073259159999995
0.0190760621
0.019078860420000007
0.01908165552
0.019084445639999996
0.019087234900000007
0.019090016959999997
0.01909279558
0.019095571040000002
0.0190983409
0.019101108299999996
0.019103871779999997
0.019106629240000006
0.019109383709999997
0.01911213438
0.0191148813
0.01911762434
0.0191203612
0.019123094219999998
0.019125825620000002
0.0191285523
0.01913127538
0.019133993959999995
0.01913670994
0.019139421799999997
0.019142128820000003
0.01914483292
0.01914753352
0.01915022999
0.019152921280000002
0.019155609949999996
0.019158294839999996
0.0191609775
0.01916365444
0.01916632808
0.019169000600000007
0.019171667479999988
0.019174330519999994
0.0191769901
0.019179647119999997
0.019182301800000003
0.01918495167
0.0191875974
0.01919024106
0.01919287838
0.01919551414
0.019198144940000005
0.019200775660000006
0.019203402220000002
0.01920602362
0.01920864150000001
0.019211256099999997
0.01921386798
0.019216477039999996
0.01921908168
0.019221683719999997
0.01922428072
0.019226874619999997
0.01922946608
0.019232054059999996
0.019234637260000007
0.019237216860000003
0.01923979486
0.019242369029999998
0.019244940139999996
0.01924750774
0.019250072860000002
0.019252634260000002
0.019255193249999993
0.0192577464
0.019260299539999998
0.0192628473
0.019265392510000003
0.019267935219999997
0.019270475920000002
0.01927300996
0.01927554266
0.019278071539999997
0.019280595559999995
0.01928311782
0.01928563768
0.01928815414
0.019290665299999996
0.019293173420000004
0.01929568252
0.01929818608
0.0193006871
0.019303183740000004
0.01930567852
0.019308168040000004
0.019310656399999994
0.01931314268
0.019315623860000006
0.019318102320000006
0.01932057744
0.01932304886
0.019325518120000006
0.019327984620000002
0.01933044826
0.019332907340000004
0.019335364340000005
0.01933781992
0.01934027156
0.01934272062
0.019345164039999998
0.019347607080000002
0.01935004612
0.019352481499999998
0.019354915120000003
0.01935734824
0.01935977608
0.019362202169999995
0.019364621459999995
0.019367041119999998
0.019369455040000004
0.019371866239999997
0.019374275319999995
0.019376681939999998
0.019379085420000008
0.0193814874
0.019383883600000006
0.019386278999999996
0.019388671339999993
0.019391058460000003
0.019393446500000005
0.019395827980000002
0.01939820662
0.01940058454
0.0194029589
0.019405330819999997
0.019407698460000008
0.01941006387999999
0.019412427319999998
0.01941478874
0.019417144620000007
0.01941949933
0.019421850270000002
0.019424197579999993
0.019426545019999998
0.019428886659999995
0.019431227419999995
0.01943356438
0.019435897660000003
0.019438229359999996
0.019440559000000003
0.019442883260000002
0.019445206140000008
0.01944752706
0.019449843860000003
0.019452157879999994
0.019454468840000003
0.019456779059999995
0.019459083719999996
0.01946138744
0.019463688939999998
0.019465987739999996
0.01946828193
0.019470571340000003
0.019472862560000002
0.019475148700000004
0.0194774346
0.0194797156
0.019481995159999998
0.019484271459999994
0.0194865441
0.019488814979999994
0.0194910812
0.019493349320000002
0.019495611620000002
0.019497870899999995
0.01950012694
0.01950237906
