0.10289759904000001
0.07012334307999998
0.06010950672000001
0.05323784076
0.04777172646000001
0.04339778529999999
0.03988932081999999
0.037065344539999996
0.03477999624
0.03291592884
0.03137979009999999
0.030098385819999997
0.02901507052
0.028086425379999995
0.027279309979999996
0.026568460279999997
0.02593457874
0.025362849200000002
0.02484184238
0.024362664439999994
0.023918360779999998
0.02350344524
0.02311356574000001
0.022745235359999994
0.02239565244
0.022062541260000002
0.021744052040000003
0.021438656259999998
0.021145098859999996
0.020862336640000007
0.020589490240000008
0.020325824880000006
0.020070718879999994
0.01982363716
0.0195841229
0.019351777700000003
0.019126258220000004
0.01890725994
0.018694514139999997
0.018487777119999996
0.0182868372
0.01809149434
0.017901569200000005
0.01771689747
0.017537325479999998
0.01736270537
0.01719290567
0.017027796290000004
0.016867257860000002
0.016711171029999992
0.01655942755
0.016411918570000003
0.0162685409
0.016129194349999997
0.015993783429999995
0.01586220981
0.015734383770000006
0.015610215660000003
0.01548961716
0.015372503720000001
0.015258790599999995
0.015148394709999999
0.015041239420000003
0.014937245479999998
0.014836332079999997
0.0147384272
0.014643457989999999
0.014551346930000002
0.014462028449999996
0.014375430959999993
0.01429148608
0.014210128180000003
0.014131291430000002
0.014054914080000001
0.013980930020000004
0.013909279709999998
0.013839903869999998
0.013772743989999997
0.013707744009999998
0.013644846779999999
0.013583996770000002
0.013525139889999998
0.013468227009999998
0.013413205909999998
0.013360026960000002
0.01330864172
0.013259000409999997
0.013211059840000004
0.013164773419999998
0.013120098449999998
0.013076989749999999
0.01303540425
0.012995303350000003
0.012956646650000004
0.012919394520000002
0.012883508640000001
0.012848950570000002
0.012815686999999997
0.012783679120000004
0.01275289256
0.012723296009999998
0.012694854929999999
0.012667534679999998
0.012641307489999996
0.01261614131
0.012592007210000002
0.012568876220000002
0.01254671711
0.012525503420000002
0.01250520881
0.012485807090000002
0.012467272639999997
0.012449578650000005
0.012432702980000003
0.01241662012
0.012401307779999997
0.01238674343
0.01237290421
0.01235976837
0.012347317410000001
0.012335528049999997
0.012324381380000004
0.012313857729999997
0.012303939449999999
0.012294607240000002
0.012285844069999998
0.012277630430000002
0.012269951559999997
0.01226279008
0.012256130809999998
0.012249957479999997
0.01224425424
0.01223900553
0.012234199600000002
0.01222982085
0.012225854909999999
0.01222229045
0.012219112289999999
0.012216308519999998
0.012213867790000001
0.012211777330000001
0.01221002516
0.012208603019999997
0.012207496630000002
0.012206696709999998
0.01220619169
0.01220597354
0.012206030960000001
0.012206354819999994
0.01220693675
0.012207767730000001
0.012208837920000003
0.012210138879999997
0.0122116637
0.012213402579999998
0.01221535057
0.012217496980000003
0.012219837060000002
0.012222360859999998
0.012225066420000002
0.01222794452
0.012230986729999999
0.01223418954
0.012237546809999994
0.012241049799999997
0.01224469706
0.012248479900000005
0.012252394750000001
0.012256434319999995
0.012260596480000002
0.012264875520000001
0.01226926611
0.012273761690000001
0.012278364019999998
0.012283063
0.01228785715
0.012292741599999999
0.01229771375
0.012302767999999997
0.012307903699999996
0.012313113660000001
0.012318398070000004
0.0123237527
0.012329171309999998
0.01233465582
0.012340201100000002
0.012345804320000004
0.01235146197
0.012357172569999998
0.01236293235
0.012368740699999999
0.012374593659999995
0.012380491050000003
0.01238642853
0.012392405010000003
0.012398419050000003
0.012404467399999999
0.012410549719999997
0.012416662989999995
0.01242280503
0.012428975639999996
0.012435171849999998
0.012441392760000003
0.012447636240000006
0.01245390179
0.012460188180000005
0.012466492730000002
0.012472815519999998
0.012479154879999996
0.01248550872
0.012491879230000004
0.012498260010000005
0.012504652739999997
0.012511055819999999
0.012517469489999999
0.01252389206
0.012530323960000003
0.012536761440000002
0.012543205290000003
0.01254965502
0.012556108
0.012562566319999994
0.012569027359999999
0.012575490620000003
0.012581955539999998
0.012588420610000001
0.012594888020000004
0.012601354700000005
0.012607820940000004
0.012614285150000001
0.012620748309999996
0.012627208840000001
0.012633665779999996
0.012640121090000003
0.012646572740000004
0.012653018040000002
0.012659459640000002
0.012665897280000003
0.012672329059999994
0.012678755799999998
0.012685175070000004
0.012691588549999997
0.012697995229999998
0.01270439499
0.012710787070000005
0.01271717212
0.012723549189999999
0.01272991734
0.012736277760000003
0.012742628690000006
0.012748971039999996
0.012755305029999999
0.012761628249999999
0.012767942909999996
0.01277424718
0.012780540929999997
0.01278682584
0.012793100060000001
0.012799363709999997
0.012805616290000004
0.012811858200000003
0.012818089389999995
0.012824309699999996
0.01283051804
0.012836717050000002
0.012842902279999997
0.012849076399999998
0.01285524038
0.012861390169999997
0.012867528820000003
0.012873656880000002
0.01287977202
0.012885875230000003
0.012891965400000005
0.012898043680000002
0.0129041098
0.01291016389
0.01291620413
0.01292223268
0.012928247639999996
0.01293424982
0.012940241059999998
0.012946216890000002
0.012952182489999998
0.012958132689999999
0.012964071280000003
0.012969997370000002
0.012975910209999997
0.012981807769999998
0.01298769434
0.01299356779
0.012999427219999997
0.013005273490000002
0.013011107389999998
0.01301692676
0.013022733750000001
0.013028526810000001
0.013034307350000007
0.013040075149999998
0.013045827359999998
0.013051567170000002
0.013057295220000001
0.01306301006
0.01306870934
0.013074396219999998
0.01308007004
0.013085729410000002
0.013091376730000001
0.013097010649999997
0.013102629429999997
0.013108235349999999
0.01311382887
0.013119408370000004
0.013124974660000002
0.013130528180000003
0.01313606748
0.013141592690000004
0.013147106190000002
0.013152606019999999
0.013158092250000005
0.013163564919999999
0.013169024509999998
0.013174469809999995
0.013179903400000002
0.013185323880000004
0.013190729419999998
0.013196122269999994
0.013201501229999999
0.013206867989999998
0.013212221219999997
0.013217560080000001
0.013222887450000003
0.013228200740000005
0.013233500979999997
0.01323878975
0.013244064249999996
0.013249324999999996
0.013254573660000001
0.013259809500000002
0.013265030839999995
0.013270240860000004
0.013275437
0.01328061896
0.013285788999999998
0.013290946979999997
0.013296091280000004
0.013301223209999997
0.013306342210000004
0.013311446939999997
0.01331653983
0.013321620070000005
0.01332668769
0.013331741670000006
0.013336784029999995
0.013341813780000005
0.013346829079999997
0.013351833600000005
0.013356823809999998
0.013361803150000004
0.01336676852
0.01337172285
0.013376664190000003
0.01338159289
0.013386508919999998
0.013391413000000001
0.013396304739999998
0.013401182979999995
0.01340604989
0.01341090513
0.013415747189999999
0.01342057687
0.013425394310000005
0.013430200089999997
0.013434993650000003
0.01343977351
0.013444542199999996
0.013449299680000002
0.01345404366
0.013458776499999998
0.013463496859999997
0.013468206280000004
0.01347290248
0.013477587409999998
0.013482260369999997
0.01348692135
0.013491570229999994
0.01349620762
0.013500833400000002
0.01350544843
0.013510049790000004
0.013514639719999999
0.013519219290000002
0.013523785770000001
0.013528341829999999
0.013532887030000003
0.013537418329999995
0.013541940179999998
0.013546449620000003
0.013550946840000001
0.013555434410000003
0.013559909430000003
0.013564372289999998
0.013568824339999997
0.013573266410000005
0.013577696739999996
0.013582114540000002
0.013586521919999997
0.013590918370000003
0.013595303200000004
0.013599677999999999
0.013604042049999994
0.013608393150000002
0.01361273418
0.013617063239999998
0.013621380680000003
0.013625689710000001
0.013629986910000001
0.013634272790000002
0.013638548559999998
0.01364281193
0.013647065639999996
0.013651306740000004
0.013655540010000002
0.01365975955
0.013663971120000005
0.013668169939999997
0.013672359879999998
0.01367653913
0.013680706360000001
0.013684864029999999
0.013689011709999999
0.013693148400000004
0.013697274750000002
0.01370139018
0.013705494710000004
0.01370958987
0.01371367415
0.013717749039999998
0.013721812259999995
0.013725866199999997
0.013729910529999995
0.013733944770000001
0.01373796803
0.013741980389999998
0.013745983510000002
0.013749977449999999
0.013753960110000001
0.013757932270000002
0.013761895540000004
0.013765847890000002
0.013769791389999994
0.013773723340000009
0.013777647580000002
0.01378156187
0.013785465140000003
0.01378935982
0.013793242880000002
0.013797118309999997
0.013800982590000004
0.013804837859999999
0.013808683139999995
0.013812519419999997
0.013816345149999998
0.013820161370000002
0.01382396853
0.013827766400000002
0.013831555339999997
0.01383533493
0.013839104920000001
0.013842864420000003
0.013846613890000001
0.01385035562
0.013854088549999997
0.013857812340000003
0.013861525259999999
0.013865230539999997
0.01386892631
0.013872612329999996
0.013876288470000003
0.013879956820000006
0.01388361518
0.01388726449
0.013890905129999997
0.013894536630000004
0.013898157449999999
0.013901771509999999
0.013905376550000001
0.013908972519999998
0.01391255972
0.01391613805
0.013919707480000003
0.013923267949999995
0.013926819590000002
0.013930363779999996
0.013933898410000003
0.013937423410000004
0.013940941310000001
0.013944448340000004
0.013947947630000004
0.013951439060000001
0.013954921479999998
0.013958394840000006
0.01396186066
0.01396531777
0.013968765740000002
0.013972206539999997
0.01397563814
0.01397906101
0.013982476410000007
0.013985883350000006
0.013989282429999996
0.013992673140000002
0.013996055239999996
0.01399942979
0.014002794709999999
0.014006152299999994
0.01400950326
0.01401284303
0.01401617707
0.014019502819999998
0.01402281869
0.01402612912
0.014029428959999996
0.014032722190000005
0.01403600677
0.014039284119999997
0.014042554749999997
0.014045815639999999
0.014049067450000001
0.014052312680000003
0.014055550770000003
0.014058782450000003
0.014062004900000005
0.014065218920000004
0.014068426789999994
0.014071626049999997
0.01407481772
0.0140780005
0.014081178160000003
0.014084345989999998
0.014087508450000001
0.014090662040000004
0.014093808040000003
0.01409694657
0.014100079189999998
0.014103202830000001
0.014106318429999995
0.014109427120000004
0.014112528989999998
0.014115622460000006
0.014118709080000005
0.014121788579999999
0.014124860519999996
0.014127925860000003
0.01413098365
0.014134033239999996
0.014137075899999997
0.014140111270000002
0.014143139640000002
0.014146160659999997
0.0141491747
0.014152181029999999
0.01415518212
0.014158174730000004
0.014161160359999996
0.01416413917
0.0141671119
0.014170076020000002
0.014173034279999998
0.0141759842
0.014178929060000005
0.014181866789999999
0.014184797309999999
0.014187722370000003
0.014190638019999993
0.01419354774
0.014196450999999999
0.014199346149999993
0.01420223539
0.014205119360000002
0.014207997220000004
0.014210865810000004
0.014213729619999997
0.014216586269999998
0.014219436449999998
0.014222279319999998
0.01422511516
0.01422794618
0.014230770759999997
0.01423358845
0.014236398939999999
0.014239202339999996
0.014242000300000002
0.014244791860000001
0.014247576980000001
0.014250355330000002
0.0142531267
0.01425589227
0.014258652430000003
0.0142614052
0.01426415123
0.014266891230000002
0.014269626340000001
0.014272354409999997
0.014275076160000004
0.014277792079999997
0.014280502190000004
0.014283205949999999
0.01428590315
0.014288593269999997
0.014291280069999999
0.014293959139999994
0.014296631520000002
0.01429929769
0.01430195739
0.014304611999999994
0.014307260920000004
0.01430990359
0.014312541659999997
0.014315172539999999
0.014317797039999998
0.014320415990000007
0.014323028059999998
0.014325634590000002
0.014328235899999993
0.014330830490000002
0.014333420100000008
0.014336004669999998
0.014338582049999998
0.014341154419999997
0.014343720369999995
0.01434628135
0.014348836239999998
0.014351385900000005
0.014353928839999999
0.014356467620000002
0.01435899802
0.014361524899999999
0.014364047110000005
0.014366562970000002
0.014369073480000001
0.01437157767
0.014374076579999997
0.01437656919
0.014379057079999997
0.01438153894
0.014384015380000002
0.014386485999999999
0.01438895149
0.014391411990000002
0.01439386617
0.014396315909999997
0.01439876049
0.01440119935
0.014403632190000001
0.014406060249999998
0.014408483399999995
0.014410900179999993
0.014413312200000004
0.014415718520000004
0.014418119109999995
0.014420515109999999
0.014422906070000003
0.014425292699999998
0.014427672930000003
0.01443004947
0.014432419690000005
0.014434785650000006
0.014437145820000004
0.01443950017
0.014441850089999994
0.0144441947
0.014446535549999999
0.014448870189999997
0.014451200879999999
0.01445352512
0.014455844810000002
0.014458160169999998
0.014460469980000001
0.01446277452
0.014465074530000004
0.014467369499999999
0.014469659340000001
0.01447194431
0.014474225290000002
0.014476499790000001
0.014478770319999995
0.014481035970000002
0.014483294870000003
0.014485551620000002
0.014487801730000005
0.014490048439999998
0.014492289460000004
0.01449452667
0.014496759619999995
0.014498986220000003
0.0145012084
0.014503427050000007
0.014505639700000003
0.014507848209999999
0.01451005213
0.014512251550000004
0.014514446710000004
0.014516635909999999
0.0145188215
0.014521002770000005
0.014523179669999995
0.014525349949999999
0.014527516979999999
0.01452968044
0.01453184054
0.014533993129999995
0.014536141999999998
0.0145382869
0.014540427709999996
0.014542563139999999
0.014544693750000002
0.01454682017
0.014548943409999994
0.014551061520000004
0.014553174410000001
0.014555283580000002
0.014557388589999998
0.014559489459999997
0.01456158612
0.014563678909999997
0.014565766229999999
0.014567850050000003
0.0145699285
0.014572003759999999
0.014574073599999994
0.014576139439999995
0.01457820181
0.014580260199999997
0.014582314319999994
0.014584363489999998
0.014586408690000005
0.014588449450000002
0.014590485390000001
0.014592517989999998
0.014594549330000001
0.014596572879999999
0.01459859336
0.014600610189999997
0.01460262086
0.014604629580000002
0.014606633879999999
0.014608632939999998
0.014610628680000005
0.014612621249999992
0.01461460864
0.014616591929999995
0.014618571719999997
0.014620548329999998
0.01462252126
0.014624489389999997
0.014626453410000002
0.014628413910000002
0.014630369829999998
0.014632323590000001
0.014634271530000003
0.014636217110000002
0.014638159530000002
0.01464009519
0.014642028649999998
0.014643957019999996
0.014645882669999999
0.014647804230000004
0.01464972075
0.014651633530000001
0.014653544900000003
0.01465545086
0.014657353980000004
0.014659251589999995
0.014661147509999998
0.014663039169999994
0.01466492727
0.014666811210000002
0.014668691880000003
0.014670568329999996
0.014672440850000001
0.014674309360000009
0.014676174290000002
0.014678037509999999
0.014679895170000004
0.01468175044
0.014683601399999994
0.014685448270000002
0.01468729377
0.014689133920000002
0.01469097043
0.014692804119999998
0.014694634239999999
0.01469646001
0.014698281589999999
0.014700100579999997
0.014701915690000001
0.014703726600000001
0.01470553517
0.01470733945
0.014709141520000002
0.01471094023
0.014712735809999999
0.014714528370000002
0.014716315960000002
0.014718100270000001
0.014719881689999999
0.014721659190000005
0.014723433269999997
0.01472520391
0.01472697222
0.01472873547
0.014730496040000006
0.014732255090000002
0.014734008829999992
0.014735759780000001
0.014737507830000003
0.014739251129999999
0.01474099217
0.014742730470000003
0.014744463589999996
0.014746194169999997
0.014747922099999998
0.01474964716
0.014751368570000003
0.014753087420000007
0.014754803010000001
0.014756514999999994
0.014758223049999995
0.014759928660000001
0.014761629149999997
0.01476332842
0.01476502388
0.014766717809999998
0.014768407219999995
0.01477009518
0.014771778200000004
0.014773459230000003
0.014775134440000002
0.014776810059999996
0.01477847999
0.014780148050000002
0.014781812949999999
0.014783475259999998
0.01478513506
0.01478678934
0.014788442559999998
0.01479009136
0.014791739679999997
0.014793382449999998
0.014795023619999997
0.014796661020000004
0.014798295069999998
0.014799927949999996
0.014801555639999995
0.014803180880000003
0.01480480403
0.014806424340000002
0.014808040330000003
0.014809654350000001
0.014811265550000001
0.0148128742
0.014814479319999997
0.0148160811
0.014817679970000002
0.014819276100000002
0.01482087026
0.014822460719999994
0.01482404823
0.014825633060000003
0.01482721763
0.014828797170000001
0.0148303736
0.014831948040000003
0.014833519740000002
0.01483508729
0.01483665346
0.014838215510000004
0.014839776090000001
0.014841332269999999
0.014842886420000008
0.014844438589999998
0.014845985760000006
0.01484753198
0.014849074119999995
0.01485061513
0.014852152800000004
0.014853688909999998
0.014855221159999998
0.01485675251
0.014858279429999996
0.01485980453
0.014861324189999995
0.014862843910000001
0.014864360050000002
0.014865874270000001
0.014867384820000005
0.014868893160000006
0.014870398969999997
0.0148719021
0.014873403810000001
0.014874902650000004
0.014876398759999998
0.014877890249999994
0.014879380129999998
0.014880866660000006
0.014882351339999999
0.014883833950000001
0.01488531536
0.014886792460000003
0.01488826849
0.0148897408
0.014891210110000002
0.014892677089999999
0.014894144189999998
0.014895605939999996
0.014897065829999995
0.014898524340000004
0.01489997912
0.014901430490000001
0.014902880819999999
0.014904329590000001
0.01490577547
0.01490721905
0.014908660720000005
0.01491009753
0.01491153298
0.014912966070000002
0.014914395820000004
0.014915824440000001
0.014917249609999994
0.014918673799999999
0.014920095139999999
0.014921514000000004
0.014922930159999993
0.01492434468
0.014925756580000003
0.014927165599999997
0.014928571470000002
0.014929975930000006
0.014931378709999998
0.014932778399999992
0.01493417594
0.014935571720000002
0.014936963480000003
0.014938353210000007
0.014939742340000004
0.014941129789999999
0.014942512839999998
0.014943893700000002
0.014945273300000004
0.014946651659999999
0.014948026630000001
0.01494939762
0.014950767220000001
0.014952134860000004
0.014953500039999996
0.01495486384
0.014956226069999998
0.014957584600000002
0.014958940759999999
0.014960294800000001
0.01496164742
0.014962996319999998
0.014964344360000003
0.014965690839999999
0.0149670348
0.014968374499999998
0.01496971257
0.014971048970000003
0.014972383749999998
0.01497371563
0.014975046610000002
0.014976375200000003
0.014977700549999997
0.01497902438
0.014980346390000003
0.014981666289999997
0.014982984990000002
0.014984300259999996
0.014985614570000002
0.01498692556
0.014988234219999999
0.014989542069999997
0.014990846029999998
0.014992148620000003
0.014993448470000004
0.01499474673
0.01499604376
0.014997337839999996
0.01499863044
0.01499992159
0.015001210209999997
0.015002497009999997
0.015003781579999995
0.015005064619999994
0.015006345099999999
0.015007623129999996
0.015008899389999997
0.015010173630000003
0.015011446190000005
