0.09768975357999998
0.06813490756
0.0577054383
0.05006383008
0.04410198035999999
0.03948700801999999
0.03593750526
0.03320127876
0.03106790382
0.02937418028
0.027999814959999994
0.026858638380000004
0.025889688399999992
0.025049881099999997
0.02430861636
0.023643961060000006
0.02304001454
0.02248511472
0.021970599160000007
0.021489961460000005
0.02103825442
0.02061166918
0.020207248250000004
0.019822661679999992
0.019456052999999997
0.01910592434
0.018771053839999996
0.018450432240000002
0.018143206380000002
0.01784865686
0.017566156779999998
0.017295159740000003
0.017035177920000002
0.016785775109999998
0.01654654831
0.01631713044
0.016097175919999998
0.015886362939999992
0.01568438399
0.015490945109999998
0.0153057643
0.015128570600000002
0.014959099449999997
0.014797097849999998
0.01464231431
0.014494508379999995
0.014353442939999995
0.01421888815
0.014090616559999998
0.01396840746
0.01385204415
0.013741318520000004
0.013636018740000002
0.01353594997
0.013440910849999996
0.01335071262
0.013265165720000003
0.013184089379999995
0.013107306079999997
0.013034645499999999
0.01296593979
0.012901025319999997
0.012839746939999994
0.012781954160000003
0.012727496740000002
0.01267623369
0.012628030080000002
0.01258275107
0.012540268379999997
0.012500463619999999
0.012463213220000005
0.012428404770000002
0.012395928709999995
0.012365679699999998
0.012337556549999996
0.012311462670000002
0.012287300309999995
0.012264984209999996
0.012244425180000003
0.01222554419
0.012208259350000004
0.01219249505
0.012178177559999996
0.012165239420000003
0.012153612800000001
0.012143234680000002
0.012134041340000002
0.012125977270000001
0.01211898619
0.012113013179999996
0.01210800893
0.012103923589999996
0.01210071134
0.012098326769999999
0.012096730020000002
0.01209587746
0.01209573177
0.012096254920000002
0.012097414589999998
0.012099174819999997
0.01210150466
0.012104373859999996
0.012107752369999997
0.012111614760000007
0.012115931870000003
0.012120680350000006
0.012125836609999998
0.01213137692
0.012137280050000001
0.012143522809999996
0.01215009055
0.012156961089999998
0.01216411699
0.0121715409
0.01217921829
0.012187133450000004
0.012195270109999998
0.012203616589999999
0.01221215645
0.012220879989999999
0.012229774289999995
0.012238827400000003
0.012248029700000001
0.01225736956
0.0122668372
0.012276424249999997
0.012286120879999998
0.012295920200000003
0.012305811240000002
0.012315791410000006
0.012325846559999996
0.012335974300000004
0.012346168940000003
0.012356422470000001
0.012366728219999996
0.012377082619999995
0.012387479850000003
0.012397914720000004
0.012408382760000003
0.012418879310000002
0.012429400690000002
0.01243994204
0.01245049981
0.012461071970000001
0.012471652760000002
0.012482240599999996
0.012492833840000004
0.012503426770000003
0.012514018700000002
0.01252460682
0.012535188350000002
0.012545760560000006
0.012556323590000005
0.012566873180000007
0.012577408289999998
0.012587928179999994
0.01259842982
0.012608913180000004
0.01261937493
0.012629815999999999
0.01264023435
0.012650627089999998
0.01266099595
0.012671338479999995
0.012681652780000002
0.012691938490000004
0.012702198179999999
0.012712426470000005
0.012722624460000005
0.012732792570000002
0.012742929090000006
0.012753032080000002
0.01276310331
0.012773140920000002
0.012783146699999996
0.012793117429999999
0.012803053960000003
0.012812956790000002
0.012822824359999999
0.012832656839999998
0.012842452179999997
0.012852214150000003
0.01286194065
0.012871629899999999
0.012881282319999998
0.0128908987
0.01290047951
0.012910023719999995
0.012919531290000001
0.012929001989999998
0.01293843612
0.012947832670000003
0.012957193269999999
0.01296651535
0.01297580076
0.012985050259999999
0.012994262710000004
0.013003438539999999
0.01301257758
0.013021679100000003
0.013030744579999998
0.013039772149999997
0.01304876411
0.01305771981
0.013066637289999994
0.013075520100000002
0.013084366479999996
0.013093176320000002
0.013101949829999997
0.013110686750000003
0.013119389420000002
0.013128054569999999
0.013136684829999998
0.013145278450000002
0.013153836819999997
0.013162359380000002
0.013170847650000001
0.01317930071
0.01318771765
0.01319609917
0.013204448280000001
0.013212760460000002
0.01322103854
0.01322928281
0.01323749271
0.013245669769999998
0.013253811390000002
0.013261919020000002
0.013269993630000003
0.01327803333
0.013286040649999999
0.013294014690000001
0.013301955459999997
0.013309862710000004
0.013317737599999997
0.01332557893
0.013333389000000003
0.013341166299999999
0.013348911580000003
0.013356624690000006
0.013364305999999998
0.013371953940000004
0.013379572140000002
0.01338715817
0.013394713830000002
0.013402237139999997
0.013409729369999996
0.01341719086
0.013424621619999999
0.013432021120000002
0.01343939043
0.013446730560000002
0.013454040050000003
0.013461317930000001
0.013468567209999999
0.0134757862
0.013482975479999998
0.013490136320000002
0.01349726695
0.01350436942
0.013511441319999998
0.013518485999999998
0.013525500649999998
0.013532487639999997
0.01353944595
0.013546375530000003
0.013553276719999997
0.013560150279999999
0.01356699596
0.013573814700000002
0.013580605539999997
0.01358736753
0.013594103640000004
0.013600811699999995
0.0136074928
0.013614148070000005
0.01362077521
0.013627375950000003
0.013633950910000001
0.013640497959999998
0.013647021989999994
0.013653516730000002
0.013659986179999998
0.013666430519999996
0.01367284909
0.013679241930000004
0.013685610270000002
0.013691950770000003
0.013698267830000001
0.013704559320000002
0.013710827140000001
0.013717067770000002
0.01372328511
0.013729478140000003
0.013735645510000003
0.013741789949999994
0.013747909209999997
0.013754003700000001
0.013760076419999998
0.013766124610000001
0.013772148869999995
0.013778150709999997
0.013784127470000003
0.013790081760000003
0.013796012299999999
0.013801919570000005
0.01380780485
0.013813666749999998
0.013819504469999999
0.01382532223
0.013831115269999998
0.013836887670000004
0.013842636170000002
0.013848364019999995
0.013854067959999996
0.013859751689999998
0.013865412589999999
0.013871052620000001
0.013876669410000002
0.013882266069999998
0.013887840530000002
0.013893393770000002
0.013898926499999997
0.013904437439999997
0.013909927399999997
0.013915397859999996
0.0139208458
0.013926273219999999
0.013931682079999999
0.013937068740000001
0.013942435150000005
0.013947779970000001
0.013953105860000002
0.01395841089
0.013963697209999999
0.013968963559999999
0.013974210309999999
0.013979436840000003
0.013984642809999996
0.01398982985
0.013994999749999997
0.014000147180000004
0.014005276280000003
0.014010386710000003
0.01401547892
0.01402055121
0.014025604230000002
0.014030640639999998
0.014035655769999997
0.01404065419
0.014045632410000007
0.014050594060000006
0.014055535259999998
0.01406045949
0.014065367380000002
0.014070256219999997
0.014075125499999999
0.014079977319999997
0.014084811979999999
0.01408963022
0.014094428929999998
0.014099209429999999
0.014103974469999996
0.01410872063
0.014113448789999991
0.014118161829999996
0.014122857600000004
0.014127536080000001
0.01413219636
0.01413684134
0.014141468290000004
0.014146080229999998
0.01415067291
0.014155251089999996
0.014159812919999999
0.014164357669999999
0.0141688861
0.014173398189999997
0.01417789341
0.014182373630000002
0.014186837059999999
0.01419128611
0.014195718500000003
0.014200135059999997
0.014204535459999999
0.014208920580000005
0.01421329039
0.01421764297
0.014221981099999998
0.014226304370000005
0.014230611960000002
0.014234904670000001
0.014239181400000002
0.014243443180000006
0.014247689759999998
0.01425192067
0.014256139190000001
0.014260341570000003
0.014264530650000003
0.014268703060000006
0.014272860400000002
0.014277003539999994
0.014281133480000003
0.014285248150000002
0.01428934879
0.01429343481
0.014297506209999998
0.014301562939999997
0.01430560683
0.014309636259999998
0.014313651600000001
0.014317653110000002
0.01432164098
0.014325614729999998
0.014329574430000007
0.014333520369999998
0.014337453329999998
0.014341372440000002
0.0143452779
0.014349170799999998
0.014353048870000003
0.014356914739999999
0.014360765529999996
0.014364604890000004
0.014368431860000001
0.014372242870000005
0.01437604253
0.01437982875
0.014383603420000004
0.014387364029999995
0.01439111126
0.014394846570000001
0.014398568339999997
0.014402278140000004
0.014405975789999994
0.014409659149999999
0.01441333225
0.014416991560000002
0.014420638859999994
0.014424273250000003
0.01442789611
0.014431507009999997
0.014435105290000002
0.01443869223
0.014442264449999997
0.01444582544000001
0.014449376230000002
0.0144529135
0.01445643936
0.0144599529
0.014463455460000005
0.014466945380000002
0.014470424960000004
0.014473891869999998
0.014477347550000002
0.01448079069
0.014484224350000002
0.014487645300000001
0.014491055269999996
0.014494453800000003
0.014497840360000003
0.014501216889999996
0.014504581009999996
0.014507933319999994
0.014511275019999997
0.01451460639
0.014517925459999999
0.014521234510000001
0.014524532669999996
0.014527820889999994
0.014531096759999997
0.01453436392999999
0.014537617939999999
0.014540863249999994
0.014544096069999998
0.014547319219999999
0.014550530270000002
0.014553732820000003
0.014556924
0.014560104689999997
0.01456327451
0.01456643367
0.01456958353
0.01457272276
0.014575851199999995
0.01457896941
0.014582077799999997
0.014585177559999997
0.014588266549999998
0.0145913451
0.014594413209999997
0.014597470889999999
0.014600520270000002
0.014603558590000003
0.014606586989999995
0.014609605580000002
0.014612613490000004
0.014615613239999999
0.014618602949999998
0.014621582860000003
0.014624552780000001
0.014627513420000002
0.014630464519999995
0.014633406569999998
0.014636337850000007
0.014639260990000003
0.014642174460000004
0.014645077420000001
0.014647972290000004
0.014650856830000003
0.014653733619999998
0.014656600919999999
0.014659457480000002
0.014662305969999996
0.01466514554
0.014667977150000004
0.014670798409999995
0.014673611219999994
0.014676414719999996
0.014679208630000001
0.014681993419999997
0.014684770560000003
0.014687538229999996
0.014690296260000003
0.014693047330000002
0.014695790260000003
0.014698522339999995
0.014701246470000005
0.014703961520000001
0.014706670029999997
0.014709369660000004
0.014712058350000001
0.014714740370000003
0.01471741197
0.014720076649999999
0.014722731570000001
0.01472538071
0.014728020360000003
0.014730652109999997
0.01473327496
0.014735890419999998
0.014738497200000004
0.014741095970000001
0.014743687119999998
0.014746269330000004
0.01474884269
0.014751408030000001
0.014753966410000001
0.014756515699999997
0.014759057390000005
0.01476159135
0.014764117859999999
0.014766634879999994
0.014769145749999997
0.014771647660000003
0.014774141780000001
0.014776628129999999
0.01477910663
0.014781578029999999
0.014784042549999998
0.014786497710000002
0.014788946950000001
0.014791387920000001
0.014793820869999998
0.01479624755
0.014798666000000002
0.014801077479999997
0.014803480270000004
0.01480587631
0.014808264819999997
0.014810647490000002
0.01481302076
0.014815386980000001
0.01481774597
0.014820097130000005
0.01482244197
0.01482477971
0.014827109319999997
0.014829433279999993
0.014831750420000003
0.014834058130000001
0.014836359569999999
0.014838653360000004
0.014840941739999997
0.014843221939999998
0.014845496590000002
0.014847762770000003
0.0148500227
0.014852276730000004
0.014854521169999997
0.014856760759999999
0.014858993709999999
0.01486121996
0.014863439130000003
0.01486565145
0.01486785812
0.01487005721
0.014872249240000003
0.01487443383
0.014876613019999999
0.014878785589999999
0.014880951289999998
0.014883111320000001
0.014885263840000003
0.014887408990000002
0.01488954945
0.01489168276
0.014893809709999999
0.014895929910000001
0.014898042599999996
0.014900149899999998
0.014902251019999995
0.01490434434
0.014906434240000004
0.014908516199999998
0.014910592899999998
0.014912662150000002
0.014914726430000002
0.014916783679999998
0.014918834780000003
0.014920879450000002
0.014922918629999997
0.014924950900000001
0.01492697771
0.014928997429999997
0.014931011049999998
0.014933020129999999
0.014935022889999998
0.014937020040000002
0.014939009420000003
0.01494099419
0.01494297277
0.014944945700000004
0.014946912319999998
0.01494887295
0.014950828339999995
0.014952777260000001
0.01495472017
0.014956657959999994
0.014958589690000001
0.014960516580000003
0.0149624381
0.014964353970000002
0.014966261549999995
0.014968165569999995
0.01497006387
0.014971955859999997
0.014973843199999998
0.014975723560000001
0.014977599800000003
0.014979470049999999
0.014981335639999998
0.014983193379999996
0.014985047889999997
0.01498689607
0.01498874057
0.014990577479999994
0.014992408779999997
0.014994235330000001
0.014996056019999997
0.014997872069999998
0.01499968319
0.015001487070000003
0.015003286850000002
0.015005081250000002
0.015006869869999993
0.0150086532
0.015010431449999998
0.015012203940000003
0.01501397264
0.015015735619999995
0.015017493989999995
0.015019246699999997
0.015020993329999996
0.0150227368
0.01502447568
0.015026207360000002
0.015027933039999995
0.01502965571
0.015031372589999998
0.015033084160000003
0.015034791650000006
0.015036494060000002
0.015038190020000002
0.015039883140000003
0.01504156927
0.015043251279999998
0.01504492864
0.015046602059999999
0.01504826801
0.015049932009999994
0.015051589619999998
0.015053243300000001
0.015054892349999995
0.015056536009999996
0.015058175589999999
0.015059810409999999
0.015061441409999994
0.015063065870000003
0.01506468673
0.015066302620000006
0.015067913190000002
0.015069519380000005
0.015071122350000004
0.015072718870000007
0.015074311250000002
0.015075900939999998
0.015077484519999997
0.015079062939999997
0.015080637089999998
0.015082207329999996
0.015083772879999999
0.015085333709999997
0.015086890650000004
0.015088442480000002
0.015089990739999996
0.015091533310000002
0.015093072349999999
0.015094605200000005
0.015096135479999996
0.015097660220000001
0.015099181670000001
0.015100697320000005
0.01510220983
0.015103718219999996
0.015105222939999996
0.0151067213
0.015108216400000003
0.01510970956
0.01511119549
0.01511267695
0.015114154640000002
0.015115628979999997
0.01511709825
0.015118565559999997
0.01512002582
0.015121483099999998
0.015122935919999999
0.01512438423
0.015125829489999994
0.0151272715
0.015128709019999999
0.015130141500000005
0.015131569459999996
0.01513299463
0.015134415739999995
0.015135831940000002
0.015137243320000002
0.015138653589999995
0.015140058610000005
0.015141459230000001
0.015142856569999997
0.015144248079999995
0.015145639100000004
0.01514702325
0.015148405500000007
0.01514978279
0.015151154919999998
0.015152525480000002
0.015153891579999999
0.015155253959999997
0.015156611840000007
0.015157966590000002
0.015159318920000005
0.015160665619999998
0.015162008230000003
0.015163349390000004
0.015164684549999998
0.015166016319999998
0.015167344800000003
0.015168669030000002
0.015169990520000003
0.01517130849
0.015172622880000004
0.015173932539999995
0.015175239680000003
0.015176542150000001
0.015177841349999993
0.015179137240000003
0.015180429250000002
0.01518171895
0.015183003449999996
0.015184284079999992
0.015185562170000002
0.015186835479999996
0.015188107729999996
0.015189375410000004
0.015190639279999998
0.015191900920000001
0.015193157399999992
0.01519441083
0.015195661299999995
0.015196909219999997
0.0151981526
0.015199393709999998
0.015200629599999991
0.015201863189999998
0.01520309348
0.01520432196
0.015205545200000004
0.015206764280000002
0.015207980249999998
0.015209193690000004
0.015210403350000002
0.015211610000000002
0.015212813310000003
0.015214013590000004
0.01521520922
0.015216403440000003
0.01521759339
0.015218780830000006
0.015219964030000003
0.015221143399999994
0.015222321630000002
0.015223494539999995
0.015224665379999995
0.015225832790000003
0.015226998759999997
0.015228160760000003
0.015229319509999997
0.015230475180000003
0.015231626969999999
0.015232776839999997
0.015233921770000006
0.015235065579999998
0.015236206040000002
0.01523734359
0.015238477960000003
0.01523961051
0.015240737409999996
0.015241862269999996
0.01524298586
0.01524410369
0.01524521922
0.015246333870000002
0.01524744399
0.015248551110000001
0.015249656550000004
0.015250758609999996
0.015251856990000002
0.015252952949999999
0.015254046280000004
0.015255136190000003
0.01525622469
0.015257308809999998
0.015258389649999997
0.015259469550000002
0.015260545260000003
0.015261617610000002
0.015262687209999999
0.015263754629999994
0.015264818660000004
0.015265880240000007
0.01526693882
0.015267993970000003
0.01526904833
0.015270098929999998
0.015271145430000004
0.01527219042
0.015273233450000001
0.01527427329
0.01527530999
0.015276345360000004
0.015277375939999996
0.01527840574
0.015279432219999995
0.015280455450000001
0.015281477580000005
0.015282497140000002
0.015283512509999993
0.015284525079999995
0.015285536150000001
0.01528654488
0.0152875508
0.015288553819999995
0.015289553860000001
0.015290552380000006
0.015291548489999996
0.015292540990000002
0.015293530820000003
0.01529452066
0.015295504750000001
0.015296486839999998
0.015297467219999996
0.015298444789999997
0.015299419990000005
0.015300393429999998
0.015301362850000005
0.015302331450000005
0.015303296940000002
0.015304260100000001
0.01530522152
0.015306180449999998
0.015307135609999998
0.015308088720000003
0.01530903916
0.01530998909
0.015310935760000002
0.015311880929999999
0.015312822790000003
0.015313762669999998
0.015314700310000005
0.01531563494
0.015316566430000005
0.015317497330000006
0.015318426409999999
0.015319352259999999
0.015320275560000006
0.015321195579999997
0.01532211499
0.01532303137
0.01532394684
0.015324859120000004
0.015325769700000002
0.015326676099999999
0.01532758146
0.015328483919999993
0.01532938508
0.015330284599999997
0.01533117974
0.015332074700000002
0.015332967359999998
0.015333858839999999
0.015334746699999999
0.015335630650000005
0.01533651522
0.015337397590000003
0.015338277030000005
0.01533915467
0.0153400306
0.015340903510000002
0.015341772330000005
0.01534264294
0.01534350949
0.015344374009999997
0.01534523729000001
0.015346098529999996
0.015346958210000004
0.015347814360000005
0.015348668240000005
0.015349522229999999
0.015350372349999999
0.01535122042
0.01535206739
0.015352911540000005
0.015353754289999999
0.015354595870000001
0.015355435340000003
0.015356272610000006
0.01535710615
0.015357940149999996
0.015358771230000005
0.015359599880000002
0.015360427139999997
0.015361252190000002
0.015362074889999997
0.015362897830000001
0.015363717669999997
0.01536453659
0.01536535242
0.015366166389999996
0.015366977729999995
0.015367787629999997
0.015368595620000003
0.015369400990000002
0.015370205819999998
0.01537100893
0.01537180991
0.015372607580000001
0.015373404279999996
0.015374198929999998
0.015374991759999998
0.01537578155
0.015376573150000003
0.015377360839999996
0.015378147100000001
0.01537893183
0.015379714589999998
0.01538049666
0.015381276670000006
0.01538205505
0.01538283093
0.015383604370000001
0.015384377680000007
0.01538514992
0.015385919789999996
0.01538668676
0.015387452420000001
0.01538821747
0.015388980699999999
0.015389742030000002
0.015390503960000001
0.01539126188
0.015392018029999996
0.015392772449999996
0.015393524199999998
0.015394275509999998
0.01539502519
0.015395772450000001
0.01539651816
0.015397263200000006
