0.11154724373999997
0.0275700273
0.021842006699999996
0.019191046639999997
0.017360663739999997
0.01603564939
0.015095416880000004
0.0144474957
0.014014888960000001
0.013737783510000004
0.013572272290000003
0.013485978190000003
0.013454740070000004
0.013460899989999999
0.01349179407
0.01353844116
0.01359460112
0.013656058169999999
0.013720050170000006
0.013784804220000002
0.013849214839999999
0.013912609760000003
0.01397459078
0.014034939190000002
0.01409354519
0.014150367379999999
0.014205403779999999
0.014258680430000002
0.014310234540000005
0.014360110169999997
0.014408360370000001
0.014455032869999997
0.014500180400000002
0.014543851330000001
0.014586097100000004
0.014626962640000003
0.014666492690000001
0.014704734489999998
0.014741726619999998
0.014777510820000004
0.0148121267
0.014845609460000004
0.014877996309999995
0.01490932191
0.0149396188
0.014968921229999998
0.014997260499999996
0.015024664480000003
0.01505116306
0.015076786879999996
0.015101562479999995
0.015125517580000001
0.015148677449999998
0.015171066770000002
0.01519271161
0.01521363519999999
0.015233861149999998
0.015253413520000002
0.015272311040000002
0.015290577840000003
0.015308231460000004
0.015325295439999997
0.015341788639999996
0.01535772857
0.015373134729999998
0.015388023609999999
0.015402415330000006
0.015416324540000003
0.015429766760000001
0.015442759189999999
0.015455316780000006
0.015467454010000001
0.015479185220000007
0.015490524219999994
0.015501485380000003
0.015512080499999996
0.01552232125
0.015532222689999996
0.01554179393
0.015551048930000007
0.01555999539
0.015568646400000002
0.015577011200000001
0.015585100909999998
0.015592923500000001
0.01560049056
0.015607810170000007
0.015614889259999997
0.015621737419999998
0.0156283639
0.01563477716
0.015640984200000006
0.01564699057
0.015652803799999997
0.015658433359999998
0.01566388374
0.0156691626
0.01567427427
0.015679227179999998
0.015684027330000003
0.015688677369999994
0.015693185850000006
0.01569755881
0.01570179762
0.015705910989999995
0.015709899510000003
0.015713773129999997
0.015717533209999995
0.01572118466
0.015724732439999996
0.01572817965
0.015731532719999997
0.01573479304
0.015737966109999998
0.015741054359999996
0.015744063079999995
0.01574699318
0.015749852409999997
0.0157526404
0.0157553626
0.0157580197
0.015760618510000005
0.015763158500000006
0.01576564568
0.015768081500000003
0.01577046979
0.015772811979999996
0.0157751114
0.015777372010000002
0.015779594759999994
0.01578178311
0.015783939029999996
0.015786065449999998
0.0157881653
0.01579023888
0.01579229078
0.01579432314
0.015796336220000002
0.015798334940000002
0.015800318620000003
0.015802291129999996
0.015804254370000003
0.01580620932
0.015808157889999997
0.015810103949999998
0.015812047059999997
0.015813991419999996
0.015815934300000004
0.015817883030000004
0.0158198347
0.01582179287
0.015823761140000007
0.015825736729999998
0.015827725859999992
0.01582972509
0.01583173865
0.015833766939999997
0.01583581322
0.015837876089999994
0.015839958739999997
0.01584206165
0.015844185359999995
0.015846332320000007
0.015848504279999998
0.015850699669999996
0.015852920240000002
0.015855169069999998
0.01585744542
0.01585974902
0.015862084289999995
0.01586444825
0.01586684488
0.015869274170000006
0.01587173515
0.015874232499999995
0.015876762380000003
0.01587932883
0.015881931229999997
0.015884569300000005
0.0158872446
0.015889959400000004
0.015892712330000003
0.015895503369999998
0.01589833545
0.015901207179999998
0.01590412102
0.015907073800000004
0.01591006843
0.015913106950000002
0.01591618886
0.01591931271
0.015922479740000002
0.01592568943
0.015928945970000004
0.015932243999999995
0.01593558784
0.015938976040000004
0.015942411540000003
0.015945890209999997
0.015949416059999996
0.01595298612
0.015956602619999996
0.0159602673
0.015963977080000004
0.01596773347
0.01597153435
0.015975385079999998
0.01597928074
0.015983222360000007
0.01598721242
0.01599124803
0.015995330489999994
0.015999460119999996
0.016003636539999998
0.01600785953
0.0160121292
0.016016444670000005
0.016020806989999997
0.016025215250000002
0.016029668599999995
0.016034168169999998
0.01603871578
0.016043307110000002
0.016047942900000004
0.01605262594
0.016057353670000003
0.016062124809999998
0.016066941820000003
0.016071802090000004
0.01607670645
0.016081654290000004
0.01608664646
0.016091678809999996
0.01609675661
0.016101875409999997
0.016107036600000003
0.01611223915
0.01611748232
0.016122767379999996
0.016128092049999997
0.016133457609999995
0.016138862530000006
0.016144306060000002
0.01614978852
0.01615530849
0.016160868300000002
0.01616646388
0.01617209825
0.016177767149999998
0.016183473639999998
0.0161892158
0.01619499173
0.016200804149999998
0.01620664961
0.016212530160000002
0.01621844186
0.016224387539999996
0.01623036444
0.016236372940000004
0.01624241309
0.016248483980000002
0.01625458484
0.0162607155
0.016266875079999996
0.01627306144
0.01627927843
0.016285521350000005
0.016291791559999998
0.016298088239999994
0.0163044122
0.016310760270000006
0.01631713298
0.016323531439999994
0.01632995226
0.01633639794
0.01634286536
0.01634935544
0.016355867330000006
0.01636240092
0.016368954020000003
0.016375526510000002
0.016382121370000006
0.01638873436999999
0.016395366220000006
0.0164020158
0.01640868268
0.01641536708
0.016422068329999998
0.01642878731
0.016435519640000004
0.016442268210000003
0.0164490319
0.016455809639999996
0.01646260107
0.016469407280000004
0.016476226
0.01648305864
0.016489900860000004
0.016496756379999998
0.016503622330000002
0.016510499319999997
0.016517386709999998
0.016524285379999996
0.01653119275
0.016538109750000002
0.0165450359
0.01655196966
0.016558912460000005
0.016565861500000004
0.01657281938999999
0.01657978273
0.016586753460000003
0.01659372998
0.016600713340000003
0.0166077005
0.016614694319999998
0.016621692960000004
0.016628696600000003
0.016635704549999998
0.0166427154
0.01664973096
0.016656750079999998
0.016663772019999995
0.016670796240000004
0.016677822200000005
0.016684852449999996
0.01669188352000001
0.016698915650000007
0.0167059493
0.01671298359
0.01672002081
0.01672705659
0.016734093899999997
0.016741130599999998
0.016748168120000004
0.01675520568
0.016762241179999998
0.016769275729999998
0.016776309139999997
0.0167833423
0.016790372489999993
0.016797401639999997
0.016804428980000004
0.01681145349
0.016818477600000003
0.016825498659999997
0.01683251524
0.016839530579999998
0.01684654276
0.01685355062
0.016860554979999994
0.01686755793
0.01687455434
0.016881547759999997
0.016888537329999998
0.01689552168
0.01690250223
0.01690947757
0.016916448179999998
0.016923414039999994
0.01693037408
0.0169373289
0.016944278379999997
0.016951222480000007
0.01695816072
0.016965092739999996
0.016972017039999995
0.016978936120000003
0.01698584988
0.01699275664000001
0.01699965656
0.0170065489
0.01701343312
0.01702031152
0.01702718236
0.017034046599999998
0.017040902079999996
0.01704775232
0.017054594019999994
0.017061426699999997
0.017068250519999995
0.01707506608
0.017081873640000005
0.017088671360000002
0.01709546315
0.01710224318
0.017109016470000002
0.01711577966
0.01712253442
0.01712928108
0.017136015620000004
0.01714274214
0.017149456939999995
0.01715616488
0.017162860900000004
0.01716954694
0.017176223310000002
0.01718288946
0.017189544180000002
0.017196190910000003
0.01720282522
0.017209448960000002
0.017216062169999994
0.01722266386
0.017229256439999997
0.01723583613
0.017242405789999995
0.017248964420000002
0.017255510800000002
0.017262044600000002
0.017268568640000006
0.017275078360000005
0.017281578759999992
0.017288067460000004
0.017294543220000003
0.01730100746
0.017307459520000002
0.017313899130000004
0.017320325940000002
0.017326740590000004
0.017333142780000005
0.01733953351
0.017345909859999998
0.01735227226
0.0173586244
0.01736496122
0.017371286840000003
0.01737759968
0.01738390034
0.01739018561
0.017396458059999998
0.01740271742
0.017408964440000008
0.017415198140000004
0.017421416810000007
0.01742762248
0.017433815559999996
0.01743999464
0.017446159539999995
0.017452310439999997
0.0174584492
0.017464574560000005
0.017470682939999992
0.017476779519999996
0.017482860960000002
0.0174889295
0.01749498192
0.017501022879999998
0.017507047780000003
0.0175130579
0.017519055719999996
0.017525038299999997
0.017531007100000003
0.017536960160000004
0.01754290036
0.017548823889999995
0.017554735279999997
0.017560631959999996
0.0175665157
0.017572381560000003
0.01757823552
0.017584074299999995
0.01758989768
0.017595705660000002
0.01760150042
0.017607279759999997
0.01761304484
0.01761879639999999
0.017624531019999997
0.017630251260000004
0.01763595644
0.017641649520000004
0.017647326959999994
0.017652987040000002
0.0176586347
0.017664266120000004
0.017669882970000002
0.017675486259999998
0.017681074840000005
0.01768664752
0.01769220448
0.017697747800000007
0.0177032788
0.01770879132
0.017714290620000003
0.0177197743
0.017725242359999994
0.017730698779999995
0.01773613868
0.017741563119999994
0.01774697362
0.017752369540000004
0.01775774994
0.01776311634
0.017768466960000003
0.017773801680000006
0.01777912316
0.017784430260000005
0.017789722600000002
0.01779499918
0.01780026101
0.01780550898
0.01781074165
0.017815959819999998
0.017821163510000005
0.017826353039999996
0.01783152807
0.01783668762
0.01784183294
0.017846964620000006
0.017852079720000004
0.0178571816
0.017862267180000002
0.017867340959999995
0.017872399
0.0178774438
0.01788247112
0.01788748733
0.017892487920000002
0.01789747304
0.01790244669999999
0.017907402340000003
0.01791234722
0.017917278240000004
0.017922192659999996
0.017927092800000002
0.017931979259999998
0.017936849500000004
0.017941708330000007
0.017946551230000007
0.017951380399999998
0.01795619794
0.017960997800000003
0.01796578616
0.017970559319999996
0.017975319319999995
0.017980064919999997
0.01798479615
0.017989513700000005
0.017994215759999998
0.01799890468
0.018003582540000004
0.018008243700000003
0.018012890820000002
0.018017526040000002
0.018022147219999996
0.01802675398
0.01803134628
0.018035927880000007
0.018040493800000005
0.01804504834000001
0.018049585209999996
0.01805411242
0.018058623919999996
0.018063121859999993
0.0180676066
0.018072077540000002
0.01807653708
0.018080981560000008
0.018085411460000006
0.018089829100000007
0.018094232800000002
0.018098623539999997
0.01810300136
0.018107366040000003
0.018111717239999995
0.018116055879999995
0.018120380980000007
0.01812469257
0.01812899242
0.018133278799999996
0.018137551500000005
0.01814181138
0.018146058519999998
0.0181502933
0.0181545134
0.018158721900000004
0.018162917140000002
0.018167099520000004
0.018171268579999997
0.018175424320000005
0.01817956854
0.018183699399999996
0.018187818499999998
0.018191924059999996
0.018196016880000002
0.018200096859999994
0.018204164560000003
0.01820821962
0.018212262809999998
0.018216294
0.01822031132
0.01822431605
0.018228307200000002
0.018232288059999994
0.018236255179999997
0.018240211279999995
0.018244154799999995
0.018248084340000005
0.01825200409999999
0.018255912
0.018259804480000003
0.018263685059999996
0.018267554359999997
0.018271412299999998
0.01827525783
0.018279090949999993
0.018282911799999992
0.018286721880000002
0.01829052022
0.01829430758
0.018298080540000004
0.01830184246
0.018305593079999995
0.018309332439999996
0.01831305756000001
0.018316771639999996
0.01832047624999999
0.018324166379999993
0.018327847569999996
0.018331515259999997
0.01833517226
0.018338817860000002
0.018342451620000002
0.018346073540000004
0.01834968457999999
0.018353285359999992
0.018356874019999997
0.0183604509
0.018364017460000003
0.01836757068
0.018371113080000005
0.018374646040000008
0.018378167100000002
0.018381677700000005
0.018385177200000002
0.018388665740000004
0.01839214342
0.01839560976
0.018399065300000003
0.018402511459999996
0.018405944899999995
0.018409368139999997
0.0184127808
0.018416182870000002
0.01841957488
0.018422956499999997
0.018426325460000007
0.018429685880000005
0.01843303654
0.01843637482
0.018439703459999995
0.018443020120000004
0.0184463297
0.018449627499999996
0.01845291706
0.018456194059999997
0.018459461439999998
0.01846271828
0.018465966139999998
0.01846920406
0.018472431620000007
0.018475650179999997
0.01847885862
0.01848205774
0.018485246180000005
0.018488426000000006
0.018491594640000004
0.01849475388
0.018497904420000003
0.01850104573
0.018504177700000003
0.018507299799999998
0.018510412699999992
0.018513516159999997
0.018516610279999998
0.018519695489999998
0.01852277036
0.018525837659999995
0.018528895280000002
0.018531943039999995
0.018534984300000005
0.018538014259999992
0.018541036820000002
0.01854404884
0.01854705264
0.0185500478
0.018553034420000003
0.01855601248
0.018558980720000003
0.018561942300000002
0.01856489324
0.018567835179999995
0.01857077046
0.018573697269999998
0.018576615600000002
0.018579525719999997
0.018582427159999998
0.018585321539999998
0.01858820744
0.018591084519999992
0.018593954899999997
0.018596815200000005
0.018599669859999998
0.018602514529999996
0.018605349900000005
0.0186081801
0.018611001340000002
0.0186138125
0.018616619079999997
0.018619416240000006
0.018622206759999996
0.01862499006
0.0186277647
0.01863053216
0.018633292339999996
0.01863604286
0.0186387906
0.018641527180000003
0.018644257379999994
0.018646979539999994
0.01864969413
0.01865240296
0.018655104070000005
0.018657798439999998
0.01866048326
0.018663164359999995
0.018665836
0.01866850178
0.018671160740000005
0.01867381278
0.01867645692
0.018679095059999998
0.018681726819999994
0.01868435094
0.0186869672
0.0186895796
0.018692182800000002
0.018694781219999995
0.018697371259999998
0.01869995668
0.018702535160000006
0.018705104559999998
0.01870766842
0.018710227920000003
0.01871278124
0.018715326780000006
0.018717866580000006
0.018720400300000006
0.0187229285
0.018725448919999995
0.018727963479999995
0.018730472399999996
0.018732973939999994
0.018735471840000004
0.018737962179999998
0.018740447159999996
0.018742925719999998
0.018745399159999995
0.018747865939999997
0.018750326179999995
0.018752782380000003
0.018755231179999998
0.0187576767
0.01876011374
0.018762546020000003
0.018764972799999998
0.018767394280000002
0.018769808900000004
0.018772220260000003
0.0187746231
0.01877702138
0.01877941412
0.018781801860000003
0.01878418598
0.018786563569999998
0.01878893466
0.018791300580000003
0.01879366262
0.01879601896
0.018798368840000003
0.01880071474
0.018803055559999997
0.01880539068
0.018807720730000005
0.018810045580000004
0.018812364559999996
0.01881467912
0.01881698962
0.01881929424
0.01882159254
0.01882388976
0.018826178359999998
0.018828464780000005
0.018830744119999996
0.01883302078
0.01883529088
0.018837556099999996
0.018839817579999998
0.018842075039999996
0.018844325830000005
0.01884657344
0.018848815879999998
0.018851053499999996
0.018853286199999993
0.018855515599999997
0.0188577397
0.01885995934
0.018862173460000006
0.018864383899999993
0.018866591040000002
0.01886879362
0.018870991139999994
0.018873184900000003
0.018875375379999997
0.01887755856
0.018879740179999997
0.018881914339999993
0.018884086879999994
0.018886256079999993
0.018888419700000002
0.01889058028
0.01889273433999999
0.018894885360000002
0.01889703288
0.0188991761
0.018901316280000004
0.018903449559999997
0.018905580739999997
0.018907708199999994
0.018909830739999998
0.01891195184
0.018914066800000004
0.018916176880000003
0.018918283239999997
0.018920386359999996
0.01892248694
0.018924583439999997
0.018926676859999995
0.018928765619999996
0.018930849799999996
0.01893293052
0.018935007320000002
0.018937080980000003
0.018939150279999997
0.01894121606
0.018943277859999996
0.0189453363
0.018947393
0.018949443440000005
0.018951493159999996
0.01895353756
0.0189555785
0.018957617179999997
0.018959651640000002
0.018961683600000005
0.018963709640000003
0.018965734739999997
0.018967757220000003
0.018969774840000005
0.018971788280000002
0.0189738009
0.01897580998
0.018977815180000003
0.018979817359999998
0.018981814380000003
0.018983809320000006
0.01898580246
0.018987791119999996
0.018989775900000002
0.01899175904
0.018993737599999994
0.01899571416
0.018997687120000002
0.018999656919999993
0.019001624959999998
0.01900358844
0.019005549860000005
0.01900750686
0.019009461780000004
0.01901141436
0.01901336192
0.019015308419999998
0.01901725148
0.019019190120000005
0.01902112714
0.019023060400000007
0.019024990840000002
0.019026920859999998
0.019028846619999998
0.01903076986
0.01903269116
0.01903461052
0.019036524500000006
0.0190384361
0.01904034428
0.01904225124000001
0.019044155580000006
0.019046055900000004
0.019047955700000008
0.019049851160000006
0.019051744260000007
0.019053634060000005
0.019055523320000003
0.019057408399999993
0.019059292699999997
0.0190611724
0.019063050200000008
0.019064927
0.019066798920000003
0.019068668259999998
0.01907053674
0.019072400320000002
0.01907426112
0.019076120500000005
0.019077976960000007
0.019079831659999994
0.0190816841
0.019083534899999997
0.019085382319999997
0.019087227879999998
0.01908907198
0.019090913160000004
0.019092750359999997
0.019094585319999996
0.01909641934
0.01909825086
0.01910007878
0.019101906560000003
0.01910373072
0.01910555106
0.019107371740000004
0.019109188660000002
0.019111005139999995
0.019112819159999996
0.01911462926
0.019116436919999993
0.01911824352
0.01912004888
0.019121852019999996
0.019123650160000005
0.019125449699999998
0.019127243340000002
0.019129037100000006
0.019130829499999998
0.01913261864
0.019134405059999998
0.019136190959999994
0.019137973239999998
0.019139755300000002
0.01914153422
0.019143312380000003
0.01914508788
0.01914686174
0.019148632159999998
0.019150401079999994
0.019152166339999995
0.019153931799999996
0.019155695680000008
0.019157455759999997
0.019159216680000004
0.019160975820000006
0.019162730460000003
0.01916448516
0.019166235059999998
0.0191679861
0.01916973338
0.019171479480000003
0.01917322296
0.01917496556
0.019176703759999997
0.0191784443
0.019180179660000005
0.019181913320000004
0.01918364782
0.019185377920000007
0.019187109
0.019188836820000003
0.01919056266
0.019192287939999997
0.01919401102
0.019195734080000006
0.01919744964
0.01919916722
0.01920088138
0.019202595059999997
0.01920430694
0.01920601606
0.01920772502
0.019209429779999995
0.019211134000000005
0.01921283692
0.019214539000000003
0.019216237760000004
0.019217936680000002
0.01921963056
0.019221326
0.01922301852
0.0192247108
0.019226401179999995
0.019228088220000005
