0.09873889975999996
0.04940249810000001
0.035384877300000006
0.029049776100000004
0.02573516687999999
0.023650567360000006
0.022138467539999995
0.02093519628
0.019922602229999996
0.019042346320000004
0.01826306132
0.01756641671999999
0.016940705580000007
0.0163777525
0.015871322380000004
0.015416318980000005
0.0150083508
0.014643472840000003
0.014318082190000001
0.014028832030000004
0.013772616979999996
0.013546535590000002
0.013347883530000002
0.0131741343
0.01302292965
0.01289207432
0.012779522469999997
0.012683387250000004
0.012601932249999998
0.012533570670000002
0.012476856580000003
0.012430481980000003
0.01239326523
0.012364146100000003
0.012342169860000004
0.012326485780000002
0.0123163296
0.01231102348
0.01230996271
0.01231261468
0.012318502390000001
0.012327203490000002
0.01233834978
0.012351610409999996
0.012366699249999996
0.01238336274
0.01240137385
0.012420538589999995
0.012440686679999995
0.012461663490000005
0.012483339059999998
0.01250559655
0.012528336520000006
0.012551468490000004
0.01257491695
0.012598612120000003
0.01262249661
0.012646519459999997
0.012670634730000001
0.012694805499999996
0.012718995819999999
0.012743176779999999
0.012767323189999999
0.012791411559999999
0.012815424059999995
0.012839344169999998
0.01286315589
0.012886847200000003
0.012910408430000003
0.012933829350000002
0.012957102140000001
0.012980219830000002
0.01300317622
0.0130259658
0.013048586219999998
0.013071034799999999
0.013093305289999994
0.013115397530000001
0.013137309800000002
0.01315903948
0.013180584739999996
0.013201948019999998
0.01322312625
0.013244119629999997
0.013264927550000001
0.013285551090000004
0.013305989940000002
0.01332624607
0.01334631715
0.013366206960000005
0.013385912070000004
0.013405438770000002
0.013424785080000001
0.013443952770000003
0.01346294113
0.0134817535
0.013500389960000008
0.01351885261
0.013537142069999999
0.01355526004
0.013573207970000003
0.013590986120000002
0.01360859833
0.013626044829999996
0.01364332532
0.013660442299999997
0.013677399280000002
0.013694195279999996
0.013710833549999999
0.013727313870000002
0.013743639080000002
0.013759810250000002
0.013775828499999998
0.013791695799999998
0.013807412989999995
0.013822983289999997
0.013838406800000003
0.013853684050000004
0.013868818639999997
0.013883810939999998
0.013898662250000002
0.013913375419999995
0.013927948939999997
0.013942385899999998
0.013956688830000006
0.01397085872
0.013984895670000004
0.01399880207
0.014012578830000002
0.014026228859999997
0.014039750410000005
0.014053148450000002
0.01406642006
0.01407957142
0.014092599800000003
0.014105508689999997
0.014118298530000002
0.014130971289999995
0.014143527520000001
0.014155967500000007
0.014168293229999997
0.014180508200000002
0.014192611059999997
0.014204603899999994
0.01421648652
0.014228262139999996
0.014239930730000001
0.01425149313
0.014262950590000004
0.01427430485
0.01428555621
0.01429670609
0.01430775672
0.014318707079999998
0.014329561159999999
0.01434031668
0.014350975709999996
0.01436154033
0.014372008739999999
0.01438238595
0.014392669470000001
0.014402863740000008
0.014412967019999999
0.014422980770000003
0.014432905059999992
0.014442743899999997
0.014452494000000003
0.01446215777
0.014471737809999996
0.014481233229999993
0.014490644659999996
0.014499974440000007
0.01450922323
0.014518392019999998
0.014527479529999998
0.014536488220000001
0.014545418370000002
0.014554272129999995
0.014563049959999998
0.014571749840000004
0.014580374630000004
0.014588926200000001
0.014597403259999999
0.014605807250000005
0.014614140060000003
0.0146224012
0.01463059022
0.014638709869999997
0.01464676079
0.01465474289
0.014662655960000002
0.014670503609999998
0.014678284709999998
0.014685998270000007
0.014693645929999999
0.014701230149999998
0.01470875104
0.014716206599999997
0.014723600210000005
0.014730932099999998
0.014738202190000002
0.014745411319999997
0.014752560450000002
0.014759648500000002
0.014766679000000007
0.014773651170000002
0.014780563670000002
0.014787420250000002
0.014794218609999998
0.01480096061
0.014807648410000008
0.014814279890000004
0.014820856790000008
0.014827379160000004
0.0148338499
0.0148402647
0.014846628790000005
0.014852941429999997
0.014859200660000002
0.014865410140000002
0.014871568109999988
0.014877676080000003
0.014883735990000004
0.01488974499
0.014895704029999996
0.014901617890000001
0.014907482290000001
0.014913301040000007
0.014919072600000003
0.014924796609999997
0.014930476579999997
0.014936109219999999
0.014941697479999995
0.014947241519999998
0.014952742040000001
0.014958197799999996
0.01496361107
0.014968979980000002
0.014974307280000002
0.014979592629999998
0.014984836260000002
0.014990038360000003
0.014995200660000008
0.015000321059999997
0.015005402609999998
0.015010442110000004
0.015015444219999998
0.01502040759
0.015025330969999995
0.015030216699999996
0.015035064269999999
0.01503987563
0.015044647930000002
0.015049383349999999
0.015054083540000006
0.015058747329999997
0.015063374259999998
0.015067966730000004
0.015072524430000001
0.015077048509999998
0.015081535459999997
0.015085990219999996
0.01509040983
0.015094797609999999
0.015099150349999996
0.015103471409999998
0.015107759319999995
0.015112015440000001
0.01511623949
0.015120432400000001
0.0151245946
0.015128724929999999
0.015132824079999998
0.015136893629999999
0.015140932230000001
0.015144940659999996
0.01514892016
0.015152870320000001
0.015156792340000001
0.015160684629999999
0.015164549040000001
0.015168383889999996
0.015172192400000001
0.015175971279999995
0.015179724990000002
0.015183450599999997
0.015187149560000007
0.01519082245
0.015194468620000002
0.015198085569999999
0.015201679590000006
0.015205248759999998
0.015208791390000006
0.015212308410000002
0.01521580033
0.015219268359999998
0.015222711629999998
0.015226130590000003
0.015229524789999997
0.01523289675
0.015236245300000001
0.015239569489999993
0.015242871280000004
0.015246150639999996
0.015249406440000007
0.015252639189999999
0.015255850920000003
0.015259039519999996
0.015262207210000003
0.015265353559999998
0.015268477530000005
0.01527158161
0.015274663979999999
0.015277726089999994
0.01528076821
0.015283790070000003
0.015286790249999998
0.015289771730000002
0.015292732729999996
0.015295673789999999
0.01529859576
0.015301498099999995
0.015304381990000006
0.01530724681
0.015310093709999998
0.015312921569999997
0.015315732949999996
0.015318523099999998
0.01532129764
0.01532405323
0.01532679389
0.015329512949999999
0.015332216929999996
0.015334903039999997
0.015337573769999996
0.015340226859999999
0.015342864620000006
0.015345484220000004
0.015348089730000004
0.015350676540000005
0.01535324903
0.015355805819999997
0.015358345899999997
0.01536087089
0.015363381190000004
0.015365877250000002
0.015368358390000001
0.01537082266
0.015373273800000005
0.015375709000000005
0.015378130759999997
0.015380538350000004
0.015382931280000001
0.015385310359999993
0.01538767559
0.015390027380000006
0.015392363759999996
0.015394688560000003
0.01539700013
0.015399297519999997
0.01540158134
0.015403853059999997
0.015406113720000001
0.015408359539999996
0.015410593870000003
0.015412814050000003
0.015415024329999997
0.015417220399999996
0.015419405749999993
0.015421579530000002
0.015423741320000003
0.015425890930000003
0.015428028509999999
0.015430155340000003
0.015432270699999997
0.015434375629999999
0.015436468660000001
0.01543855093
0.01544062259
0.01544268206
0.015444731870000006
0.01544677047
0.015448797549999995
0.015450816839999998
0.015452824470000001
0.015454821860000008
0.01545681033
0.015458788000000001
0.015460756029999996
0.015462713999999999
0.01546466152
0.01546659956
0.015468528689999993
0.015470448230000003
0.0154723589
0.01547426056
0.015476153219999997
0.015478035839999994
0.015479910399999998
0.015481777110000004
0.015483632370000005
0.015485480519999994
0.015487320630000006
0.015489151599999995
0.01549097336
0.015492788649999995
0.01549459269
0.015496389879999992
0.015498179950000001
0.015499960759999997
0.015501734569999998
0.01550349989
0.015505258789999997
0.01550700776
0.015508750500000003
0.01551048468
0.015512213460000002
0.015513932839999998
0.015515645730000001
0.015517350600000002
0.015519047339999996
0.015520739130000002
0.015522424189999995
0.015524099429999999
0.015525769969999997
0.015527432259999998
0.015529089129999998
0.015530739549999997
0.015532381
0.015534017099999997
0.015535647179999995
0.015537271419999998
0.015538888130000006
0.015540498330000001
0.015542102599999998
0.015543700779999997
0.015545293069999995
0.015546878249999996
0.015548460130000002
0.01555003386
0.015551601460000002
0.015553164010000004
0.015554720239999997
0.015556271290000001
0.015557816429999996
0.015559355979999998
0.015560888370000005
0.015562415070000002
0.015563938970000003
0.015565455970000005
0.015566968260000001
0.0155684743
0.015569974999999998
0.015571471179999997
0.015572962020000003
0.015574447260000004
0.01557592719
0.0155774035
0.015578873790000003
0.015580339700000003
0.015581802169999997
0.015583257560000008
0.015584709510000001
0.015586155120000006
0.015587596269999995
0.015589034200000004
0.015590467029999997
0.015591896459999997
0.015593319139999997
0.015594738389999996
0.015596153839999998
0.01559756384
0.01559897011
0.015600373369999998
0.015601771130000002
0.015603164860000003
0.015604553740000002
0.015605939380000003
0.01560732099
0.015608697540000004
0.015610071490000002
0.015611441850000001
0.01561280664
0.015614170010000001
0.015615528390000001
0.015616883600000003
0.01561823333
0.015619580389999999
0.01562092434
0.015622264549999997
0.015623601689999997
0.015624933610000002
0.015626264130000005
0.015627590340000008
0.015628912869999997
0.01563023294
0.015631549489999997
0.015632861310000003
0.015634170960000002
0.015635477459999998
0.01563678102
0.01563807978
0.01563937813
0.015640672190000003
0.015641962300000003
0.015643251540000003
0.015644536669999997
0.01564581902
0.015647098579999998
0.015648375569999998
0.015649649199999997
0.01565091906
0.015652187800000005
0.01565345316
0.015654716980000004
0.015655976999999998
0.015657235309999996
0.015658490020000002
0.015659741859999996
0.015660991640000003
0.015662239919999998
0.015663484899999996
0.015664728279999995
0.01566596898
0.015667206689999998
0.015668442200000007
0.015669678179999997
0.015670909299999994
0.01567213856
0.015673367409999996
0.015674592350000002
0.015675814739999995
0.015677036549999995
0.015678256019999996
0.01567947311
0.01568068851
0.01568190082
0.015683112489999998
0.01568432259
0.01568553008
0.015686736049999997
0.01568794027
0.015689142849999997
0.01569034387
0.015691541679999997
0.015692739810000002
0.015693936579999998
0.015695129779999997
0.01569632221
0.015697513949999995
0.01569870364
0.015699892490000002
0.015701079250000003
0.015702264109999996
0.01570344824
0.01570463088
0.015705812719999997
0.015706992129999996
0.015708170899999995
0.015709348889999995
0.01571052579
0.015711700860000007
0.01571287662
0.015714050049999997
0.0157152211
0.01571639206
0.01571756161
0.01571873008
0.015719897229999995
0.015721063679999994
0.015722230950000003
0.0157233937
0.0157245588
0.015725723029999993
0.01572688463
0.015728045980000004
0.015729205609999995
0.01573036638
0.015731525759999997
0.015732684009999998
0.015733841510000002
0.01573499748
0.015736154659999994
0.01573731073
0.015738466010000004
0.015739620469999997
0.015740775560000003
0.015741930379999998
0.01574308187
0.015744235220000003
0.015745388179999997
0.01574653959
0.015747691119999997
0.01574884243
0.01574999395
0.015751145610000003
0.01575229795
0.015753447289999997
0.01575459793
0.01575574711
0.01575689656
0.01575804575000001
0.015759193540000004
0.01576034244
0.015761492329999998
0.015762640649999996
0.015763789459999997
0.015764938070000005
0.015766088160000004
0.01576723641
0.015768385259999997
0.015769534629999995
0.015770684099999998
0.015771833769999997
0.015772983499999997
0.01577413288
0.015775282860000003
0.01577643275
0.015777582719999995
0.015778735240000005
0.01577988455
0.0157810359
0.015782188229999997
0.01578334036
0.01578449069
0.015785642199999998
0.01578679538
0.015787948809999994
0.015789101929999997
0.015790255749999996
0.015791411649999997
0.015792565949999993
0.015793723089999993
0.0157948788
0.01579603526
0.01579719282
0.015798350640000004
0.015799509930000007
0.015800669490000002
0.015801828949999996
0.01580298956
0.015804150780000005
0.01580531178
0.015806474410000004
0.015807637700000005
0.015808802109999992
0.015809967089999998
0.015811131549999996
0.015812297490000002
0.015813465109999994
0.015814633470000002
0.015815803
0.01581697328
0.015818143799999993
0.01581931462
0.01582048748
0.015821661120000004
0.01582283606000001
0.01582401112
0.01582518751
0.01582636471
0.01582754341
0.015828722910000002
0.01582990401000001
0.01583108522999999
0.01583226931
0.015833452080000004
0.015834635639999997
0.01583582213
0.01583701049
0.015838197770000003
0.015839388059999994
0.015840579110000003
0.0158417716
0.015842965599999998
0.015844159880000003
0.015845356289999998
0.015846554889999996
0.015847752830000002
0.015848953520000007
0.015850154989999997
0.015851357689999995
0.01585256264
0.015853768199999996
0.015854974279999993
0.0158561828
0.015857393239999996
0.015858604040000005
0.01585981646
0.015861030170000002
0.01586224626
0.015863463289999997
0.01586468069
0.015865901200000004
0.015867123469999998
0.01586834592
0.015869569970000004
0.01587079623
0.01587202346
0.015873253429999998
0.015874485729999995
0.015875717860000003
0.015876951849999998
0.015878187550000002
0.01587942578
0.015880664739999998
0.01588190672
0.015883149290000002
0.015884393330000003
0.0158856406
0.015886888510000002
0.015888138170000003
0.015889389440000002
0.015890643259999997
0.01589189869
0.01589315455
0.01589441299
0.015895673619999995
0.01589693666
0.01589820176
0.01589946793
0.01590073468
0.015902004999999993
0.015903278139999998
0.015904550719999994
0.015905826299999995
0.01590710322
0.01590838365
0.01590966341
0.0159109453
0.015912232559999996
0.015913518839999998
0.01591480702
0.01591609846
0.015917391650000005
0.015918684980000007
0.0159199834
0.01592128173
0.015922582560000002
0.015923885990000008
0.015925189600000004
0.01592649653
0.01592780581
0.01592911628
0.01593042856
0.015931742179999996
0.01593306051
0.015934378819999998
0.01593570085
0.01593702366
0.01593834975
0.01593967715
0.015941007209999993
0.015942338920000004
0.015943674050000006
0.01594501005
0.015946347540000006
0.015947688240000004
0.01594903109
0.01595037471
0.01595172248
0.015953071160000002
0.015954423009999996
0.015955775919999998
0.015957131330000006
0.015958489099999997
0.015959849800000002
0.015961211279999995
0.015962576570000008
0.01596394292
0.015965311510000003
0.01596668151999999
0.015968055240000004
0.01596943092
0.015970806990000003
0.015972189439999996
0.015973570270000004
0.015974955379999996
0.01597634129
0.015977730199999995
0.015979122159999998
0.015980515360000003
0.0159819121
0.015983309580000004
0.01598471083
0.015986113799999993
0.015987518849999997
0.01598892611
0.015990334339999995
0.01599174605
0.015993160509999996
0.015994575609999992
0.015995995090000003
0.01599741514
0.0159988383
0.016000264380000004
0.016001692980000003
0.016003123390000002
0.016004554830000003
0.016005989740000004
0.016007425760000006
0.01600886477
0.01601030638
0.016011749730000004
0.016013196219999998
0.01601464475
0.01601609468
0.01601754746
0.0160190031
0.016020460229999995
0.016021920519999993
0.016023383180000003
0.01602484932
0.016026315840000003
0.016027785150000005
0.01602925754
0.01603073022
0.016032207250000003
0.0160336852
0.016035167559999997
0.016036651020000004
0.0160381368
0.016039624980000004
0.016041115490000004
0.01604260602
0.016044100510000003
0.01604559767
0.01604709681
0.016048597919999998
0.016050102989999995
0.01605160963
0.016053118360000004
0.01605462874
0.016056142590000003
0.016057658220000003
0.016059176789999997
0.016060697459999992
0.01606222042
0.016063744499999998
0.016065271109999998
0.016066800710000002
0.01606833228
0.01606986553
0.01607140314
0.016072938880000002
0.016074480099999996
0.016076023109999997
0.01607756786
0.01607911486
0.016080663939999996
0.0160822158
0.016083770299999998
0.016085326329999997
0.016086885179999996
0.01608844675
0.01609000919
0.016091574770000002
0.016093142720000002
0.016094712150000003
0.016096284260000003
0.016097858490000002
0.016099433650000005
0.01610101139
0.01610259148
0.01610417439
0.016105759529999996
0.016107347830000004
0.016108938159999996
0.016110529520000007
0.01611212382
0.016113721169999998
0.016115319559999994
0.016116918419999994
0.016118521499999997
0.016120126300000003
0.016121732569999995
0.01612334303
0.01612495451
0.01612656882
0.01612818354
0.016129800560000004
0.01613142056
0.01613304214
0.01613466716
0.01613629362
0.016137921280000002
0.016139550950000005
0.016141184119999995
0.01614281899
0.016144455409999998
0.016146094199999995
0.016147733019999996
0.01614937677999999
0.01615102178
0.016152668010000003
0.016154316780000004
0.016155968499999996
0.016157621530000003
0.016159275789999997
0.016160933239999998
0.0161625924
0.016164253240000002
0.01616591518
0.016167580270000002
0.016169246760000006
0.01617091526
0.016172585710000006
0.016174257819999996
0.01617593136
0.016177607709999996
0.01617928536
0.0161809664
0.016182648199999997
0.0161843333
0.016186018660000003
0.016187706899999998
0.016189395779999997
0.016191087850000004
0.01619278096
0.01619447669
0.01619617317
0.016197872109999997
0.016199574479999992
0.016201278210000003
0.016202981309999996
0.0162046887
0.016206395140000003
0.016208105540000003
0.0162098172
0.016211530210000002
0.016213245640000002
0.01621496233
0.01621668217
0.016218402369999996
0.0162201237
0.01622184839
0.016223573199999997
0.016225300539999998
0.016227028499999994
0.01622876075
0.016230493520000003
0.01623222733
0.016233963299999998
0.01623570166
0.01623744118
0.01623918154
0.016240923620000004
0.01624266766
0.016244414329999998
0.016246162520000006
0.016247912179999994
0.016249663030000003
0.016251415590000002
0.01625316817
0.016254923969999998
0.016256680839999996
0.016258440390000007
0.01626020192
0.016261963870000003
0.016263728600000006
0.01626549087
0.016267258530000005
0.016269025459999996
0.016270795969999998
0.01627256644
0.016274339520000004
0.01627611387
0.016277889210000004
0.016279667369999997
0.01628144528
0.01628322414
0.01628500672
0.016286788769999998
0.016288574759999997
0.016290359580000004
0.016292147909999995
0.016293936960000005
0.016295726159999996
0.01629751771
0.01629931248
0.016301106549999996
0.01630290151
0.016304699460000006
0.016306498489999998
0.01630829854
0.01631010018
0.01631190241
0.016313706009999995
0.016315509540000005
0.01631731652
0.01631912396
0.016320932739999995
0.016322744500000003
0.016324554940000003
0.016326368480000002
0.016328183179999997
0.01632999669
0.016331815390000008
0.01633363255
0.01633545274
0.016337272530000006
