0.11503734055999999
0.04138336520000001
0.02978755206000001
0.025397855579999996
0.02294466337999999
0.021205723779999994
0.019826774779999997
0.018678117380000005
0.017701494050000002
0.016865151589999995
0.016148312439999996
0.015535217229999995
0.01501269301
0.014569184450000003
0.014194404559999995
0.01387919659
0.01361545859
0.01339604858
0.013214707670000003
0.013065981970000005
0.012945146909999998
0.01284811968
0.012771397789999996
0.012711959220000003
0.012667220699999999
0.012634957930000001
0.01261326919
0.01260052489
0.01259533433
0.012596508470000004
0.012603032950000004
0.012614041020000001
0.012628802819999998
0.012646688159999996
0.012667168639999999
0.012689790109999998
0.012714172189999998
0.012739987
0.012766961069999997
0.01279485947
0.01282348586
0.012852670930000002
0.012882276239999995
0.012912177099999998
0.012942275799999998
0.012972485609999999
0.01300273368
0.013032959419999995
0.013063111620000002
0.01309314565
0.013123025630000002
0.013152722639999996
0.013182208270000002
0.013211462870000003
0.013240468130000002
0.01326920849
0.01329767195
0.013325848960000003
0.013353732029999999
0.013381312880000003
0.013408587779999998
0.013435554510000001
0.013462206519999999
0.013488545890000005
0.013514567740000004
0.01354027458
0.013565664589999997
0.013590739249999999
0.013615499980000001
0.013639946959999996
0.013664082930000002
0.013687909759999999
0.013711430419999998
0.013734645140000001
0.013757558980000004
0.013780172530000002
0.013802492719999998
0.013824517980000001
0.01384625397
0.013867703649999999
0.013888870170000003
0.01390975646
0.013930366440000001
0.013950702609999999
0.01397077032
0.013990572499999998
0.014010112380000002
0.014029391500000002
0.014048416790000002
0.01406718885
0.014085713350000003
0.014103992180000002
0.01412202955
0.01413982928
0.014157394109999999
0.014174726549999999
0.014191832800000003
0.014208712799999997
0.014225370719999996
0.014241811979999998
0.014258037999999999
0.014274052530000001
0.014289858109999998
0.01430545791
0.014320854470000002
0.014336052089999995
0.014351053390000002
0.014365861269999995
0.014380478810000003
0.01439490754
0.014409151110000002
0.01442321294
0.014437093610000002
0.014450798550000003
0.014464329789999997
0.01447768808
0.014490877359999998
0.014503900270000003
0.014516759590000004
0.014529456789999999
0.014541994409999998
0.014554374599999998
0.014566600939999994
0.01457867433
0.014590597359999997
0.01460237237
0.014614001639999995
0.0146254873
0.01463683045
0.014648034259999998
0.01465910266
0.014670034379999997
0.01468083154
0.014691497389999997
0.014702033059999998
0.014712441989999998
0.014722724250000001
0.014732881779999998
0.014742917929999997
0.014752830840000003
0.014762626690000004
0.014772303799999999
0.014781865369999998
0.01479131258
0.014800648409999997
0.014809872490000002
0.014818986909999998
0.014827993119999999
0.014836893360000002
0.01484568761
0.014854379659999998
0.014862969759999997
0.014871458660000003
0.014879848289999999
0.014888139709999994
0.014896335259999996
0.014904434320000002
0.01491244041
0.014920352639999997
0.01492817422
0.014935905649999996
0.014943548289999997
0.014951102979999999
0.014958571549999999
0.014965953890000003
0.014973253109999996
0.0149804691
0.014987603629999999
0.014994656370000001
0.01500162937
0.01500852348
0.015015340219999992
0.015022079680000005
0.015028745679999997
0.015035336020000003
0.01504185384
0.015048297179999998
0.01505467135
0.015060973599999998
0.01506720827
0.015073371939999998
0.01507946932
0.015085499350000002
0.015091463280000005
0.01509736406
0.015103198089999994
0.015108970249999996
0.015114679929999996
0.015120329110000004
0.015125916500000005
0.015131444120000006
0.015136913839999995
0.015142323249999996
0.015147677599999996
0.015152972959999997
0.015158215709999999
0.015163400080000005
0.015168531950000003
0.015173609679999995
0.015178634959999994
0.015183606860000002
0.015188528959999998
0.015193399120000005
0.015198220040000005
0.01520299151
0.015207713439999998
0.015212387470000003
0.015217015169999997
0.015221595939999999
0.015226130299999996
0.015230619150000003
0.015235063000000007
0.015239462799999997
0.015243818270000004
0.015248131180000003
0.01525240107
0.015256630039999998
0.015260817359999996
0.015264963730000003
0.01526907134
0.015273138730000003
0.015277165640000001
0.015281154669999998
0.015285104439999999
0.0152890194
0.015292896250000004
0.015296736000000003
0.015300539449999997
0.01530430746
0.015308040839999999
0.015311739549999998
0.0153154035
0.015319034900000004
0.015322632700000003
0.015326197209999998
0.015329730590000003
0.0153332299
0.015336699050000003
0.015340136789999993
0.015343543259999998
0.015346920699999999
0.015350267280000001
0.015353584230000003
0.01535687253
0.015360132589999999
0.01536336276000001
0.015366566819999998
0.015369743590000002
0.015372891749999998
0.015376013690000002
0.015379108450000005
0.01538217783
0.015385220890000004
0.015388237749999999
0.015391230890000001
0.015394197939999998
0.015397142480000004
0.015400060750000005
0.015402956339999996
0.01540582788
0.015408676460000001
0.015411502379999996
0.015414305989999998
0.015417086439999996
0.015419845389999997
0.015422582380000001
0.015425297800000001
0.015427993289999997
0.015430667719999996
0.01543332187
0.015435955020000001
0.015438568999999997
0.015441162239999999
0.015443736100000003
0.015446291740000005
0.015448827759999999
0.015451344730000004
0.01545384267
0.015456325329999996
0.015458786880000002
0.015461233200000002
0.015463661430000004
0.01546607178
0.01546846633
0.015470844249999997
0.01547320456
0.015475550009999998
0.015477880149999998
0.015480194360000001
0.015482492590000002
0.0154847753
0.015487043409999996
0.015489296780000002
0.01549153492
0.015493759359999996
0.015495971100000004
0.01549816689
0.015500351439999997
0.015502519890000002
0.01550467633
0.015506819560000003
0.015508949300000002
0.015511067039999998
0.01551317223
0.015515266749999996
0.015517348470000003
0.015519418819999997
0.015521477479999999
0.015523522050000002
0.015525557859999994
0.015527583580000004
0.01552959722
0.015531599259999997
0.015533591749999999
0.015535575079999999
0.015537546609999998
0.015539509080000005
0.015541462460000002
0.015543403909999998
0.015545337780000001
0.01554726142
0.015549177139999997
0.015551082230000006
0.015552979520000003
0.015554867679999997
0.01555674682
0.015558618980000001
0.015560481800000005
0.015562338170000002
0.015564185659999997
0.015566026120000007
0.015567857479999997
0.015569684209999999
0.015571501180000004
0.015573312149999994
0.01557511608
0.01557691232
0.01557870168
0.015580483800000003
0.015582260719999998
0.015584030789999998
0.01558579436
0.01558755121
0.015589302850000002
0.015591048020000005
0.01559278838
0.015594523070000008
0.015596251730000003
0.015597975560000001
0.01559969252
0.01560140583
0.015603112360000003
0.0156048144
0.015606511469999999
0.015608203699999997
0.015609891809999998
0.015611575470000002
0.01561325347
0.015614928310000005
0.015616599550000004
0.01561826524
0.015619927290000004
0.0156215842
0.01562323946
0.015624890010000001
0.015626535539999997
0.015628178910000002
0.015629818639999998
0.01563145429
0.015633086559999995
0.01563471717
0.015636341960000005
0.015637964929999998
0.015639585150000006
0.01564120294
0.015642818369999995
0.015644428920000005
0.015646037940000003
0.01564764317
0.015649247560000003
0.015650848130000002
0.015652447950000002
0.015654044190000004
0.015655639130000006
0.01565723124
0.015658822010000004
0.01566041076
0.015661997859999995
0.01566358336
0.01566516698
0.015666749309999995
0.015668329050000002
0.015669907360000002
0.0156714858
0.015673060819999998
0.01567463698
0.015676209540000006
0.015677782199999993
0.01567935443
0.015680925680000003
0.015682495339999998
0.01568406393
0.015685632510000002
0.015687200230000004
0.015688767529999998
0.01569033436
0.015691900449999997
0.015693466889999997
0.015695034450000006
0.01569660055
0.01569816542
0.015699730809999996
0.01570129648
0.015702861420000002
0.01570442656
0.015705992480000007
0.01570755844
0.015709125729999995
0.015710692619999994
0.01571226017
0.01571382704
0.01571539501
0.015716963050000005
0.015718533039999996
0.015720103489999995
0.0157216753
0.01572324835
0.01572482066
0.015726395110000003
0.015727972080000003
0.01572954885
0.015731126809999996
0.01573270382
0.01573428645
0.015735867730000002
0.015737451899999994
0.015739036590000005
0.015740623469999996
0.015742211409999995
0.01574380229
0.015745394099999994
0.01574698744
0.015748582530000003
0.01575018015
0.015751778900000006
0.015753381319999996
0.015754984059999998
0.015756590140000002
0.01575819748
0.015759806879999998
0.015761418179999997
0.015763034090000003
0.015764651100000002
0.01576627025
0.015767892290000002
0.015769516119999993
0.01577114434
0.015772774410000003
0.01577440643
0.015776043080000003
0.015777682909999997
0.01577932271
0.015780967659999992
0.01578261448
0.0157842643
0.015785917400000002
0.01578757278
0.015789231490000003
0.01579089482
0.015792559759999995
0.01579422865
0.01579590082
0.01579757605000001
0.015799256099999996
0.01580093801
0.01580262434
0.015804313629999997
0.01580600705
0.015807703339999996
0.015809403880000003
0.015811107379999998
0.015812813840000002
0.015814525830000002
0.01581623888
0.015817957849999998
0.015819679780000002
0.015821405939999998
0.015823136009999995
0.015824869939999996
0.0158266077
0.01582834865
0.015830094889999993
0.0158318453
0.015833598839999997
0.0158353576
0.015837118700000003
0.015838883189999993
0.015840655
0.015842428450000005
0.015844209270000006
0.01584599166
0.015847779649999998
0.01584957227
0.01585136882
0.015853169909999992
0.015854973080000005
0.015856784019999993
0.015858597599999996
0.015860416230000004
0.015862239770000005
0.01586406733
0.0158658997
0.015867736440000002
0.01586957707
0.01587142258
0.0158732736
0.015875127660000002
0.01587698868
0.01587885413
0.01588072239
0.015882596660000005
0.01588447451
0.01588635871
0.015888246879999998
0.015890139070000003
0.015892036780000004
0.015893939849999997
0.01589584771
0.0158977609
0.015899677669999997
0.015901599170000003
0.01590352638
0.01590545754
0.015907394210000002
0.01590933618
0.015911281580000002
0.015913233270000004
0.0159151917
0.015917152320000003
0.015919119649999994
0.01592109028
0.015923067239999998
0.01592504822
0.015927033740000002
0.01592902488
0.015931022330000003
0.015933023670000004
0.015935030029999995
0.015937041370000002
0.01593905764
0.015941079330000003
0.01594310688
0.015945139549999997
0.01594717542
0.015949217260000002
0.015951264030000006
0.015953317989999997
0.015955375420000004
0.015957437179999992
0.01595950524
0.01596157827
0.0159636553
0.015965738209999997
0.015967826570000003
0.015969920629999995
0.015972017530000004
0.015974121250000004
0.01597623013
0.015978343879999996
0.015980463340000004
0.015982587760000007
0.01598471736
0.01598685165
0.015988989210000002
0.01599113266
0.015993283480000002
0.015995437520000003
0.01599759679
0.01599976195
0.016001931369999996
0.01600410542
0.016006285250000002
0.016008471180000004
0.01601065954
0.01601285439
0.01601505492
0.01601725948
0.016019470509999995
0.01602168628
0.016023907850000005
0.016026133979999996
0.01602836365
0.016030599280000002
0.01603283905
0.016035085110000003
0.01603733629
0.01603959247
0.01604185258000001
0.016044117239999996
0.016046387939999997
0.016048661839999995
0.01605094248
0.016053226059999995
0.016055516120000002
0.016057809900000004
0.016060109740000005
0.01606241381
0.016064722069999995
0.01606703465
0.01606935376
0.016071676469999997
0.01607400492
0.016076337619999995
0.016078674850000002
0.01608101754
0.016083364139999997
0.01608571629
0.016088072489999997
0.01609043343
0.016092801060000002
0.016095169660000005
0.01609754481
0.01609992514
0.01610230897
0.016104697670000005
0.016107090209999998
0.0161094886
0.016111890459999997
0.01611429755
0.016116708559999998
0.0161191245
0.01612154464
0.016123969219999992
0.01612639819
0.016128831260000004
0.016131269050000004
0.016133710980000004
0.016136156820000004
0.01613860799
0.016141062169999998
0.016143520419999998
0.016145982270000005
0.016148449390000003
0.016150920130000003
0.01615339536
0.016155875360000002
0.016158360120000003
0.016160847470000003
0.01616334006000001
0.0161658349
0.01616833364
0.01617083868
0.01617334559
0.016175857149999997
0.016178372959999996
0.016180893420000002
0.01618341655
0.0161859426
0.0161884731
0.016191008120000006
0.016193545599999998
0.01619608772
0.016198634259999997
0.016201183939999995
0.016203737180000004
0.016206294829999995
0.01620885593
0.016211417609999997
0.016213986419999996
0.016216556290000003
0.016219131350000002
0.016221709049999998
0.0162242902
0.01622687545
0.01622946338
0.01623205408
0.016234649549999994
0.016237247260000004
0.016239849340000004
0.016242454380000004
0.016245061430000006
0.016247672470000002
0.016250285580000003
0.01625290526
0.016255525740000002
0.016258149160000002
0.01626077634
0.0162634062
0.016266036050000002
0.016268671560000007
0.016271311279999992
0.016273953520000002
0.016276597459999997
0.01627924462
0.016281895140000002
0.016284548189999998
0.016287203509999997
0.016289862350000003
0.016292524419999996
0.016295188199999998
0.01629785413
0.016300523320000003
0.016303193970000004
0.016305868079999997
0.01630854515
0.016311223130000004
0.016313904639999998
0.01631658777
0.016319274750000005
0.016321962739999998
0.01632465434
0.016327347590000006
0.01633004305
0.016332740450000004
0.01633544056
0.01633814184
0.016340845450000002
0.01634355301
0.01634626189
0.01634897153
0.01635168251
0.016354398359999998
0.016357115730000003
0.016359835380000003
0.0163625556
0.01636527868
0.01636800232
0.01637072904
0.0163734578
0.016376186740000003
0.016378918960000006
0.01638165244
0.016384388060000005
0.016387124560000004
0.0163898635
0.01639260352
0.016395343340000004
0.016398087750000005
0.016400831549999998
0.016403577359999998
0.016406325609999998
0.01640907488
0.016411824850000003
0.016414576690000002
0.01641733102
0.016420084740000004
0.016422840749999997
0.016425597979999998
0.01642835644
0.016431115680000004
0.016433877319999998
0.016436639449999995
0.016439402839999992
0.016442168239999996
0.01644493398
0.016447699670000003
0.016450466700000003
0.016453235529999995
0.01645600557999999
0.016458775200000005
0.016461547460000003
0.016464319339999995
0.016467094059999996
0.016469868149999997
0.016472642899999997
0.016475418859999993
0.01647819572
0.01648097338
0.016483750960000005
0.016486529159999996
0.016489309079999993
0.016492088579999998
0.016494869070000005
0.01649765063
0.016500432159999995
0.016503214659999998
0.016505994639999997
0.016508778340000002
0.016511561879999997
0.0165143465
0.016517131360000003
0.01651991526
0.0165227003
0.016525485830000002
0.01652827134
0.016531057479999996
0.016533844539999995
0.016536631680000004
0.016539418880000007
0.01654220636
0.01654499376
0.016547780309999996
0.01655056732999999
0.016553356920000005
0.016556143189999997
0.016558933269999992
0.016561720959999998
0.01656450884
0.01656729742
0.01657008518
0.016572872759999996
0.016575660019999997
0.01657844752
0.01658123456
0.01658402362
0.016586811039999993
0.01658959944
0.016592388019999998
0.01659517328
0.01659796186
0.01660074776
0.01660353462
0.016606320939999995
0.016609105839999996
0.01661189071
0.016614674739999998
0.016617460740000003
0.01662024456
0.016623028579999997
0.01662581249
0.016628594870000003
0.016631378520000007
0.01663416028
0.016636942159999998
0.0166397227
0.01664250274
0.016645284009999997
0.016648063110000003
0.016650841280000005
0.01665362005
0.016656398189999998
0.016659175800000002
0.01666195211
0.01666472633
0.016667501200000004
0.016670275119999994
0.016673049120000002
0.016675821490000003
0.016678595200000004
0.01668136628
0.0166841366
0.01668690728
0.01668967664
0.016692443799999998
0.016695211640000002
0.016697978899999997
0.016700744580000003
0.016703510859999996
0.016706275680000004
0.016709039469999996
0.016711802120000004
0.016714562420000006
0.01671732484
0.016720083
0.016722841940000004
0.016725599279999996
0.01672835678
0.016731111510000004
0.01673386675999999
0.01673662038
0.016739373340000002
0.016742125700000002
0.01674487582
0.01674762541
0.01675037507
0.01675312342
0.016755869399999998
0.016758611799999996
0.016761356409999994
0.01676409902
0.01676684066
0.016769580339999996
0.01677231825999999
0.01677505592
0.01677779179
0.016780528200000002
0.0167832618
0.016785993419999996
0.016788725620000004
0.0167914554
0.016794183780000003
0.0167969119
0.016799639260000002
0.01680236348
0.01680508686
0.01680780869
0.01681052862
0.016813247100000005
0.01681596362
0.016818679719999997
0.016821396480000004
0.01682410898
0.01682682092
0.016829531839999995
0.0168322409
0.016834946479999998
0.01683765354
0.016840359580000002
0.016843062800000003
0.016845764059999997
0.016848464600000005
0.016851164230000003
0.01685386094
0.016856557460000005
0.016859250339999993
0.016861941900000007
0.01686463347999999
0.016867322660000003
0.016870010399999996
0.016872694579999997
0.016875379759999996
0.016878063040000005
0.01688074318
0.016883423019999996
0.016886100680000005
0.016888775759999995
0.01689145057
0.016894123020000002
0.016896794849999994
0.016899464370000006
0.016902133060000005
0.01690479902
0.016907463010000002
0.016910126840000005
0.01691278904
0.016915448760000003
0.016918108419999998
0.01692076274
0.016923418220000007
0.016926070900000003
0.01692872136
0.016931369459999998
0.016934017020000004
0.01693666127
0.0169393057
0.01694194707999999
0.01694458665
0.016947223740000003
0.016949860679999994
0.016952496079999997
0.016955129900000004
0.016957760699999994
0.01696038932
0.016963016240000003
0.016965641059999998
0.01696826373
0.01697088418
0.016973504520000002
0.016976121760000004
0.01697873886
0.016981351020000007
0.016983963839999998
0.01698657335
0.0169891807
0.01699178664
0.016994391379999994
0.016996993979999996
0.016999593889999998
0.017002192560000004
0.017004789859999994
0.01700738392
0.0170099763
0.01701256635999999
0.017015155579999997
0.017017741980000004
0.017020326600000003
0.017022909699999998
0.01702549059
0.01702806934
0.017030645599999998
0.01703322069
0.017035791939999996
0.01703836249
0.017040931260000003
0.0170434972
0.01704606258
0.017048624880000002
0.01705118567999999
0.017053744440000004
0.017056302019999997
0.017058855499999998
0.01706140644
0.017063958879999997
0.017066506500000002
0.017069053080000004
0.01707159703
0.01707413941
0.017076680020000002
0.01707921748
0.017081752689999997
0.017084286780000003
0.01708681728000001
0.017089346940000003
0.017091874849999997
0.017094400040000002
0.017096922719999998
0.01709944368
0.017101962980000007
0.017104480059999996
0.01710699429
0.01710950688
