0.10592634051999998
0.027500422199999992
0.02171504532
0.019030443800000008
0.017180202140000003
0.01584271219
0.014894883480000003
0.014246559739999998
0.013822472780000001
0.013560847170000001
0.013413664940000005
0.013345434340000004
0.013330581030000004
0.013350895369999996
0.013393583450000001
0.013449829040000002
0.013513704920000001
0.01358132921
0.013650232310000001
0.013718885489999999
0.013786372989999995
0.013852173979999995
0.013916009900000002
0.01397775561
0.014037369679999996
0.014094871130000002
0.014150302780000006
0.01420372451
0.014255208529999999
0.014304827429999998
0.014352654470000004
0.014398768359999994
0.014443240599999994
0.014486139170000002
0.0145275362
0.014567495500000001
0.014606081140000005
0.014643353500000003
0.014679365970000002
0.01471417592
0.014747829640000001
0.014780379190000003
0.014811867799999998
0.014842339419999996
0.01487183231
0.014900387590000001
0.014928040169999992
0.014954825089999998
0.01498077689
0.015005927
0.015030303829999996
0.01505393749
0.015076856370000002
0.01509908566
0.01512065193
0.015141578760000005
0.015161889329999997
0.015181605650000003
0.015200749769999999
0.015219341470000002
0.01523739969
0.015254943330000001
0.015271989889999999
0.015288556530000002
0.015304659170000002
0.015320312970000003
0.015335533559999996
0.015350334030000003
0.015364727929999999
0.015378727759999999
0.01539234646
0.015405596450000003
0.015418486960000002
0.015431031610000001
0.015443239579999999
0.01545512061
0.015466685590000003
0.015477943709999992
0.015488905409999996
0.015499578059999998
0.015509969969999995
0.015520091179999997
0.015529948400000002
0.015539550400000001
0.01554890332
0.015558016409999995
0.015566894749999999
0.015575547089999999
0.015583980099999999
0.015592199270000003
0.01560021232
0.015608023410000003
0.015615640209999995
0.01562306817
0.01563031268
0.015637380200000002
0.01564427536
0.015651003280000002
0.015657569280000002
0.01566397769
0.01567023565
0.015676345099999992
0.01568231188
0.01568813932
0.015693833909999996
0.01569939853
0.015704836619999996
0.015710154490000003
0.01571535285
0.015720437669999997
0.015725412809999995
0.015730280120000006
0.01573504432
0.015739709069999993
0.01574427806
0.015748752540000004
0.015753136959999997
0.015757434950000003
0.01576164896
0.015765781619999995
0.01576983654
0.015773815500000007
0.01577772125
0.01578155775
0.015785328510000002
0.01578903158
0.015792672320000003
0.01579625257
0.015799774919999995
0.015803241300000003
0.015806654979999998
0.015810016300000004
0.015813328500000005
0.01581659337
0.015819811900000005
0.015822986550000008
0.015826120140000004
0.01582921325
0.01583226843
0.015835288819999998
0.01583827364
0.01584122463
0.015844144800000005
0.015847035510000003
0.01584989753
0.01585273114
0.01585554136
0.015858325910000005
0.015861089180000003
0.015863832329999997
0.01586655587
0.01586925893
0.015871946390000002
0.015874619050000004
0.015877275149999998
0.01587991892
0.015882551079999994
0.015885171769999994
0.015887785059999996
0.01589038677
0.015892981529999996
0.015895571390000002
0.015898155299999998
0.015900735630000003
0.015903311669999996
0.015905887730000002
0.01590846192
0.01591103442
0.015913610309999996
0.015916186920000002
0.015918766029999996
0.01592135022
0.015923937630000003
0.015926532360000002
0.01592913295
0.01593174151
0.01593435768
0.015936981710000006
0.01593961817
0.015942262689999997
0.015944919199999998
0.01594758807
0.01595026897
0.01595296527
0.01595567396
0.015958398489999998
0.015961137789999996
0.015963893499999996
0.015966667280000003
0.015969457930000003
0.015972265330000002
0.0159750927
0.015977938819999996
0.015980803860000004
0.01598369029
0.015986597919999998
0.015989524850000002
0.015992475569999994
0.0159954472
0.015998443310000002
0.01600146039999999
0.016004500850000002
0.016007566399999996
0.016010654830000002
0.016013768299999998
0.01601690735
0.016020070870000003
0.016023261900000006
0.01602647849
0.016029719659999993
0.01603298903
0.01603628394
0.016039607139999995
0.016042957490000002
0.016046335330000005
0.016049741780000005
0.01605317457
0.01605663782
0.01606013026
0.01606364957
0.016067197789999998
0.01607077686
0.016074383449999997
0.01607802135
0.016081687299999998
0.01608538282
0.016089108680000002
0.01609286392
0.01609665112
0.016100467170000004
0.016104313779999994
0.016108190159999997
0.01611209663
0.016116033300000002
0.016120003000000004
0.016124001029999998
0.016128029790000005
0.016132089259999996
0.01613617995
0.016140300679999994
0.0161444521
0.016148634160000005
0.01615284579
0.016157089420000003
0.01616136237
0.016165664679999997
0.01616999875
0.016174362580000004
0.016178756079999995
0.016183179709999995
0.016187635250000002
0.01619211779
0.01619663172
0.01620117394
0.016205746619999996
0.016210347019999998
0.016214978060000006
0.016219638539999998
0.016224326519999995
0.016229043600000003
0.01623378976
0.016238562539999998
0.0162433643
0.01624819396
0.01625305066
0.01625793552
0.016262846390000002
0.016267785780000002
0.01627275251
0.01627774396
0.016282762680000003
0.01628780635
0.016292878810000005
0.016297975090000003
0.01630309601
0.016308243700000006
0.016313415650000003
0.016318613519999997
0.016323834589999996
0.016329080520000004
0.01633434952
0.01633964345
0.016344960719999996
0.016350302189999995
0.016355664849999996
0.016361052119999997
0.016366461899999997
0.01637189373
0.01637734809999999
0.016382825200000003
0.01638832316
0.016393841560000007
0.01639938181
0.01640494273
0.0164105261
0.01641612855
0.01642175136
0.016427395660000003
0.016433059820000005
0.01643874359
0.01644444752
0.016450169939999995
0.01645591254
0.016461673530000002
0.01646745324
0.01647325157
0.016479067880000003
0.016484902029999998
0.016490755579999995
0.016496626500000004
0.016502513479999995
0.016508419509999997
0.016514341759999995
0.01652028084
0.01652623621
0.01653220854
0.01653819687
0.01654420198
0.016550222340000004
0.016556257839999998
0.016562309540000007
0.016568376210000003
0.016574457439999992
0.016580551860000004
0.016586664019999996
0.01659278829
0.016598928040000002
0.01660508183
0.016611248229999997
0.016617429740000002
0.016623621690000007
0.016629828190000005
0.016636048120000003
0.016642279679999997
0.01664852467
0.01665478074
0.016661048879999994
0.016667329199999994
0.016673619429999998
0.016679921989999996
0.016686234800000005
0.016692559549999996
0.01669889336
0.016705238339999998
0.016711593280000003
0.016717958679999995
0.01672433182
0.016730716369999996
0.016737109309999998
0.016743510760000007
0.01674992138
0.016756339579999998
0.016762765520000004
0.016769199090000006
0.016775640219999995
0.0167820898
0.016788546480000003
0.016795009329999996
0.016801479360000003
0.016807953580000003
0.016814435259999996
0.01682092285
0.016827415579999998
0.016833912550000007
0.016840415779999996
0.016846922879999997
0.016853435100000005
0.016859950690000004
0.016866469089999996
0.016872992660000002
0.01687951924
0.01688604982
0.01689258276
0.01689911718
0.01690565508
0.01691219435
0.01691873418
0.016925276270000005
0.016931819980000002
0.016938363359999997
0.01694490847
0.01695145302
0.016957998200000005
0.016964544280000007
0.016971087859999998
0.016977632060000004
0.016984175419999997
0.01699071731
0.016997257209999995
0.017003796400000003
0.017010332979999997
0.01701686693
0.017023399109999993
0.0170299274
0.017036453550000004
0.017042977259999995
0.017049496239999993
0.01705601138
0.01706252104
0.017069028720000004
0.017075531320000007
0.017082028419999996
0.017088520689999998
0.01709500727
0.01710148888
0.0171079646
0.017114433040000005
0.017120897890000004
0.017127354019999996
0.0171338031
0.017140247160000004
0.017146683040000003
0.017153110459999996
0.017159533000000005
0.017165946
0.017172351999999995
0.01717874798
0.017185138259999996
0.017191518879999996
0.017197891330000003
0.017204252939999994
0.017210607200000005
0.01721695187
0.01722328814
0.017229613179999995
0.01723592825
0.017242234180000003
0.017248529550000002
0.01725481408
0.01726108904
0.017267354420000002
0.01727360755
0.017279849440000005
0.01728608196
0.01729230218
0.017298511279999994
0.017304710099999995
0.017310895820000005
0.017317071039999996
0.017323235340000003
0.0173293857
0.01733552524
0.01734165371
0.017347768099999997
0.017353871199999996
0.01735996238
0.0173660411
0.017372107219999995
0.017378160799999997
0.017384201
0.017390229639999998
0.017396246440000006
0.017402248979999993
0.017408238859999998
0.017414215780000002
0.01742018110999999
0.017426132759999994
0.017432071660000006
0.017437997519999998
0.01744390952
0.017449807330000004
0.017455693279999993
0.0174615671
0.01746742826
0.017473276
0.0174791086
0.017484928450000003
0.017490734820000006
0.01749652952
0.017502310960000003
0.017508077459999997
0.017513829380000005
0.017519569040000002
0.01752529784
0.017531010780000002
0.01753671132
0.01754239834
0.017548073120000004
0.017553734300000002
0.01755938177999999
0.017565015370000006
0.017570637200000006
0.017576246259999997
0.017581840269999996
0.01758742184
0.017592989720000004
0.017598545320000006
0.01760408824
0.01760961816
0.017615134180000002
0.017620636639999996
0.017626126979999997
0.01763160463
0.01763706762
0.017642518619999995
0.01764795755
0.017653381800000003
0.017658794349999996
0.01766419304
0.017669580859999992
0.017674954499999996
0.01768031418
0.01768566296
0.017690998980000004
0.01769632074
0.017701632119999998
0.017706930359999994
0.017712214020000002
0.01771748808
0.017722747959999997
0.01772799496
0.017733230880000003
0.017738454539999993
0.017743665240000005
0.01774886346
0.01775404916
0.017759223040000004
0.017764382580000005
0.017769533060000006
0.017774668440000002
0.017779795300000005
0.017784906530000002
0.017790009119999995
0.01779509642
0.01780017248
0.017805236349999996
0.017810287589999998
0.01781532706999999
0.017820356339999996
0.017825371779999995
0.017830374960000003
0.017835367540000008
0.0178403485
0.0178453164
0.017850273039999996
0.017855216300000004
0.01786015184
0.017865072620000002
0.017869982689999998
0.017874881180000003
0.017879766539999998
0.017884640099999998
0.01788950288
0.01789435446
0.017899195480000005
0.01790402254
0.017908839099999997
0.01791364482
0.017918439020000006
0.017923220630000004
0.017927990100000006
0.01793274984
0.01793749784
0.017942235459999997
0.017946960079999998
0.017951673199999997
0.017956377139999993
0.017961067589999997
0.01796574875
0.017970417560000004
0.017975074520000005
0.01797972074
0.01798435612
0.017988980820000004
0.017993592540000002
0.01799819548
0.01800278574
0.01800736558
0.01801193314
0.01801649096
0.0180210363
0.0180255733
0.0180300968
0.0180346115
0.01803911385
0.018043603420000002
0.018048083999999995
0.018052552439999994
0.018057012539999997
0.01806145864
0.018065894659999998
0.018070320589999998
0.01807473501
0.01807913848
0.018083531159999996
0.01808791182
0.018092284599999998
0.018096644440000007
0.018100994460000006
0.018105332240000004
0.018109660700000002
0.01811397688
0.01811828388
0.0181225794
0.018126864819999998
0.01813113977
0.018135402359999997
0.018139655900000006
0.018143897179999997
0.018148129
0.018152350499999997
0.01815656104
0.01816075952
0.0181649493
0.018169126709999997
0.018173295480000004
0.01817745266
0.018181600279999998
0.018185736170000008
0.018189861860000003
0.018193977730000005
0.018198081700000007
0.01820217636
0.018206260060000003
0.018210332309999994
0.018214394660000004
0.01821844796
0.018222488390000003
0.018226519519999998
0.018230541599999997
0.01823455266
0.018238551739999994
0.018242542700000003
0.018246521999999998
0.0182504932
0.018254451620000004
0.018258401780000003
0.01826234066
0.018266269899999993
0.01827018786
0.018274096450000003
0.018277993660000002
0.018281881079999996
0.018285758720000003
0.01828962676
0.01829348436
0.018297332359999995
0.018301169900000008
0.018304996360000002
0.018308814059999998
0.018312620740000004
0.018316418259999995
0.01832020609
0.0183239823
0.01832774994
0.018331508599999994
0.01833525704
0.018338997329999995
0.018342724660000004
0.0183464419
0.018350151479999997
0.01835385048
0.0183575398
0.01836122058
0.018364889979999997
0.01836855028
0.018372202320000003
0.01837584522
0.01837947724
0.01838309924
0.01838671256
0.01839031538
0.01839390966
0.018397494699999996
0.018401070460000002
0.0184046364
0.01840819168
0.018411738820000002
0.01841527748
0.018418806080000003
0.018422324219999998
0.01842583524
0.01842933492
0.018432828719999995
0.01843631176
0.018439785180000005
0.01844325044000001
0.018446706239999996
0.01845015472
0.018453590819999997
0.0184570215
0.01846044322
0.018463854740000004
0.018467256380000005
0.01847065036
0.018474033459999997
0.018477410199999995
0.01848077946
0.01848413765999999
0.01848748822
0.018490830139999994
0.01849416436
0.01849748914
0.01850080356
0.018504113279999998
0.0185074135
0.018510704419999996
0.018513988060000007
0.01851726152
0.018520529220000005
0.018523788240000002
0.01852703876
0.018530283199999997
0.01853351506
0.018536740260000004
0.018539958260000003
0.018543166920000003
0.018546369339999993
0.0185495631
0.018552748379999998
0.01855592792
0.01855909638
0.018562257779999997
0.01856541236
0.0185685613
0.018571699719999998
0.01857483032
0.018577956359999995
0.018581071919999997
0.01858418038
0.01858728251999999
0.018590374820000005
0.01859346016
0.018596539840000002
0.018599610199999998
0.01860267553999999
0.018605729860000003
0.01860877784
0.01861181986
0.01861485534
0.01861788286
0.018620902079999994
0.01862391692
0.01862692398
0.01862992338
0.018632915499999996
0.018635899679999998
0.018638876159999998
0.01864184704
0.018644812259999994
0.018647769919999998
0.018650720600000004
0.01865366264
0.01865660092
0.01865953076
0.018662452819999998
0.01866536902
0.018668277840000004
0.018671180220000003
0.01867407522
0.01867696684
0.01867984948
0.018682726559999998
0.01868559658
0.018688460260000005
0.0186913178
0.01869417008
0.018697014159999997
0.01869985126
0.018702683940000006
0.0187055095
0.01870833024
0.018711144760000006
0.0187139528
0.018716754559999993
0.018719548739999994
0.01872233896
0.018725122839999997
0.018727898759999997
0.018730670940000003
0.01873343736
0.01873619604
0.018738948520000007
0.018741697079999998
0.01874443842
0.01874717426
0.018749903300000002
0.018752629259999997
0.018755347660000005
0.01875805902
0.018760766840000005
0.018763469140000006
0.01876616426
0.018768854719999995
0.018771539700000003
0.018774219300000006
0.01877689342
0.018779560079999997
0.01878222282
0.0187848798
0.01878753270000001
0.01879017728
0.01879282032
0.018795455580000005
0.018798084179999997
0.018800709240000005
0.018803330580000003
0.018805944199999997
0.01880855376
0.018811158199999994
0.018813756940000002
0.01881635228
0.018818939399999998
0.018821520879999998
0.01882410102
0.018826675740000007
0.01882924358
0.018831808640000003
0.01883436718
0.01883692068
0.018839468740000004
0.018842012140000003
0.018844550159999997
0.0188470861
0.0188496153
0.01885213888
0.018854659120000002
0.01885717338
0.018859682340000003
0.018862188920000002
0.018864689040000004
0.018867187220000005
0.018869678060000002
0.018872164379999997
0.01887464722
0.018877125619999997
0.018879597440000003
0.018882064519999995
0.018884528860000003
0.0188869873
0.018889441520000005
0.01889189306
0.018894339500000003
0.018896780699999997
0.018899218720000003
0.01890165274
0.018904082079999995
0.018906505740000006
0.018908923920000008
0.018911338859999998
0.018913750380000004
0.018916157540000006
0.018918561060000005
0.018920958959999994
0.01892335496
0.018925744499999994
0.01892812962
0.01893051086
0.018932889079999998
0.01893526242
0.01893763102
0.01893999728
0.01894235742
0.018944714600000002
0.018947068140000002
0.018949415900000002
0.018951762179999998
0.0189541029
0.018956441700000003
0.018958774639999995
0.018961103660000006
0.018963429860000006
0.01896575186
0.01896807
0.018970384960000006
0.018972694679999996
0.018974999200000002
0.018977302100000003
0.018979602560000003
0.01898189682
0.01898418784
0.01898647666
0.01898876078
0.018991039240000004
0.018993314639999995
0.018995588560000005
0.01899785572
0.01900012238
0.01900238468
0.01900464312
0.01900689686
0.01900914758
0.0190113938
0.019013637799999997
0.0190158789
0.019018115340000002
0.019020348860000005
0.019022578440000004
0.01902480532
0.01902702748
0.019029246879999996
0.019031461259999993
0.019033673539999997
0.019035884359999998
0.019038090060000002
0.019040292880000004
0.019042490760000003
0.019044686699999997
0.019046879219999993
0.019049067279999995
0.019051252440000003
0.019053434119999997
0.019055612840000003
0.0190577878
0.0190599615
0.0190621283
0.019064295559999993
0.019066457300000002
0.01906861826
0.01907077466
0.0190729281
0.019075078119999995
0.019077226000000003
0.019079369019999994
0.019081508820000002
0.01908364762
0.019085779160000003
0.01908791042
0.019090037300000005
0.01909216442
0.01909428614
0.01909640408
0.019098520039999997
0.019100633619999998
0.019102744119999997
0.019104850299999997
0.01910695362
0.01910905376
0.01911115228
0.019113246959999997
0.0191153394
0.0191174279
0.019119513120000004
0.019121596899999996
0.019123676739999994
0.01912575472
0.019127828780000005
0.019129900840000002
0.019131969540000005
0.019134037000000003
0.019136098559999995
0.01913816
0.01914021648
0.019142272120000005
0.019144324420000004
0.019146373940000003
0.019148420599999997
0.019150464979999997
0.01915250414
0.01915454196
0.019156577839999994
0.019158608980000002
0.019160639200000006
0.019162667400000003
0.01916469128
0.01916671218
0.01916872984
0.01917074779999999
0.019172758479999996
0.019174770200000007
0.019176776619999995
0.019178782060000007
0.019180786879999998
0.01918278586
0.01918478328
0.019186778380000002
0.019188772080000003
0.019190761700000007
0.019192748399999997
0.019194732100000004
0.019196714240000003
0.019198695420000002
0.019200671820000004
0.019202647959999996
0.019204619959999995
0.019206589439999998
0.01920855812
0.019210521640000002
0.019212482359999995
0.019214442520000007
0.019216399500000002
0.019218353719999998
0.01922030508
0.019222254899999996
0.019224200679999998
0.019226147680000003
0.0192280877
0.019230027480000002
0.019231963340000005
0.01923389688
0.01923583044
0.019237760640000004
0.019239687980000003
0.019241615639999994
0.019243536140000014
0.019245456499999997
0.019247375159999996
0.019249289880000003
0.019251202180000003
0.019253112420000003
0.01925501978
