0.08763016626000003
0.08550745408
0.08356243701999996
0.08180241098000002
0.08022335456000002
0.07881131986
0.07754665776000001
0.07640826496
0.07537633124
0.074433485
0.07356505866
0.07275885589999999
0.07200481303999999
0.07129464376000003
0.07062149642
0.0699797036
0.06936456289999998
0.06877216514
0.06819924555999997
0.06764307732000001
0.06710136962000002
0.06657220858
0.06605396992000002
0.06554530181999998
0.06504505294
0.06455226014000001
0.06406612531999999
0.06358593994
0.06311115384
0.06264126394
0.06217587666000001
0.06171464698000001
0.06125729452
0.06080357861999999
0.06035330753999999
0.059906321039999995
0.059462485679999996
0.059021699319999996
0.058583866920000005
0.05814893696
0.05771685133999999
0.05728757895999999
0.05686110123999999
0.056437394579999994
0.056016469780000015
0.055598323139999996
0.055182976679999995
0.054770442380000006
0.05436075122000001
0.05395392869999999
0.05355001652
0.053149042300000005
0.052751056119999994
0.05235610166000001
0.05196421518
0.051575448499999996
0.05118985448000001
0.05080747190000001
0.050428350900000016
0.050052544700000014
0.04968009760000002
0.04931105688000001
0.048945467240000005
0.0485833806
0.048224831819999994
0.047869869280000005
0.04751853163999999
0.04717085771999999
0.046826887739999996
0.046486650160000004
0.04615018428
0.04581752366000002
0.045488688359999994
0.04516370439999999
0.044842601359999984
0.04452539119999999
0.04421209598
0.04390272314000001
0.04359728753999999
0.04329579667999999
0.042998253139999984
0.04270465122000001
0.04241499462
0.042129268739999996
0.041847471899999995
0.04156958370000001
0.041295586759999996
0.04102546394
0.04075919661999999
0.0404967461
0.040238092739999995
0.039983206820000006
0.03973204908
0.039484589820000006
0.03924078801999999
0.03900060880000001
0.0387640075
0.03853094282
0.0383013755
0.038075258759999994
0.03785254686
0.03763319442
0.03741716114
0.0372043913
0.036994850040000006
0.03678848048000001
0.03658523425999999
0.03638506676000001
0.0361879414
0.035993795419999995
0.03580258622
0.035614273400000014
0.035428800700000006
0.03524612931999999
0.03506621105999999
0.03488899906
0.034714449120000004
0.034542516659999994
0.03437315716
0.03420633016
0.034041985079999997
0.03388009182
0.0337206027
0.033563478759999994
0.033408675959999995
0.033256162060000004
0.03310589224000001
0.03295782828
0.032811937379999996
0.032668182180000005
0.03252652868
0.03238693696
0.032249375579999996
0.03211380833999999
0.031980205280000014
0.03184852587999999
0.0317187454
0.0315908327
0.03146475046
0.03134046906
0.031217957919999994
0.03109718678000001
0.03097812761999999
0.030860747499999997
0.03074501385999999
0.030630901099999986
0.03051838188
0.030407424380000003
0.030298001660000008
0.030190085239999997
0.03008364336000001
0.029978655500000007
0.02987508432
0.029772911139999983
0.02967210429999999
0.029572635960000003
0.029474483460000003
0.029377620040000007
0.02928201476000001
0.029187648980000005
0.02909449291999999
0.029002519180000005
0.028911708999999994
0.02882204026
0.02873348100000001
0.02864601291999999
0.028559614839999997
0.02847425918
0.02838992832
0.028306595539999993
0.02822424148000001
0.028142850199999993
0.028062394019999992
0.027982851580000002
0.027904211340000006
0.027826449059999994
0.02774954335999999
0.027673479220000005
0.02759823696
0.027523798220000003
0.027450142919999997
0.027377259620000007
0.027305128239999994
0.02723373204
0.027163055159999984
0.02709308144
0.02702379540000001
0.02695518228
0.02688722614000001
0.0268199114
0.026753225619999998
0.026687157060000005
0.026621689839999997
0.026556812819999998
0.026492508019999996
0.026428764460000004
0.02636557409999999
0.026302917180000007
0.026240787699999987
0.02617916914
0.02611805360000001
0.026057431299999996
0.02599728674
0.025937612000000002
0.02587839647999999
0.025819628559999995
0.025761299980000003
0.025703400140000006
0.025645917919999997
0.025588847119999997
0.02553217458
0.025475893099999997
0.025419995519999995
0.025364472299999993
0.02530931192
0.025254511760000008
0.02520005996
0.025145948640000002
0.02509217449999999
0.0250387249
0.024985597779999997
0.02493278281999999
0.024880272380000002
0.024828065340000004
0.024776150820000002
0.02472452392000001
0.02467317823999999
0.02462210801999999
0.024571307020000002
0.024520768759999995
0.024470495000000002
0.024420473300000002
0.024370700260000006
0.024321172299999992
0.0242718862
0.02422283534000001
0.024174016180000004
0.024125427560000003
0.024077061459999997
0.024028914919999988
0.023980987939999997
0.023933270479999998
0.02388576527999999
0.023838466020000008
0.023791373660000007
0.02374448106000001
0.023697789539999993
0.023651294719999997
0.023604990379999996
0.02355888508
0.02351296734
0.0234672377
0.023421693480000005
0.02337633798
0.02333116488000001
0.02328617248
0.02324136384
0.023196737159999994
0.023152287860000006
0.023108021220000007
0.02306392617999999
0.02302000976
0.02297627024
0.02293271058
0.022889322329999996
0.022846114720000008
0.022803083519999996
0.022760229200000003
0.022717551349999997
0.02267505102
0.02263272794
0.022590584399999995
0.022548620219999996
0.02250683648
0.022465232940000003
0.0224238103
0.022382571959999997
0.022341516540000005
0.022300646039999997
0.022259960339999996
0.022219463320000004
0.022179153720000008
0.022139032779999998
0.022099101700000002
0.022059362919999992
0.02201981613999999
0.02198045923
0.02194129642
0.021902329900000003
0.02186355662
0.021824979779999993
0.021786598319999996
0.02174841426
0.02171042527
0.021672635399999994
0.021635039380000002
0.021597641819999996
0.021560442459999996
0.02152343678
0.02148663046
0.02145001746
0.02141360159999999
0.02137737692
0.021341345959999994
0.02130550886
0.02126986326
0.02123440646
0.02119913838
0.021164059370000005
0.021129167990000003
0.021094462150000003
0.021059939139999994
0.021025599400000004
0.020991442139999993
0.02095746180000001
0.020923662639999993
0.020890036660000003
0.0208565867
0.020823308099999997
0.0207902025
0.020757267419999996
0.020724497050000002
0.020691895159999998
0.02065945706
0.02062717973999999
0.020595066840000006
0.020563111119999998
0.020531311340000004
0.02049966908
0.020468179379999996
0.020436844059999997
0.02040565862
0.020374623760000002
0.02034373224
0.020312988919999993
0.020282387619999998
0.020251931560000002
0.020221614189999997
0.0201914372
0.020161399400000005
0.020131497579999994
0.020101728959999995
0.020072095620000008
0.02004259521
0.020013222720000005
0.019983980739999997
0.019954864580000006
0.019925874979999997
0.01989701236
0.019868273679999996
0.01983965572
0.019811159360000004
0.01978278504
0.01975452726
0.019726389379999997
0.019698366919999998
0.019670461280000006
0.019642670169999998
0.01961499104
0.01958742288
0.019559968450000003
0.019532624200000005
0.01950538853999999
0.01947826098
0.019451241499999997
0.019424325459999996
0.01939751841
0.019370813379999997
0.019344210060000006
0.019317710399999997
0.01929131434
0.019265019750000004
0.019238823159999998
0.019212724970000004
0.0191867247
0.01916082414999999
0.01913501954
0.0191093115
0.019083698779999995
0.01905818178
0.019032755319999997
0.01900742346
0.01898218465
0.01895703726
0.018931983460000006
0.018907020129999993
0.018882147239999997
0.0188573609
0.018832664000000002
0.01880805536
0.018783535400000006
0.018759101339999997
0.01873475726
0.018710495940000002
0.018686322039999998
0.01866223144
0.01863822672
0.018614304010000006
0.018590465459999997
0.018566710359999995
0.018543037659999997
0.018519446080000005
0.01849593578
0.018472507880000003
0.018449161080000002
0.018425894020000003
0.018402704559999997
0.018379594519999994
0.018356565859999993
0.018333616239999996
0.018310742660000004
0.018287947919999995
0.018265228770000003
0.01824258726
0.018220022970000006
0.01819753446
0.018175122609999997
0.018152784659999997
0.01813052071
0.01810833571
0.018086221309999994
0.018064182369999997
0.01804221818
0.018020326419999996
0.017998507860000006
0.01797675902
0.017955085699999998
0.017933484970000003
0.01791195533
0.017890500089999997
0.017869114049999996
0.01784779926
0.01782655338
0.0178053804
0.017784277880000005
0.017763242490000004
0.017742278320000006
0.017721382199999997
0.017700554549999997
0.017679796350000002
0.01765910596
0.017638483470000004
0.017617930019999995
0.017597443040000004
0.017577023760000005
0.017556673050000002
0.01753638958
0.017516171129999997
0.017496019970000002
0.017475936380000005
0.01745591719
0.017435963540000002
0.01741607701
0.01739625493
0.01737649783
0.017356806670000002
0.017337178179999996
0.01731761706
0.017298119799999997
0.017278684730000007
0.017259315320000003
0.017240008220000005
0.017220764160000002
0.017201582179999998
0.017182463120000005
0.017163407210000002
0.017144414330000003
0.01712548439
0.017106615920000002
0.01708781011
0.017069066579999993
0.01705038375
0.017031761939999997
0.01701320214
0.01699470147
0.016976262160000005
0.016957881430000002
0.01693956502
0.0169213073
0.016903109139999997
0.01688497193999999
0.016866892420000005
0.016848871050000002
0.016830911519999995
0.016813011809999997
0.016795169960000002
0.016777386840000005
0.016759664800000004
0.016741998960000004
0.01672439228
0.01670684245
0.01668935126
0.016671917059999996
0.016654541699999994
0.016637223370000006
0.016619960519999994
0.01660275647
0.016585607790000005
0.016568516369999994
0.01655148125
0.016534502659999995
0.016517580129999997
0.01650071381
0.016483902659999997
0.016467147619999997
0.016450449179999996
0.016433805390000004
0.016417215870000005
0.016400681860000006
0.01638420533
0.016367782239999996
0.01635141441
0.01633510049
0.016318839910000004
0.01630263422
0.01628648262
0.01627038542
0.01625434167
0.016238352779999996
0.016222415879999997
0.016206531019999998
0.016190699770000004
0.016174921569999997
0.01615919724
0.01614352418
0.016127906270000006
0.016112338369999993
0.016096822429999998
0.01608135862
0.016065949200000002
0.01605059112000001
0.016035282429999995
0.01602002698
0.01600482113
0.01598966755
0.01597456374
0.015959512659999998
0.01594451104
0.015929561519999996
0.01591466198
0.015899812080000006
0.01588501228
0.015870261069999995
0.015855561909999996
0.0158409135
0.01582631389
0.01581176533
0.01579726562
0.015782814979999997
0.015768414080000005
0.015754059880000004
0.01573975546
0.015725499180000005
0.01571129012
0.015697131549999997
0.015683020360000004
0.015668957360000003
0.01565494113000001
0.015640975740000004
0.015627054289999998
0.015613184780000004
0.015599360509999998
0.015585584539999997
0.015571857550000004
0.015558176710000003
0.01554454408
0.015530956810000001
0.015517415980000003
0.015503921119999995
0.01549047454
0.01547707251
0.015463716770000002
0.015450405460000009
0.015437141810000004
0.015423922930000002
0.015410749709999998
0.0153976222
0.015384541900000003
0.01537150643
0.0153585156
0.015345569009999995
0.015332667909999993
0.015319812059999998
0.01530700124
0.01529423353
0.015281510520000001
0.015268833740000001
0.015256199340000004
0.015243608779999996
0.015231063260000002
0.015218558130000006
0.015206098999999999
0.015193684890000008
0.015181313069999994
0.015168984580000005
0.015156698380000002
0.015144456300000005
0.015132256779999994
0.015120099869999999
0.015107986129999999
0.015095914309999996
0.01508388496
0.015071898759999997
0.01505995428
0.015048052190000001
0.015036193439999998
0.015024375410000002
0.015012598320000006
0.015000864240000002
0.014989170470000002
0.014977518530000003
0.01496590756
0.014954337070000004
0.01494280829
0.014931320729999998
0.014919874339999998
0.014908467370000001
0.01489710181
0.014885775970000004
0.014874489719999997
0.014863244740000003
0.01485204022
0.014840874309999998
0.014829749960000003
0.01481866434
0.014807618310000008
0.01479661203
0.014785645140000005
0.014774718339999994
0.01476383337
0.014752984550000004
0.014742175449999999
0.01473140415
0.01472067229
0.014709978769999996
0.014699324869999999
0.014688707410000003
0.014678128280000004
0.014667588149999997
0.01465708272
0.014646618119999996
0.01463619073
0.01462580204
0.014615449850000002
0.014605134979999995
0.014594857219999997
0.014584617769999999
0.014574413900000001
0.014564247170000003
0.014554117889999997
0.014544024600000004
0.014533968920000003
0.014523949000000006
0.014513965959999995
0.014504019440000002
0.014494110160000002
0.01448423595
0.014474396999999996
0.01446459413
0.01445482618
0.014445095569999997
0.01443539975
0.014425739020000005
0.014416114199999996
0.014406525189999997
0.014396968849999999
0.014387448939999997
0.014377965569999998
0.014368514879999999
0.014359100320000002
0.014349720090000002
0.014340374380000003
0.014331062800000002
0.014321785429999997
0.014312541089999999
0.014303333970000005
0.014294158440000005
0.01428501676
0.014275909980000001
0.014266835440000005
0.014257794840000003
0.014248786950000003
0.014239813959999998
0.01423087306
0.014221966430000002
0.014213091769999997
0.014204251250000001
0.014195442070000003
0.014186664499999996
0.014177921439999998
0.014169208320000001
0.014160529609999998
0.014151883009999998
0.01414326707
0.014134684060000003
0.014126134519999995
0.014117614960000002
0.014109128590000004
0.014100673560000006
0.014092249120000002
0.014083856459999999
0.014075494829999997
0.014067165400000001
0.01405886518
0.01405059868
0.014042361660000004
0.014034155240000002
0.01402598017
0.014017835379999996
0.014009720909999999
0.014001637019999999
0.013993582959999995
0.01398555936
0.013977566559999998
0.013969602619999997
0.013961668340000002
0.013953764780000003
0.01394588897
0.013938044060000003
0.01393022819
0.013922440079999997
0.01391468278
0.013906954139999999
0.013899254010000002
0.013891583699999998
0.01388394298
0.013876329699999997
0.013868745410000001
0.013861188129999997
0.01385365966
0.013846160460000001
0.013838689039999998
0.013831247210000007
0.01382383291
0.013816446590000002
0.013809087319999995
0.01380175513
0.01379445072
0.01378717441
0.013779924309999999
0.013772703070000003
0.01376550756
0.01375833831
0.013751196349999996
0.013744081669999995
0.013736994079999995
0.013729931610000003
0.013722896779999995
0.013715885689999999
0.01370890253
0.013701944549999996
0.013695013680000003
0.013688108800000003
0.013681229900000001
0.013674375229999997
0.013667546499999999
0.013660742789999998
0.013653965549999997
0.013647213460000005
0.013640487239999997
0.01363378427
0.013627107040000001
0.013620455370000005
0.01361382662
0.013607223160000004
0.013600644640000001
0.013594089120000007
0.013587557579999998
0.013581051320000004
0.013574568790000003
0.01356811109
0.013561674780000001
0.013555263080000001
0.013548874040000006
0.013542509889999997
0.013536169
0.01352985114
0.013523557100000003
0.013517283849999997
0.013511034279999999
0.013504807090000001
0.013498601959999997
0.01349242007
0.013486258940000002
0.01348011953
0.013474002960000004
0.013467906620000001
0.01346183297
0.01345577982
0.01344974799
0.013443738570000006
0.013437749639999996
0.013431781549999999
0.01342583439
0.013419908129999998
0.013414001469999999
0.013408116410000002
0.01340225161
0.01339640565
0.013390579940000003
0.01338477479
0.013378987120000001
0.013373218829999999
0.013367471050000001
0.01336174309
0.01335603255
0.01335034096
0.01334466827
0.013339015130000003
0.013333378790000001
0.013327761189999995
0.013322161140000002
0.013316579109999994
0.013311013019999993
0.013305463240000003
0.013299932579999998
0.013294417999999999
0.01328891973
0.01328343859
0.0132779726
0.013272522559999994
0.013267087769999998
0.013261666459999998
0.01325626175
0.013250873070000002
0.013245496859999997
0.013240137609999997
0.013234790389999996
0.01322945806
0.01322413854
0.01321883387
0.013213541589999999
0.01320826176
0.01320299278
0.013197736229999996
0.013192493290000003
0.013187259620000003
0.01318203765
0.013176825150000007
0.01317162433
0.013166431620000004
0.013161250440000001
0.013156077730000004
0.013150914400000008
0.013145759699999997
0.013140611479999995
0.013135469939999998
0.013130336139999992
0.013125209229999999
0.01312008806
0.01311497236
0.013109861219999998
0.013104755070000003
0.013099651350000002
0.013094551859999996
0.0130894541
0.01308435925
0.013079265240000002
0.013074172399999997
0.01306907854
0.013063984479999997
0.013058889149999997
0.013053791919999995
0.01304869115
0.013043587240000005
0.013038476940000002
0.01303336246
0.013028242020000002
0.013023112100000003
0.013017975
0.013012826319999995
0.013007668850000001
0.01300249942
0.01299731777
0.012992121310000004
0.012986910219999998
0.012981681190000004
0.012976435009999999
0.012971167490000001
0.012965882030000002
0.012960572700000004
0.01295523956
0.012949880189999994
0.012944493500000001
0.012939079210000003
0.012933634069999998
0.012928157170000001
0.012922646010000004
0.012917099780000005
0.012911514200000005
0.01290589196
0.012900225150000005
0.0128945161
0.012888759019999998
0.012882955319999998
0.012877099610000005
0.012871192529999997
0.012865230450000008
0.012859210620000004
0.012853132250000001
0.012846990519999999
0.012840786149999998
0.012834517320000002
0.01282817933
0.012821772149999997
0.012815293179999998
0.012808740720000003
0.012802114249999998
0.012795411219999995
0.012788630839999999
0.01278177111
0.012774834070000008
0.012767816989999998
0.012760721640000002
0.012753549460000003
0.012746298999999999
0.012738974050000004
0.012731574839999997
0.01272410394
0.012716566609999997
0.01270896295
0.012701300880000004
0.012693581510000001
0.012685813030000001
0.01267799934
0.01267014761
0.012662264779999998
0.012654358940000004
0.01264643714
0.01263850724
0.012630577229999995
0.012622656700000002
0.012614752990000002
0.01260687585
0.012599033070000001
0.012591234370000003
0.012583486249999998
0.012575796779999999
0.012568175350000004
0.012560626750000001
0.012553158269999998
0.012545777720000002
0.012538486839999998
0.012531293560000004
0.012524203299999995
0.012517215590000002
0.012510336589999999
0.012503566429999996
0.012496909070000005
0.01249036447
0.012483932730000006
0.012477616159999996
0.012471412829999995
0.012465322669999996
0.012459344929999998
0.01245347777
0.012447721980000001
0.012442073799999998
0.012436532079999998
0.012431094669999997
0.012425760529999998
0.012420526899999998
0.01241539071
0.012410350739999996
0.012405404370000001
0.012400547130000002
0.01239577806
0.012391092840000001
0.012386492789999998
0.012381972699999999
0.012377531919999997
0.012373166920000005
0.012368875190000002
0.012364656749999996
0.012360507629999995
0.012356425099999999
0.012352406800000002
0.012348453769999997
0.01234456116
0.01234072885
0.012336954389999998
0.012333236899999999
0.012329576520000001
0.01232596781
0.01232241158
0.012318904199999996
0.01231544675
0.01231203831
0.012308675060000001
0.01230535585
0.01230208095
0.01229884874
0.012295659000000004
0.012292509069999997
0.012289398680000002
0.012286325640000002
0.012283292290000001
0.012280295040000002
0.012277333540000001
0.012274407020000003
0.012271513980000003
