0.10203717206
0.028045781780000004
0.0220932619
0.019415636750000007
0.017581834459999997
0.01624797855
0.01529589035
0.014638616409999998
0.014198218339999997
0.01391218102
0.013735110449999999
0.01363515683
0.013589798470000004
0.01358258947
0.013601257970000002
0.013636770489999998
0.013682740670000004
0.013734803030000003
0.013790060790000001
0.01384663743
0.013903354899999998
0.013959500810000003
0.01401466485
0.014068626380000003
0.014121280330000001
0.014172587040000002
0.014222546549999994
0.01427117765
0.014318504659999998
0.01436455766
0.014409361780000001
0.014452941570000004
0.01449532061
0.014536519500000003
0.0145765598
0.014615458939999998
0.014653239180000001
0.01468991692
0.014725515370000004
0.014760052900000004
0.01479355424
0.014826041199999997
0.014857533390000004
0.014888058339999996
0.01491763427
0.014946289669999996
0.014974046319999998
0.015000927270000002
0.015026958499999996
0.015052161609999998
0.015076559950000002
0.01510017746
0.01512303561
0.015145157570000007
0.015166562129999998
0.015187273800000001
0.015207311529999998
0.015226697769999997
0.01524545067
0.015263588249999994
0.015281130669999999
0.015298098800000003
0.015314507219999997
0.015330375240000001
0.01534572098
0.01536055858
0.015374906479999999
0.015388780879999998
0.01540219532
0.015415166959999999
0.015427707670000002
0.015439835789999998
0.015451561999999997
0.015462903059999993
0.01547386799
0.015484471489999995
0.015494727329999996
0.015504647530000002
0.015514241679999999
0.01552352246
0.015532500040000003
0.015541186129999997
0.015549590549999999
0.01555772347
0.015565595839999995
0.015573214810000003
0.015580590279999999
0.015587732040000003
0.015594648799999998
0.015601347670000003
0.015607837489999993
0.015614124639999998
0.015620218129999995
0.0156261242
0.015631850590000003
0.01563740487
0.015642791460000006
0.01564801851
0.015653091160000004
0.01565801594
0.01566279736
0.015667443269999998
0.015671957600000005
0.015676345190000007
0.01568061166
0.015684763520000002
0.01568880271
0.015692734809999994
0.015696565799999996
0.01570029667
0.015703936069999997
0.015707485349999994
0.015710948120000002
0.01571432891
0.015717631439999998
0.015720859450000003
0.015724016169999997
0.015727105159999998
0.01573013115
0.015733092699999996
0.015735997680000002
0.015738848420000003
0.015741645789999998
0.01574439288
0.01574709421
0.015749750469999994
0.015752366559999998
0.015754943430000005
0.01575748372
0.015759990739999997
0.015762465939999998
0.015764911200000006
0.01576733099
0.015769724839999995
0.01577209525
0.01577444618
0.015776778859999997
0.01577909432
0.01578139637
0.015783684000000006
0.01578596258
0.015788231429999997
0.01579049341
0.01579275089
0.01579500417
0.015797254910000003
0.015799506390000002
0.01580175924
0.01580401579
0.015806275200000004
0.01580854353
0.0158108174
0.015813101350000004
0.01581539538
0.015817701200000003
0.01582002017
0.015822356069999998
0.0158247061
0.015827073660000003
0.015829460370000003
0.01583186685
0.01583429461
0.01583674408
0.015839217140000007
0.01584171481
0.015844236890000002
0.01584678617
0.015849363919999998
0.015851969800000004
0.015854605770000002
0.01585727229
0.015859968329999995
0.015862698990000004
0.015865461839999994
0.015868259170000003
0.01587109089
0.0158739595
0.015876863550000002
0.0158798047
0.015882784099999995
0.015885801740000004
0.015888858999999995
0.015891956320000008
0.015895095270000003
0.015898274769999998
0.015901494760000003
0.01590475797
0.01590806516
0.01591141494
0.0159148093
0.015918248020000005
0.015921731280000004
0.015925261079999996
0.015928837249999994
0.0159324593
0.0159361277
0.01593984441
0.01594360856
0.015947420769999998
0.01595128141
0.015955191190000002
0.01595915092
0.015963159709999997
0.015967217849999996
0.015971325379999995
0.01597548503
0.015979694459999996
0.015983953790000005
0.015988265410000004
0.015992627400000004
0.015997041139999998
0.01600150676
0.01600602331
0.01601059284
0.01601521293
0.016019884999999998
0.016024610669999998
0.01602938617
0.01603421605
0.01603909794
0.016044029560000003
0.016049015399999998
0.016054053820000004
0.01605914395
0.016064284860000003
0.016069478999999998
0.01607472496
0.01608002147
0.016085371179999995
0.016090769629999998
0.016096222259999998
0.016101724100000003
0.016107277240000002
0.01611288129
0.01611853474
0.01612423975
0.01612999392
0.016135797049999998
0.016141650799999997
0.016147551290000003
0.016153503609999998
0.01615950302
0.01616555
0.016171647079999997
0.016177789119999997
0.016183979600000002
0.016190217200000002
0.016196498900000002
0.016202828439999997
0.016209201980000004
0.01621562199
0.016222085560000002
0.016228593679999997
0.01623514678
0.016241743260000004
0.016248382910000005
0.016255064190000005
0.016261787819999995
0.01626855311
0.01627535976
0.016282205980000002
0.016289094639999998
0.016296021509999998
0.01630298766
0.016309993319999997
0.01631703617
0.01632411766
0.016331237359999994
0.016338392519999998
0.0163455848
0.01635281352
0.016360076689999992
0.01636737544000001
0.01637470779
0.016382075499999992
0.016389474699999997
0.016396908079999998
0.016404372000000004
0.01641186903
0.016419397120000002
0.016426956139999994
0.016434545630000005
0.016442163920000002
0.016449814340000007
0.0164574896
0.016465195809999996
0.016472928799999998
0.016480688900000002
0.016488475259999993
0.016496287659999997
0.016504125420000005
0.016511988450000004
0.01651987608
0.016527786819999994
0.01653572364
0.01654367962
0.01655166118
0.01655966382
0.01656768725
0.016575733349999996
0.01658379832
0.016591882780000004
0.01659998754
0.016608111859999997
0.01661625265
0.016624411859999993
0.016632587799999998
0.016640782219999997
0.016648992690000003
0.01665721912
0.016665459739999996
0.01667371646
0.016681985790000003
0.016690270899999998
0.016698568299999998
0.016706877929999996
0.016715199700000006
0.01672353592
0.01673188063
0.01674023737
0.016748604079999996
0.016756981259999998
0.01676536778
0.016773762059999996
0.0167821646
0.01679057552
0.016798995199999996
0.016807420320000002
0.016815852419999996
0.01682429073
0.01683273316
0.016841180600000002
0.01684963444
0.016858092300000002
0.01686655197999999
0.016875015479999998
0.016883483220000006
0.016891952380000002
0.016900423360000007
0.01690889628
0.016917369640000002
0.01692584248
0.01693431736
0.01694279034
0.0169512632
0.016959736160000006
0.016968206059999998
0.016976673399999996
0.016985138899999995
0.016993600919999997
0.01700206133
0.01701051681
0.01701896952
0.017027415480000002
0.017035859100000002
0.017044295799999998
0.01705272822
0.017061155199999997
0.017069573879999998
0.01707798834999999
0.01708639322
0.0170947929
0.017103184519999995
0.01711156772
0.01711994257
0.017128310119999997
0.017136666859999997
0.017145015700000002
0.017153354279999998
0.01716168374
0.017170003160000002
0.017178312400000003
0.017186610360000004
0.017194896940000003
0.01720317212
0.0172114362
0.01721969012
0.017227930860000008
0.017236158220000002
0.01724437454
0.017252578759999998
0.01726076967
0.01726894746
0.01727711104
0.01728526086
0.01729339785
0.017301521179999994
0.017309629739999995
0.01731772322
0.01732580374
0.01733386928
0.01734191818
0.01734995372
0.017357974200000004
0.017365977379999998
0.017373967539999997
0.0173819403
0.017389898600000005
0.0173978388
0.017405764339999994
0.017413672659999997
0.017421566269999994
0.017429440829999997
0.017437300539999992
0.017445142290000003
0.0174529672
0.017460775779999996
0.017468568319999992
0.017476341580000002
0.01748409811
0.017491836900000005
0.01749955812
0.017507262079999995
0.01751494828
0.01752261714
0.01753026546
0.017537898620000002
0.017545511840000003
0.01755310902
0.017560686199999995
0.017568245040000003
0.017575785700000002
0.017583307979999994
0.017590811789999997
0.017598297409999995
0.017605764480000004
0.017613211739999995
0.01762064154
0.01762805132
0.0176354433
0.01764281444
0.01765016924
0.01765750416
0.01766481806
0.017672114760000003
0.017679392260000003
0.017686650779999993
0.01769389098
0.017701108080000007
0.01770831006
0.0177154897
0.017722651179999997
0.017729793339999998
0.017736916000000002
0.017744018500000003
0.017751104340000004
0.017758168459999998
0.01776521294
0.017772241199999993
0.01777924634
0.01778623376
0.017793200940000004
0.017800150000000008
0.017807077039999997
0.017813984309999996
0.017820874539999997
0.01782774448
0.01783459408
0.017841425379999998
0.01784823644
0.017855027459999995
0.017861800520000002
0.017868553420000002
0.0178752862
0.01788199986
0.017888695280000005
0.017895368699999997
0.017902021999999997
0.017908659139999995
0.0179152744
0.017921872239999997
0.017928450219999996
0.017935007640000004
0.017941546580000002
0.017948066899999997
0.017954567579999997
0.01796104614
0.017967507639999998
0.017973950619999998
0.017980372119999997
0.01798677524
0.01799315918
0.017999523920000003
0.018005867499999998
0.018012192339999997
0.018018500679999994
0.018024787759999997
0.018031054959999997
0.018037305520000005
0.01804353607999999
0.018049745860000004
0.0180559382
0.01806211092
0.018068265959999996
0.01807439988
0.0180805153
0.0180866129
0.018092690859999996
0.018098748060000006
0.01810479018
0.018110811860000003
0.0181168134
0.018122797300000004
0.01812876246
0.018134709260000006
0.018140639700000002
0.01814654842
0.018152439599999994
0.018158310460000004
0.018164163620000003
0.018169999299999996
0.018175817659999996
0.01818161596
0.018187397780000007
0.018193160219999994
0.018198904280000008
0.018204630100000004
0.018210336379999994
0.018216026500000003
0.01822169686
0.0182273515
0.018232986180000004
0.018238603240000005
0.018244201399999996
0.0182497823
0.018255348240000004
0.018260894640000004
0.018266423940000005
0.01827193576
0.018277428979999993
0.018282902940000005
0.018288362800000006
0.018293801880000002
0.01829922348
0.01830463108
0.018310019019999995
0.01831539062
0.01832074372
0.018326079539999998
0.018331399380000002
0.01833670274
0.01834198692
0.01834725768
0.018352509660000002
0.01835774482
0.018362963480000005
0.018368163560000005
0.01837334906
0.018378516919999997
0.01838366744
0.018388804879999998
0.018393923479999998
0.018399026640000003
0.01840411148
0.018409182380000003
0.01841423754
0.01841927358
0.018424296339999997
0.01842929974
0.018434288760000004
0.018439263279999996
0.018444220999999997
0.018449163159999993
0.0184540896
0.0184589993
0.01846389568
0.01846877548
0.01847363998
0.018478486299999996
0.018483318819999997
0.01848813722
0.018492939880000003
0.018497727720000003
0.01850249878
0.018507257000000003
0.01851199962
0.018516726839999994
0.01852143774
0.01852613702
0.01853081908
0.018535489440000004
0.018540140820000005
0.01854478296
0.01854940732
0.018554015840000007
0.01855861224
0.01856319389999999
0.018567760719999996
0.018572316059999996
0.018576855300000004
0.018581381320000007
0.01858589108
0.018590388619999995
0.018594872159999994
0.01859934214000001
0.018603798019999996
0.0186082402
0.018612668900000004
0.018617085179999996
0.01862148688
0.01862587502
0.018630250020000003
0.01863461218
0.01863895988
0.01864329536
0.018647617619999998
0.01865192566
0.018656221939999995
0.018660502800000006
0.018664774079999998
0.018669029740000002
0.01867327442
0.0186775056
0.018681725419999996
0.018685932000000002
0.018690125519999996
0.018694307720000004
0.018698477
0.01870263578
0.018706780200000002
0.01871091168
0.01871503144000001
0.018719139379999996
0.01872323586
0.01872731978
0.018731392299999997
0.01873545388
0.018739502220000002
0.018743536800000002
0.018747562980000004
0.01875157422
0.018755575420000004
0.018759565579999995
0.018763543000000004
0.01876750902
0.018771464960000005
0.018775409900000005
0.01877934296
0.01878326468
0.0187871753
0.018791075040000004
0.018794963000000005
0.018798838760000002
0.018802703220000005
0.01880655654
0.01881040208
0.018814234580000005
0.01881805891999999
0.018821868640000006
0.0188256693
0.018829460499999996
0.01883324076
0.01883701036
0.018840768560000005
0.01884451756
0.018848256099999995
0.018851983400000005
0.018855699320000002
0.018859406579999995
0.018863104059999997
0.018866792320000002
0.018870468559999996
0.01887413606
0.01887779172
0.01888143718
0.018885075020000003
0.01888869988
0.018892317619999998
0.018895924860000003
0.018899523680000002
0.018903110520000002
0.01890669062
0.018910259879999995
0.018913818319999994
0.018917366779999993
0.018920909279999995
0.01892444032
0.018927961180000005
0.018931472039999998
0.018934976459999996
0.01893847
0.018941954200000003
0.01894543012000001
0.018948896459999993
0.018952352299999996
0.018955800699999994
0.018959240099999997
0.018962670119999997
0.018966091860000003
0.01896950336
0.01897290874
0.018976305359999997
0.01897969162
0.018983067240000005
0.01898643712
0.018989797059999997
0.018993149459999997
0.0189964946
0.018999828040000003
0.019003153800000012
0.01900647132
0.0190097817
0.019013083979999998
0.019016376740000004
0.01901966098
0.01902293908
0.01902620722
0.019029465959999995
0.019032717980000002
0.019035961399999995
0.01903919764
0.01904242566
0.01904564738
0.019048858679999996
0.019052062620000004
0.019055260739999996
0.01905844954
0.019061630579999995
0.019064805119999993
0.01906796962
0.019071127780000002
0.01907427672
0.01907741916
0.019080556080000005
0.019083682520000003
0.0190868021
0.019089913899999998
0.01909301986
0.01909611646
0.01909920734
0.01910228964
0.01910536542
0.01910843352000001
0.019111492919999997
0.01911454654
0.019117593499999995
0.01912063332
0.019123665760000002
0.019126689500000005
0.01912971014
0.019132721019999993
0.01913572657999999
0.019138722400000002
0.019141711780000004
0.019144697520000004
0.019147674059999998
0.019150643020000004
0.019153606220000004
0.019156560359999998
0.019159511339999998
0.019162454160000002
0.019165389240000004
0.01916831938
0.01917124062000001
0.019174158659999996
0.019177066920000003
0.01917996958
0.0191828675
0.019185758980000002
0.01918864276
0.01919151968
0.01919439114
0.01919725502
0.019200115080000003
0.019202965439999994
0.019205810659999996
0.019208648860000004
0.01921148144
0.01921430792
0.019217129280000002
0.019219943360000002
0.0192227527
0.019225554000000006
0.0192283518
0.0192311426
0.01923392762
0.019236707179999996
0.01923948058
0.019242248100000005
0.019245008999999997
0.01924776394
0.019250511960000005
0.019253255620000003
0.01925599502
0.01925872564
0.019261450859999994
0.019264172180000004
0.019266886400000002
0.019269595040000004
0.01927229952
0.019274996500000002
0.019277689079999997
0.019280374959999996
0.01928305664
0.01928573334
0.019288403899999997
0.019291069379999998
0.019293728299999993
0.01929638066
0.019299029600000007
0.019301673999999998
0.01930431222
0.019306943499999996
0.01930957168
0.019312193800000002
0.01931480992
0.019317420840000002
0.0193200269
0.019322627880000005
0.019325223160000002
0.019327813460000006
0.0193303985
0.019332979379999997
0.01933555618
0.019338125999999994
0.01934069138
0.01934325334
0.019345806839999993
0.019348358700000005
0.01935090234
0.019353444
0.019355981539999997
0.01935851246
0.019361037139999995
0.01936356024
0.019366077660000005
0.019368587300000004
0.01937109594
0.019373597160000002
0.019376094839999997
0.019378587800000003
0.019381075739999996
0.019383556880000007
0.019386034380000007
0.019388508940000004
0.019390978919999996
0.01939344406
0.01939590336
0.01939835812
0.01940080904
0.01940325638
0.01940569852
0.01940813418000001
0.0194105675
0.019412994859999998
0.01941541786000001
0.019417836719999998
0.019420251980000004
0.01942266206
0.0194250696
0.01942747038
0.019429867340000004
0.01943225958
0.01943464992
0.019437034159999998
0.0194394146
0.019441789920000004
0.01944416166
0.01944652928
0.019448893099999996
0.019451252000000002
0.01945360722
0.019455958060000004
0.01945830476
0.019460646840000005
0.019462984540000006
0.019465318740000005
0.01946765008
0.019469974360000003
0.019472294919999994
0.01947461338
0.019476924899999998
0.01947923636
0.019481541560000003
0.019483843079999997
0.019486139819999998
0.019488432259999994
0.0194907216
0.01949300748
0.019495289740000008
0.019497568160000006
0.019499842040000003
0.01950211152
0.019504379559999993
0.019506641260000002
0.01950889926
0.019511154299999996
0.01951340366
0.019515649400000005
0.0195178914
0.019520130340000007
0.019522367120000002
0.01952459888
0.01952682674
0.019529050359999994
0.01953126978
0.019533487279999998
0.019535701739999998
0.019537909439999997
0.019540115619999996
0.01954231810000001
0.019544516079999998
0.01954670858
0.01954890002
0.019551087240000004
0.019553269280000004
0.019555450820000004
0.01955762824
0.0195597993
0.019561968059999997
0.019564135399999998
0.019566295920000004
0.019568454
0.019570610880000002
0.019572762920000007
0.0195749091
0.019577053919999997
0.019579196780000002
0.019581332639999997
0.019583467679999998
0.01958559722
0.019587723260000005
0.019589846999999997
0.01959196616
0.019594081960000002
0.0195961951
0.019598304660000003
0.019600410480000004
0.019602514079999998
0.01960461304
0.019606711119999995
0.019608802440000007
0.0196108923
0.01961297726
0.019615059179999998
0.019617139000000002
0.01961921716
0.019621288959999997
0.019623357720000005
0.01962542292
0.019627486700000002
0.019629544979999997
0.01963160164
0.019633653900000003
0.01963570618
0.019637752199999997
0.01963979622
0.01964183676
0.01964387218
0.019645907240000003
0.019647937959999993
0.01964996610000001
0.019651988840000002
0.019654010700000005
0.019656028000000006
0.01965804
0.019660051319999997
0.01966206162
0.01966406772
0.019666070540000004
0.019668071800000006
0.019670067339999996
0.01967206022
0.0196740509
0.019676039399999998
0.01967802178
0.019680003900000003
0.01968197948
0.019683955400000005
0.019685924779999996
0.019687894140000002
0.019689859719999998
0.01969182082
0.019693780879999997
0.019695736980000003
0.019697688579999997
0.019699638899999997
0.0197015874
0.0197035313
0.019705471439999993
0.01970740984
0.0197093465
0.01971127758
0.019713208800000003
0.0197151352
0.019717058840000003
0.019718980380000004
0.019720896720000002
0.019722810739999996
0.019724724080000002
0.019726631480000006
0.01972853888
0.01973044248
0.0197323417
0.01973423854
0.0197361341
0.019738025179999997
0.019739912859999997
0.01974179878
0.019743681500000002
0.019745563139999995
