0.08401060913999998
0.07220948431999999
0.06663831034000002
0.06135345994000001
0.0562710906
0.05164440934000001
0.04756886129999999
0.044105120620000014
0.04129134618000001
0.039039115220000004
0.03716649534
0.03550446888
0.03402875018
0.03272989958000001
0.03155577311999999
0.030488285699999996
0.029531639480000007
0.028678745859999997
0.02791679678
0.027235376880000006
0.026624948180000007
0.026075723420000002
0.02557835544
0.025124692870000007
0.0247080573
0.02432315128
0.023965780580000002
0.02363258752
0.023320783210000005
0.02302790168
0.022751548330000003
0.022489010919999997
0.022236646950000005
0.021988717289999994
0.021736390169999998
0.02147256715
0.021208502500000007
0.0209681424
0.02075843591999999
0.02057325929999999
0.020405091290000007
0.020247350660000003
0.020093114030000008
0.019932534559999993
0.019752694350000006
0.019557768349999997
0.019386091169999998
0.01925204293
0.019143871780000002
0.01905194935
0.018970990990000002
0.01889805957
0.018831416689999995
0.018769923879999997
0.01871272653
0.018659079290000005
0.018608225359999998
0.018559284110000004
0.018511109440000003
0.018462057999999993
0.018409618399999998
0.018349906429999997
0.018277829419999992
0.018190899450000002
0.0180983074
0.018018307810000002
0.017959331419999995
0.017917836140000004
0.017887827079999998
0.017865000339999996
0.01784683724
0.017831931369999998
0.017819486269999997
0.01780901626
0.017800204309999998
0.017792823819999998
0.017786701679999996
0.017781698829999998
0.017777702300000003
0.017774609419999997
0.017772335759999994
0.017770805469999998
0.017769946070000004
0.017769701580000002
0.017770013509999998
0.017770832539999996
0.017772115779999993
0.017773815789999998
0.017775901959999996
0.017778333719999997
0.0177810802
0.017784109629999996
0.017787388519999996
0.017790894940000003
0.017794591529999997
0.017798450330000003
0.017802437530000003
0.017806515960000005
0.017810644259999998
0.017814770730000005
0.01781882908
0.017822739780000006
0.017826386900000005
0.017829615220000004
0.017832191049999998
0.017833758770000003
0.017833735259999994
0.01783113613
0.01782416512
0.01780942096
0.017780489030000002
0.017727715170000005
0.017649185630000005
0.017570286610000006
0.017517133849999998
0.01748853353
0.01747471546
0.017468967609999993
0.01746767738
0.017468940310000004
0.017471711289999997
0.017475399829999995
0.01747965977
0.01748429681
0.0174891907
0.01749427536
0.017499507990000003
0.017504866789999997
0.017510331699999996
0.017515897569999998
0.017521549240000003
0.017527281809999996
0.017533084640000002
0.01753895248
0.017544879229999998
0.01755085422
0.017556869660000005
0.01756291789
0.017568988529999996
0.01757507438
0.017581162540000007
0.017587245159999997
0.017593310089999998
0.017599343590000004
0.017605334079999993
0.017611268120000002
0.01761712624
0.017622894610000002
0.01762854421
0.017634056199999998
0.01763940277
0.017644543090000006
0.017649438209999993
0.017654029039999998
0.017658253369999998
0.017662019870000004
0.0176652171
0.01766768961
0.017669227330000002
0.017669534700000003
0.017668179120000006
0.017664504110000003
0.017657471309999995
0.01764533253
0.017624989649999995
0.017590845880000004
0.017534719450000007
0.01745807854000001
0.017391708359999997
0.017354987409999995
0.017338355470000004
0.01733170765
0.01732998674
0.017330834380000004
0.017333121430000004
0.017336279750000003
0.01734000874
0.017344145850000006
0.0173485967
0.017353292010000004
0.017358192070000004
0.017363267170000002
0.017368490120000003
0.01737384295
0.017379308009999997
0.01738487412999999
0.017390525740000003
0.01739625673
0.01740205538
0.01740791695
0.017413831129999998
0.017419794130000006
0.01742580054
0.017431844070000004
0.01743792244
0.01744402721
0.017450157929999998
0.017456311720000003
0.01746248449
0.017468671149999993
0.01747487207
0.01748108394
0.017487303469999996
0.017493528949999997
0.017499760490000002
0.0175059917
0.017512223020000005
0.017518455199999998
0.017524683569999994
0.017530908450000007
0.017537128510000003
0.01754334002
0.017549545469999997
0.017555742689999997
0.01756192896
0.01756810633
0.017574271379999996
0.017580422630000002
0.017586563290000003
0.017592688880000002
0.017598802089999997
0.01760489848
0.01761097934
0.01761704567
0.017623093649999998
0.017629126330000005
0.017635140790000007
0.017641137439999996
0.01764711551
0.017653078040000002
0.017659021900000006
0.017664945779999993
0.017670850440000007
0.017676734840000007
0.017682599889999994
0.017688446079999996
0.01769427228
0.017700080139999994
0.017705864869999997
0.017711630689999994
0.01771737533
0.017723099550000003
0.017728802640000003
0.01773448563
0.017740148070000003
0.01774578757
0.01775140638
0.017757005569999994
0.017762581450000002
0.017768135820000003
0.01777367098
0.017779184289999996
0.01778467739
0.01779014629
0.017795594459999998
0.017801021759999994
0.017806428710000002
0.017811812510000004
0.01781717507
0.017822515020000002
0.01782783495
0.017833133890000005
0.01783840971
0.017843664869999998
0.017848898949999997
0.017854110270000004
0.017859299980000003
0.017864466439999994
0.01786961297
0.017874738179999995
0.01787984191
0.017884925769999994
0.017889986679999994
0.0178950251
0.017900043490000003
0.017905040560000002
0.0179100163
0.017914969609999994
0.01791990227
0.01792481482
0.01792970529
0.01793457399
0.01793942273
0.017944249950000005
0.017949055519999996
0.017953841299999995
0.01795860582
0.017963350130000003
0.017968072050000002
0.0179727744
0.01797745413
0.01798211352
0.017986754960000004
0.017991373280000004
0.01799597077
0.018000550459999994
0.018005106849999997
0.01800964508
0.018014160549999995
0.018018658809999998
0.018023136730000004
0.01802759219
0.01803202758
0.018036444630000002
0.018040839749999996
0.018045218459999998
0.01804957448
0.018053911559999997
0.01805823179
0.018062529739999996
0.018066806869999997
0.01807106617
0.018075306490000005
0.018079527659999997
0.01808372858
0.018087910090000003
0.018092069519999997
0.01809621493
0.018100341090000003
0.018104446549999997
0.01810853378
0.018112601009999996
0.018116650989999997
0.018120679920000004
0.018124692489999997
0.01812868636999999
0.01813266178
0.01813661853
0.01814055705
0.01814447744
0.018148381079999994
0.018152266099999998
0.01815613281
0.018159982239999997
0.018163811059999993
0.01816762435
0.01817141887
0.018175197919999993
0.018178957729999997
0.01818270137
0.018186425799999996
0.01819013306
0.018193824499999997
0.018197499299999996
0.01820115696
0.018204795010000007
0.018208419209999997
0.018212023299999994
0.01821561317
0.018219186709999998
0.018222742099999998
0.018226282040000003
0.01822980521000001
0.018233311980000003
0.01823680026
0.018240272660000004
0.018243731539999995
0.018247172760000006
0.018250598700000006
0.01825400541
0.018257401989999998
0.01826077785
0.01826413786
0.018267485340000004
0.018270815730000004
0.018274130259999993
0.01827742737
0.01828071207
0.018283980850000003
0.01828723265
0.018290467680000002
0.018293688980000004
0.018296896200000003
0.018300087639999997
0.018303262840000008
0.018306420060000005
0.018309567449999998
0.018312696529999995
0.01831581243
0.01831891154
0.018321995900000002
0.018325064769999996
0.01832811941
0.01833115788
0.01833418380999999
0.01833719246
0.018340185760000002
0.01834316623
0.018346130980000007
0.01834907844
0.018352013520000005
0.018354932319999996
0.018357837749999998
0.018360726029999996
0.018363596479999997
0.01836645640000001
0.0183692984
0.018372127390000003
0.018374939129999993
0.018377734519999998
0.01838051396
0.018383277219999994
0.018386024509999998
0.018388757900000004
0.018391470139999998
0.01839416623
0.0183968474
0.018399509779999997
0.018402153999999993
0.018404780380000003
0.01840738747
0.018409975199999998
0.018412544600000004
0.018415092030000007
0.018417617079999993
0.018420121530000007
0.018422600589999998
0.01842505655
0.018427489519999996
0.018429891680000005
0.018432266699999998
0.01843461125
0.018436925060000005
0.01843920065
0.01844143955
0.01844363548
0.01844578486
0.018447884069999997
0.0184499257
0.018451902969999996
0.018453810359999993
0.018455632770000004
0.018457357150000006
0.018458969989999994
0.01846044976
0.018461766320000003
0.01846288707
0.018463767779999998
0.018464342280000004
0.018464523959999996
0.01846418997
0.018463160249999996
0.018461160079999997
0.01845775855
0.018452239759999996
0.018443354489999998
0.01842877172
0.018403892730000003
0.01835962494
0.01828284841
0.01818351465
0.01811083017
0.0180729084
0.018053063610000003
0.018041838669999994
0.01803514499
0.01803108598
0.01802866891
0.018027320739999998
0.01802667739
0.018026496729999997
0.018026631930000005
0.01802698808
0.018027510210000004
0.01802816051
0.018028918529999997
0.018029766720000003
0.018030684029999997
0.018031664170000003
0.018032691369999996
0.018033759680000004
0.01803485799
0.018035973379999997
0.018037100719999997
0.01803823193
0.01803935674
0.018040464699999998
0.018041547200000004
0.01804258996
0.018043582040000002
0.018044504589999996
0.018045345019999996
0.018046078039999996
0.01804667696
0.018047104499999998
0.018047318790000003
0.01804725949
0.018046843990000002
0.018045962159999998
0.018044457729999998
0.018042103119999996
0.0180385539
0.018033278700000006
0.01802540436
0.018013440639999996
0.017994656329999997
0.017963760519999997
0.017910847800000004
0.01782638302
0.017733631289999996
0.017672573649999995
0.017640342309999998
0.017622969710000005
0.01761301819
0.01760707478
0.017603468509999998
0.017601300320000002
0.017600056280000005
0.017599421899999995
0.017599207010000003
0.017599292059999997
0.017599598270000003
0.017600073699999996
0.017600684199999994
0.017601403560000003
0.01760221569
0.017603105929999998
0.017604064679999996
0.017605085039999996
0.017606156300000005
0.017607274790000002
0.017608436150000004
0.01760963549
0.017610869099999996
0.017612133310000007
0.017613428089999997
0.01761474613999999
0.01761608796
0.0176174532
0.017618837860000004
0.017620241259999992
0.017621660180000002
0.017623095719999995
0.017624546909999997
0.01762600897
0.01762748435
0.017628971440000002
0.017630469450000002
0.017631976699999996
0.017633492660000007
0.01763501624
0.01763654848
0.017638087960000003
0.017639632389999996
0.01764118376
0.017642742049999997
0.01764430393
0.017645869379999995
0.0176474419
0.0176490157
0.017650593179999997
0.017652175120000002
0.017653756690000008
0.017655343499999993
0.017656931199999996
0.01765851968
0.017660112260000003
0.01766170499
0.01766329952
0.017664893240000007
0.017666489880000004
0.01766808562
0.017669682790000002
0.0176712779
0.01767287491
0.01767446973
0.017676065750000004
0.01767766122
0.01767925515
0.01768084497000001
0.017682436839999996
0.017684028220000002
0.017685617729999995
0.01768720668
0.017688792880000005
0.017690378599999997
0.0176919645
0.017693546609999996
0.017695126660000005
0.01769670418
0.017698280560000005
0.017699854810000006
0.01770142476
0.017702996209999995
0.01770456284
0.017706129089999998
0.017707692520000005
0.017709251960000002
0.017710809399999996
0.01771236669
0.017713918249999995
0.017715467289999995
0.01771701558
0.017718558089999992
0.017720098400000002
0.017721637590000002
0.017723173640000003
0.01772470679
0.017726237659999994
0.017727764660000003
0.01772928952
0.017730811530000005
0.017732328529999997
0.017733844939999993
0.01773535524
0.017736864020000007
0.01773837032
0.017739874749999992
0.017741375079999996
0.017742872229999998
0.01774436612
0.01774585720999999
0.017747345740000003
0.017748830259999997
0.017750310210000005
0.017751788750000004
0.017753262180000003
0.017754732680000003
0.01775620072
0.017757664879999996
0.01775912633
0.01776058423
0.017762040460000003
0.017763491729999997
0.017764940489999995
0.017766385109999998
0.017767826849999998
0.017769266540000002
0.017770701959999996
0.01777213311
0.017773562270000008
0.017774987229999997
0.017776407379999998
0.017777826539999996
0.01777924058
0.017780651010000002
0.0177820591
0.01778346282
0.01778486306
0.01778626035
0.01778765472
0.017789045120000003
0.017790432780000007
0.0177918172
0.017793194189999997
0.01779457205
0.017795943260000006
0.017797311739999995
0.01779867739
0.017800037310000003
0.017801394350000006
0.017802749140000004
0.01780409894
0.017805444500000003
0.017806786150000007
0.017808121530000002
0.017809455349999993
0.017810784110000002
0.017812108349999998
0.017813431050000002
0.01781474704
0.017816060119999998
0.01781736766
0.017818672960000007
0.017819970899999996
0.017821265989999998
0.017822556469999994
0.01782384208
0.01782512225
0.017826395800000002
0.017827665959999996
0.01782893079
0.017830189489999995
0.01783144427
0.017832693120000003
0.01783393436
0.017835169440000007
0.01783639843
0.01783762146
0.017838838920000002
0.017840046179999996
0.01784124859
0.0178424443
0.017843631890000003
0.017844809450000002
0.01784597933
0.017847138880000002
0.017848288999999996
0.017849429950000006
0.017850557799999996
0.017851677680000004
0.017852783179999998
0.01785387406000001
0.017854955719999996
0.017856021239999995
0.017857067569999996
0.017858099500000005
0.017859114119999995
0.017860108290000006
0.017861081239999996
0.01786202676
0.0178629497
0.017863843409999997
0.01786470647
0.017865534749999995
0.017866325730000007
0.017867070530000004
0.01786776982
0.017868413289999992
0.01786899332
0.017869503400000004
0.01786992991
0.01787026074
0.01787048016
0.01787056553
0.01787049243
0.01787022771
0.017869725350000004
0.017868927600000004
0.01786775426
0.01786609975
0.017863805119999996
0.017860641629999997
0.017856264099999998
0.017850124290000005
0.017841323480000008
0.01782831878
0.01780834348
0.017776367260000002
0.01772392549
0.01764317111
0.017550155160000004
0.01748238621
0.01744395439
0.017421544679999998
0.01740669877
0.01739529907
0.01738507381
0.01737431473
0.017361115209999996
0.01734247227
0.017312548599999998
0.017259435259999997
0.017167929239999997
0.017061110619999997
0.016993153200000003
0.016959805479999996
0.0169425192
0.016932644930000004
0.016926599349999998
0.016922738259999997
0.01692021225
0.016918540100000004
0.016917439830000002
0.016916735409999998
0.01691630977
0.016916096300000003
0.016916040039999997
0.0169161096
0.016916279359999994
0.01691653305
0.01691685774
0.016917242280000005
0.016917680039999997
0.016918164880000003
0.01691869024
0.016919251840000003
0.01691984905
0.01692047552
0.01692113071
0.01692181128
0.016922515989999994
0.016923241810000003
0.016923988049999998
0.016924754519999998
0.016925538819999995
0.01692634011
0.01692715642
0.01692798676
0.016928833220000005
0.016929689560000006
0.016930560289999994
0.016931444370000007
0.016932339970000005
0.016933245670000006
0.01693416239
0.016935088809999995
0.01693602582
0.01693697165
0.016937928079999998
0.016938889999999998
0.016939861469999998
0.01694084138
0.016941830760000005
0.016942826249999994
0.016943830760000004
0.01694484353
0.01694586109
0.016946886559999996
0.016947919909999994
0.016948959499999996
0.016950004599999995
0.01695105684
0.016952115130000008
0.016953179279999998
0.016954251180000005
0.01695532809
0.016956409619999998
0.01695749734
0.016958589290000003
0.01695968738
0.016960791189999994
0.01696190154
0.01696301611
0.01696413522
0.016965260610000005
0.016966388749999995
0.016967520960000003
0.016968657769999996
0.016969800680000008
0.016970946790000007
0.01697209762
0.016973253369999997
0.016974415059999998
0.016975577420000006
0.016976746629999998
0.016977917409999998
0.01697909246
0.01698027077
0.016981452709999997
0.016982638149999996
0.01698382701
0.01698501993
0.01698621525
0.016987414760000007
0.016988615940000003
0.016989821959999995
0.01699103126
0.01699224239
0.01699345718
0.016994673679999996
0.016995892600000003
0.016997111580000005
0.01699833785
0.016999564310000003
0.017000791500000004
0.017002021869999998
0.017003253129999996
0.017004486140000004
0.017005723990000002
0.01700696159
0.017008199549999995
0.017009440189999996
0.01701068297
0.01701192648
0.01701317247
0.01701441679
0.017015662549999998
0.017016910549999993
0.017018156770000004
0.01701940501
0.017020654439999998
0.017021903249999998
0.017023153350000007
0.01702440251
0.017025652720000003
0.0170269027
0.017028154129999997
0.01702940355
0.01703065453
0.017031902319999993
0.017033153050000003
0.017034401559999995
0.017035648509999994
0.017036894990000002
0.01703814403
0.017039387079999996
0.01704063213000001
0.017041875480000006
0.017043118540000003
0.017044360150000007
0.017045599929999995
0.01704683869
0.017048077739999994
0.0170493133
0.017050549229999996
0.017051781639999996
0.017053014309999996
0.0170542458
0.017055475969999997
0.017056703660000002
0.017057930170000003
0.017059154849999997
0.017060377400000003
0.017061598749999997
0.01706281813
0.017064035750000005
0.017065250669999997
0.017066463460000004
0.01706767737
0.017068886919999998
0.017070097019999998
0.01707130322
0.017072508139999994
0.017073710899999997
0.017074911599999996
0.01707611127
0.017077307740000002
0.017078503900000007
0.017079695810000003
0.01708088707
0.017082076619999997
0.0170832634
0.017084447599999997
0.01708562728
0.017086810060000002
0.017087989339999998
0.0170891636
0.01709033806
0.017091509969999998
0.017092678259999997
0.017093844829999996
0.017095009169999998
0.017096171829999996
0.01709733387
0.017098491340000008
0.017099647689999994
0.01710080053
0.01710195308
0.01710310274
0.017104252370000003
0.01710539681
0.01710654135
0.017107682140000004
0.0171088251
0.017109960940000005
0.017111095899999998
0.017112229330000003
0.01711336055
0.017114488000000004
0.017115616579999996
0.017116742860000006
0.017117864899999998
0.017118984910000003
0.017120104770000005
0.01712122229
0.017122336930000003
0.017123450090000002
0.017124561550000004
0.01712567002
0.017126778649999997
0.01712788447
0.017128988169999998
0.017130089969999998
0.017131190209999998
0.01713228834
0.017133383460000002
0.017134477139999996
0.01713556982
0.017136661590000005
0.01713774928
0.017138838439999998
0.017139924230000003
0.01714100753
0.01714208926999999
0.01714317002
0.01714424879
0.017145323870000003
0.017146400179999993
0.0171474735
0.01714854535
0.017149613640000002
0.017150683180000004
0.017151749600000002
0.017152813219999997
0.017153876999999998
0.017154940660000003
0.01715600088
0.017157059010000003
0.017158116669999997
0.017159172389999994
0.01716022568
0.01716127666
0.017162327369999997
0.017163377220000005
0.01716442486
0.017165471220000002
0.017166514519999995
0.017167558819999998
0.01716859952
0.017169637810000003
0.017170676469999997
0.017171712170000006
0.0171727447
0.01717377551000001
0.01717480537
0.01717583354
0.017176859930000003
0.01717788481
0.01717890634
0.017179926260000002
