0.10039359452000002
0.095433572
0.09095959137999998
0.08701228102
0.08358667424
0.08063968702
0.07810238253999997
0.0758969176
0.07395390901999999
0.07222319283999998
0.07067381308000001
0.06928514248
0.06803682888000001
0.06690526010000002
0.0658661159
0.06489809472000001
0.06398452322
0.06311325408000001
0.062275713659999996
0.06146592847999998
0.06067970656
0.05991407262000001
0.05916688412
0.05843656306000001
0.05772190701999999
0.057021999940000005
0.056336110899999986
0.05566365856
0.05500415388
0.05435718632
0.053722426
0.05309954230000002
0.05248827945999999
0.05188839768000001
0.0512996697
0.05072188376000002
0.05015485604
0.04959840470000001
0.04905235908000001
0.048516554719999994
0.04799083114
0.04747503846
0.04696903041999999
0.046472654120000005
0.04598576614000001
0.045508228080000004
0.04503989699999998
0.044580632360000004
0.04413030592
0.04368877005999999
0.04325589622
0.0428315436
0.042415579499999995
0.042007871100000004
0.0416082766
0.04121667316
0.04083292022000001
0.04045689186
0.040088452499999996
0.039727477039999994
0.03937382854000001
0.03902738161999999
0.03868801226
0.03835558894
0.03802998819999999
0.037711082660000006
0.03739875195999999
0.037092869320000006
0.0367933179
0.036499979099999996
0.0362127266
0.03593144518000001
0.03565602156
0.03538633834
0.03512227854
0.0348637317
0.03461058706
0.03436272864
0.03412004737999999
0.033882436200000005
0.033649789439999994
0.03342199772
0.03319895362
0.03298056044
0.03276670656
0.03255729576
0.03235222514
0.03215139696
0.03195471172
0.03176207882
0.03157339718
0.03138857184
0.031207513659999995
0.031030134719999998
0.030856342599999996
0.030686045160000005
0.030519166759999997
0.030355613540000003
0.030195307600000013
0.030038166579999998
0.029884109499999992
0.029733061299999995
0.0295849436
0.029439677860000003
0.029297195819999993
0.029157423860000004
0.02902029146
0.028885731940000006
0.02875367862
0.028624059180000005
0.02849682198
0.02837189748
0.028249226580000012
0.028128746760000004
0.02801040876
0.02789415056
0.02777991664
0.027667658999999994
0.027557324239999993
0.027448855360000003
0.027342214679999997
0.027237346800000006
0.0271342065
0.02703275108
0.026932937800000008
0.026834716440000007
0.02673805336
0.02664290580000001
0.026549235080000004
0.026457003160000003
0.026366173579999992
0.026276707059999994
0.026188572680000008
0.026101732439999994
0.026016158039999994
0.02593181656
0.0258486744
0.025766705139999995
0.025685875739999996
0.025606161100000004
0.025527532379999992
0.025449962679999993
0.025373423199999995
0.02529789264
0.0252233433
0.025149753599999998
0.025077099939999993
0.025005357640000003
0.02493451033999999
0.024864529159999996
0.024795400160000005
0.02472710044000001
0.0246596126
0.02459291333999999
0.024526987120000007
0.024461816900000002
0.024397385660000003
0.024333674120000003
0.024270669119999994
0.024208347979999992
0.024146701180000004
0.024085711920000006
0.02402536548
0.02396564984
0.023906551260000006
0.023848052140000006
0.02379014322
0.02373281108000001
0.023676039540000002
0.02361982342
0.023564148699999996
0.02350900094
0.023454372320000007
0.023400248220000003
0.02334662489999999
0.02329348692000001
0.0232408221
0.02318862668
0.02313689136
0.023085603679999993
0.0230347543
0.022984339399999994
0.022934342300000004
0.022884763600000003
0.022835590100000004
0.022786816319999997
0.02273843358
0.02269043296
0.02264281056
0.022595559319999996
0.02254866984
0.022502137099999996
0.022455955840000007
0.02241011683999999
0.022364617359999995
0.022319447800000006
0.02227460486
0.022230080559999997
0.022185873880000005
0.02214197651999999
0.022098381399999995
0.02205508728
0.022012087179999997
0.02196937742
0.02192694886
0.021884806120000003
0.021842934460000005
0.021801335180000003
0.02176000476
0.02171893356
0.021678122479999992
0.021637566060000002
0.021597259539999993
0.021557199799999996
0.021517384120000004
0.02147780814
0.021438468159999998
0.021399358080000007
0.021360478919999995
0.021321828380000008
0.02128339778
0.021245188060000003
0.021207195080000005
0.02116941546
0.021131850120000004
0.021094490040000004
0.02105733539999999
0.021020384559999997
0.020983632240000008
0.020947077959999998
0.0209107178
0.020874550739999997
0.02083857306
0.020802783520000007
0.020767179200000006
0.020731756419999997
0.02069651482
0.0206614521
0.020626566979999997
0.020591853639999998
0.02055731534
0.020522946959999996
0.020488746940000004
0.02045471162
0.020420843780000007
0.020387136819999995
0.020353592999999996
0.02032020692
0.02028697992
0.02025390862
0.02022099324000001
0.020188228279999998
0.020155613979999997
0.020123152240000004
0.02009083396
0.020058665360000002
0.020026641599999995
0.019994763239999994
0.019963024219999993
0.019931430300000004
0.019899974080000004
0.01986865746
0.019837479499999994
0.019806436979999998
0.019775528379999997
0.01974475494
0.019714114979999992
0.019683604280000003
0.01965322538
0.019622972279999998
0.0195928493
0.019562851680000003
0.01953298032
0.019503234439999996
0.019473613760000005
0.019444115019999996
0.019414740099999998
0.019385484740000004
0.019356348639999996
0.019327330860000005
0.019298432780000006
0.0192696518
0.019240988400000002
0.01921243961
0.019184007160000002
0.019155686919999998
0.019127479980000008
0.019099385979999998
0.01907140342
0.019043530600000004
0.01901576628
0.018988114379999997
0.018960569719999997
0.018933130980000004
0.018905802939999997
0.01887858128
0.018851463960000002
0.0188244531
0.01879754608000001
0.01877074224
0.018744044779999997
0.01871744596
0.01869095122
0.01866455718
0.01863826408
0.0186120696
0.018585974949999997
0.01855997922
0.018534082379999997
0.018508284160000003
0.0184825828
0.018456979360000004
0.01843147056
0.018406058910000005
0.018380741190000004
0.0183555197
0.018330393049999998
0.018305360259999997
0.018280418519999998
0.018255569120000002
0.018230814239999997
0.0182061477
0.018181574660000005
0.018157091599999998
0.018132698399999998
0.018108396640000007
0.018084183120000003
0.018060059559999994
0.018036024079999997
0.018012076460000002
0.017988216
0.017964444070000002
0.01794075898
0.01791715916
0.017893647080000002
0.017870220160000002
0.017846879439999998
0.017823623999999993
0.01780045184
0.017777363320000003
0.01775435876
0.017731440340000005
0.017708603579999996
0.0176858504
0.017663180599999998
0.017640589710000005
0.01761808332
0.017595656910000004
0.0175733124
0.017551047299999997
0.017528863110000004
0.017506759670000004
0.01748473588
0.01746279155
0.017440926699999998
0.017419137839999998
0.01739743149
0.01737580076
0.017354249610000004
0.017332775289999994
0.01731137786
0.0172900576
0.01726881262
0.0172476452
0.017226554
0.017205535920000004
0.017184596920000003
0.017163731180000003
0.017142939890000004
0.017122224340000002
0.01710158248
0.01708101449
0.01706051918
0.01704009842
0.017019751530000005
0.016999477199999998
0.01697927628
0.0169591466
0.01693908946
0.016919106770000004
0.01689919502
0.01687935302
0.0168595831
0.0168398827
0.016820253110000002
0.016800694550000002
0.01678120499
0.016761788460000003
0.016742440469999998
0.01672316237
0.016703952050000002
0.01668481271
0.016665740039999998
0.01664673701
0.01662780025
0.016608934239999998
0.016590134959999992
0.01657140494
0.016552740859999998
0.016534145079999996
0.01651561601
0.01649715535
0.016478759879999996
0.016460430739999997
0.01644216665
0.01642396842
0.016405836059999998
0.016387769980000008
0.016369768609999995
0.01635183161
0.016333961200000004
0.016316155449999998
0.016298412380000002
0.016280734289999998
0.016263121000000002
0.016245570399999992
0.016228083790000004
0.016210660650000007
0.01619330173
0.016176004320000003
0.016158768620000003
0.016141597830000003
0.0161244882
0.01610744188
0.01609045396
0.016073532209999998
0.01605667097
0.016039870969999998
0.016023132859999994
0.016006454680000004
0.015989837320000002
0.01597327918
0.01595678308
0.01594034735
0.015923971269999993
0.0159076552
0.015891398659999997
0.01587520329
0.01585906594
0.015842987629999996
0.01582696675
0.0158110073
0.015795104520000002
0.01577926063
0.01576347368
0.015747746920000007
0.015732077840000004
0.015716466529999994
0.015700912749999997
0.01568541647
0.015669977199999997
0.01565459447
0.015639269449999996
0.015623999750000004
0.015608785880000005
0.015593629089999998
0.015578526800000006
0.015563481659999998
0.015548491250000008
0.015533556509999998
0.015518677609999998
0.015503855950000004
0.015489087839999995
0.015474375139999998
0.01545971798
0.015445114019999998
0.015430564830000002
0.015416070770000002
0.015401629849999994
0.015387241559999997
0.015372907919999996
0.015358628530000003
0.015344403279999998
0.01533023099
0.015316111250000002
0.015302044260000003
0.015288030060000003
0.015274068670000003
0.01526016174
0.015246305699999997
0.015232501870000002
0.015218748390000003
0.0152050486
0.015191398779999999
0.015177801939999997
0.01516425651
0.015150760960000004
0.015137316430000002
0.015123922419999998
0.015110580780000002
0.015097288879999999
0.015084047989999998
0.015070855839999998
0.0150577143
0.015044622910000001
0.015031581300000001
0.01501858693
0.015005642800000005
0.014992747879999997
0.01497990331
0.014967107560000002
0.01495436051
0.014941662480000005
0.0149290133
0.014916411799999998
0.014903857140000002
0.01489135341
0.014878896380000001
0.014866487040000001
0.014854124960000001
0.014841811089999999
0.014829545200000002
0.014817326779999997
0.014805154860000001
0.014793029769999997
0.014780951189999997
0.014768918949999998
0.01475693256
0.014744993190000005
0.01473309888
0.014721251930000002
0.014709451180000001
0.014697695790000003
0.014685986230000002
0.0146743231
0.014662703649999996
0.014651129120000004
0.014639599080000001
0.014628112439999999
0.01461667366
0.014605278999999997
0.014593927790000003
0.014582621819999999
0.01457135825
0.014560140799999996
0.014548966270000003
0.014537835239999996
0.014526750170000002
0.014515707279999996
0.014504707870000001
0.014493750929999999
0.014482837840000002
0.014471968750000001
0.014461140849999997
0.014450356879999994
0.014439614990000006
0.014428914820000001
0.014418257649999999
0.014407643850000002
0.014397071539999999
0.014386540730000001
0.014376051620000002
0.014365603070000002
0.014355197790000005
0.014344832580000001
0.014334508880000003
0.014324226530000001
0.01431398419
0.01430378254
0.01429362421
0.014283503849999999
0.014273426090000003
0.014263387430000003
0.01425338978
0.014243431229999999
0.014233512949999994
0.014223634030000003
0.014213793769999998
0.014203994469999997
0.014194234469999997
0.014184512970000002
0.014174830010000002
0.014165186199999992
0.014155582989999997
0.014146016369999998
0.0141364902
0.014127001650000004
0.01411755113
0.014108138989999996
0.014098765049999996
0.01408943041
0.014080132350000002
0.014070872460000003
0.014061650050000006
0.01405246637
0.014043317600000002
0.014034208580000002
0.0140251354
0.01401609927
0.014007100340000002
0.013998137850000002
0.013989213060000004
0.013980324650000004
0.013971471610000003
0.013962656120000002
0.013953876569999997
0.013945132660000005
0.01393642563
0.013927753359999996
0.013919117039999998
0.01391051693
0.01390195286
0.013893423830000006
0.013884927880000003
0.013876469160000005
0.013868045039999999
0.013859656900000001
0.01385130309
0.01384298311
0.013834696519999997
0.01382644544
0.013818227939999999
0.013810046389999999
0.013801898459999993
0.013793785629999998
0.013785704449999998
0.01377765958
0.013769645919999997
0.013761664840000005
0.01375371882
0.013745807329999995
0.01373792788
0.013730082229999998
0.013722269320000001
0.013714489259999994
0.01370674237
0.01369902931
0.013691347989999998
0.013683699290000007
0.01367608254
0.013668497439999996
0.013660945189999997
0.013653424329999999
0.01364593646
0.013638480239999999
0.013631055719999998
0.013623661149999999
0.013616299990000002
0.013608969200000003
0.013601668720000001
0.013594399960000001
0.01358716181
0.013579954350000001
0.013572777559999997
0.01356563427
0.01355852065
0.013551437300000002
0.013544385289999999
0.013537362269999999
0.01353037154
0.013523408600000002
0.01351647627
0.013509575299999998
0.013502704100000006
0.01349586265
0.013489050380000004
0.013482267459999999
0.013475512700000001
0.013468787549999996
0.013462091089999996
0.01345542477
0.013448787310000002
0.013442179299999994
0.013435599859999996
0.01342904949
0.013422526979999998
0.01341603382
0.013409569400000002
0.013403132589999995
0.013396723559999995
0.013390344450000003
0.013383991299999998
0.013377667670000003
0.013371372090000002
0.0133651053
0.013358866170000004
0.013352653340000003
0.013346466810000002
0.013340308250000004
0.013334178270000004
0.013328074469999996
0.013321997610000002
0.013315947699999999
0.01330992487
0.013303929329999995
0.013297960279999998
0.013292018170000001
0.013286102219999993
0.013280212799999998
0.013274349270000001
0.013268513679999998
0.013262702350000002
0.01325691823
0.01325115963
0.013245427369999998
0.013239720570000002
0.013234038959999996
0.013228383299999997
0.013222753750000003
0.013217149289999999
0.013211570689999999
0.013206017799999999
0.013200489849999997
0.013194986430000001
0.013189507029999997
0.013184054029999996
0.013178624920000003
0.013173220829999999
0.013167841560000003
0.013162487330000005
0.013157156709999998
0.01315185216
0.013146570500000001
0.013141313530000002
0.013136081209999997
0.013130873550000002
0.013125690379999999
0.013120530409999996
0.013115394610000003
0.013110282129999998
0.013105192370000001
0.013100127400000003
0.013095085649999996
0.013090066219999998
0.013085070389999998
0.013080098249999998
0.013075149610000001
0.01307022432
0.013065322969999994
0.013060443599999997
0.0130555859
0.013050751619999999
0.013045940509999998
0.013041152629999997
0.013036387450000003
0.013031642799999996
0.013026919799999996
0.013022220859999998
0.013017543999999997
0.013012889549999997
0.01300825576
0.013003643470000001
0.01299905361
0.01299448556
0.012989939819999996
0.01298541518
0.012980911660000004
0.012976429559999997
0.012971969710000007
0.012967531590000001
0.01296311404
0.012958718669999996
0.012954343209999998
0.012949990079999998
0.012945659149999995
0.012941347200000002
0.012937056
0.012932786679999997
0.012928536420000001
0.012924306350000003
0.012920097500000003
0.012915909779999997
0.012911741430000004
0.012907594849999999
0.012903467860000002
0.01289935962
0.01289527251
0.012891205480000001
0.01288715682
0.01288313016
0.012879121869999996
0.012875132490000002
0.012871164160000004
0.01286721508
0.012863285720000001
0.012859374969999997
0.012855484550000002
0.01285161321
0.01284776076
0.01284392773
0.012840113260000001
0.012836317370000001
0.01283254113
0.012828781720000001
0.01282504294
0.012821322079999998
0.012817619419999999
0.012813935720000004
0.012810270899999998
0.012806625179999996
0.012802996350000005
0.012799387069999994
0.01279579521
0.012792221490000002
0.01278866594
0.01278512775
0.012781609380000001
0.012778106650000003
0.01277462459
0.012771158120000004
0.012767710280000002
0.012764280380000007
0.012760867260000001
0.01275747223
0.0127540954
0.01275073401
0.012747390349999997
0.01274406465
0.012740755359999998
0.012737462660000002
0.012734187910000002
0.012730930759999998
0.012727689490000003
0.012724467019999998
0.012721258390000004
0.01271806701
0.01271489216
0.012711734429999996
0.012708591660000004
0.012705467209999995
0.012702357299999998
0.012699265900000003
0.012696191470000001
0.01269313167
0.012690088589999997
0.012687061460000003
0.012684050580000003
0.01268105664
0.012678076739999999
0.012675114949999997
0.012672167540000001
0.012669235510000001
0.012666318879999998
0.012663418210000004
0.01266053216
0.01265766244
0.012654807940000002
0.012651969380000003
0.012649145749999997
0.012646337680000003
0.012643544360000002
0.012640767209999999
0.012638003330000003
0.012635256210000003
0.012632522869999998
0.01262980575
0.012627102669999996
0.01262441424
0.012621740790000002
0.012619082390000003
0.012616438139999998
0.012613808809999998
0.012611193190000002
0.012608593230000003
0.012606007979999998
0.01260343474
0.012600877969999997
0.012598333539999998
0.012595803980000004
0.012593287160000001
0.012590785799999997
0.012588297449999999
0.012585824950000005
0.01258336542
0.012580920720000001
0.01257848821
0.01257607169
0.012573666849999998
0.01257127675
0.012568901400000006
0.01256653898
0.012564188669999997
0.012561852180000001
0.012559529970000004
0.012557220749999997
0.0125549245
0.01255264053
0.012550369639999998
0.01254811198
0.012545868169999998
0.012543637540000003
0.01254141957
0.012539214270000001
0.01253702189
0.012534842810000002
0.012532676089999997
0.012530522240000003
0.01252838061
0.012526251209999999
0.012524134849999997
0.012522031150000001
0.012519939479999997
0.012517861150000002
0.012515795070000002
0.012513741449999996
0.01251169985
0.012509670140000005
0.012507652250000001
0.012505646350000002
0.012503652070000003
0.012501670280000004
0.012499701790000001
0.01249774474
0.012495800169999998
0.012493867020000004
0.012491944259999997
0.012490034199999998
0.0124881354
0.012486249150000002
0.012484374660000002
0.012482511019999998
0.012480659929999994
0.012478819379999999
0.012476990850000001
0.012475174910000003
0.012473367929999995
0.012471572380000004
0.012469787950000002
0.012468014860000001
0.012466253200000001
0.012464501999999999
0.012462763160000006
0.01246103464
0.012459316310000001
0.012457608920000003
0.012455914059999997
0.012454229500000004
0.01245255478
0.012450891590000002
0.012449238970000004
0.012447597690000005
0.01244596673
0.012444346319999999
0.012442736310000002
0.01244113695
0.01243954736
0.012437968819999996
0.01243640037
0.012434841649999999
0.012433294970000001
0.012431757290000003
0.012430229749999999
0.012428712579999996
0.012427206020000001
0.012425708930000001
0.012424223230000002
0.012422747289999996
0.012421280580000001
0.012419825130000001
0.01241837913
0.012416942690000002
0.012415514149999998
0.012414097440000002
0.012412689420000001
0.012411290769999998
0.012409902090000001
0.012408523599999999
0.01240715499
0.01240579472
0.012404443899999998
0.012403103989999999
0.012401771659999998
0.012400448580000003
0.012399135799999999
0.012397830919999997
0.012396536939999998
0.012395250600000003
0.012393975610000002
0.01239270852
0.012391450030000003
0.012390202279999998
0.012388961999999998
0.012387731769999997
0.01238651144
0.012385299769999995
0.012384095990000002
0.012382901980000001
0.012381715859999998
0.0123805378
0.012379368819999998
0.012378209859999996
0.01237706014
0.012375917539999996
0.01237478379
0.012373658620000004
0.01237254281
0.012371435689999998
0.012370336879999997
0.01236924594
0.01236816391
0.012367090429999998
0.012366024820000002
0.01236496725
0.01236391714
0.01236287651
0.012361842979999997
0.012360819460000004
0.012359803740000001
0.012358795870000001
0.012357795799999998
0.01235680366
