0.08787811092
0.08614601308000001
0.0845278923
0.08302669889999997
0.08164303146000003
0.08037478582
0.07921710540000002
0.07816286246000001
0.07720330048000001
0.07632881824000001
0.0755296114
0.07479622986
0.0741198875
0.07349269191999999
0.07290767983999999
0.0723587896
0.07184081020000001
0.07134928288
0.07088040061999999
0.07043091097999998
0.06999804343999999
0.06957941816000002
0.06917300464000001
0.06877705126
0.06839004611999999
0.06801069648000001
0.0676378891
0.06727063755999999
0.06690811674
0.06654960351999999
0.06619448159999998
0.06584221076000002
0.06549233980000001
0.06514446541999999
0.06479826441999999
0.0644534476
0.06410978756
0.06376708081999999
0.06342516278
0.06308390608
0.06274320626
0.062402972839999994
0.06206315388
0.061723706320000016
0.06138460072
0.06104582404000001
0.060707376919999986
0.06036926295999999
0.06003151232000002
0.05969413745999999
0.05935718036000002
0.059020673860000025
0.05868466217999999
0.05834918973999999
0.05801430872
0.05768006747999999
0.05734651666000001
0.057013706059999995
0.05668170599999997
0.0563505567
0.056020318400000005
0.05569104973999999
0.055362796240000005
0.05503562398
0.05470958348
0.05438472900000001
0.05406111505999999
0.05373879138000002
0.053417809400000016
0.05309822679999999
0.05278008964
0.05246344788000002
0.052148355599999974
0.05183486272
0.05152301252
0.05121285512
0.0509044431
0.05059782356
0.050293041239999996
0.04999013621999999
0.04968916093999999
0.04939015898000003
0.04909317313999999
0.04879824985999999
0.04850542534
0.048214742300000016
0.04792624156
0.047639963019999995
0.04735593784
0.047074210419999984
0.046794806599999995
0.04651776456
0.04624310820000001
0.045970871979999994
0.04570107787999999
0.04543375886000001
0.04516892592
0.044906609
0.044646820019999985
0.04438958064000001
0.044134901299999994
0.04388279140000001
0.043633269319999994
0.04338633796
0.04314200176
0.04290026597999999
0.042661128779999995
0.04242459782000001
0.0421906642
0.04195933752
0.041730592260000005
0.041504434100000015
0.041280847860000004
0.04105982806000001
0.0408413619
0.04062543003999999
0.04041202412000001
0.04020113038
0.039992718979999994
0.03978678653999999
0.039583304939999994
0.039382253900000004
0.039183611880000004
0.038987359
0.03879347172000001
0.03860192236
0.03841268984000001
0.03822574558
0.038041070059999994
0.03785862876
0.03767840029999999
0.03750035843999999
0.03732447267999999
0.03715071534
0.036979055979999995
0.03680947426
0.036641934980000006
0.03647640934
0.03631287898
0.036151297
0.03599164958
0.03583390358000001
0.035678030199999995
0.0355240001
0.035371787639999985
0.035221357999999994
0.03507268590000001
0.0349257415
0.03478049302
0.03463691787999999
0.03449498434000002
0.03435466013999999
0.03421592261999999
0.03407873648
0.03394307398
0.03380890986000001
0.03367621142
0.03354494915999998
0.03341509286
0.03328661882
0.03315949495999999
0.033033687
0.032909173679999994
0.03278592172000001
0.03266390419999999
0.032543090319999995
0.03242344868
0.03230495656000001
0.032187586580000004
0.03207130394000001
0.03195608276000001
0.03184189576000001
0.03172871269999999
0.03161651378000001
0.031505265860000006
0.031394942220000006
0.031285518760000006
0.03117696640000001
0.031069265259999992
0.03096238452
0.030856308299999996
0.030751002779999998
0.030646456779999987
0.030542638519999995
0.030439531739999998
0.0303371168
0.030235377619999993
0.030134294439999994
0.030033862499999994
0.02993405934
0.02983487786
0.029736306379999994
0.029638344679999998
0.029540986840000002
0.02944423803999999
0.029348096979999995
0.029252565299999995
0.029157661100000003
0.029063389220000003
0.02896976798
0.02887680976
0.028784535880000003
0.02869296736000001
0.02860212888
0.02851203747999999
0.028422723299999997
0.028334199979999995
0.02824650134
0.028159640399999998
0.02807364212
0.02798851926
0.027904293099999998
0.027820974859999997
0.02773857126
0.027657092839999998
0.02757654063999999
0.027496919759999995
0.027418228840000003
0.02734046040000001
0.02726361002
0.02718767514
0.027112642699999995
0.027038500339999997
0.02696523864000001
0.026892845159999994
0.026821300899999997
0.02675059475999999
0.02668071344
0.026611637040000004
0.02654335278
0.026475843179999993
0.026409093360000004
0.026343087079999997
0.026277810239999994
0.026213249580000007
0.02614938254
0.026086198820000003
0.02602368556000001
0.025961824019999993
0.025900603300000002
0.02584000762
0.025780023899999994
0.025720637320000007
0.025661841060000003
0.025603614739999996
0.025545947779999998
0.02548883182
0.025432248940000002
0.025376191039999996
0.025320646100000004
0.02526560208
0.0252110433
0.025156965220000004
0.02510335559999999
0.025050200400000007
0.024997491639999998
0.02494521722
0.024893370439999996
0.024841937940000003
0.02479091446
0.02474028159999999
0.024690040800000007
0.02464017648
0.024590680260000008
0.024541545659999997
0.024492757979999995
0.024444314419999995
0.024396204880000005
0.024348420700000005
0.024300952959999997
0.024253796020000006
0.024206939960000007
0.024160376259999995
0.024114101400000015
0.024068103080000004
0.02402237938
0.0239769193
0.023931718100000002
0.023886766540000007
0.023842060640000003
0.023797591920000003
0.023753357180000004
0.02370934812
0.023665563
0.02362199212
0.023578633699999997
0.02353547758
0.02349252248000001
0.02344976614
0.023407203079999998
0.02336482777999999
0.023322634439999993
0.02328062535999999
0.023238790099999997
0.02319713216000001
0.02315564423999999
0.023114325980000003
0.023073178419999993
0.023032196059999996
0.02299137914
0.022950724480000007
0.02291022910000001
0.0228698995
0.022829732220000003
0.022789727599999997
0.022749882720000003
0.022710200180000008
0.022670682000000008
0.02263132582
0.022592136979999997
0.022553114979999993
0.022514255699999996
0.0224755713
0.02243705508
0.02239871018
0.022360538359999994
0.022322541639999995
0.02228472144
0.022247075319999997
0.02220961274
0.022172328740000004
0.022135226120000004
0.022098308079999997
0.0220615716
0.02202501884
0.021988650119999998
0.0219524675
0.021916475619999997
0.021880666079999996
0.021845042959999995
0.021809604460000003
0.02177435374
0.02173928778
0.021704406649999997
0.021669708600000007
0.02163519678
0.021600864569999993
0.021566713640000002
0.021532741759999995
0.0214989502
0.021465337039999997
0.021431898100000003
0.021398632040000004
0.0213655379
0.021332615540000002
0.021299859759999998
0.02126727132
0.021234847379999998
0.02120258768
0.021170488619999997
0.021138545979999993
0.021106762740000007
0.021075132899999995
0.021043656020000006
0.02101232973999999
0.0209811524
0.0209501195
0.020919233260000003
0.020888487870000007
0.02085788166
0.020827414619999998
0.020797081540000005
0.02076688164
0.020736815720000003
0.0207068802
0.020677070500000005
0.020647386689999995
0.02061782378
0.020588385199999996
0.020559063540000005
0.020529860800000008
0.02050077561
0.020471803890000008
0.02044294497
0.020414194730000005
0.020385552419999994
0.020357015540000002
0.020328582879999994
0.020300250340000003
0.020272021699999997
0.02024388922
0.02021585325
0.020187912320000004
0.02016006603
0.020132310520000002
0.02010464115
0.02007706081
0.020049566630000005
0.0200221561
0.01999482758
0.019967580199999994
0.019940410640000003
0.019913319109999997
0.019886304129999997
0.019859357640000002
0.019832485280000003
0.019805681659999998
0.01977894414
0.019752275260000004
0.019725670280000003
0.019699125959999998
0.019672642199999996
0.019646217210000004
0.019619848899999997
0.019593536879999995
0.019567276480000003
0.01954106832
0.01951490854
0.019488796899999997
0.019462733429999997
0.019436711899999997
0.019410733969999996
0.019384795899999994
0.019358897469999997
0.01933303637
0.019307210779999993
0.019281419240000004
0.01925565841000001
0.019229926760000002
0.01920422381
0.01917854832
0.01915289909
0.019127272539999997
0.01910166604
0.01907608052
0.019050515120000003
0.01902496713
0.01899943867
0.018973922059999995
0.018948422439999994
0.01892293718
0.01889746213
0.0188720009
0.0188465505
0.018821111959999998
0.018795680820000008
0.01877025876
0.018744849299999998
0.018719449180000007
0.018694060859999997
0.01866867998
0.018643313089999995
0.01861795586
0.018592613600000002
0.018567283070000003
0.01854196844
0.01851667034
0.01849139202
0.018466132169999996
0.01844089622
0.018415683549999996
0.01839049544
0.01836533613
0.018340207829999997
0.01831511371
0.018290057860000004
0.018265038350000002
0.01824006309
0.018215132070000008
0.01819024596
0.018165410960000003
0.01814062878
0.018115903840000003
0.01809123494
0.018066626879999995
0.018042084009999997
0.018017606849999996
0.01799319797
0.01796885843
0.017944589520000005
0.01792039617
0.017896277479999997
0.017872235479999995
0.0178482735
0.01782439338
0.01780059247
0.017776874499999994
0.017753236819999997
0.017729685689999997
0.01770621519
0.01768282878
0.01765952827
0.01763631045
0.01761317376
0.017590120909999996
0.017567150970000004
0.017544260920000006
0.017521450150000006
0.017498722699999997
0.017476072489999998
0.017453499379999994
0.01743100303
0.017408579709999997
0.017386232520000003
0.017363956349999994
0.017341751250000002
0.017319614870000003
0.01729754526
0.017275542639999995
0.017253602649999998
0.01723172613
0.017209909379999996
0.017188149589999997
0.017166446639999996
0.01714479757
0.01712320578
0.017101662320000002
0.017080167529999996
0.017058718329999997
0.01703731604
0.01701595935000001
0.01699464181
0.0169733658
0.016952127920000004
0.016930928079999998
0.01690976266
0.016888632179999998
0.01686753434
0.01684646825
0.016825432060000003
0.01680442446
0.01678344121
0.01676248563
0.016741556060000006
0.01672065342
0.016699774599999995
0.016678918310000002
0.016658087619999998
0.016637282310000005
0.016616499659999995
0.016595742759999994
0.01657501368
0.01655430772
0.016533628330000005
0.016512978839999998
0.0164923564
0.016471767720000002
0.016451207750000002
0.016430683419999998
0.016410193799999997
0.01638974262
0.01636933408
0.016348965500000007
0.016328642839999997
0.016308367280000003
0.016288145089999997
0.01626797625
0.01624786216
0.016227809229999998
0.01620781842
0.016187892609999997
0.01616803459
0.016148247350000002
0.016128533440000002
0.01610889982
0.01608934264
0.016069867909999997
0.016050476050000005
0.016031173330000002
0.016011956920000004
0.015992833280000004
0.015973801259999997
0.015954862929999997
0.015936021319999997
0.015917277460000004
0.01589863037
0.015880084800000003
0.015861639279999996
0.015843295099999998
0.015825050789999996
0.015806908859999996
0.015788870390000008
0.015770936210000003
0.015753103329999997
0.015735371449999997
0.01571774359
0.01570021622
0.015682791409999997
0.01566546891
0.01564824524999999
0.015631123100000005
0.015614098760000002
0.015597171869999999
0.015580341079999999
0.015563609859999996
0.015546973339999999
0.015530433729999998
0.01551398881
0.01549763783
0.015481380609999998
0.01546521174
0.015449135309999997
0.015433148299999994
0.015417250459999999
0.015401439250000003
0.015385716640000002
0.015370078300000003
0.01535452704
0.015339058670000006
0.015323674769999997
0.015308372170000004
0.015293151720000004
0.015278012169999999
0.015262952409999999
0.015247971150000005
0.01523306895
0.015218242939999998
0.015203491850000002
0.01518881588
0.01517421691
0.01515969036
0.01514523611
0.015130854000000001
0.015116544599999998
0.01510230532
0.01508813701999999
0.015074038009999999
0.015060005960000001
0.015046043120000005
0.015032149040000003
0.01501832186
0.01500456045
0.014990864379999998
0.01497723295
0.01496366586
0.014950163019999997
0.014936723139999997
0.014923346879999999
0.014910030629999998
0.014896774619999999
0.014883581219999999
0.01487044902
0.014857377350000001
0.014844365790000003
0.01483140938
0.01481851433
0.014805676559999995
0.014792895460000002
0.014780173279999998
0.014767506079999998
0.01475489452
0.01474233973
0.014729838479999997
0.01471739419
0.014705002060000001
0.014692664009999998
0.014680380859999998
0.014668151490000003
0.01465597306
0.014643845199999998
0.014631771600000005
0.014619749819999996
0.014607778069999997
0.014595857879999998
0.01458398981
0.014572170169999999
0.01456040052
0.014548680990000005
0.014537009490000004
0.014525387329999999
0.014513812359999996
0.014502287250000002
0.014490807940000001
0.014479377250000001
0.014467994150000002
0.01445665861
0.014445369370000002
0.014434129080000002
0.014422934079999998
0.014411784369999998
0.014400679209999996
0.014389619990000001
0.014378608159999999
0.014367639400000003
0.014356715919999999
0.01434583732
0.014335001290000005
0.0143242113
0.014313464480000003
0.014302761479999997
0.01429210388
0.01428148587
0.014270911500000004
0.014260380459999994
0.014249890510000003
0.01423944161
0.014229035219999998
0.014218671710000004
0.014208350789999998
0.014198068650000001
0.014187831239999997
0.014177630129999999
0.014167470480000001
0.014157351539999998
0.01414727281
0.014137233789999998
0.014127234619999998
0.014117274270000002
0.01410735437
0.014097473550000003
0.014087632440000003
0.0140778302
0.014068065499999997
0.014058341189999999
0.014048654459999997
0.014039005639999998
0.014029395289999998
0.014019822309999999
0.014010286580000007
0.014000789060000001
0.013991329310000002
0.013981907650000003
0.013972521929999999
0.013963173689999999
0.013953863940000004
0.013944590360000002
0.013935352770000005
0.013926153410000001
0.013916990779999997
0.01390786332
0.013898771620000002
0.013889717529999998
0.013880697730000002
0.013871714900000005
0.01386276518
0.013853852379999998
0.013844974169999998
0.013836130420000004
0.013827322920000001
0.013818550140000004
0.013809809479999999
0.01380110589
0.013792436590000005
0.013783800409999998
0.013775200540000001
0.01376663465
0.013758102380000001
0.01374960394
0.013741141290000002
0.013732713529999996
0.013724317119999998
0.013715954550000006
0.013707626430000001
0.013699331460000004
0.013691070500000005
0.013682841670000003
0.013674642959999997
0.013666479449999998
0.013658348140000004
0.013650252310000001
0.013642187300000002
0.01363415498
0.013626154089999998
0.013618186759999998
0.013610250449999998
0.013602345919999998
0.013594473440000003
0.013586632280000002
0.013578823359999999
0.013571044650000004
0.01356329804
0.013555582550000002
0.013547898929999993
0.013540248130000002
0.013532628079999998
0.01352503941
0.013517481210000007
0.013509952709999997
0.01350245636
0.013494990529999999
0.013487555249999998
0.013480151369999997
0.01347277675
0.013465432290000003
0.013458118699999995
0.01345083554
0.013443579810000003
0.01343635449
0.01342915993
0.013421994950000002
0.013414860150000003
0.013407754599999993
0.013400679020000002
0.013393633419999997
0.013386615620000004
0.01337962731
0.013372668619999998
0.013365738769999998
0.013358838589999995
0.013351967139999999
0.0133451239
0.013338308389999996
0.013331522329999995
0.01332476481
0.01331803686
0.013311337599999999
0.013304667909999998
0.013298025450000002
0.01329141081
0.01328482424
0.013278266929999998
0.013271738970000004
0.013265236160000003
0.01325876061
0.013252313130000002
0.013245892520000002
0.013239498930000003
0.013233132479999998
0.013226792000000003
0.01322047957
0.013214196089999998
0.013207938540000002
0.01320170847
0.013195504339999997
0.013189326860000001
0.013183176509999997
0.013177054720000001
0.013170958399999997
0.013164888940000003
0.013158846239999999
0.013152827930000001
0.013146835060000002
0.013140870899999997
0.013134933090000005
0.013129019859999997
0.013123132010000003
0.013117271169999998
0.013111437030000004
0.013105627049999997
0.013099843329999998
0.013094083580000004
0.013088351060000001
0.013082645829999994
0.013076964359999999
0.013071308779999997
0.013065679100000007
0.013060072829999998
0.013054493310000002
0.01304893805
0.01304340723
0.013037900110000002
0.013032419619999997
0.01302696192
0.013021529050000003
0.013016120389999998
0.013010736529999995
0.013005376430000007
0.013000039620000004
0.012994728570000004
0.012989441079999999
0.01298417727
0.012978939430000003
0.012973725130000002
0.012968535820000002
0.01296336703
0.012958225040000004
0.012953104029999997
0.012948007709999997
0.012942934510000002
0.012937885810000004
0.01293285813
0.012927854360000001
0.012922872959999996
0.012917914169999996
0.012912978629999999
0.012908067950000005
0.012903179220000007
0.012898312149999997
0.012893467929999998
0.012888643840000002
0.01288384523
0.01287906891
0.01287431402
0.012869582210000003
0.012864873890000007
0.012860185539999996
0.012855520649999999
0.0128508772
0.012846256909999996
0.012841657819999998
0.012837080579999998
0.012832524809999997
0.01282799146
0.012823481139999999
0.012818991239999996
0.01281452247
0.012810074400000003
0.012805646769999996
0.012801241209999998
0.01279685795
0.012792494459999994
0.012788153519999996
0.012783831009999998
0.012779530050000003
0.01277525022
0.012770989830000003
0.012766751400000003
0.012762535210000005
0.012758337339999992
0.012754161150000004
0.012750005009999994
0.012745870690000003
0.01274175634
0.01273766226
0.01273358829
0.01272953404
0.012725499849999999
0.01272148434
0.012717488350000004
0.012713513889999998
0.012709558129999996
0.012705622130000005
0.012701704890000005
0.012697808099999994
0.012693929980000001
0.012690072560000003
0.012686232650000002
0.012682414799999996
0.012678613500000007
0.012674833599999996
0.012671071530000001
0.012667329859999998
0.012663606570000001
0.012659901210000005
0.01265621516
0.012652549230000002
0.012648900040000004
0.012645270709999998
0.012641661039999997
0.012638067939999999
0.0126344944
0.012630940029999996
0.012627403380000003
0.012623884730000003
0.01262038369
0.01261690302
0.012613439090000006
0.012609992670000006
0.012606564930000001
0.012603154830000003
0.012599760449999999
0.012596384309999997
0.012593025070000001
0.012589684140000001
0.012586361339999998
0.01258305658
0.012579767750000003
0.01257649588
0.012573240860000006
0.012570003589999998
0.012566784119999999
0.012563582119999995
0.012560396269999998
0.012557227970000003
0.012554077889999998
0.012550942220000003
0.012547824269999994
0.012544723409999998
0.01254163944
0.012538571749999996
0.012535521400000001
0.012532486650000002
0.012529469820000002
0.012526468589999997
0.012523484579999997
0.012520516609999994
0.012517561949999999
0.012514625149999998
0.012511705179999999
0.01250879981
0.01250591258
0.0125030408
0.012500184859999994
0.01249734509
0.01249452159
0.01249171339
0.01248892082
0.012486142530000004
0.01248338042
0.012480632580000001
0.01247790122
0.012475186190000001
0.01247248687
0.012469802410000001
0.012467133420000004
0.012464478560000002
0.0124618417
0.012459217139999996
0.01245660874
0.01245401472
0.012451436279999997
0.01244887261
0.012446323379999997
0.012443788150000001
0.012441267289999997
0.012438762000000006
0.012436270740000002
0.012433794129999998
0.012431333159999997
0.012428884870000004
0.012426450849999998
