0.09700706087999997
0.06328181241999999
0.049539320180000006
0.03949285986
0.03294174822000001
0.028867033899999995
0.026231013700000007
0.02438360436000001
0.022975976740000004
0.021826411920000007
0.020840823200000004
0.019969811959999993
0.019186561300000002
0.01847557487
0.017827135099999995
0.01723459415
0.016693036750000004
0.01619858271
0.01574797363
0.015338362719999998
0.014967144009999997
0.014631860049999999
0.014330140279999999
0.014059668530000005
0.01381817524
0.013603444140000006
0.013413316479999994
0.013245717510000003
0.013098663249999998
0.012970274290000002
0.012858792980000004
0.012762577730000004
0.012680122319999997
0.012610038779999999
0.012551063970000003
0.01250204914
0.012461949779999999
0.012429819679999999
0.01240480153
0.012386114610000006
0.01237304815
0.01236495804
0.01236125863
0.012361418740000001
0.0123649585
0.01237144689
0.012380502770000003
0.012391783179999998
0.012404986159999994
0.012419844960000002
0.012436127579999998
0.01245362651
0.012472162120000003
0.012491579790000006
0.01251173529
0.01253251059
0.012553799030000003
0.012575507249999998
0.012597556139999999
0.0126198726
0.01264239814
0.01266507512
0.012687861739999999
0.01271071406
0.01273359859
0.012756486599999997
0.01277934895
0.012802165310000002
0.012824916079999997
0.012847582430000004
0.012870152339999998
0.012892613830000002
0.012914956069999999
0.012937169159999998
0.012959246570000003
0.012981183890000001
0.013002970679999996
0.01302460666
0.01304608731
0.013067408690000004
0.013088569549999995
0.013109567899999999
0.01313040274
0.013151071700000001
0.013171575060000001
0.013191910339999996
0.013212079599999996
0.013232081580000004
0.01325191656
0.013271584840000008
0.013291087150000006
0.013310423799999995
0.013329595909999999
0.013348604900000003
0.013367448720000001
0.013386130160000002
0.01340464998
0.013423009880000003
0.01344120871
0.013459249800000007
0.013477133250000006
0.01349485995
0.01351243265
0.013529851659999996
0.013547117380000006
0.013564230320000002
0.013581193100000001
0.013598008259999999
0.013614675320000005
0.013631195530000004
0.013647569860000002
0.013663800410000003
0.013679886730000002
0.013695831569999999
0.013711637329999995
0.013727304479999997
0.013742833249999998
0.0137582246
0.0137734802
0.013788602009999998
0.013803591900000006
0.013818448920000002
0.013833175489999999
0.013847775470000004
0.01386224505
0.013876587469999997
0.013890805939999999
0.013904900229999994
0.01391887083
0.013932719050000004
0.013946447030000001
0.013960055249999994
0.013973545100000002
0.013986918190000006
0.014000173920000004
0.01401331629
0.0140263431
0.01403925881
0.014052061159999995
0.014064753349999999
0.014077336209999998
0.014089811079999999
0.014102177490000003
0.014114437849999996
0.014126593820000003
0.014138643209999998
0.014150590289999994
0.014162436029999996
0.014174181000000001
0.014185825160000004
0.014197369640000004
0.014208815049999999
0.014220164480000002
0.014231416650000002
0.01424257187
0.014253633780000004
0.014264602469999997
0.014275477280000002
0.014286260560000002
0.014296953379999998
0.014307554759999999
0.014318068699999997
0.014328492399999993
0.014338831270000001
0.014349079820000001
0.01435924418
0.014369323250000005
0.014379317309999999
0.014389228950000001
0.014399058199999999
0.014408802870000004
0.01441846885
0.01442805249
0.014437557999999994
0.014446984740000007
0.014456332830000003
0.0144656029
0.014474796720000006
0.014483914489999998
0.014492955870000004
0.014501923469999997
0.014510816160000004
0.014519636680000001
0.014528384489999999
0.01453705923
0.014545662559999999
0.014554196360000002
0.014562661900000003
0.014571054299999995
0.014579380579999999
0.014587636789999999
0.01459582682
0.014603949380000002
0.014612006190000002
0.01461999734
0.014627923009999997
0.01463578401
0.014643580700000002
0.014651315549999998
0.014658985490000005
0.014666595619999999
0.014674141169999998
0.014681628019999997
0.014689053519999997
0.014696418970000003
0.01470372452
0.01471097133
0.014718159340000004
0.014725289160000004
0.014732361480000003
0.014739377069999995
0.014746336170000002
0.014753238939999998
0.014760086529999996
0.01476687858
0.014773616559999998
0.014780301200000004
0.014786931480000001
0.014793507990000003
0.01480003262
0.0148065059
0.014812927289999995
0.014819296400000006
0.014825614420000001
0.01483188362
0.014838100339999999
0.014844268520000004
0.014850385860000002
0.01485645638
0.014862478320000006
0.0148684524
0.014874379670000002
0.014880260710000006
0.014886092640000001
0.014891878870000003
0.014897618310000003
0.014903314500000002
0.0149089641
0.014914569569999998
0.01492013122
0.014925647750000002
0.014931122259999994
0.014936552120000002
0.014941938370000005
0.01494728325
0.014952585950000003
0.014957847969999995
0.014963067570000004
0.014968246549999993
0.014973383239999995
0.014978481009999996
0.014983539089999998
0.01498855529
0.01499353433
0.01499847511
0.015003374570000004
0.015008238799999997
0.015013063450000004
0.015017850210000006
0.015022598909999997
0.015027311039999996
0.015031985330000006
0.015036624750000005
0.015041228830000001
0.015045793719999995
0.015050325159999997
0.015054821799999996
0.015059282869999998
0.01506370862
0.01506810178
0.015072460049999997
0.015076783099999996
0.015081074369999996
0.015085332899999996
0.015089558169999996
0.015093749070000002
0.015097908729999996
0.015102037679999996
0.01510613366
0.015110195810000003
0.015114230070000002
0.015118231780000001
0.015122201820000004
0.015126143740000002
0.015130053320000003
0.015133934220000003
0.015137784779999998
0.015141606279999997
0.015145397949999997
0.015149160019999998
0.01515289435
0.015156599740000004
0.015160277790000003
0.015163929159999999
0.015167551459999993
0.015171145810000003
0.015174712309999998
0.01517825132
0.015181764680000005
0.015185250879999994
0.015188711380000003
0.015192144500000004
0.015195552890000002
0.015198934820000001
0.015202293129999999
0.015205623849999999
0.015208930780000003
0.015212212900000001
0.015215468210000001
0.015218701579999999
0.015221909719999996
0.01522509463
0.015228256299999998
0.01523139314
0.01523450816
0.015237598189999995
0.015240665670000007
0.015243710630000004
0.015246731219999999
0.015249732269999997
0.01525271038
0.015255666230000004
0.015258599829999999
0.015261512779999997
0.015264404229999999
0.015267275390000003
0.015270122810000002
0.015272951149999997
0.015275758759999996
0.015278544940000001
0.015281311019999999
0.015284058650000003
0.015286785550000005
0.015289491739999994
0.01529217818
0.015294844609999999
0.015297493189999997
0.015300122660000002
0.015302732800000001
0.01530532418
0.015307897309999999
0.015310451269999999
0.01531298823
0.015315505939999996
0.015318006230000004
0.0153204889
0.015322952650000006
0.015325401529999996
0.015327832389999997
0.015330245789999997
0.015332642439999999
0.015335020480000003
0.015337383850000004
0.015339729880000002
0.01534205961
0.015344372940000003
0.015346671880000003
0.015348951700000004
0.015351218330000006
0.015353468129999999
0.01535570313
0.015357922250000003
0.015360126410000006
0.015362316290000002
0.015364490359999998
0.01536665143
0.01536879647
0.015370926510000004
0.01537304328
0.015375145820000002
0.01537723408
0.015379308020000003
0.015381368049999997
0.015383414499999993
0.015385446680000005
0.015387466439999997
0.015389471930000002
0.01539146537
0.015393444459999996
0.015395411840000001
0.01539736581
0.015399308
0.01540123699
0.015403153170000001
0.015405057350000003
0.01540695
0.015408828419999998
0.015410697640000004
0.015412554039999995
0.015414397649999998
0.015416230200000002
0.015418052229999996
0.015419862020000006
0.015421662339999996
0.01542345086
0.015425230619999999
0.015426995659999993
0.015428751409999998
0.015430495550000003
0.015432230070000004
0.015433955000000006
0.015435666830000002
0.015437369809999995
0.015439062609999998
0.015440744650000003
0.01544241871
0.015444081089999997
0.015445734979999997
0.015447379950000001
0.01544901468
0.01545063849
0.015452256070000002
0.015453863970000004
0.01545546123
0.015457048640000004
0.015458629119999998
0.015460200619999998
0.01546176243
0.015463315740000006
0.015464862989999996
0.015466399099999995
0.015467926540000003
0.015469447809999997
0.01547095927
0.01547246396
0.015473960310000002
0.01547544913
0.015476929980000005
0.015478403159999998
0.015479867759999997
0.015481326139999998
0.015482777200000006
0.015484222440000002
0.01548565805
0.015487086680000001
0.015488509749999995
0.01548992656
0.0154913346
0.01549273648
0.015494131520000001
0.015495520490000001
0.015496902530000002
0.015498277940000004
0.0154996462
0.015501009239999995
0.015502366709999993
0.015503717350000001
0.015505062620000001
0.015506401720000002
0.01550773408
0.015509061100000004
0.01551038167
0.015511698089999996
0.015513007819999996
0.015514311410000004
0.015515610950000003
0.015516904160000004
0.015518192810000003
0.015519477159999993
0.015520756279999999
0.015522029550000007
0.015523298730000001
0.015524561860000001
0.015525818390000007
0.015527072739999996
0.015528321629999993
0.015529565840000002
0.015530805730000001
0.015532039820000003
0.015533270809999992
0.015534496979999996
0.015535720169999998
0.015536937130000001
0.015538152060000001
0.015539362369999993
0.01554056802
0.015541768389999999
0.015542966919999995
0.015544160599999997
0.015545351229999997
0.01554653966
0.015547721950000003
0.015548901909999998
0.015550078630000002
0.015551250640000003
0.01555242029
0.015553585779999997
0.01555474942
0.01555590839
0.015557063770000004
0.015558217000000003
0.015559366240000006
0.01556051409
0.015561657749999997
0.015562798439999994
0.015563936130000003
0.01556507116
0.015566203450000003
0.015567331719999997
0.015568457830000002
0.015569582750000002
0.015570704370000004
0.015571824199999997
0.015572939719999996
0.015574052820000002
0.015575164050000001
0.015576272750000003
0.01557738005
0.015578486009999998
0.015579586409999995
0.015580687240000004
0.015581784830000002
0.015582880230000002
0.015583972929999999
0.015585065670000002
0.015586155659999996
0.015587243640000002
0.015588329580000004
0.015589412580000002
0.015590495979999994
0.015591577049999996
0.015592655689999997
0.015593731910000005
0.015594807900000006
0.0155958829
0.015596955999999997
0.015598026080000002
0.015599093700000006
0.015600161589999996
0.015601226530000002
0.01560229091
0.01560335547
0.015604417799999997
0.015605478730000004
0.01560653804
0.015607596459999998
0.015608654690000003
0.015609709710000001
0.01561076601
0.015611818830000002
0.0156128714
0.015613923080000001
0.015614974669999998
0.015616024330000002
0.015617074180000001
0.015618121510000001
0.015619167839999998
0.015620214810000001
0.015621260009999997
0.01562230655
0.015623349960000003
0.01562439426
0.01562543703
0.01562647883
0.01562752084
0.015628561550000006
0.015629601060000005
0.015630640309999996
0.01563168012
0.015632717419999997
0.015633755970000007
0.015634793510000005
0.015635831519999997
0.01563686726
0.015637903760000006
0.015638940219999998
0.015639975929999998
0.015641011609999995
0.01564204563
0.01564308061
0.015644114820000003
0.015645150219999994
0.01564618445
0.01564721872
0.01564825215
0.01564928563
0.01565032011
0.015651353449999995
0.015652386679999998
0.015653421590000008
0.015654452919999992
0.015655486449999995
0.015656520130000004
0.01565755377
0.015658586749999995
0.015659620399999997
0.015660655080000002
0.015661688880000003
0.015662722599999998
0.015663757399999995
0.015664791260000005
0.01566582581
0.015666860449999997
0.015667895889999995
0.01566893088
0.015669966529999996
0.015671001329999996
0.01567203743
0.01567307323
0.015674110600000003
0.015675147170000004
0.015676184590000003
0.01567722214
0.01567825950000001
0.015679298969999998
0.015680337750000002
0.01568137796
0.01568241878
0.015683459089999997
0.015684497469999996
0.015685539799999995
0.015686578899999998
0.01568762138
0.01568866462
0.015689708299999997
0.01569075216
0.015691795550000002
0.01569283969
0.015693887069999995
0.01569493329
0.01569598006
0.015697026999999995
0.015698075710000002
0.015699123939999997
0.01570017135
0.015701221770000003
0.015702270789999997
0.01570332195
0.0157043737
0.015705426620000004
0.0157064807
0.01570753462000001
0.015708590439999993
0.015709645349999996
0.01571070281
0.01571175869
0.015712816849999995
0.015713875229999997
0.01571493543
0.01571599456
0.015717057059999998
0.015718119630000003
0.01571918195
0.015720248069999995
0.01572131271
0.0157223775
0.015723444989999998
0.015724512139999994
0.015725580849999997
0.01572665046
0.015727720080000004
0.0157287929
0.015729865339999996
0.015730938030000002
0.015732011499999993
0.01573308607
0.015734163009999996
0.015735240199999997
0.015736318359999998
0.01573739825
0.0157384774
0.015739558629999997
0.015740640020000002
0.015741724299999996
0.01574280808
0.01574389352
0.015744980649999997
0.015746066700000002
0.01574715472
0.015748242300000003
0.01574933213
0.01575042363
0.01575151733
0.015752610650000002
0.015753705750000003
0.01575480037
0.015755898129999998
0.01575699634
0.015758095110000005
0.01575919725
0.015760296800000004
0.015761399590000003
0.01576250494000001
0.01576360918
0.015764715009999992
0.015765822670000002
0.015766930760000002
0.015768039669999998
0.015769151209999995
0.015770264560000004
0.01577137652
0.015772492140000004
0.015773608220000002
0.01577472229
0.015775840749999995
0.015776959759999997
0.015778079950000003
0.01577920164
0.015780324250000005
0.015781448990000006
0.01578257488
0.015783701229999992
0.015784830580000003
0.0157859597
0.015787089650000002
0.01578822239
0.015789355090000002
0.015790490250000004
0.015791627659999995
0.015792763510000002
0.015793902139999993
0.01579504125
0.01579618326
0.015797325099999995
0.015798466729999995
0.015799612509999998
0.015800759729999992
0.01580190878
0.015803056420000003
0.015804206770000002
0.01580535769
0.01580650968
0.015807663140000004
0.015808817969999993
0.015809976729999998
0.015811134609999996
0.01581229457
0.015813454629999998
0.01581461722
0.015815781539999997
0.01581694574999999
0.0158181128
0.0158192815
0.01582045204
0.015821622279999992
0.015822793339999995
0.0158239675
0.015825142630000004
0.015826318689999997
0.01582749727
0.01582867571
0.015829857180000004
0.015831038989999997
0.015832221900000002
0.015833407820000006
0.015834592600000003
0.015835780209999997
0.01583696959
0.015838160869999996
0.01583935177
0.015840545880000004
0.015841742020000004
0.015842939509999997
0.01584413756
0.01584533587
0.015846536330000004
0.015847738360000002
0.015848941810000003
0.0158501486
0.015851356599999998
0.015852566530000004
0.015853776049999997
0.015854987579999993
0.01585620065
0.015857416749999995
0.015858631539999998
0.01585985081
0.01586106894
0.015862289480000007
0.015863511939999998
0.0158647369
0.015865963270000002
0.015867188579999997
0.015868418849999996
0.01586964926
0.01587088155
0.015872114450000002
0.015873349330000005
0.01587458581
0.01587582347
0.015877064339999997
0.01587830623
0.015879549209999996
0.015880792270000003
0.01588203829
0.015883287399999998
0.015884535870000004
0.0158857881
0.015887040749999998
0.015888295959999996
0.0158895518
0.01589080857
0.015892066049999997
0.015893327960000002
0.015894592180000004
0.01589585663
0.015897122349999994
0.015898391129999995
0.01589966044
0.015900930719999998
0.015902202859999996
0.0159034774
0.015904752019999996
0.015906030560000003
0.015907308280000004
0.015908589260000005
0.0159098722
0.01591115763
0.015912444129999998
0.015913731730000005
0.015915020270000003
0.015916311599999997
0.015917605010000006
0.01591889996
0.01592019658
0.015921495559999995
0.015922795609999995
0.015924097189999993
0.01592540113
0.015926706729999997
0.01592801468
0.015929323510000003
0.01593063535000001
0.01593194794
0.015933262420000004
0.01593457868
0.01593589554000001
0.01593721605
0.01593853808
0.01593986322
0.015941188059999997
0.015942514099999992
0.015943844980000003
0.01594517541
0.015946507669999995
0.015947841540000004
0.015949178209999994
0.015950517079999994
0.015951856360000002
0.015953198459999998
0.01595454216
0.01595588813
0.01595723555999999
0.015958585140000002
0.01595993454
0.01596128829
0.01596264286
0.0159639993
0.015965359180000003
0.015966718930000002
0.01596808069
0.01596944593
0.01597081107
0.01597217954
0.015973549880000004
0.015974920399999995
0.015976294800000002
0.015977670660000002
0.01597904867
0.015980429280000003
0.015981809269999998
0.01598319326
0.01598457906
0.01598596545
0.015987353660000005
0.015988748099999995
0.015990139149999995
0.01599153322
0.01599293015
0.015994328579999998
0.015995730200000006
0.015997133620000003
0.015998538390000004
0.015999945400000003
0.01600135469
0.016002765000000002
0.016004177869999997
0.016005592819999998
0.016007008929999997
0.016008428440000003
0.016009849250000006
0.016011271410000003
0.016012697130000003
0.01601412324
0.016015549879999997
0.016016980149999995
0.0160184142
0.01601984809
0.01602128581
0.01602272385
0.016024164460000004
0.016025606300000005
0.016027050819999996
0.016028495389999998
0.016029945830000003
0.016031396879999996
0.01603285009
0.01603430495
0.016035762279999997
0.01603722137
0.01603868241
0.01604014617
0.01604161073
0.0160430779
0.016044545030000003
0.016046016139999997
0.016047489759999995
0.01604896513
0.01605044387
0.01605192346
0.016053403729999995
0.01605488601
0.016056370730000005
0.016057859060000006
0.01605934896
0.016060840259999997
0.0160623341
0.016063828679999993
0.016065326990000003
0.016066825759999993
0.016068327599999998
0.01606983166
0.016071337800000002
0.016072844989999998
0.016074356090000002
0.01607586524
0.016077382229999996
0.01607889706
0.01608041551
0.016081936440000003
0.0160834594
0.01608498376
0.01608651082
0.01608803965
0.016089571280000003
0.01609110532
0.016092640650000004
0.0160941773
0.016095716069999995
0.016097257940000005
0.016098802639999993
0.01610034822
0.01610189689
0.016103447020000005
0.016105000479999996
0.016106554850000003
0.016108111949999993
0.0161096712
0.016111232580000003
0.016112796460000002
0.016114361060000006
0.016115929609999996
0.016117497310000003
0.01611907001
0.016120643759999997
0.016122220360000005
0.016123796679999993
0.016125376979999998
0.01612695776
0.01612854203
0.016130128480000002
0.01613171653
0.016133308600000004
0.01613490105
0.01613649654
0.016138093880000003
0.016139693270000005
0.01614129552
0.016142898700000005
0.016144503749999997
0.016146111900000003
0.016147723239999995
0.016149336140000005
0.01615094886
0.01615256543
0.016154183520000004
0.016155802900000002
0.016157427070000004
0.016159051759999998
0.0161606784
0.01616230807
0.016163941619999997
0.016165574
0.016167209220000003
0.016168847039999996
0.01617048703
0.01617212914
0.016173772359999995
0.01617542132
0.016177069029999998
0.01617871909
0.016180372180000003
0.016182025920000006
0.016183683219999998
0.01618534282
0.01618700398
0.01618866482
0.016190329639999997
0.016191996900000002
0.016193667010000006
0.01619533769
