(0.095453225 0.09188523 0.089150466 0.086992495 0.085226275 0.08372418
 0.08240028 0.08119748 0.08007806 0.0790174 0.07799916 0.07701278 0.07605121
 0.07510994 0.0741859 0.073277116 0.07238215 0.0715002 0.07063047 0.069772564
 0.06892609 0.068090804 0.0672665 0.06645298 0.065650165 0.06485797 0.06407627
 0.06330508 0.0625444 0.061794188 0.061054513 0.06032537 0.059606854
 0.058899015 0.05820192 0.05751561 0.056840245 0.056175843 0.05552252
 0.054880273 0.054249257 0.053629536 0.053021036 0.05242393 0.051838122
 0.051263694 0.050700635 0.050148867 0.049608424 0.049079217 0.04856118
 0.048054263 0.04755833 0.047073297 0.046599064 0.04613544 0.04568235
 0.045239586 0.04480704 0.04438449 0.04397181 0.04356881 0.043175235 0.04279095
 0.042415787 0.042049482 0.041691825 0.041342717 0.04100185 0.040669065
 0.040344156 0.040026907 0.039717134 0.039414603 0.039119177 0.038830616
 0.038548764 0.038273387 0.03800431 0.03774139 0.037484445 0.037233256
 0.036987703 0.036747605 0.03651278 0.036283106 0.036058396 0.03583853
 0.03562331 0.03541266 0.035206404 0.035004437 0.034806628 0.034612823
 0.03442292 0.034236804 0.03405433 0.033875443 0.033699997 0.0335279
 0.033359036 0.033193372 0.033030722 0.03287104 0.03271426 0.03256024
 0.03240898 0.032260314 0.032114208 0.03197062 0.031829428 0.031690553
 0.031553984 0.031419616 0.031287376 0.031157238 0.031029131 0.030902999
 0.030778788 0.030656444 0.030535908 0.030417133 0.030300088 0.030184709
 0.030070938 0.029958785 0.029848162 0.02973902 0.029631369 0.029525112
 0.029420266 0.029316757 0.029214585 0.029113688 0.029014034 0.028915599
 0.028818358 0.028722301 0.02862735 0.028533516 0.028440768 0.02834908
 0.0282584 0.028168729 0.02808002 0.027992306 0.027905509 0.027819613
 0.027734656 0.027650535 0.027567288 0.027484884 0.02740328 0.027322477
 0.027242448 0.0271632 0.027084704 0.027006948 0.026929902 0.02685355
 0.026777888 0.026702916 0.0266286 0.02655493 0.026481899 0.026409483
 0.026337676 0.026266463 0.026195843 0.026125802 0.026056325 0.02598739
 0.02591901 0.025851166 0.025783833 0.025717027 0.025650714 0.02558491
 0.02551959 0.025454741 0.025390401 0.025326483 0.025263038 0.025200037
 0.025137458 0.025075335 0.02501362 0.024952319 0.024891442 0.024830965
 0.0247709 0.024711208 0.024651904 0.024592996 0.024534447 0.024476271
 0.024418455 0.024360992 0.024303885 0.024247117 0.024190694 0.024134604
 0.024078853 0.024023445 0.023968332 0.023913546 0.023859095 0.023804933
 0.023751087 0.023697527 0.023644278 0.023591334 0.023538636 0.023486258
 0.023434145 0.023382341 0.023330787 0.023279525 0.023228537 0.023177795
 0.023127321 0.023077106 0.023027154 0.022977462 0.022928014 0.022878809
 0.022829847 0.02278113 0.022732666 0.02268443 0.022636434 0.022588672
 0.02254113 0.022493813 0.02244672 0.02239985 0.0223532 0.022306757 0.02226054
 0.022214526 0.022168746 0.022123158 0.0220778 0.02203263 0.021987673
 0.021942921 0.021898367 0.021854008 0.021809855 0.021765891 0.021722125
 0.021678554 0.021635167 0.021591948 0.02154893 0.021506093 0.021463457
 0.021420997 0.021378733 0.021336637 0.02129472 0.021252975 0.021211406
 0.021170015 0.021128785 0.021087728 0.021046871 0.021006161 0.020965617
 0.020925242 0.020885024 0.02084497 0.020805093 0.020765368 0.020725803
 0.020686397 0.020647159 0.020608082 0.020569155 0.020530393 0.020491779
 0.020453326 0.020415014 0.020376863 0.02033887 0.020301014 0.020263318
 0.020225767 0.020188365 0.020151094 0.020113992 0.02007702 0.020040203
 0.020003535 0.019967001 0.019930616 0.019894354 0.019858249 0.01982227
 0.019786436 0.019750746 0.019715186 0.01967977 0.019644491 0.019609356
 0.019574348 0.019539468 0.019504726 0.019470114 0.019435648 0.019401308
 0.019367108 0.019333031 0.019299088 0.01926526 0.019231573 0.019198006
 0.019164575 0.019131271 0.019098109 0.019065047 0.019032134 0.018999329
 0.018966673 0.01893412 0.018901711 0.01886942 0.01883724 0.018805183
 0.01877325 0.018741446 0.018709755 0.01867818 0.018646741 0.01861541
 0.01858421 0.018553121 0.018522156 0.018491302 0.01846057 0.018429954
 0.018399449 0.018369073 0.01833879 0.018308645 0.018278603 0.018248677
 0.018218877 0.018189171 0.018159596 0.018130125 0.01810077 0.01807154
 0.018042402 0.018013392 0.01798448 0.01795568 0.017926995 0.01789842
 0.01786997 0.017841598 0.01781336 0.017785221 0.017757192 0.017729275
 0.017701462 0.01767376 0.017646179 0.017618684 0.017591313 0.017564043
 0.01753688 0.01750982 0.017482864 0.017456016 0.017429285 0.017402645
 0.01737612 0.017349686 0.017323364 0.017297152 0.017271036 0.017245015
 0.017219108 0.01719329 0.01716758 0.017141985 0.01711648 0.01709107
 0.017065765 0.017040562 0.017015459 0.01699046 0.016965559 0.016940756
 0.016916059 0.016891463 0.01686695 0.01684255 0.016818246 0.01679403
 0.016769921 0.016745906 0.01672199 0.016698167 0.016674444 0.016650816
 0.016627278 0.016603854 0.016580518 0.01655727 0.016534125 0.016511066
 0.016488103 0.016465236 0.016442463 0.016419781 0.016397193 0.016374694
 0.01635229 0.016329993 0.016307766 0.016285645 0.016263604 0.016241662
 0.01621982 0.016198065 0.016176397 0.016154816 0.01613333 0.016111933
 0.016090628 0.016069416 0.016048286 0.016027248 0.0160063 0.01598544
 0.015964668 0.015943984 0.015923392 0.015902894 0.015882468 0.015862128
 0.015841883 0.015821714 0.015801642 0.015781652 0.015761757 0.015741942
 0.015722219 0.015702568 0.015683012 0.015663542 0.015644161 0.015624855
 0.015605639 0.015586509 0.015567452 0.015548485 0.015529597 0.015510791
 0.015492068 0.015473416 0.01545486 0.015436382 0.015417992 0.015399682
 0.015381446 0.015363288 0.015345212 0.015327213 0.0153092975 0.015291454
 0.015273691 0.015256019 0.015238432 0.015220906 0.015203462 0.015186097
 0.015168813 0.0151516115 0.015134482 0.015117419 0.015100442 0.015083539
 0.015066716 0.015049963 0.0150333 0.015016697 0.015000177 0.01498372
 0.01496736 0.014951054 0.014934838 0.014918686 0.014902614 0.014886622
 0.014870698 0.0148548465 0.014839067 0.0148233585 0.014807723 0.014792167
 0.014776675 0.014761253 0.014745907 0.014730623 0.014715426 0.014700293
 0.014685234 0.01467024 0.014655323 0.014640468 0.014625676 0.0146109555
 0.014596309 0.014581731 0.014567227 0.014552791 0.014538413 0.0145241115
 0.0145098725 0.014495702 0.014481599 0.014467567 0.014453587 0.014439681
 0.014425839 0.014412068 0.014398355 0.014384712 0.014371136 0.014357617
 0.014344169 0.0143307885 0.014317465 0.014304208 0.014291014 0.014277882
 0.01426481 0.014251796 0.0142388465 0.01422596 0.014213152 0.014200386
 0.014187688 0.014175055 0.014162481 0.014149967 0.0141375195 0.014125132
 0.014112817 0.014100553 0.014088339 0.014076183 0.014064099 0.014052072
 0.014040093 0.014028191 0.014016331 0.014004548 0.013992813 0.013981136
 0.013969512 0.01395795 0.013946444 0.013935003 0.013923607 0.013912262
 0.013900987 0.013889754 0.013878582 0.013867465 0.013856407 0.013845396
 0.013834449 0.013823544 0.0138127 0.013801907 0.0137911765 0.013780494
 0.013769858 0.013759279 0.013748759 0.013738282 0.0137278605 0.013717497
 0.013707178 0.013696905 0.013686704 0.013676547 0.013666423 0.013656362
 0.013646359 0.013636399 0.013626494 0.013616636 0.013606833 0.013597071
 0.013587361 0.013577707 0.013568091 0.013558535 0.013549017 0.013539549
 0.01353014 0.013520772 0.01351145 0.013502175 0.013492956 0.013483775
 0.013474632 0.013465538 0.013456496 0.013447492 0.013438538 0.0134296315
 0.0134207755 0.013411962 0.013403195 0.0133944675 0.013385784 0.0133771505
 0.013368556 0.013360008 0.013351503 0.013343037 0.013334622 0.013326247
 0.013317916 0.013309626 0.013301378 0.013293173 0.013285012 0.0132769
 0.013268814 0.013260781 0.0132527845 0.013244836 0.013236919 0.01322906
 0.013221226 0.013213434 0.013205691 0.013197973 0.013190295 0.013182666
 0.013175071 0.013167522 0.013160009 0.013152543 0.013145105 0.01313772
 0.013130359 0.013123049 0.013115773 0.013108527 0.013101322 0.013094156
 0.013087028 0.013079942 0.01307288 0.013065869 0.013058891 0.013051939
 0.013045033 0.013038167 0.0130313225 0.013024519 0.013017761 0.0130110355
 0.013004335 0.012997676 0.012991053 0.012984466 0.012977904 0.012971393
 0.012964899 0.012958454 0.01295204 0.01294565 0.012939301 0.012932978
 0.012926696 0.012920452 0.012914239 0.012908056 0.0129019 0.012895783
 0.012889695 0.0128836455 0.012877621 0.012871628 0.012865665 0.012859737
 0.012853838 0.012847976 0.012842135 0.012836335 0.012830557 0.012824822
 0.012819107 0.012813416 0.012807771 0.012802154 0.01279656 0.012790992
 0.012785454 0.012779951 0.012774475 0.012769031 0.012763609 0.01275822
 0.012752871 0.012747542 0.012742246 0.01273697 0.012731719 0.012726506
 0.012721319 0.012716156 0.012711026 0.01270593 0.012700855 0.012695805
 0.012690788 0.012685796 0.012680834 0.012675897 0.012670984 0.012666103
 0.012661233 0.012656399 0.0126515925 0.01264681 0.012642053 0.012637317
 0.01263261 0.01262793 0.012623272 0.012618643 0.012614036 0.01260945
 0.012604899 0.012600369 0.012595868 0.012591382 0.012586921 0.012582497
 0.012578084 0.0125736995 0.012569334 0.012564994 0.012560687 0.012556404
 0.012552134 0.0125478925 0.01254367 0.012539467 0.012535295 0.012531134
 0.012527 0.012522899 0.012518809 0.012514749 0.0125107085 0.012506686
 0.012502687 0.01249871 0.012494753 0.012490817 0.0124869 0.012483006
 0.01247914 0.0124752885 0.012471462 0.012467652 0.012463862 0.012460099
 0.01245636 0.012452633 0.012448935 0.0124452505 0.01244159 0.012437949
 0.012434332 0.0124307275 0.012427146 0.01242359 0.012420047 0.012416526
 0.012413024 0.012409541 0.012406075 0.012402632 0.012399207 0.012395799
 0.012392417 0.012389053 0.012385692 0.012382367 0.012379052 0.012375754
 0.012372477 0.012369216 0.012365976 0.012362754 0.012359552 0.012356362
 0.012353189 0.01235004 0.01234692 0.012343797 0.0123406965 0.012337622
 0.012334554 0.012331509 0.012328482 0.012325464 0.012322477 0.012319503
 0.012316545 0.0123136025 0.012310672 0.012307767 0.0123048695 0.012301988
 0.012299127 0.01229628 0.01229344 0.012290627 0.012287826 0.012285044
 0.012282267 0.012279522 0.012276786 0.012274075 0.012271368 0.012268671
 0.012265998 0.012263334 0.012260695 0.012258067 0.012255451 0.012252847
 0.012250269 0.012247702 0.012245149 0.012242616 0.012240091 0.012237578
 0.012235075 0.012232601 0.012230126 0.012227676 0.012225236 0.01222281
 0.0122203985 0.012218002 0.01221562 0.012213247 0.012210885 0.012208546
 0.012206207 0.012203893 0.012201584 0.012199298 0.012197026 0.012194764
 0.012192502 0.012190267 0.012188042 0.012185824 0.012183622 0.012181441
 0.012179254 0.012177093 0.012174935 0.0121728005 0.012170675 0.012168558
 0.012166459 0.012164374 0.012162293 0.012160235 0.01215818 0.012156145
 0.01215412 0.012152099 0.012150091 0.012148092 0.012146112 0.012144139
 0.012142186 0.012140239 0.012138304 0.012136393 0.012134483 0.012132589
 0.012130705 0.01212883 0.012126967 0.012125118 0.012123274 0.012121446
 0.012119628 0.012117824 0.012116023 0.012114237 0.012112463 0.0121107055
 0.012108944 0.0121072 0.01210547 0.012103754 0.01210204 0.012100334
 0.0120986495 0.012096966 0.012095297 0.012093623 0.012091961 0.0120903235
 0.01208869 0.012087068 0.0120854555 0.012083851 0.012082256 0.012080668
 0.012079095 0.0120775215 0.012075973 0.012074419 0.012072887 0.012071365
 0.0120698465 0.012068337 0.012066841 0.012065355 0.012063874 0.012062408
 0.012060952 0.012059497 0.012058059 0.012056627 0.012055205 0.012053796
 0.012052389 0.012050995 0.012049609 0.0120482305 0.012046859 0.0120455
 0.012044147 0.012042803 0.012041467 0.012040143 0.012038824 0.012037511
 0.012036206 0.012034913 0.012033634 0.012032354 0.012031086 0.012029826
 0.01202857 0.012027333 0.012026098 0.012024875 0.012023653 0.012022448
 0.01202124 0.012020046 0.012018862 0.01201768 0.012016503 0.012015346
 0.012014194 0.012013044 0.0120119015 0.012010769 0.012009639 0.012008526
 0.012007421 0.012006313 0.012005219 0.012004129 0.012003044 0.012001968
 0.012000898 0.011999844 0.01199879 0.011997749 0.011996712 0.011995683
 0.011994661 0.011993643 0.011992637 0.011991625 0.011990631 0.011989638)