0.10071653785999997
0.07828103966
0.06810380817999999
0.06084428719999997
0.05499982038000001
0.05008478433999998
0.04591243778000001
0.042370160199999986
0.039369744879999995
0.03683415392000001
0.034693345439999995
0.03288354667999999
0.03134787754
0.03003702166
0.02890941818
0.02793081184
0.027073412119999994
0.0263148978
0.025637430819999998
0.025026793300000006
0.02447163924
0.0239628982
0.023493298399999998
0.023056979680000006
0.02264920283999999
0.022266108360000002
0.021904544380000016
0.02156192216
0.0212360964
0.020925290879999996
0.020628017359999994
0.020343028969999996
0.020069272859999997
0.019805846999999998
0.019551986239999996
0.01930703492
0.019070421019999995
0.018841650999999997
0.01862028792
0.01840595188
0.018198302400000005
0.017997040700000005
0.017801894180000003
0.0176126159
0.017428984310000003
0.01725079636
0.017077864970000002
0.016910015439999995
0.016747089629999996
0.016588935750000002
0.016435409419999998
0.016286379190000002
0.016141719899999997
0.016001309320000004
0.015865032150000003
0.015732775590000005
0.015604433700000005
0.015479907250000001
0.015359093789999995
0.01524189659
0.015128222660000001
0.015017981529999997
0.014911082879999999
0.014807444210000003
0.014706977330000004
0.014609603950000001
0.014515242650000003
0.014423817169999997
0.014335250530000003
0.014249466930000001
0.01416639728
0.014085969690000002
0.014008114099999995
0.013932762139999999
0.01385984971
0.013789313039999999
0.013721088400000001
0.01365511579
0.013591334249999998
0.013529686420000004
0.013470114209999997
0.01341256152
0.013356975690000003
0.01330330052
0.013251488700000001
0.01320148611
0.013153244329999998
0.013106714429999998
0.013061848500000002
0.013018604289999996
0.012976932749999998
0.012936791559999994
0.01289813739
0.012860927090000003
0.012825119530000002
0.01279067857
0.012757559750000005
0.01272572779
0.012695144589999999
0.012665775299999998
0.012637583249999999
0.012610532950000005
0.01258459287
0.012559727100000003
0.012535906179999999
0.012513098180000001
0.012491273199999996
0.012470400100000001
0.012450451130000002
0.012431397
0.012413211670000004
0.012395867479999998
0.012379339199999999
0.012363601549999997
0.012348628150000002
0.01233439713
0.012320884049999996
0.012308067079999995
0.012295923750000002
0.012284431200000001
0.01227357163
0.012263321990000003
0.01225366492
0.01224457866
0.012236046519999998
0.01222805135
0.012220573120000001
0.01221359639
0.012207105140000002
0.01220108193
0.012195511909999998
0.012190380340000003
0.012185671409999996
0.012181371319999999
0.01217746697
0.012173946149999997
0.012170793289999999
0.01216799744
0.01216554463
0.012163424390000002
0.012161625519999997
0.01216013679
0.012158947329999998
0.012158044999999998
0.012157423149999999
0.01215706985
0.012156975509999996
0.012157130829999996
0.012157528849999998
0.012158159480000002
0.01215901474
0.012160086240000001
0.01216136592
0.012162846939999998
0.01216452122
0.01216638168
0.012168423550000003
0.012170637610000002
0.012173018309999999
0.012175561219999999
0.012178257299999997
0.012181102269999997
0.012184091829999999
0.012187219370000004
0.012190479220000001
0.012193868699999999
0.012197379019999996
0.012201008040000003
0.01220475072
0.01220860138
0.012212557550000004
0.012216615510000002
0.01222077009
0.01222501936
0.012229355939999999
0.012233777820000003
0.012238282760000002
0.012242866979999998
0.012247526330000003
0.01225225979
0.012257061839999998
0.01226193278
0.012266865980000003
0.012271860689999999
0.01227691458
0.01228202408
0.012287186459999997
0.012292402860000001
0.012297666490000001
0.012302977999999997
0.01230833386
0.012313732749999997
0.012319172719999995
0.012324651419999999
0.012330168409999998
0.012335720519999998
0.01234130585
0.012346924290000004
0.012352573119999998
0.01235824933
0.012363955539999997
0.012369687349999997
0.01237544356
0.012381223989999999
0.01238702613
0.01239285005
0.01239869323
0.012404555729999996
0.012410435709999999
0.012416332450000001
0.01242224443
0.012428170920000002
0.012434112310000005
0.012440064500000004
0.012446029150000005
0.01245200579
0.012457991929999997
0.01246398706
0.0124699922
0.012476004919999999
0.012482024980000004
0.012488051570000002
0.01249408293
0.012500119790000002
0.012506162349999999
0.012512207929999998
0.012518258100000004
0.012524310349999996
0.012530365589999998
0.012536422030000001
0.012542480880000002
0.012548542010000004
0.012554601930000003
0.01256066254000001
0.01256672365
0.012572782329999997
0.012578840190000004
0.012584896639999996
0.012590951739999998
0.012597004229999997
0.012603054780000001
0.012609102099999998
0.012615146450000001
0.012621186329999999
0.012627223610000002
0.012633257149999999
0.012639285909999999
0.012645309300000001
0.012651328489999997
0.012657342220000001
0.01266335191
0.01266935612
0.012675353639999998
0.012681344660000003
0.012687329669999999
0.012693309539999996
0.012699281940000003
0.012705248570000001
0.012711207789999996
0.012717159310000002
0.01272310493
0.012729042860000005
0.012734973330000001
0.012740896190000003
0.012746811720000003
0.012752719870000002
0.01275861827
0.012764510610000002
0.012770392850000001
0.012776268290000002
0.01278213459
0.01278799139
0.01279384158
0.01279968177
0.012805513139999997
0.012811335350000001
0.012817148819999999
0.012822954249999997
0.01282874941
0.01283453454
0.012840311970000002
0.012846078889999996
0.012851838110000003
0.01285758537
0.012863324670000002
0.012869054160000002
0.01287477408
0.01288048331
0.012886183460000002
0.012891872940000002
0.012897552739999998
0.012903223169999999
0.012908884110000001
0.012914534419999997
0.012920175010000002
0.012925804850000002
0.01293142505
0.012937033839999995
0.01294263374
0.012948222809999998
0.012953800159999996
0.01295936817
0.012964925919999998
0.012970475690000004
0.01297601291
0.012981540649999996
0.012987057949999999
0.01299256563
0.01299806073
0.013003545620000003
0.01300902086
0.013014484970000002
0.01301993984
0.013025383290000003
0.01303081549
0.01303623765
0.013041649299999996
0.01304705145
0.013052440989999999
0.013057820940000004
0.013063191079999998
0.013068550099999996
0.01307389656
0.013079233190000004
0.01308456144
0.01308987656
0.013095182829999998
0.013100477110000001
0.013105760960000004
0.013111033100000002
0.013116295490000008
0.01312154746
0.01312678868
0.013132019489999995
0.013137239189999999
0.013142447900000003
0.013147647180000001
0.01315283494
0.013158012670000005
0.01316317853
0.01316833375
0.013173478089999998
0.013178613419999999
0.013183737689999997
0.013188849850000002
0.01319395273
0.01319904529
0.013204127270000001
0.013209197090000005
0.013214256500000004
0.013219306640000001
0.01322434525
0.013229373469999998
0.01323439086
0.01323939701
0.013244392259999998
0.013249377849999997
0.013254353049999999
0.013259317699999997
0.013264272629999997
0.013269216449999996
0.013274149910000001
0.01327907207
0.013283982770000001
0.01328888439
0.013293775839999999
0.01329865539
0.013303525189999993
0.013308385500000002
0.013313235460000003
0.013318074360000005
0.013322902950000002
0.013327719750000001
0.013332526920000002
0.013337323170000002
0.013342111040000004
0.01334688732
0.01335165381
0.01335640867
0.013361154419999995
0.013365889589999997
0.013370614860000001
0.013375328370000003
0.013380033089999997
0.01338472633
0.013389410510000001
0.013394083719999998
0.013398747330000002
0.01340340053
0.013408043289999998
0.013412675859999999
0.013417298170000001
0.013421910289999998
0.013426512519999998
0.013431106190000004
0.01343568898
0.013440260759999998
0.01344482185
0.013449374059999996
0.013453917209999994
0.0134584494
0.013462971449999998
0.013467484810000006
0.013471986929999999
0.013476479079999997
0.013480961630000001
0.01348543533
0.013489898259999997
0.013494351
0.013498793620000003
0.013503226810000005
0.013507649539999998
0.013512063450000002
0.01351646566
0.013520858989999997
0.013525244000000002
0.013529619570000007
0.013533983819999994
0.013538339909999999
0.013542685290000002
0.01354702155
0.01355134854
0.013555665350000003
0.013559972129999995
0.013564268989999996
0.013568556919999999
0.013572834809999995
0.01357710384
0.013581364059999998
0.013585613190000005
0.013589852379999998
0.013594084900000003
0.013598307229999995
0.013602518729999999
0.013606722120000003
0.013610915160000004
0.01361509979
0.013619275489999997
0.013623440729999997
0.0136275966
0.013631744400000001
0.01363588225
0.013640010579999997
0.013644130600000002
0.01364824032
0.013652341289999998
0.01365643357
0.01366051621
0.01366458968
0.01366865444
0.013672710420000001
0.013676756710000001
0.013680793599999994
0.01368482109
0.013688841189999997
0.013692852509999994
0.01369685394
0.013700845570000003
0.013704830340000003
0.013708805409999998
0.013712770329999999
0.013716727169999998
0.013720676129999998
0.013724614500000001
0.013728546349999997
0.013732467210000002
0.013736381709999999
0.013740285710000001
0.013744182350000005
0.01374806944
0.013751947340000004
0.013755817230000002
0.01375967864
0.013763530530000002
0.01376737528
0.013771211750000002
0.013775038029999995
0.013778857419999995
0.013782667100000002
0.01378646888
0.01379026144
0.01379404578
0.01379782198
0.013801590079999999
0.013805349540000003
0.013809100700000004
0.013812843780000002
0.013816578619999997
0.01382030499
0.013824023470000002
0.01382773279
0.013831433590000003
0.013835125329999998
0.013838811009999999
0.013842488389999996
0.013846156479999998
0.013849817
0.013853469289999998
0.013857114059999995
0.013860749769999998
0.013864377399999999
0.013867997160000001
0.01387161073
0.01387521351
0.013878811070000004
0.013882398719999998
0.01388597919
0.013889550939999997
0.013893115309999997
0.013896673299999997
0.01390022169
0.013903762089999995
0.013907294859999999
0.013910820280000003
0.013914337689999999
0.01391784779
0.013921349399999996
0.013924844470000001
0.013928330799999998
0.013931810140000006
0.013935280300000002
0.013938744619999999
0.013942200249999996
0.013945648789999997
0.013949089889999997
0.013952523099999996
0.01395594894
0.013959365929999997
0.013962776209999998
0.013966179879999995
0.013969574980000003
0.013972963320000005
0.013976344989999992
0.013979718120000005
0.01398308479
0.0139864427
0.013989795049999998
0.013993138379999999
0.013996475659999999
0.013999805229999997
0.014003125630000002
0.014006440919999995
0.01400974875
0.01401304917
0.014016342929999998
0.014019628820000005
0.014022907060000003
0.0140261783
0.014029441189999999
0.01403269871
0.014035948640000004
0.014039191369999997
0.014042426670000004
0.014045656330000003
0.014048877780000003
0.014052092950000001
0.014055301279999998
0.014058501429999998
0.014061695319999998
0.014064882620000002
0.014068063150000002
0.014071237039999997
0.014074403709999999
0.01407756264
0.014080714769999995
0.014083860660000003
0.01408700117
0.014090134079999993
0.01409325931
0.014096377250000004
0.014099489579999992
0.014102594109999995
0.014105693359999998
0.014108785230000002
0.014111870970000004
0.01411494956
0.014118020529999997
0.014121086889999997
0.014124144910000002
0.014127197699999998
0.014130243919999997
0.014133282540000005
0.01413631475
0.014139340889999998
0.014142360590000005
0.014145374489999994
0.014148381359999997
0.014151380390000003
0.014154374700000003
0.014157362110000005
0.014160343840000004
0.01416331851
0.01416628731
0.01416924922
0.014172204459999999
0.014175154230000004
0.014178098379999999
0.0141810341
0.014183964690000002
0.014186889440000003
0.014189806989999998
0.014192719969999998
0.014195624339999997
0.014198523810000004
0.014201417340000006
0.014204304340000003
0.014207185950000001
0.014210059589999992
0.014212927930000003
0.014215791879999997
0.014218647519999999
0.014221497240000006
0.014224341939999998
0.014227179499999998
0.01423001237
0.014232837839999997
0.01423565906
0.014238473130000005
0.01424128182
0.014244083890000004
0.014246882230000002
0.014249672119999996
0.014252457750000001
0.014255234750000003
0.014258008500000004
0.014260777290000002
0.0142635385
0.01426629347
0.014269043079999998
0.014271786209999996
0.014274524090000002
0.014277257199999999
0.014279985090000002
0.01428270714
0.01428542249
0.01428813247
0.014290836699999997
0.01429353483
0.014296228099999997
0.014298914399999996
0.014301596040000005
0.014304270250000002
0.014306940740000001
0.014309605379999996
0.01431226474
0.01431491904
0.014317567130000002
0.014320210839999997
0.014322848000000001
0.014325480000000002
0.01432810656
0.014330727299999999
0.014333342639999998
0.014335953139999998
0.01433855729
0.014341156450000003
0.014343749799999996
0.01434633829
0.014348921439999997
0.014351499130000002
0.014354071539999999
0.014356638859999998
0.01435919887
0.01436175584
0.01436430627
0.014366851199999999
0.014369391090000001
0.014371926129999999
0.014374455129999998
0.01437697925
0.01437949822
0.014382012069999995
0.014384521549999998
0.014387024750000003
0.014389523160000004
0.014392016570000004
0.014394503880000005
0.014396988040000003
0.014399465499999996
0.014401938009999999
0.014404406530000004
0.014406867810000003
0.014409326409999996
0.014411779169999998
0.014414226499999998
0.014416670040000003
0.014419107639999998
0.014421541819999996
0.014423968860000004
0.01442639166
0.014428809129999998
0.014431222520000002
0.01443362936
0.014436032729999994
0.01443843073
0.014440824300000002
0.014443213910000006
0.014445596520000006
0.014447975390000001
0.014450348569999999
0.014452718350000003
0.014455080499999997
0.01445743987
0.014459794189999993
0.014462144230000003
0.014464488729999994
0.01446682871
0.014469164029999999
0.014471494139999994
0.014473819839999997
0.014476141480000003
0.01447845832
0.014480770119999996
0.014483077799999997
0.014485378939999998
0.014487676839999996
0.014489969690000003
0.01449225757
0.014494542299999998
0.014496821019999995
0.014499095449999997
0.01450136635
0.014503630650000002
0.01450589156
0.014508148249999998
0.014510399220000003
0.014512645090000009
0.014514887509999996
0.014517126440000003
0.014519358559999999
0.01452158672
0.01452381186
0.014526029949999996
0.014528244510000005
0.014530455990000002
0.014532662310000007
0.014534864750000003
0.014537063350000004
0.014539256700000001
0.014541444640000003
0.014543629779999998
0.01454580792
0.014547985599999997
0.014550157459999997
0.01455232369
0.01455448578
0.01455664447
0.014558798120000003
0.014560947150000001
0.014563092929999995
0.014565234199999999
0.014567371499999995
0.014569504050000001
0.01457163297
0.01457375716
0.014575876929999995
0.01457799199
0.014580104059999998
0.014582209949999998
0.014584312869999998
0.014586410399999998
0.01458850558
0.014590596740000001
0.014592682400000003
0.014594763750000002
0.014596841360000003
0.014598915729999997
0.014600985979999998
0.014603051239999998
0.014605110989999996
0.014607169509999997
0.014609223839999996
0.014611273299999998
0.014613317190000004
0.014615357900000006
0.014617394019999997
0.01461942721
0.014621455380000004
0.014623479229999998
0.014625499639999998
0.014627518029999995
0.01462953028
0.014631539649999999
0.01463354518
0.014635544859999999
0.01463754244
0.014639535270000002
0.014641522999999998
0.014643509450000002
0.014645489950000003
0.014647466759999998
0.014649438359999996
0.01465140839
0.014653373690000002
0.014655334830000002
0.01465729207
0.014659245999999999
0.01466119658
0.01466314282
0.014665084860000002
0.0146670243
0.014668959860000004
0.014670890589999996
0.014672817779999998
0.014674741819999998
0.01467666115
0.014678576769999998
0.014680489569999997
0.014682398510000003
0.014684302660000002
0.01468620325
0.01468809996
0.014689993419999998
0.014691882129999998
0.014693768349999999
0.01469565011
0.014697528920000001
0.014699403720000002
0.014701274989999995
0.014703142989999996
0.014705006080000003
0.014706866520000002
0.014708722520000002
0.014710575620000001
0.014712424449999997
0.014714269559999998
0.014716112410000003
0.01471794977
0.014719785500000004
0.014721617670000003
0.01472344428
0.014725268649999998
0.01472709059
0.014728908070000001
0.014730722360000002
0.014732531289999996
0.014734336599999995
0.014736137879999995
0.01473793835
0.014739734279999996
0.014741526110000003
0.01474331567
0.014745101160000001
0.014746883100000002
0.014748660910000003
0.014750436289999997
0.01475220832
0.014753976919999997
0.014755741549999996
0.014757502050000003
0.014759260509999999
0.014761014420000005
0.014762765290000002
0.014764511559999995
0.01476625542
0.014767997239999999
0.014769734959999998
0.01477146865
0.01477319874
0.01477492601
0.01477665016
0.014778369600000002
0.01478008768
0.014781801879999999
0.014783511409999997
0.0147852196
0.01478692514
0.014788624489999999
0.014790322380000004
0.014792016760000004
0.014793709640000003
0.014795396680000001
0.014797081360000002
0.01479876155
0.01480044038
0.014802115959999996
0.014803787909999998
0.014805456120000005
0.014807121590000005
0.01480878441
0.01481044216
0.014812096870000005
0.014813749959999997
0.014815398910000001
0.014817045249999999
0.014818688529999995
0.01482032844
0.014821965389999995
0.014823597709999999
0.014825229589999997
0.01482685582
0.014828481500000004
0.014830102350000002
0.01483172104
0.014833335149999998
0.01483494607
0.014836555929999997
0.01483816088
0.01483976381
0.014841363389999997
0.014842959459999996
0.01484455263
0.014846142429999997
0.014847729619999998
0.014849314139999998
0.014850895119999999
0.014852473209999996
0.014854046919999997
0.014855619699999996
0.014857189120000001
0.014858755869999997
0.014860318759999993
0.014861879449999997
0.01486343775
0.01486499277
0.01486654355
0.014868091389999996
0.014869636109999997
0.014871177939999997
0.014872717210000004
0.01487425403
0.014875787669999998
0.014877318230000002
0.014878846660000005
0.014880372430000002
0.014881893270000002
0.014883413500000003
0.014884928339999999
0.01488644371
0.014887955809999994
0.014889463640000003
0.014890968769999997
0.014892470269999998
0.014893969939999998
0.014895464279999998
0.0148969584
0.014898449079999997
0.014899938039999998
0.014901422380000003
0.014902904499999996
0.014904383610000006
0.014905860750000001
0.01490733461
0.014908807790000003
0.014910276380000006
0.014911741240000003
0.014913203529999992
0.014914663660000002
0.014916122080000004
0.014917575810000005
0.01491902733
0.014920476010000001
0.014921922480000002
0.014923366069999998
0.01492480759
0.014926246169999997
0.014927681790000003
0.014929114050000001
0.01493054315
0.014931970679999997
0.01493339472
0.01493481836
0.014936237389999997
0.014937653360000002
0.014939068300000002
0.01494048058
0.014941889180000006
0.014943293619999999
0.014944698230000004
0.014946097530000006
0.01494749615
0.014948891519999999
0.014950284219999999
0.014951674490000002
0.014953062210000008
0.01495444674
0.014955829890000001
0.014957210910000001
0.01495858769
0.014959963029999999
0.0149613342
0.01496270459
0.014964071580000002
0.014965435850000009
0.014966797619999998
0.01496815702
0.014969514889999994
0.014970868269999998
0.014972220650000001
0.014973569509999996
0.014974916850000002
0.01497626093
0.014977601230000002
0.01497894089
0.01498027748
0.014981612319999997
0.014982943310000002
0.014984271200000005
0.014985598770000004
0.014986922280000004
0.014988245870000002
