0.08821077754000001
0.08696129860000001
0.08579667494000004
0.08471282357999999
0.08370514266
0.08276866911999999
0.08189827965999998
0.08108884427999997
0.08033532450000001
0.0796328771
0.07897687463999999
0.07836299928000001
0.07778719519999999
0.07724575861999998
0.07673527498000002
0.07625261418000001
0.07579493747999999
0.07535968121999999
0.0749445043
0.07454730236000003
0.07416617216
0.07379938575999999
0.07344540111999998
0.07310280326000002
0.07277033273999996
0.07244684007999996
0.07213129674
0.07182276090000002
0.07152038765999999
0.07122341624
0.07093115629999999
0.07064297436
0.07035832237999999
0.07007667548
0.06979759378000003
0.06952066367999998
0.06924550640000002
0.0689718124
0.06869927514000002
0.06842764812000002
0.06815668790000001
0.0678862148
0.06761604142
0.06734602517999999
0.06707603138000001
0.06680595456
0.06653570148000001
0.06626520537999997
0.06599439289999999
0.06572322526
0.06545166116
0.06517968938
0.06490726896000001
0.06463441476
0.06436111494
0.0640873834
0.06381322899999999
0.06353868114
0.06326375398
0.06298848976000003
0.06271291786000001
0.062437090140000026
0.06216104533999999
0.06188484954000001
0.061608557380000005
0.061332235419999985
0.06105594415999998
0.06077975978000001
0.060503764260000016
0.06022803078
0.05995263512
0.059677662839999986
0.05940320076000002
0.05912931366
0.058856086040000005
0.05858359642000001
0.058311914019999994
0.05804111007999999
0.0577712494
0.05750239594000002
0.05723460659999999
0.05696794084
0.056702445400000016
0.05643816127999999
0.05617514178000001
0.0559134325
0.055653069179999994
0.05539409098000002
0.05513652704000001
0.05488042991999998
0.05462581597999999
0.054372728440000004
0.05412119667999999
0.05387124484
0.05362291258
0.05337622341999999
0.05313121030000003
0.052887896439999985
0.052646309239999994
0.05240647169999999
0.05216841006000001
0.05193214521999998
0.05169769588000002
0.051465085199999996
0.05123432208
0.05100543491999999
0.05077843039999999
0.05055331253999999
0.05033010414
0.05010879850000001
0.04988941101999999
0.04967194180000001
0.04945639552000001
0.049242765699999996
0.04903105328000001
0.04882125885999999
0.04861336944000001
0.04840738477999999
0.04820329359999999
0.048001090819999995
0.04780075442
0.04760228746000001
0.04740567345999999
0.04721089584
0.04701794394000001
0.04682680322
0.04663746466
0.04644990654
0.04626411446000001
0.046080085100000015
0.04589779114
0.045717223579999994
0.04553836241999999
0.04536119808
0.045185712919999996
0.045011893460000015
0.04483972414
0.04466918685999999
0.04450027212000001
0.044332960080000004
0.044167237080000005
0.04400308331999999
0.043840490800000013
0.04367943686000001
0.043519908419999996
0.043361887659999994
0.04320535746
0.0430503002
0.042896706080000006
0.042744550180000014
0.042593816760000014
0.04244449280000001
0.04229655699999999
0.04214998884
0.042004773879999985
0.04186089352000002
0.041718329299999996
0.04157706558000001
0.04143707794000002
0.041298356500000015
0.04116087271999999
0.04102461762
0.04088956464000001
0.0407557012
0.040623008280000004
0.04049146722000001
0.04036105596
0.04023176058
0.040103557699999993
0.039976433740000004
0.03985037072
0.03972534146
0.03960133495999999
0.03947833354000001
0.03935631129999999
0.03923525458
0.03911514158000001
0.038995958360000006
0.03887768414000001
0.038760296920000006
0.03864377830000001
0.03852811216
0.03841327702
0.038299256299999994
0.03818602606
0.03807357390000002
0.0379618767
0.0378509137
0.037740670659999996
0.037631128019999995
0.03752226423999999
0.037414067940000004
0.03730651576
0.037199589260000006
0.03709327640000001
0.03698755898
0.03688241412
0.03677783822
0.03667380551999999
0.03657031089999999
0.036467332340000005
0.03636485991999999
0.03626288416
0.03616139002000001
0.03606037348000001
0.03595982482
0.035859730500000006
0.03576008624
0.03566089122
0.03556213368000001
0.035463818439999996
0.03536593757999999
0.035268492740000004
0.03517148018
0.035074907280000005
0.034978769
0.034883078140000016
0.03478782635999999
0.03469302484
0.034598679499999986
0.03450479354
0.03441137058
0.03431841569999999
0.034225939
0.034133938880000006
0.0340424271
0.03395140764000001
0.033860877219999995
0.0337708487
0.03368132544
0.03359231022000001
0.03350380064
0.03341580098
0.033328314180000006
0.03324134063999999
0.03315488006
0.033068933019999996
0.032983494399999994
0.03289856592000001
0.032814148919999994
0.03273023587999999
0.03264682220000001
0.03256390986
0.03248149536
0.03239956996
0.03231813342
0.03223718222000001
0.03215670415999999
0.032076703600000006
0.03199717364000001
0.031918108880000004
0.03183950701999999
0.03176135562
0.03168365522
0.03160640004000002
0.031529584359999994
0.03145320448
0.03137725032
0.03130172198
0.031226613759999994
0.03115191643999999
0.03107762868
0.031003742400000006
0.030930260040000004
0.03085716556
0.030784462740000008
0.030712143980000006
0.03064020642000001
0.03056864322
0.030497453919999994
0.03042663336
0.03035617424
0.0302860759
0.0302163318
0.030146940759999998
0.03007789852
0.030009204280000014
0.02994085034
0.029872838079999995
0.029805163000000003
0.02973782312000001
0.029670816659999995
0.029604138400000007
0.029537785339999997
0.02947176126
0.02940606224000001
0.029340688639999994
0.02927563304
0.029210901460000004
0.02914648460000001
0.02908238988
0.029018610879999997
0.028955149960000006
0.02889200558
0.028829181379999992
0.028766668979999993
0.02870447694000001
0.028642599639999995
0.02858104114
0.028519793199999994
0.028458864759999994
0.028398253
0.02833795718
0.028277978980000004
0.028218321680000002
0.028158978799999998
0.028099956960000005
0.028041247439999993
0.027982861320000007
0.027924792940000002
0.0278670432
0.027809614559999994
0.0277525019
0.027695709259999993
0.027639233920000002
0.027583074300000003
0.027527232020000007
0.027471703820000002
0.027416494640000004
0.027361600879999996
0.027307015860000002
0.027252744779999998
0.027198785300000004
0.027145136600000012
0.027091792400000005
0.027038752839999996
0.026986018820000002
0.026933587479999997
0.026881453960000003
0.026829615660000004
0.026778073959999992
0.026726822779999996
0.026675860800000003
0.0266251851
0.02657479548000001
0.02652468263999999
0.026474852160000006
0.02642529218
0.026376003880000005
0.02632698714
0.026278231
0.026229742339999994
0.026181510720000002
0.026133535439999994
0.02608581132
0.026038339599999998
0.025991110879999998
0.02594412486
0.025897378920000002
0.02585087316
0.02580459572
0.025758549259999985
0.025712729219999998
0.025667134599999995
0.02562175844
0.02557660165999999
0.025531658700000005
0.025486924899999992
0.025442400140000005
0.025398079119999997
0.025353961100000006
0.025310040639999996
0.025266320020000007
0.02522279002
0.025179450919999992
0.02513630058
0.0250933348
0.025050551280000003
0.025007944479999992
0.02496551894
0.024923264960000004
0.02488118426
0.02483927405999999
0.024797530340000012
0.024755950439999997
0.024714530460000002
0.024673267279999998
0.02463216366
0.024591214349999987
0.02455041454
0.02450976466
0.024469259960000003
0.02442890137999999
0.024388681859999997
0.024348601480000003
0.02430865636000001
0.024268846300000004
0.02422916836
0.024189621779999993
0.02415020146
0.024110908700000003
0.024071736539999996
0.024032688860000002
0.02399375858
0.02395494461000001
0.02391624802000001
0.02387766606
0.023839196170000007
0.023800841660000002
0.023762597899999998
0.02372446068
0.02368643748
0.02364852581
0.023610721680000002
0.023573029739999994
0.023535448690000002
0.02349797645000001
0.023460618000000003
0.023423372600000002
0.023386245339999997
0.023349235469999997
0.02331234507
0.02327557702
0.023238936320000004
0.023202423849999994
0.023166040120000005
0.023129793580000006
0.023093687379999995
0.023057723220000007
0.023021906590000002
0.02298624159999999
0.02295073136
0.022915379440000008
0.0228801908
0.022845172999999993
0.02281032121000001
0.02277564844
0.022741152419999987
0.02270683767999999
0.022672709340000003
0.02263876638
0.022605015739999998
0.022571459479999997
0.022538097519999994
0.022504933399999993
0.022471966759999996
0.022439202760000002
0.022406639579999995
0.02237427616
0.022342115680000007
0.022310154299999992
0.022278395480000004
0.022246837250000005
0.022215479349999998
0.02218431746
0.02215335759
0.022122596409999994
0.022092025059999996
0.022061649679999996
0.022031463959999997
0.022001470089999992
0.021971657519999993
0.021942031040000004
0.021912592000000012
0.021883331430000003
0.021854249870000002
0.021825343020000006
0.02179661215
0.021768050379999994
0.021739657659999988
0.021711433140000003
0.021683369160000007
0.02165546602
0.021627724730000006
0.021600138919999998
0.021572709519999993
0.02154543184
0.021518300239999993
0.02149131673
0.02146447737
0.021437779969999994
0.021411225549999996
0.021384805759999993
0.02135852253
0.02133237357
0.021306360820000002
0.02128047729
0.021254720599999995
0.0212290894
0.0212035798
0.021178195779999992
0.02115293208
0.02112779005
0.021102761699999997
0.02107785311
0.021053059420000002
0.0210283763
0.021003805619999996
0.020979342720000002
0.02095499125
0.02093074597
0.020906606289999994
0.02088256956000001
0.020858638399999997
0.020834809510000007
0.02081107906
0.02078745107
0.020763920489999994
0.020740484329999996
0.02071714527
0.020693900500000004
0.020670749620000005
0.02064768936000001
0.02062472326
0.020601845829999993
0.020579059799999994
0.02055635992
0.020533747580000004
0.020511224490000007
0.02048878618
0.020466430639999998
0.020444161829999995
0.020421973019999998
0.02039986571
0.020377844100000007
0.020355899790000007
0.02033403762
0.020312254499999995
0.020290549109999997
0.020268921659999998
0.020247369720000005
0.020225896250000007
0.020204496770000004
0.020183170850000005
0.020161915309999997
0.020140736500000003
0.020119630600000004
0.020098595320000003
0.020077631190000004
0.020056735600000007
0.02003590918
0.020015153600000005
0.019994466539999995
0.019973844
0.019953291619999997
0.019932802789999995
0.01991238085
0.019892023300000002
0.019871732389999997
0.019851501539999993
0.0198313377
0.019811232499999994
0.019791189739999996
0.019771211990000002
0.01975129172
0.019731431710000004
0.019711632700000002
0.019691889959999997
0.019672206020000006
0.01965257587
0.01963300561
0.01961349
0.01959403303
0.01957462913
0.019555277239999995
0.019535978640000007
0.01951673474
0.019497543110000005
0.01947840047
0.019459311089999997
0.01944027136
0.01942128247
0.019402341240000003
0.01938344839
0.019364601829999994
0.019345801689999997
0.01932704617
0.019308335670000003
0.019289670310000007
0.01927104913
0.01925246889
0.019233929669999997
0.019215430480000007
0.01919697273
0.019178553119999997
0.019160173589999996
0.019141830510000003
0.019123523240000006
0.01910525178
0.01908701401
0.019068812549999998
0.01905064225
0.01903250176
0.019014393219999995
0.01899631199
0.018978262039999996
0.01896023939
0.01894224385
0.018924271859999998
0.01890632123
0.01888839273
0.018870490690000002
0.018852605209999998
0.01883473867
0.018816891049999996
0.018799060919999996
0.01878124516
0.018763443409999997
0.01874565269
0.018727874439999997
0.018710101990000002
0.018692339279999998
0.018674583280000004
0.018656833150000007
0.018639087230000004
0.01862134327
0.018603599789999994
0.018585855599999996
0.01856811051
0.018550359589999992
0.018532603739999993
0.01851484233
0.018497070889999995
0.01847929022
0.018461501310000003
0.01844369981
0.018425884980000005
0.018408057730000003
0.018390214369999998
0.01837235241
0.018354474750000006
0.01833657768
0.018318659759999995
0.018300723900000003
0.01828276604
0.018264787449999997
0.01824678814
0.018228765149999996
0.01821072314
0.018192658709999997
0.01817457378000001
0.01815646673
0.018138340990000005
0.018120196879999998
0.018102033769999998
0.01808385553000001
0.018065659619999997
0.018047449990000002
0.018029230029999996
0.01801100021
0.01799276076
0.01797451669
0.017956268739999993
0.017938020300000003
0.017919775790000005
0.01790153517
0.017883301510000008
0.017865081319999997
0.0178468752
0.017828686089999997
0.017810516570000004
0.01779237177
0.017774254679999997
0.017756167139999997
0.01773811366
0.017720094989999997
0.0177021141
0.017684172960000005
0.017666276820000007
0.017648424490000005
0.017630621380000003
0.01761286540999999
0.0175951644
0.01757751413
0.017559918190000006
0.017542377090000002
0.017524892320000002
0.017507464030000003
0.01749009354
0.017472781160000006
0.017455524049999997
0.01743832243
0.017421178990000005
0.017404088810000006
0.017387055660000005
0.01737007467
0.01735314589
0.017336267550000003
0.017319440539999995
0.01730266144
0.017285926939999998
0.017269239149999997
0.01725259342
0.01723598709
0.017219418789999993
0.017202886450000003
0.017186389189999995
0.017169921319999996
0.017153483059999995
0.017137071659999996
0.017120682779999997
0.017104314760000003
0.017087966250000003
0.01707163507
0.01705532025
0.017039021390000006
0.017022733729999996
0.017006455929999997
0.016990184560000003
0.016973921940000004
0.016957668050000003
0.016941417709999997
0.016925173259999995
0.01690893494
0.01689269935
0.016876467489999998
0.01686024293
0.016844024130000003
0.016827812180000002
0.01681160867
0.016795415339999994
0.016779232779999997
0.016763066389999998
0.01674691757
0.016730786609999992
0.01671467913
0.016698600329999997
0.01668255311
0.016666540330000004
0.01665056721
0.016634637350000005
0.016618754339999996
0.01660292502
0.016587152940000002
0.01657144377
0.016555801190000007
0.016540230649999994
0.01652473441
0.016509316320000002
0.016493982800000008
0.016478735440000006
0.016463582620000004
0.01644852307
0.01643356104
0.01641869926
0.01640394219
0.016389290710000004
0.016374745710000003
0.016360312140000003
0.016345988329999995
0.016331778409999994
0.01631768352
0.0163037028
0.01628984033
0.01627609139
0.01626245787
0.016248937810000003
0.01623553357
0.016222245129999993
0.01620907178
0.016196010450000006
0.01618306261
0.016170226599999997
0.016157502809999995
0.016144885720000005
0.016132376749999996
0.01611997585
0.01610768094
0.01609548671
0.016083399020000003
0.016071410180000002
0.016059522580000003
0.016047734419999994
0.016036043590000004
0.016024447480000002
0.016012946970000008
0.016001541199999997
0.015990225460000004
0.015979000529999995
0.0159678626
0.01595681451
0.015945849010000002
0.01593496723
0.015924170279999997
0.015913454050000005
0.015902819720000003
0.01589226242
0.015881783800000004
0.01587138236
0.01586105574
0.01585080248
0.015840622430000003
0.01583051415
0.015820476700000002
0.015810510369999996
0.015800612360000004
0.01579078215
0.015781018579999997
0.01577131916
0.015761685240000003
0.015752113770000003
0.015742604769999998
0.01573315821
0.015723773799999997
0.015714448409999998
0.01570518446
0.015695977970000007
0.015686828060000005
0.01567773624
0.015668696649999998
0.01565971413
0.01565078524
0.015641910979999996
0.015633090019999997
0.015624320809999996
0.015615604219999997
0.015606937239999999
0.015598321410000003
0.015589756799999998
0.015581239959999998
0.015572772850000001
0.015564352579999996
0.015555980200000003
0.015547654430000002
0.015539373790000002
0.015531138109999999
0.015522948870000004
0.015514805109999997
0.015506705850000002
0.01549864996
0.01549063618
0.015482664780000002
0.015474737300000001
0.01546685049
0.015459005589999995
0.015451201520000003
0.01544343988
0.015435716159999995
0.015428034479999998
0.015420390070000001
0.015412786800000002
0.015405220270000002
0.015397692490000002
0.015390202129999996
0.015382750809999998
0.015375335620000001
0.01536795741
0.01536061443
0.015353308139999992
0.015346037540000001
0.015338803020000003
0.015331603800000003
0.015324440429999997
0.015317312869999997
0.015310218410000003
0.015303160440000003
0.015296133980000005
0.0152891436
0.015282184100000006
0.01527525919
0.01526836946
0.01526151094
0.015254685849999998
0.015247890090000008
0.015241128209999994
0.015234396180000003
0.015227698130000009
0.015221028280000002
0.015214391779999996
0.015207786170000005
0.015201209800000002
0.015194665569999995
0.015188150759999998
0.015181665429999996
0.015175210410000004
0.015168784710000004
0.015162390650000001
0.015156023790000002
0.015149687180000006
0.015143378729999997
0.015137099349999999
0.01513084775
0.015124626499999998
0.015118432680000002
0.015112265989999998
0.015106128009999999
0.01510001747
0.015093934519999996
0.01508787971
0.015081852460000003
0.01507585246
0.015069880679999998
0.015063934719999996
0.015058016249999997
0.015052125200000004
0.015046259260000002
0.015040421139999993
0.015034607429999992
0.015028819980000004
0.015023059750000003
0.015017322880000001
0.015011614529999997
0.015005930899999997
0.015000272179999996
0.014994638390000002
0.014989027720000003
0.014983444579999994
0.014977884759999996
0.01497235096
0.014966841980000003
0.014961359259999996
0.014955897880000003
0.014950462520000006
0.014945053210000002
0.014939666990000005
0.014934304539999999
0.014928966140000006
0.014923652829999998
0.014918360229999999
0.014913092289999999
0.014907848619999999
0.01490262749
0.014897431139999993
0.014892257050000003
0.014887108019999994
0.014881980590000003
0.014876876339999994
0.014871794960000004
0.014866735770000004
0.014861699009999998
0.014856685539999996
0.014851693409999998
0.014846724340000004
0.014841779779999993
0.014836854319999999
0.01483195407
0.014827073830000002
0.01482221643
0.014817379469999996
0.014812566119999999
0.01480777432
0.01480300207
0.01479825425
0.014793524880000002
0.014788818189999999
0.014784133000000003
0.014779468819999997
0.014774824189999997
0.014770203019999994
0.014765601930000006
0.014761021900000003
0.014756461530000004
0.01475192191999999
0.01474740424
0.014742905879999999
0.014738429879999999
0.014733973179999995
0.01472953547
0.014725119600000008
0.014720723340000002
0.014716347669999998
0.0147119939
0.014707657640000003
0.014703341129999999
0.014699041979999996
0.014694766589999998
0.01469050934
0.014686270990000005
0.014682051369999997
0.01467785171
0.014673670690000003
0.014669508379999996
0.01466536739
0.01466124373
0.014657142150000003
0.014653057170000004
0.014648990500000004
0.014644942690000001
0.014640914230000003
0.014636903780000002
0.01463291307
0.01462893984
0.014624987609999996
0.014621053210000005
0.014617135300000002
0.014613236649999996
0.014609355740000001
0.014605492600000002
0.014601648529999997
0.014597822419999996
0.014594014850000003
0.014590224030000001
0.014586450760000003
0.014582696340000008
0.014578959549999998
0.014575241299999995
0.014571540080000002
0.014567854389999997
0.01456418613
0.01456053576
0.014556900949999998
0.014553286730000004
0.014549687390000003
0.014546106210000003
0.014542542289999998
0.01453899675
0.014535465459999999
0.014531953309999998
0.014528456920000002
0.014524977480000003
0.01452151502
