0.09404446839999998
0.04256768562
0.030225343259999995
0.025353113620000003
0.022796370039999996
0.021071523619999998
0.019735078959999996
0.018628493040000003
0.01768430006999999
0.016868616560000004
0.016161286139999998
0.015548240659999997
0.015018357919999996
0.014562143190000001
0.014171188550000007
0.013837950480000005
0.01355564168
0.01331816058
0.01312000563
0.01295622436
0.012822350100000005
0.012714373099999999
0.01262871065
0.012562184349999997
0.012511998649999998
0.012475716480000001
0.012451221030000001
0.012436691710000001
0.0124305613
0.012431493519999998
0.012438343550000001
0.012450140450000004
0.012466059219999994
0.012485395480000003
0.01250755297
0.012532029669999995
0.012558396679999993
0.012586290669999995
0.01261540548
0.01264548019
0.012676294459999998
0.012707660509999996
0.01273942191
0.01277144529
0.012803615099999999
0.01283584121
0.012868039739999997
0.012900147990000006
0.01293210954
0.01296387925
0.012995419119999997
0.013026698470000002
0.013057694370000001
0.01308838555
0.013118757140000001
0.013148798049999999
0.013178497469999996
0.013207849219999998
0.013236849049999999
0.013265493809999997
0.013293781710000003
0.013321711830000001
0.013349286759999997
0.01337650709
0.013403371360000001
0.013429886560000007
0.01345605485
0.013481878329999999
0.01350736203
0.013532509029999995
0.01355732449
0.013581809800000002
0.01360597162
0.01362981558
0.013653344110000003
0.013676560879999999
0.013699473249999998
0.013722082829999996
0.013744395830000002
0.013766417900000001
0.01378815147
0.01380960135
0.013830772390000001
0.013851666439999999
0.013872291450000003
0.01389265039
0.013912746739999999
0.013932585649999997
0.013952168860000001
0.013971501750000002
0.013990588399999997
0.01400943338
0.01402803871
0.014046408540000005
0.014064546899999997
0.01408245703
0.014100142780000007
0.01411760692
0.014134853919999999
0.01415188614
0.014168706960000001
0.014185318789999998
0.014201726520000004
0.014217931679999993
0.014233936809999998
0.014249745729999999
0.014265362819999999
0.014280788400000001
0.0142960264
0.01431108094
0.01432595278
0.014340642850000003
0.014355156610000001
0.014369497770000008
0.014383664409999997
0.014397662140000003
0.014411493360000003
0.01442516052
0.014438664079999991
0.014452008670000002
0.014465194279999996
0.01447822543
0.01449110257
0.014503827990000004
0.014516404640000004
0.014528834320000003
0.014541118450000001
0.014553260830000001
0.014565263689999997
0.014577124290000005
0.014588851079999998
0.014600439659999999
0.01461189545
0.01462322045
0.014634415000000003
0.014645483260000002
0.014656425830000003
0.014667243110000006
0.014677937319999996
0.014688510890000001
0.014698965480000003
0.014709302440000002
0.01471952327
0.01472962995
0.014739622639999998
0.014749504040000002
0.01475927656
0.014768940420000005
0.014778497479999996
0.014787949309999994
0.014797296880000003
0.01480654072
0.014815684790000004
0.014824727289999999
0.01483367317
0.01484251958
0.014851271079999999
0.014859928299999997
0.01486849011
0.01487696183
0.014885341099999998
0.014893630019999994
0.014901831129999998
0.014909942939999993
0.014917970360000001
0.014925911940000001
0.014933769070000007
0.014941542030000001
0.014949234060000004
0.014956844309999997
0.014964375250000002
0.014971827230000002
0.014979201509999998
0.014986497629999998
0.014993718549999997
0.015000863250000003
0.015007934780000003
0.015014933430000002
0.015021858090000001
0.015028713080000004
0.015035496260000003
0.015042209710000006
0.015048856180000004
0.015055434619999995
0.01506194416
0.015068389130000002
0.015074768129999997
0.015081081969999997
0.015087333269999996
0.015093521400000002
0.015099644690000002
0.015105709510000002
0.015111712149999996
0.015117654489999997
0.015123538590000006
0.015129363549999999
0.015135130529999999
0.015140841300000006
0.015146496059999999
0.015152093890000003
0.01515763661
0.015163127330000001
0.015168561399999997
0.015173944469999995
0.015179275620000005
0.01518455296
0.015189780880000005
0.015194957470000006
0.01520008422
0.01520516284
0.015210192100000002
0.015215174729999996
0.015220108150000007
0.015224995499999998
0.015229837150000005
0.015234631939999996
0.01523938135000001
0.015244087930000004
0.015248749680000001
0.01525336739
0.015257943670000001
0.015262476649999999
0.015266966629999998
0.015271416820000001
0.015275824940000002
0.01528019396
0.015284523229999998
0.015288812699999996
0.015293062199999999
0.01529727704
0.015301451740000003
0.015305587829999997
0.015309688919999998
0.01531375244
0.015317780360000003
0.015321773150000002
0.015325730439999997
0.015329653859999999
0.015333543199999999
0.01533739798
0.015341219320000002
0.01534500724
0.015348763370000003
0.015352487130000004
0.015356179789999997
0.01535984045
0.015363471319999999
0.015367071159999997
0.01537064142
0.01537418011
0.015377691639999998
0.015381173969999997
0.01538462645
0.015388051980000001
0.015391449070000002
0.015394819840000002
0.015398162689999993
0.015401479259999996
0.015404768550000005
0.01540803309
0.015411270790000008
0.015414483840000002
0.015417671270000002
0.01542083382
0.01542397294
0.01542708759
0.01543017812
0.015433245230000005
0.01543628993
0.015439310719999997
0.01544230969
0.01544528645
0.01544824188
0.015451174119999998
0.015454085549999996
0.015456976729999999
0.01545984614
0.015462695919999997
0.01546552474
0.015468335499999996
0.015471124949999995
0.01547389655
0.015476646789999998
0.015479380689999994
0.015482094459999998
0.015484790419999995
0.01548746718
0.015490128010000003
0.015492769769999996
0.015495394309999999
0.015498001130000001
0.015500592209999999
0.015503166730000002
0.015505724319999999
0.015508266719999999
0.015510791790000004
0.015513302660000004
0.015515795870000005
0.015518273889999995
0.015520740280000002
0.015523187720000005
0.01552562182
0.015528042749999995
0.015530448060000002
0.01553283907
0.015535215050000004
0.015537578199999999
0.015539929379999998
0.015542265730000004
0.015544590300000003
0.015546902279999998
0.015549199850000002
0.015551485250000004
0.015553756810000001
0.015556018960000004
0.015558266110000002
0.0155605047
0.015562730000000004
0.015564944220000005
0.015567146060000002
0.015569335500000002
0.015571516240000003
0.015573686569999998
0.015575844989999999
0.01557799365
0.015580130989999996
0.015582258009999999
0.015584375699999995
0.01558648335
0.01558858051000001
0.015590669140000003
0.015592747939999995
0.01559481728
0.01559687652
0.015598928059999996
0.0156009701
0.015603002309999997
0.015605027129999999
0.0156070417
0.015609048940000002
0.01561104809
0.01561303771
0.015615021620000002
0.015616996760000003
0.015618963850000002
0.01562092325
0.015622874609999997
0.015624820289999999
0.015626757310000003
0.015628686060000008
0.015630611160000002
0.01563252557
0.01563443522
0.015636336990000003
0.01563823239
0.01564012298
0.015642005239999993
0.015643881680000003
0.015645752890000003
0.015647617430000003
0.015649476360000004
0.01565132841
0.015653175830000005
0.01565501753
0.015656853130000002
0.01565868295
0.015660507849999998
0.015662327860000005
0.015664143610000004
0.01566595292
0.01566775788
0.015669558380000004
0.01567135362
0.015673145159999995
0.0156749307
0.015676711559999997
0.015678489559999995
0.01568026262
0.015682031849999997
0.015683797000000003
0.015685558719999996
0.015687315619999996
0.015689069070000006
0.01569081832
0.01569256414
0.01569430697
0.015696047379999994
0.015697782469999998
0.015699515629999997
0.0157012444
0.015702970960000003
0.01570469461
0.015706414449999997
0.015708130449999996
0.015709845580000003
0.01571155772
0.015713266049999997
0.01571497316
0.015716677159999998
0.015718377439999997
0.015720076270000004
0.015721774869999997
0.015723469409999996
0.015725161630000005
0.015726852339999996
0.0157285404
0.01573022773
0.015731913689999998
0.015733598419999995
0.015735278220000006
0.01573695885
0.015738637649999998
0.01574031555
0.01574199082
0.015743664749999997
0.0157453375
0.01574701019
0.01574868123
0.015750351559999997
0.015752020479999997
0.015753688459999998
0.01575535482
0.015757024140000003
0.015758689689999997
0.015760354199999996
0.015762019649999997
0.01576368255
0.01576534636
0.015767010430000002
0.015768671140000003
0.015770334
0.015771996139999994
0.015773658940000004
0.015775321109999997
0.01577698434
0.015778644419999998
0.015780305919999998
0.015781968740000003
0.01578363085
0.0157852933
0.015786955480000003
0.015788617589999998
0.01579028098
0.01579194482
0.01579360914
0.015795273779999997
0.01579693932
0.015798605179999998
0.015800272410000003
0.01580194113
0.01580360834
0.015805278599999997
0.015806949929999998
0.01580861922
0.01581029172
0.015811964979999996
0.015813638670000008
0.015815312370000004
0.01581698908
0.01581866842
0.015820347550000006
0.015822026899999998
0.01582370785
0.0158253909
0.01582707497
0.0158287595
0.01583044788
0.015832135890000005
0.015833826220000003
0.015835517450000003
0.015837211460000004
0.015838906929999994
0.015840604690000003
0.01584230475
0.0158440052
0.01584570768
0.015847411630000002
0.01584911782
0.01585082762
0.01585253756
0.015854248919999994
0.015855962459999998
0.015857678200000003
0.01585939823
0.01586111914
0.015862842170000002
0.01586456738
0.01586629444
0.015868024940000003
0.015869756340000003
0.015871491189999996
0.01587322795
0.01587496888
0.01587671021
0.015878453969999998
0.015880201679999997
0.015881950949999998
0.015883703449999998
0.01588545765
0.01588721535
0.01588897555
0.01589073754
0.015892503569999994
0.01589427136
0.01589604176
0.015897814420000003
0.01589959115
0.015901370109999997
0.015903152019999995
0.015904937279999996
0.01590672499
0.015908515970000002
0.01591031044
0.015912106440000004
0.015913906189999993
0.01591570986
0.015917515170000004
0.015919325110000007
0.015921136880000006
0.01592295109
0.01592476802
0.01592659131
0.015928414850000003
0.015930242400000003
0.015932072989999997
0.01593390626
0.015935742649999994
0.015937583300000002
0.015939427160000005
0.015941274860000004
0.01594312576
0.01594498052
0.015946837659999998
0.015948698659999996
0.01595056316
0.01595242984
0.015954300980000002
0.015956175429999997
0.015958053229999998
0.015959933899999997
0.015961817540000003
0.015963706310000006
0.01596559826
0.015967493299999996
0.015969394060000003
0.015971296590000007
0.015973202479999997
0.015975112210000003
0.01597702538
0.01597894314
0.015980862749999998
0.01598278691
0.015984715280000002
0.015986646769999998
0.015988582030000004
0.015990520980000006
0.015992463340000002
0.015994409070000003
0.015996360730000003
0.015998315279999994
0.016000271660000003
0.016002233560000002
0.016004199739999996
0.016006168899999992
0.016008141249999996
0.016010119189999995
0.016012099429999996
0.01601408356
0.01601607073
0.016018063830000005
0.016020060019999997
0.016022060140000002
0.01602406351
0.016026070140000005
0.016028082099999993
0.016030096
0.01603211584
0.01603413904
0.01603616641
0.01603819784
0.016040233159999997
0.01604227323
0.016044315410000003
0.0160463618
0.016048413370000004
0.0160504692
0.01605252774
0.016054590110000003
0.01605665736
0.016058728179999995
0.016060802760000003
0.016062880729999993
0.016064964450000004
0.016067051460000002
0.016069142329999998
0.016071236699999998
0.016073335400000003
0.016075437390000002
0.016077546459999995
0.016079655640000003
0.01608177023
0.016083890129999997
0.016086012519999998
0.016088138849999996
0.01609027021999999
0.016092407259999997
0.01609454534
0.01609668852
0.01609883563
0.0161009878
0.01610314238
0.016105300859999994
0.016107463760000003
0.01610963055
0.016111801840000002
0.016113977730000003
0.016116155960000003
0.016118340420000002
0.01612053007
0.016122720880000007
0.01612491605
0.016127115529999996
0.016129320160000002
0.01613152777
0.01613373854
0.016135954850000002
0.016138173829999995
0.016140397480000002
0.01614262528
0.01614485747
0.0161470933
0.01614933246
0.016151575919999998
0.016153822710000005
0.01615607414
0.016158330059999993
0.016160588809999994
0.01616285333
0.0161651213
0.01616739296
0.01616966670000001
0.016171944849999998
0.016174227279999998
0.016176515020000004
0.01617880615
0.016181099380000005
0.01618339926
0.016185699979999996
0.016188006600000002
0.016190316399999998
0.016192629999999996
0.01619494568
0.01619726682
0.01619959125
0.01620192011
0.01620425175
0.016206589469999998
0.016208929020000002
0.016211273119999994
0.016213618930000003
0.01621597236
0.016218326539999998
0.016220684189999997
0.016223046100000003
0.016225413250000004
0.016227781049999997
0.016230153079999997
0.01623253066
0.016234910990000004
0.016237294620000002
0.016239681409999998
0.016242070999999997
0.0162444661
0.016246864119999996
0.016249266170000002
0.016251671220000003
0.016254081160000003
0.016256492599999995
0.0162589074
0.01626132696
0.016263748479999996
0.01626617496
0.01626860216
0.016271036080000006
0.01627347111
0.01627590995
0.016278350469999998
0.016280797669999996
0.016283244720000003
0.0162856972
0.01628815286
0.016290611450000003
0.016293072479999997
0.01629553695
0.016298003880000002
0.01630047516
0.016302948489999997
0.0163054242
0.01630790358
0.016310386769999997
0.016312871880000003
0.016315361329999997
0.016317851920000005
0.016320346080000003
0.01632284388
0.016325345290000005
0.016327847859999998
0.01633035338
0.016332862039999996
0.01633537289
0.016337887009999996
0.01634040547
0.01634292524
0.016345449169999998
0.0163479744
0.01635050316
0.01635303404
0.01635556754
0.01635810428
0.016360641410000005
0.016363183050000004
0.016365729039999995
0.016368273500000002
0.01637082374
0.01637337372
0.016375928099999996
0.01637848514
0.016381042600000003
0.016383604300000004
0.016386166540000004
0.016388733519999997
0.016391302400000002
0.01639387344
0.01639644632
0.016399022540000002
0.016401600400000004
0.016404179019999996
0.01640676153
0.01640934665
0.01641193274000001
0.01641452125
0.016417111959999998
0.01641970317
0.01642229782
0.016424894100000004
0.016427493560000003
0.01643009388
0.016432696089999997
0.016435300860000005
0.01643790698
0.016440515519999997
0.01644312356
0.016445734
0.01644834772
0.016450964480000003
0.016453581220000003
0.01645620114
0.016458821380000002
0.016461444300000003
0.01646406823
0.016466693640000002
0.016469320890000003
0.01647194985
0.016474579899999998
0.01647721231
0.016479845459999996
0.0164824804
0.01648511752
0.0164877562
0.016490395589999998
0.01649303562
0.01649567747
0.01649832231
0.016500966
0.01650361286
0.016506259960000005
0.016508909229999997
0.016511558820000004
0.01651421006
0.01651686204
0.01651951677
0.0165221725
0.016524828329999998
0.016527485730000003
0.01653014261
0.0165328038
0.016535462940000002
0.016538125559999995
0.016540787969999998
0.016543452420000004
0.016546116660000006
0.016548780720000003
0.01655144594
0.016554113820000004
0.01655678204
0.01655945012
0.016562119519999995
0.01656478975
0.01656746108
0.01657013322
0.01657280573
0.01657547888
0.016578153269999996
0.01658082821
0.016583503670000003
0.01658617993
0.016588856600000004
0.0165915352
0.016594212259999998
0.016596891359999998
0.0165995706
0.016602250080000002
0.01660492946
0.01660761054
0.016610293669999998
0.01661297384
0.01661565562
0.016618338299999997
0.01662102156
0.016623704109999998
0.01662638793
0.016629071139999996
0.01663175572
0.016634439329999993
0.01663712496
0.01663980973
0.016642492820000007
0.01664517728
0.01664786416
0.016650550089999997
0.01665323576
0.01665592192
0.016658607159999995
0.016661292840000005
0.016663978120000006
0.016666664230000003
0.016669349980000005
0.01667203602
0.01667472095
0.016677408159999997
0.016680094259999997
0.016682780950000003
0.0166854667
0.016688151300000002
0.016690837320000006
0.016693523519999996
0.016696210160000002
0.016698896370000004
0.016701581429999997
0.016704266339999996
0.016706951699999997
0.01670963686
0.01671232136
0.016715003699999998
0.01671768823
0.016720370059999996
0.016723053149999997
0.0167257357
0.01672841621
0.01673109827
0.016733778850000006
0.01673645964
0.016739138939999995
0.0167418174
0.01674449727
0.016747175910000005
0.01674985404
0.01675253253
0.01675520894
0.016757886519999998
0.016760563019999997
0.01676323854
0.016765914310000005
0.016768587999999997
0.01677126089
0.0167739333
0.016776605980000005
0.01677927623
0.016781946630000003
0.016784615479999997
0.016787285409999998
0.016789952989999996
0.016792620720000005
0.016795287459999995
0.016797953870000003
0.016800619539999995
0.016803282870000002
0.016805946819999997
0.016808610600000003
0.016811274059999996
0.01681393426
0.01681659364
0.016819251689999995
0.01682190911
0.01682456548
0.016827222180000004
0.016829877780000002
0.0168325327
0.016835186950000004
0.016837837940000003
0.01684048869
0.016843139430000008
0.016845789009999997
0.01684843616
0.01685108367
0.016853728619999998
0.01685637378
0.01685901814
0.016861660680000005
0.016864300960000002
0.01686694064
0.016869579699999998
0.016872216999999995
0.016874853679999993
0.016877489460000002
0.01688012343
0.016882756610000004
0.016885388879999998
0.01688801904
0.01689064847
0.016893277099999996
0.016895902519999995
0.01689852776
0.01690115224
0.016903776240000005
0.016906397479999998
0.01690901769
0.016911636730000002
0.01691425344000001
0.016916868810000003
0.01691948363
0.016922097080000004
0.016924709440000005
0.01692732067000001
0.016929929479999998
0.016932536399999996
0.01693514202
0.016937747719999993
0.016940350960000006
0.016942953729999998
0.01694555344
0.016948152359999993
0.0169507488
0.016953345339999995
0.016955940180000004
0.016958531319999998
0.01696112507
0.01696371332
0.016966301740000002
0.016968888739999993
0.016971473970000005
0.016974056799999998
0.016976639580000005
0.016979219
0.01698179752
0.0169843752
0.016986949819999996
0.016989523019999998
0.016992097689999996
0.01699466742
0.016997236039999995
0.016999803060000006
0.0170023678
0.01700493312
0.01700749563
0.017010055439999994
0.017012614999999995
0.017015172289999998
0.0170177292
0.017020282139999995
0.017022834440000002
0.017025384640000002
0.017027932399999997
0.017030479140000002
0.017033023919999998
0.01703556642
0.017038107959999996
0.017040648549999995
0.017043185880000006
0.017045722180000004
0.017048257140000002
0.017050788649999992
0.017053320190000006
0.01705584923
0.017058376340000004
0.017060902170000006
0.017063426779999998
0.01706594805
0.017068467940000005
0.017070985500000004
0.01707350218
0.017076017959999995
0.01707853132
0.01708104246
0.017083551439999997
0.01708606024
0.017088564839999997
0.0170910691
0.01709357146000001
0.01709607072
0.017098568579999997
