0.08695282202000001
0.08324041662
0.08047916727999999
0.07839592492
0.07676802317999999
0.07543388881999999
0.07428297075999998
0.07324152555999999
0.07226110175999997
0.07131051381999999
0.07037044262
0.06942968068000001
0.0684825933
0.06752703654
0.06656266582000002
0.0655896642
0.06460804008000001
0.06361748374000001
0.06261757857999999
0.06160808266000002
0.06058920974
0.05956188830000001
0.058527923679999996
0.05749010176
0.05645211594000001
0.055418346959999976
0.054393528159999996
0.053382401399999974
0.05238945456000001
0.05141877142
0.05047386400000001
0.049557557179999996
0.04867193049999999
0.0478182958
0.046997265139999994
0.04620884051999999
0.04545257148000001
0.04472765607999998
0.044033099560000004
0.043367772639999996
0.04273043204000002
0.04211978718
0.04153441966000001
0.04097281156
0.04043334532
0.039914332020000005
0.039414112779999996
0.03893114828
0.0384641687
0.038012325940000015
0.037575259579999985
0.03715305241999999
0.03674604974
0.03635460354
0.0359788356
0.03561855156000001
0.035273266180000006
0.03494230016
0.034624901619999995
0.0343203158
0.03402785432
0.03374691490000001
0.03347695226
0.03321749218
0.03296807668
0.032728261019999996
0.032497575820000006
0.03227554167999999
0.03206165616
0.031855418479999995
0.031656328799999994
0.0314638998
0.03127767360000001
0.031097207000000005
0.03092210272
0.03075198005999999
0.030586499519999998
0.03042534344
0.030268220679999992
0.03011486578000001
0.029965041179999995
0.02981851975999999
0.029675106639999994
0.029534613979999992
0.029396872799999998
0.02926173532
0.02912905129999999
0.028998701340000002
0.028870560120000003
0.028744519719999997
0.02862048664
0.028498365280000004
0.028378075019999994
0.028259535379999992
0.028142677620000004
0.028027436249999996
0.027913752279999995
0.027801567069999998
0.02769083048
0.02758148888
0.02747350292
0.02736682488
0.027261416160000006
0.02715723918
0.027054254700000006
0.026952427499999994
0.02685172524
0.026752113740000014
0.026653559559999995
0.02655602678
0.026459490360000008
0.026363907840000006
0.02626924788
0.026175477719999996
0.026082562260000008
0.02599045058
0.025899118800000002
0.02580851516
0.025718595599999994
0.025629313919999997
0.025540623700000004
0.0254524711
0.025364810720000006
0.02527759232
0.025190776509999995
0.025104321259999986
0.025018202459999993
0.024932403960000002
0.02484693336
0.024761815460000006
0.024677082640000004
0.0245927956
0.02450903536
0.024425879030000007
0.02434340373
0.024261688850000008
0.024180791539999996
0.024100751970000004
0.02402159053999999
0.023943310810000007
0.023865894220000006
0.023789303079999997
0.023713486310000004
0.02363838441
0.023563926799999996
0.02349002843
0.023416602899999986
0.023343551880000004
0.023270781039999994
0.023198179540000013
0.023125650669999994
0.023053095000000003
0.022980420669999998
0.022907563139999993
0.022834480409999993
0.022761172579999992
0.0226876909
0.022614127539999997
0.02254063825000001
0.022467409609999992
0.022394655899999994
0.022322583800000004
0.022251386090000002
0.022181208770000006
0.02211214749
0.022044237049999995
0.02197746767
0.021911775099999992
0.021847069410000003
0.02178322936
0.021720123390000002
0.021657604479999995
0.021595539679999994
0.021533791159999996
0.02147224081
0.021410796479999997
0.021349397070000005
0.021288027200000004
0.021226716540000003
0.02116555042
0.021104661410000003
0.021044227109999997
0.020984453120000003
0.02092553628000001
0.02086767031
0.02081100797
0.020755670099999998
0.020701716269999997
0.02064917338
0.020598029809999998
0.020548243750000004
0.020499754430000003
0.020452490159999996
0.02040637258000001
0.020361319359999998
0.020317248779999998
0.02027408417
0.02023174449
0.020190154179999996
0.020149243279999996
0.020108942069999997
0.02006918647
0.020029908449999998
0.019991049319999996
0.019952539760000006
0.019914322979999996
0.01987633149
0.01983849696
0.01980075135
0.019763020230000004
0.01972522636
0.01968727877
0.01964908625
0.0196105463
0.019571536509999998
0.01953193968
0.01949160833
0.019450392170000008
0.019408124519999997
0.019364632079999996
0.019319733960000002
0.019273255269999998
0.019225047210000002
0.01917499851
0.019123068820000002
0.019069310710000002
0.019013911289999998
0.01895720084
0.018899646750000006
0.01884183132
0.018784393729999998
0.018727960090000002
0.018673090830000003
0.018620220049999997
0.018569650729999998
0.018521554279999998
0.01847597625
0.018432888929999995
0.018392192500000005
0.018353747570000002
0.01831740299
0.018282995659999995
0.018250364689999996
0.01821935865
0.018189833619999998
0.01816165857
0.018134714799999993
0.018108893110000003
0.018084098270000005
0.01806024144
0.01803723809
0.018015023349999996
0.017993526220000004
0.017972692430000003
0.01795246792
0.017932805019999998
0.017913664459999996
0.01789500902
0.017876797940000005
0.017859011400000003
0.01784161917
0.017824595170000002
0.017807925330000002
0.017791588290000004
0.017775565209999997
0.017759847729999997
0.017744420730000002
0.01772927476
0.017714394939999996
0.01769978072
0.017685420390000005
0.01767130953
0.017657442710000002
0.017643811380000006
0.01763041396
0.017617246880000006
0.017604301139999994
0.017591576180000006
0.017579070100000004
0.017566778639999996
0.01755469818
0.017542824999999995
0.01753115661
0.01751969285
0.01750842856
0.017497361739999998
0.01748648991
0.017475813500000003
0.01746532379
0.017455025500000002
0.01744491157
0.017434979250000003
0.01742522875
0.017415657940000003
0.01740626346
0.017397042819999996
0.01738799538
0.017379116929999997
0.01737040467
0.017361859939999995
0.017353479660000004
0.01734525768
0.017337196629999992
0.017329294049999992
0.017321547859999998
0.017313950440000003
0.017306508389999996
0.017299214420000007
0.01729206725
0.01728506454
0.017278205369999994
0.01727149016
0.017264912230000002
0.017258475689999993
0.01725217345
0.01724600631
0.017239969810000005
0.017234064829999996
0.017228290510000004
0.01722264197
0.01721711891
0.017211720900000005
0.01720644397
0.01720128603
0.017196248589999994
0.01719132827
0.017186520299999997
0.017181828590000007
0.01717724814
0.017172778329999996
0.01716841725
0.01716416323
0.017160015700000003
0.017155973029999997
0.017152032680000002
0.0171481916
0.017144451060000003
0.017140809820000002
0.017137263769999994
0.017133814119999997
0.017130458399999996
0.017127196199999997
0.017124022790000006
0.01712093909
0.01711794373
0.017115034310000003
0.01711220993
0.017109467259999997
0.017106809650000006
0.017104232030000003
0.01710173532
0.017099317430000004
0.01709697779
0.017094712390000006
0.01709252213
0.01709040385
0.017088360719999997
0.017086389359999996
0.01708448454
0.01708264934
0.01708088255
0.01707918229
0.017077545429999997
0.017075975599999994
0.017074466940000005
0.017073020539999997
0.01707163589
0.01707030985
0.017069043449999998
0.01706783354
0.017066679959999997
0.017065583630000002
0.01706454437
0.017063556840000004
0.0170626237
0.0170617396
0.017060907759999997
0.017060125759999996
0.01705939205
0.01705870659
0.017058068880000003
0.01705747828
0.01705693183
0.017056433109999998
0.017055977350000005
0.01705556479
0.017055194100000004
0.01705486566
0.017054577690000006
0.01705433136
0.017054121289999998
0.017053951049999995
0.01705382001
0.01705372579
0.01705366813
0.017053646479999997
0.0170536595
0.01705370775
0.01705378934
0.017053904090000006
0.017054052880000004
0.01705423345999999
0.017054443699999994
0.017054687850000003
0.017054959789999997
0.017055262480000003
0.01705559368
0.017055956599999995
0.017056344549999998
0.017056758439999996
0.017057201939999996
0.017057672819999998
0.017058164959999997
0.01705868645
0.0170592297
0.017059800400000002
0.01706039525
0.0170610105
0.017061649279999994
0.01706231285
0.01706299772
0.01706370388
0.017064429720000003
0.017065179639999997
0.017065947640000002
0.01706673781
0.017067544920000007
0.017068371940000004
0.01706921822
0.01707008174
0.017070966490000002
0.01707186602
0.017072784210000004
0.01707371804
0.01707466903
0.0170756358
0.01707661968
0.017077618370000002
0.01707863186
0.01707966067
0.0170807041
0.01708175976
0.0170828309
0.017083917020000002
0.017085016609999993
0.01708612553
0.017087249659999998
0.0170883875
0.017089536319999998
0.01709069640999999
0.017091870600000003
0.017093052120000004
0.017094247079999993
0.017095452729999995
0.01709666817
0.017097895070000004
0.017099130520000002
0.01710037701
0.017101633609999996
0.017102899329999997
0.017104172610000003
0.017105456590000002
0.017106749580000004
0.017108049600000005
0.01710935937
0.01711067619
0.01711200158
0.017113332030000004
0.017114673159999996
0.017116018690000002
0.01711737362
0.01711873661
0.01712010445
0.017121478439999997
0.017122859700000007
0.01712424724
0.01712564146
0.01712704091
0.01712844738
0.017129857940000003
0.01713127652
0.017132696530000005
0.017134121199999998
0.01713555314
0.017136989659999997
0.017138430420000003
0.017139874650000008
0.01714132391
0.017142776809999993
0.017144233180000003
0.01714569263
0.017147157270000005
0.017148624469999995
0.017150095529999996
0.017151570870000004
0.017153048770000002
0.017154528339999996
0.01715601224
0.017157498850000005
0.01715898699
0.017160476520000002
0.017161969689999997
0.017163465510000003
0.01716496405
0.017166459670000002
0.017167960660000002
0.017169463529999998
0.017170966890000004
0.01717247199999999
0.01717397844
0.01717548731
0.017176995950000003
0.017178506139999997
0.017180014869999996
0.017181526779999998
0.01718303854
0.01718455088
0.017186062870000005
0.017187573249999998
0.017189085579999996
0.01719059869
0.017192111269999994
0.017193624010000005
0.017195135030000003
0.017196644849999995
0.01719815208
0.017199659739999998
0.01720116592
0.01720267095
0.01720417496
0.01720567786
0.017207176360000007
0.017208675679999997
0.017210171139999998
0.017211663680000003
0.017213153730000003
0.017214643570000004
0.017216128119999997
0.01721760994
0.017219089249999996
0.017220564990000003
0.017222036350000004
0.017223505669999997
0.017224968509999997
0.017226430390000005
0.017227885369999994
0.017229335999999998
0.017230780169999994
0.017232219
0.017233655080000007
0.01723508084
0.01723650435
0.017237919390000002
0.01723932821
0.01724073020000001
0.017242124069999996
0.017243510649999995
0.017244889180000004
0.017246257730000002
0.01724761736
0.017248968729999998
0.017250309229999997
0.01725163666
0.017252954330000004
0.017254260950000003
0.017255554289999996
0.01725683481999999
0.017258101449999994
0.017259352470000006
0.017260589450000002
0.017261809369999995
0.017263012610000003
0.017264197840000006
0.017265362830000002
0.017266509390000004
0.017267633539999997
0.01726873547
0.017269812619999998
0.017270864180000005
0.017271891340000005
0.01727288734
0.017273853349999996
0.017274785980000002
0.017275684959999996
0.017276545560000002
0.01727736692
0.017278143229999997
0.01727887582
0.017279557949999996
0.017280184069999996
0.01728075356
0.01728126192
0.017281700019999995
0.017282064390000004
0.01728235026
0.017282548179999996
0.017282653709999995
0.01728265314
0.017282536799999998
0.0172822961
0.01728191668
0.01728138171
0.017280678479999995
0.01727978593
0.017278682809999998
0.01727734608
0.017275744739999998
0.01727384598
0.01727161459
0.01726900847
0.01726597405
0.01726246029
0.01725839912
0.017253717970000002
0.01724833604
0.0172421573
0.017235083680000006
0.017227007860000004
0.01721782133
0.01720742157
0.017195719250000005
0.017182666709999996
0.017168255540000007
0.01715255883
0.01713573301
0.01711802846
0.017099783389999998
0.01708138738
0.017063257010000003
0.017045773009999998
0.017029247350000002
0.01701389742
0.01699985248
0.016987149939999998
0.016975766550000004
0.01696562945
0.01695664181
0.016948691100000003
0.016941664159999995
0.01693545549
0.01692996036
0.01692508741
0.016920756519999997
0.016916895899999996
0.016913436169999997
0.01691033117
0.016907525709999996
0.01690498285
0.01690266732
0.016900541559999996
0.016898583260000002
0.016896764479999993
0.016895066089999997
0.016893468909999997
0.016891953159999994
0.0168905032
0.016889107260000005
0.016887752900000004
0.016886426209999993
0.01688511765
0.016883813160000004
0.01688250676
0.01688118553
0.01687983771
0.016878453860000003
0.016877025790000003
0.016875539440000004
0.016873985869999997
0.016872352619999993
0.01687062683
0.016868793820000002
0.01686684061
0.01686474912
0.01686250318
0.01686008128000001
0.016857464220000003
0.01685462684
0.016851540869999997
0.01684817262
0.01684448987
0.016840454039999998
0.016836015729999997
0.016831123280000002
0.016825714659999998
0.01681972297
0.016813065010000003
0.016805646049999998
0.01679735353
0.01678806201
0.016777619719999998
0.016765853789999997
0.016752564329999994
0.01673751768
0.016720450160000008
0.016701062960000002
0.016679024609999996
0.01665397637
0.016625547299999998
0.01659337898
0.01655715205
0.01651665926
0.016471879629999995
0.016423092569999995
0.01637098839
0.01631676254000001
0.016262069119999997
0.016208802900000003
0.01615873478
0.01611313858
0.016072640500000002
0.0160372575
0.016006614900000004
0.015980144780000004
0.015957239999999994
0.015937333980000006
0.01591993969
0.015904648190000002
0.015891122190000002
0.01587909212
0.015868331940000004
0.01585866021
0.015849926239999996
0.015842007099999996
0.015834798100000002
0.01582821335
0.015822176559999998
0.015816626009999994
0.015811508240000004
0.015806776020000003
0.015802389960000007
0.01579831325
0.015794517259999995
0.01579097428
0.01578766033
0.015784557699999997
0.015781645480000005
0.015778909330000007
0.015776332570000003
0.01577390316
0.01577161034
0.01576944487
0.015767397689999997
0.01576545805
0.0157636208
0.015761878919999996
0.015760225260000003
0.01575865596
0.015757167169999992
0.01575575099
0.01575440595
0.015753127909999998
0.01575191409
0.015750762849999995
0.015749667820000007
0.015748628450000003
0.01574764264
0.01574671068
0.015745825859999996
0.015744990790000003
0.015744202470000003
0.015743460060000002
0.015742761770000002
0.015742106369999995
0.01574149453
0.01574092259
0.015740390700000002
0.0157398971
0.015739443540000002
0.01573902971000001
0.01573865166
0.015738310800000002
0.015738007519999996
0.01573774107
0.015737509820000006
0.015737315279999994
0.015737152589999998
0.015737028670000007
0.015736935549999994
0.015736878920000003
0.015736854570000004
0.015736862960000004
0.015736906429999996
0.01573698025
0.01573708983
0.015737228369999995
0.01573740114999999
0.015737606449999993
0.015737838240000003
0.015738103729999998
0.015738398869999996
0.01573872654
0.015739080939999997
0.01573946398
0.015739877799999996
0.01574031851
0.015740783830000004
0.01574127878
0.01574180153
0.015742347539999996
0.015742923409999998
0.01574352212
0.015744145820000003
0.015744793620000006
0.01574546455
0.015746161030000004
0.01574687653
0.015747616909999998
0.015748380009999997
0.01574916358
0.015749968369999996
0.0157507917
0.015751635420000003
0.01575249897
0.015753379310000003
0.015754279940000008
0.015755195930000007
0.01575613075
0.01575708099
0.01575804754
0.015759030290000003
0.015760028149999997
0.01576104162
0.015762069519999995
0.015763112320000005
0.015764167990000005
0.01576523659
0.015766318309999992
0.01576741245
0.01576851838
0.015769636899999998
0.01577076517
0.015771903979999998
0.015773054870000008
0.015774214800000002
0.01577538764
0.015776567929999995
0.015777759340000003
0.015778960669999998
0.01578016981
0.015781386699999997
0.01578261474
0.01578384959
0.015785093519999998
0.01578634507
0.01578760137
0.01578886842
0.015790139329999998
0.015791419060000002
0.015792703329999998
0.015793997260000005
0.015795294839999995
0.01579659968
0.01579790954
0.0157992247
0.015800545
0.015801871319999994
0.015803201609999994
0.01580453799
0.015805879329999994
0.015807226210000004
0.015808576390000006
0.0158099298
0.015811289979999997
0.01581265329
0.01581402076
0.01581539288
0.015816769239999997
0.015818148079999997
0.01581953226
0.01582091814
0.015822306349999996
0.015823697689999996
0.015825093279999997
0.015826492690000006
0.015827891780000002
0.015829295980000005
0.015830701699999998
0.015832110170000007
0.01583352299
0.01583493649
0.01583635385
0.01583777091
0.015839193300000002
0.01584061693000001
0.015842043179999998
0.015843471679999995
0.015844902169999998
0.015846334039999996
0.015847765679999997
0.015849200680000005
0.015850636040000005
0.015852074240000003
0.01585351387
0.01585495407
0.015856397709999994
0.01585784263
0.015859286419999997
0.015860733910000004
0.015862180249999996
0.015863629689999995
0.015865077519999996
0.015866530879999993
0.01586798253
0.01586943599
0.015870890539999998
0.015872344030000006
0.01587380017
0.01587525566
0.015876709709999996
0.015878166069999998
0.01587962324
0.01588107935999999
0.01588253632
0.015883994369999998
0.0158854518
0.015886908289999998
0.01588836648
0.015889823419999997
0.015891281570000002
0.0158927408
0.01589420002
0.015895658809999998
0.015897117829999995
0.015898576079999997
0.015900034169999997
0.015901490869999996
0.015902948249999996
0.01590440428
0.015905861300000004
0.01590731704
0.01590877195
0.01591022697
0.015911680489999996
0.015913134130000003
0.01591458526
0.01591603731
0.015917487039999997
0.015918937900000006
0.01592038541000001
0.01592183347
0.015923279840000006
0.015924726019999995
0.015926169719999998
0.01592761343
0.015929054830000004
0.015930493399999995
0.0159319312
0.015933368359999995
0.015934804869999996
0.01593624054
0.015937671639999998
0.01593910230999999
0.01594052777
0.015941953840000002
0.015943377160000004
0.015944799220000007
0.015946218339999995
0.01594763481
0.01594904913
0.015950462980000003
0.01595187319
0.01595328041
0.015954683980000002
0.015956086959999997
0.015957485310000005
0.01595888078
0.015960276230000004
0.015961665519999998
0.015963051
0.01596443403
0.01596581264999999
0.015967187970000005
0.0159685569
0.015969924689999998
0.01597128694
0.01597264561
0.015973999410000002
0.01597534824
0.015976691520000003
0.015978030900000006
0.01597936419
0.015980692770000006
0.015982014049999996
0.015983331150000002
0.015984640380000005
0.01598594495
0.01598724136
0.01598853174
0.015989815420000004
0.01599109194
0.0159923592
0.015993619530000003
0.015994870439999996
0.015996112830000003
0.015997346710000006
0.01599856889
0.01599978268
0.016000985479999997
0.01600217598
0.016003354379999998
0.01600452301
