0.10515311976000002
0.056067210620000016
0.042104379739999975
0.034591044979999985
0.030283704940000006
0.0275693103
0.025684093539999998
0.02426124957999999
0.023116369960000004
0.02215139754
0.021311211200000003
0.020563227960000003
0.019887276860000004
0.01927031758
0.018703543820000005
0.018180735960000003
0.017697284420000004
0.01724961111
0.01683481389
0.016450448470000004
0.01609438306
0.015764721670000002
0.015459740400000001
0.015177850619999999
0.014917573430000003
0.014677525919999998
0.014456405969999997
0.014252975209999996
0.014066071729999997
0.01389458555
0.013737471319999996
0.013593733740000002
0.013462440059999999
0.013342704090000001
0.01323369805
0.013134638720000001
0.013044793929999998
0.012963484090000001
0.012890070420000004
0.012823953770000002
0.012764581879999999
0.012711443230000003
0.012664054150000001
0.012621968370000007
0.012584777120000003
0.012552091969999998
0.012523561800000001
0.012498854669999998
0.012477663979999996
0.012459708949999995
0.012444725309999998
0.012432472559999998
0.012422724660000002
0.012415277019999999
0.01240993491
0.012406524019999997
0.012404879660000001
0.012404851299999999
0.012406300660000003
0.012409100110000001
0.01241312939
0.012418283930000003
0.012424460919999998
0.012431568040000002
0.012439523950000001
0.012448247680000002
0.012457670500000002
0.012467725490000003
0.012478352419999998
0.012489495129999998
0.012501104459999999
0.012513134179999998
0.01252554045
0.012538285489999999
0.012551331889999996
0.01256464711
0.01257820219
0.012591968059999998
0.012605920429999999
0.012620035500000005
0.012634292090000006
0.0126486713
0.012663155030000005
0.012677726169999997
0.012692370849999997
0.012707075319999999
0.012721826060000002
0.0127366146
0.012751425969999999
0.012766254390000002
0.012781087749999996
0.012795921669999996
0.01281074706
0.01282555736
0.01284034538
0.01285510567
0.012869836110000001
0.012884529770000003
0.012899182709999995
0.012913789900000004
0.012928349259999998
0.012942857490000001
0.012957312399999999
0.012971708229999995
0.012986045829999997
0.013000321160000003
0.013014534280000004
0.013028681800000002
0.01304276228
0.01305677362
0.013070716920000001
0.013084587639999999
0.01309838874
0.01311211584
0.013125769420000002
0.013139349289999998
0.013152853819999998
0.013166283270000002
0.01317963765
0.01319291435
0.013206115780000003
0.013219240489999997
0.013232286900000001
0.013245256710000004
0.013258149380000004
0.01327096589
0.013283703360000001
0.013296364089999997
0.013308947299999999
0.013321454480000003
0.013333884960000004
0.013346236729999999
0.013358513139999998
0.013370712050000002
0.013382834899999998
0.013394881549999998
0.013406854609999998
0.01341874874
0.01343057096
0.013442315710000001
0.013453986849999999
0.013465584110000001
0.013477106810000004
0.01348855613
0.013499930789999996
0.01351123403
0.01352246386
0.013533623050000004
0.0135447095
0.013555724309999996
0.013566669129999997
0.013577543210000003
0.01358834783
0.013599082230000004
0.013609746130000005
0.013620344120000002
0.013630873010000006
0.01364133267
0.013651724740000003
0.013662049980000002
0.013672309090000003
0.013682501579999999
0.013692628980000001
0.01370269174
0.013712688430000003
0.013722620650000003
0.013732490170000002
0.013742295600000001
0.01375203715
0.01376171742
0.013771334710000001
0.013780889999999997
0.013790383190000002
0.013799817329999998
0.013809190070000001
0.013818502400000002
0.013827756190000002
0.01383694915
0.013846085520000006
0.013855162619999998
0.013864181079999998
0.013873143320000001
0.013882049049999996
0.013890895730000003
0.013899688180000003
0.013908424699999998
0.013917105509999998
0.01392573074
0.013934303569999997
0.013942820279999999
0.0139512835
0.013959693910000001
0.01396805181
0.013976356100000005
0.0139846091
0.01399280899
0.01400095894
0.014009058409999999
0.01401710591
0.014025103610000002
0.014033051570000002
0.014040950869999997
0.01404879992
0.01405659939
0.0140643511
0.01407205513
0.0140797122
0.014087321400000002
0.014094883780000001
0.014102398370000001
0.014109867649999998
0.014117290209999996
0.014124669340000005
0.014132001990000002
0.014139289909999997
0.014146532909999999
0.014153732269999997
0.014160887559999997
0.014167998819999998
0.014175067170000001
0.014182093070000004
0.014189076620000003
0.014196016530000001
0.014202914550000003
0.01420977316
0.014216588399999994
0.01422336293
0.014230096599999999
0.014236789159999999
0.014243442640000001
0.01425005626
0.01425662989
0.014263165810000002
0.014269661280000004
0.014276117729999996
0.01428253677
0.01428891821
0.01429526075
0.01430156529
0.014307832570000002
0.01431406408
0.01432025737
0.014326416329999998
0.014332537380000003
0.014338623109999997
0.014344672210000003
0.014350686490000002
0.01435666639
0.014362610430000002
0.014368519640000004
0.014374394309999997
0.01438023512
0.01438604281
0.014391816289999994
0.01439755647
0.014403263890000002
0.014408937700000004
0.014414578360000001
0.014420188139999998
0.014425763970000003
0.014431308929999997
0.01443682126
0.014442302479999997
0.014447752969999996
0.01445317084
0.01445855738
0.0144639163
0.014469242079999998
0.014474539190000002
0.014479803579999997
0.014485041570000006
0.014490247139999999
0.014495424979999996
0.014500573000000001
0.01450569183
0.014510783159999995
0.014515845250000001
0.0145208783
0.014525882739999997
0.01453086006
0.014535809319999997
0.01454073148
0.014545625600000002
0.014550491849999998
0.014555332519999999
0.014560146130000002
0.01456493334
0.0145696939
0.014574427510000001
0.01457913448
0.014583816570000003
0.014588471449999996
0.014593102609999999
0.014597707559999997
0.014602286339999992
0.014606841599999996
0.014611370789999996
0.014615875569999999
0.01462035634
0.014624812519999999
0.014629244140000002
0.014633651910000005
0.014638036469999997
0.014642396999999996
0.014646734469999999
0.014651048630000002
0.014655337729999995
0.014659604860000001
0.014663850799999998
0.01466807132
0.014672269779999995
0.014676447029999993
0.014680601429999997
0.01468473352
0.014688843719999997
0.01469293207
0.014696998520000004
0.01470104318
0.014705067330000002
0.014709068990000001
0.01471305107
0.014717010720000001
0.014720951169999996
0.014724869340000002
0.014728767859999997
0.01473264649
0.014736503190000005
0.014740340180000002
0.014744159390000003
0.014747954819999997
0.014751733329999999
0.014755491679999996
0.0147592301
0.01476295024
0.014766650349999997
0.014770331940000006
0.01477399483
0.014777638739999998
0.01478126411
0.014784870260000001
0.014788459249999997
0.014792027709999999
0.014795580330000002
0.01479911444
0.01480262822
0.014806126759999998
0.014809608049999999
0.014813070069999998
0.01481651356
0.014819941560000001
0.01482335193
0.014826744729999999
0.014830121379999997
0.014833480999999999
0.014836823180000003
0.014840147650000001
0.014843456630000003
0.014846749189999998
0.01485002574
0.014853285260000005
0.014856529809999994
0.014859758329999999
0.014862969799999999
0.01486616554
0.01486934628
0.014872511610000003
0.014875660050000006
0.014878794240000003
0.014881912839999997
0.014885015790000003
0.014888105109999999
0.014891178630000002
0.014894237719999998
0.014897278759999997
0.01490030947
0.01490332492
0.014906324019999995
0.01490931017
0.014912281580000002
0.014915238709999999
0.014918180559999999
0.014921110489999998
0.014924025600000002
0.014926925760000001
0.01492981446999999
0.014932687970000004
0.014935548889999999
0.014938396089999995
0.01494122874
0.014944048830000002
0.014946856229999994
0.014949648650000003
0.014952430290000002
0.014955197310000001
0.014957952940000003
0.01496069474
0.014963424969999995
0.014966141309999998
0.014968846100000002
0.014971537840000002
0.014974216639999998
0.014976882930000004
0.014979539580000003
0.014982182789999998
0.01498481366
0.01498743234
0.014990038520000002
0.014992633969999997
0.01499521703
0.014997788500000003
0.015000348049999999
0.015002897140000002
0.01500543462
0.015007959119999999
0.015010474180000004
0.015012978309999998
0.015015469839999997
0.015017951739999993
0.01502042075
0.015022880780000001
0.015025329779999994
0.01502776643
0.015030193519999997
0.015032610570000004
0.01503501711
0.01503741154
0.015039796469999998
0.015042170449999998
0.01504453444
0.015046887759999994
0.015049231760000005
0.0150515664
0.01505388965
0.015056202590000005
0.015058506260000002
0.015060801200000003
0.015063084720000003
0.015065359170000006
0.015067623899999995
0.015069878870000004
0.015072124809999999
0.015074361989999998
0.01507658857
0.015078805609999999
0.015081013590000003
0.015083213
0.015085402769999996
0.015087583500000001
0.015089754250000002
0.015091915409999997
0.01509406984
0.015096214470000001
0.015098350820000002
0.015100478389999998
0.015102595700000006
0.015104703949999998
0.01510680449
0.015108897399999998
0.015110982589999999
0.015113058220000006
0.015115124030000003
0.015117182729999998
0.015119231979999996
0.015121274610000002
0.015123307539999997
0.015125332679999994
0.01512735089
0.015129360000000001
0.01513136058
0.015133355380000005
0.015135340669999999
0.01513731846
0.01513928881
0.015141250520000005
0.015143205989999997
0.015145151269999999
0.015147090439999997
0.015149022869999997
0.015150946049999994
0.015152862170000002
0.015154769569999997
0.015156670959999998
0.015158565090000003
0.015160451339999999
0.015162330970000009
0.015164202609999995
0.015166068360000005
0.01516792615
0.015169777339999998
0.01517162021
0.01517345663
0.015175285919999996
0.015177108810000001
0.01517892316
0.015180732230000002
0.015182535859999997
0.015184329930000002
0.015186118300000002
0.015187900250000002
0.015189674690000005
0.015191443680000003
0.01519320643000001
0.01519496044
0.015196710550000003
0.015198451780000006
0.01520018736
0.01520191662
0.015203639770000001
0.01520535559
0.015207066769999998
0.01520877079
0.015210468310000001
0.015212161469999994
0.015213847830000002
0.015215525639999996
0.015217198970000002
0.015218864830000003
0.015220526860000002
0.015222180870000001
0.01522382942
0.015225472960000003
0.015227109360000001
0.015228742339999995
0.01523036869000001
0.015231987830000002
0.015233600620000001
0.015235208710000003
0.015236810119999998
0.015238406930000002
0.015239998889999997
0.015241583470000004
0.01524316484
0.015244737920000006
0.015246306870000004
0.01524787055
0.015249428240000003
0.015250980640000005
0.015252528470000004
0.015254070150000005
0.01525560586
0.015257137369999996
0.015258662979999995
0.015260181739999996
0.01526169905
0.015263207640000004
0.015264712709999996
0.01526621199
0.015267706439999997
0.015269194199999997
0.015270678479999996
0.015272157240000004
0.015273631359999998
0.015275100740000006
0.015276564719999998
0.01527802377
0.015279478330000006
0.015280927040000003
0.015282371400000003
0.01528381117
0.0152852451
0.015286675870000004
0.0152881016
0.015289521039999998
0.015290937330000002
0.015292348340000001
0.01529375302
0.015295154980000001
0.015296550889999998
0.015297942249999995
0.01529932946
0.015300712729999999
0.015302090559999999
0.015303464180000002
0.01530483181
0.01530619716
0.01530755661
0.015308912819999998
0.01531026406
0.01531161139
0.015312953890000005
0.01531429189
0.015315626200000002
0.015316954540000004
0.015318280029999997
0.015319602180000003
0.015320918139999997
0.015322230249999999
0.015323538050000005
0.015324842910000004
0.015326142640000002
0.01532743756
0.01532872973
0.015330017919999992
0.015331301999999998
0.015332580780000004
0.015333856409999997
0.015335127119999997
0.015336393710000005
0.015337657849999993
0.0153389174
0.015340172559999997
0.015341425170000004
0.01534267224
0.015343916140000004
0.015345156950000001
0.015346392359999995
0.015347623809999999
0.0153488524
0.015350077509999999
0.01535129775
0.015352515490000005
0.015353727609999993
0.015354936970000002
0.015356142800000007
0.015357345239999997
0.015358543690000002
0.015359739390000005
0.015360931570000005
0.015362118909999995
0.015363303250000005
0.015364483899999998
0.015365660660000002
0.01536683387
0.015368005130000004
0.01536917124
0.015370335030000005
0.015371494120000004
0.01537265027
0.01537380369
0.01537495327
0.015376098139999999
0.015377242230000001
0.015378380410000003
0.015379516559999999
0.015380649839999998
0.015381779719999997
0.015382905060000006
0.015384027340000002
0.015385149189999997
0.01538626528
0.01538737938
0.015388487959999999
0.015389595730000004
0.01539069849
0.015391799649999998
0.01539289755
0.015393990620000002
0.015395081899999996
0.015396170410000005
0.015397255459999992
0.015398336959999996
0.015399417650000002
0.015400492430000003
0.01540156643
0.015402636360000005
0.015403703380000001
0.015404766659999998
0.015405827180000007
0.015406885989999999
0.015407940240000003
0.0154089928
0.015410042849999996
0.015411090169999999
0.015412133330000001
0.015413174189999997
0.015414212719999997
0.015415247080000001
0.015416282040000007
0.015417310610000004
0.015418339459999994
0.015419363740000008
0.015420386199999999
0.015421405369999997
0.015422422259999999
0.015423436549999994
0.015424448110000006
0.015425456720000006
0.015426462539999998
0.015427465219999999
0.015428466910000004
0.015429466929999993
0.015430463089999997
0.015431456120000003
0.015432447639999998
0.015433434849999999
0.015434420349999993
0.015435404459999998
0.015436386259999997
0.01543736514
0.015438339920000002
0.015439315710000004
0.015440287679999996
0.015441256659999993
0.015442222760000002
0.015443188609999997
0.015444150009999996
0.015445110380000002
0.01544606789
0.015447024200000006
0.015447977699999999
0.015448929330000003
0.015449878749999996
0.015450825729999996
0.015451769620000002
0.015452712950000001
0.015453653029999998
0.015454592639999995
0.015455527410000001
0.015456461190000001
0.015457394040000001
0.01545832433
0.015459251200000003
0.015460178440000005
0.015461102559999997
0.01546202377
0.015462943990000002
0.015463862160000006
0.015464778660000001
0.015465692379999996
0.015466603869999998
0.015467515689999997
0.015468422699999998
0.01546933084
0.0154702335
0.015471135609999999
0.015472038570000006
0.01547293686
0.015473835169999998
0.01547473027
0.015475623759999996
0.01547651632
0.015477406579999997
0.015478296170000003
0.015479182619999993
0.015480067919999998
0.01548095199
0.015481834450000004
0.015482714860000002
0.015483593040000005
0.015484470070000004
0.015485346899999999
0.015486220959999998
0.015487094380000002
0.01548796569
0.01548883529
0.015489702919999999
0.01549056846
0.01549143409000001
0.015492298420000003
0.015493160459999999
0.015494021499999996
0.015494881499999997
0.015495739699999997
0.015496596430000002
0.01549745238
0.015498306519999998
0.015499158160000002
0.015500011359999996
0.015500860550000002
0.015501709619999995
0.015502556550000001
0.015503403029999996
0.015504247329999998
0.015505091509999997
0.015505934109999998
0.015506775309999993
0.015507615170000006
0.015508454979999996
0.01550929471
0.015510128889999997
0.015510965629999998
0.01551180104
0.015512634800000001
0.015513466760000004
0.015514297469999995
0.015515128410000006
0.015515957560000002
0.015516785569999999
0.015517613190000007
0.01551843917
0.015519264849999994
0.015520088229999998
0.01552091349
0.015521735579999998
0.015522556670000003
0.015523378130000005
0.01552419849
0.015525018320000002
0.015525836979999999
0.01552665461
0.015527470409999999
0.015528286600000003
0.015529101449999994
0.0155299162
0.015530730140000002
0.015531542260000001
0.015532355250000003
0.015533165980000008
0.015533977360000001
0.0155347864
0.015535594119999998
0.015536402879999998
0.01553721007
0.015538017770000006
0.015538824219999995
0.015539631229999995
0.015540435920000002
0.015541241340000003
0.015542044500000003
0.015542847309999995
0.015543650669999999
0.01554445341
0.015545256019999999
0.015546056569999998
0.015546858079999996
0.015547657489999998
0.015548457779999999
0.015549256539999999
0.015550056959999997
0.015550854280000005
0.01555165174
0.015552449360000005
0.015553247179999997
0.015554043819999997
0.015554839960000002
0.015555635539999994
0.015556431789999997
0.015557228140000004
0.015558022699999998
0.015558817499999995
0.01555961236
0.015560406529999998
0.015561200750000002
0.015561995100000005
0.01556278788
0.015563581319999999
0.015564375260000003
0.015565169229999998
0.01556596137
0.015566753599999993
0.015567545890000001
0.01556833744
0.015569130020000006
0.015569921650000002
0.01557071389
0.015571504520000003
0.015572298230000002
0.015573089559999998
0.015573879379999999
0.015574670499999999
0.015575462219999996
0.015576253600000003
0.015577044299999999
0.01557783569
0.0155786259
0.015579417330000003
0.0155802079
0.015580998219999998
0.01558178878
0.015582579910000003
0.01558337025
0.015584161709999995
0.015584954189999995
0.015585744510000004
0.015586536980000003
0.015587328379999998
0.015588118980000005
0.015588911000000004
0.01558970349
0.01559049447
0.015591286239999997
0.015592077620000002
0.015592870469999997
0.015593662909999998
0.015594454640000002
0.015595247420000003
0.01559604096
0.015596833980000002
0.015597627280000002
0.015598421789999999
0.01559921542
0.01560000957
0.015600803940000003
0.01560159856
0.015602393120000004
0.01560318959
0.015603984979999996
0.01560478072
0.015605576610000005
0.01560637232
0.015607170430000001
0.015607967059999998
0.015608763019999996
0.015609560560000003
0.015610359170000001
0.015611157880000006
0.015611955780000002
0.015612753859999997
0.015613553289999997
0.01561435496
0.015615153970000002
0.01561595421
0.01561675472
0.015617556449999999
0.01561835823
0.0156191602
0.015619963819999997
0.015620766590000001
0.015621572109999999
0.015622375289999999
0.01562318002
0.01562398564
0.01562479222
0.01562559828
0.015626405019999998
0.015627210999999995
0.01562801853
0.015628825490000005
0.01562963423
0.015630442640000006
0.015631251889999996
0.01563206281
0.015632871859999998
0.015633682399999998
0.015634494109999997
0.015635305710000002
0.015636119810000005
0.015636933219999996
0.015637746820000003
0.01563856129
0.01563937771
0.015640194190000005
0.01564100839
0.01564182686
0.015642644670000004
0.01564346295
0.01564428199
0.01564510142
0.015645921290000003
0.015646742890000006
0.015647563999999992
0.015648385369999997
0.01564920937
0.015650033499999997
0.015650857240000003
0.01565168345
0.01565250728
0.015653333449999998
0.015654160719999997
0.01565498822
0.01565581577
0.01565664515
0.015657475189999995
0.015658306859999995
0.015659136719999998
0.01565996931
0.015660801660000005
0.015661635320000006
0.01566246906
0.015663303880000007
0.01566413821
0.01566497408
0.015665811430000003
0.015666649540000008
0.01566748675
0.01566832658
0.01566916738
0.015670007180000008
0.0156708488
0.01567169064
0.01567253398
0.015673378559999996
0.01567422109
0.01567506662
0.015675912669999997
0.015676759279999994
0.015677606910000003
0.01567845521
0.015679304990000004
0.015680153899999997
0.015681004790000005
0.015681856259999995
0.015682708050000004
0.015683562939999996
0.015684415619999996
0.015685271029999996
0.015686126679999995
0.015686983059999996
0.01568783908
0.0156886972
0.015689554890000002
0.015690414179999997
0.015691274670000005
0.015692135819999998
0.015692997959999996
0.015693859369999997
0.01569472245
0.01569558701
0.015696451330000003
0.015697317870000005
0.015698184989999996
