0.09955234553999998
0.05415325673999998
0.03954209622
0.03173757582
0.027555044400000003
0.0250296561
0.023286864600000005
0.0219533179
0.020859556799999998
0.019922284759999995
0.01909750466
0.01836039788
0.017695994489999995
0.017094555820000003
0.016549218799999994
0.01605473505
0.015606792710000008
0.015201647419999997
0.014835921199999998
0.014506496180000002
0.014210475329999996
0.013945166080000005
0.013708060550000001
0.013496840290000001
0.01330935566
0.013143612390000002
0.012997755469999999
0.012870052079999998
0.012758882650000001
0.012662727150000004
0.012580165110000008
0.01250986556
0.01245060259
0.012401235439999998
0.0123607245
0.012328120620000002
0.01230256435
0.012283285699999997
0.012269586730000004
0.012260846009999994
0.012256504679999997
0.012256065350000001
0.012259077720000002
0.012265142579999997
0.012273896609999994
0.012285016899999996
0.012298211099999998
0.012313214759999998
0.01232979222
0.012347729389999998
0.01236683636
0.012386941920000005
0.012407897239999997
0.012429566489999997
0.012451834069999999
0.012474594980000002
0.012497759610000003
0.012521249430000003
0.012544994510000003
0.012568934939999997
0.012593019119999993
0.012617200199999998
0.01264144116
0.01266570361
0.01268996019
0.012714183930000001
0.012738349540000003
0.012762440030000002
0.01278643739
0.01281032561
0.01283409372
0.01285772715
0.012881217950000003
0.012904558160000001
0.012927740029999997
0.012950756299999998
0.01297360201
0.012996273440000001
0.01301876573
0.013041077680000004
0.01306320394
0.013085143709999998
0.0131068958
0.01312845813
0.01314983035
0.013171011780000002
0.013192001160000005
0.013212799419999999
0.013233406249999998
0.013253823229999996
0.013274049030000002
0.013294084790000008
0.013313931099999995
0.013333589199999996
0.013353061290000006
0.013372347209999998
0.013391447259999996
0.013410364729999997
0.01342909892
0.013447655240000002
0.013466029000000004
0.013484226669999998
0.01350224863
0.013520095820000005
0.013537768740000001
0.013555270620000002
0.013572604250000009
0.01358976851
0.013606766339999998
0.013623600170000003
0.013640270869999995
0.013656780879999999
0.013673130059999998
0.013689321629999996
0.013705358019999997
0.013721239730000001
0.013736968749999997
0.013752545979999998
0.013767973479999997
0.013783254679999999
0.013798389910000007
0.01381337948
0.01382822647
0.01384293335
0.01385749831
0.013871926609999998
0.013886219940000001
0.01390037603
0.013914401099999996
0.013928293069999997
0.013942055379999995
0.013955688899999995
0.013969194540000006
0.013982575410000002
0.013995829950000004
0.014008962160000001
0.014021973939999998
0.014034864600000004
0.01404763611
0.014060290499999992
0.014072828830000004
0.01408525211
0.014097561670000003
0.014109758900000005
0.014121846450000001
0.014133822950000001
0.014145691709999996
0.01415745265
0.014169108819999993
0.014180658230000006
0.014192104370000003
0.014203448730000004
0.014214691609999998
0.014225833270000002
0.014236876970000005
0.01424782269
0.014258669960000001
0.014269421800000008
0.014280079709999999
0.014290643000000006
0.014301112820000001
0.01431149243
0.014321780310000006
0.014331977720000002
0.014342088080000004
0.014352108600000002
0.01436204285
0.014371892049999996
0.014381655429999996
0.014391335939999996
0.014400931250000002
0.014410445139999999
0.014419876620000003
0.014429229300000002
0.014438500170000005
0.014447693190000005
0.014456807679999996
0.014465845640000004
0.014474806069999997
0.01448369122
0.014492501059999996
0.014501238720000002
0.014509900230000004
0.014518491609999996
0.014527010499999998
0.014535457520000001
0.014543834870000001
0.014552141060000003
0.014560378639999998
0.014568548700000001
0.01457665183
0.014584687970000003
0.014592657609999997
0.014600561540000006
0.014608400449999996
0.01461617626
0.014623887229999999
0.014631535649999996
0.014639122930000002
0.0146466482
0.014654112699999998
0.014661515849999997
0.014668859289999996
0.014676144100000003
0.01468337039
0.014690537640000001
0.014697649679999996
0.014704703749999997
0.014711700109999998
0.01471864165
0.014725528460000003
0.014732358860000006
0.014739135640000001
0.014745860569999998
0.014752531209999996
0.014759149740000001
0.014765714520000002
0.01477222934
0.01477869281
0.014785104879999997
0.01479146802
0.01479778053
0.014804044170000004
0.014810260419999999
0.014816426919999993
0.014822546599999997
0.014828617990000004
0.014834642650000002
0.014840620540000002
0.01484655301
0.01485244048
0.014858282799999997
0.014864079750000002
0.014869832999999999
0.01487554149
0.01488120833
0.014886829889999998
0.014892410579999994
0.014897948299999998
0.01490344484
0.01490889901
0.014914313550000004
0.01491968623
0.014925018970000002
0.01493031193
0.014935565269999992
0.01494077914
0.014945954429999997
0.01495109217
0.014956190179999997
0.01496125177
0.014966274979999998
0.014971261690000005
0.014976212499999999
0.014981126829999995
0.01498600404
0.01499084522
0.014995652469999999
0.01500042327
0.015005159929999998
0.015009862619999998
0.015014530010000006
0.015019165020000001
0.015023765630000003
0.015028333439999996
0.01503286839
0.015037369130000002
0.015041839399999996
0.015046277209999999
0.015050684160000001
0.0150550591
0.015059402380000001
0.015063714590000004
0.01506799541
0.015072247339999996
0.015076468979999997
0.015080660919999999
0.015084821880000002
0.015088955159999997
0.015093058699999995
0.01509713386
0.01510118088
0.01510520016
0.015109190160000001
0.01511315242
0.01511708824
0.015120996580000013
0.015124877740000002
0.01512873304
0.015132560150000003
0.015136361779999998
0.015140138280000002
0.01514388798
0.015147612289999996
0.01515131147
0.015154983980000003
0.01515863385
0.015162259199999997
0.015165858700000001
0.015169433939999994
0.015172987110000001
0.015176516460000001
0.015180020879999994
0.01518350296
0.015186961880000002
0.015190396729999995
0.01519380915
0.015197199770000003
0.015200565979999995
0.015203911230000002
0.015207235839999994
0.015210538269999997
0.015213816469999995
0.01521707838
0.01522031655
0.015223534240000001
0.015226729529999997
0.015229904790000002
0.015233061419999997
0.01523619757
0.015239311999999998
0.015242408709999999
0.015245485040000001
0.015248542020000004
0.015251580240000001
0.015254598290000003
0.015257597730000006
0.01526057942
0.015263541229999997
0.015266486059999999
0.01526941134
0.01527232007999999
0.015275208590000002
0.01527808111
0.015280935830000003
0.015283772029999998
0.015286592280000002
0.01528939508
0.01529218156
0.015294950390000004
0.015297702299999999
0.015300439690000008
0.015303159459999998
0.0153058622
0.01530854952
0.015311221869999997
0.015313878530000005
0.01531651934
0.01531914611
0.015321755999999999
0.015324351319999995
0.01532693181
0.015329498349999996
0.015332047870000002
0.015334586450000005
0.015337108089999997
0.015339616719999997
0.015342110480000002
0.01534459213
0.015347058560000001
0.015349510559999995
0.01535195063
0.015354376830000007
0.01535678805
0.015359189229999997
0.01536157608
0.015363950439999996
0.015366311499999997
0.01536866026
0.015370996899999998
0.015373320059999997
0.01537563292
0.015377931689999999
0.01538022028
0.01538249427
0.01538475764
0.01538701017
0.015389251200000002
0.015391481569999997
0.015393698899999999
0.015395906409999995
0.015398102020000004
0.015400288009999999
0.015402461239999998
0.01540462462
0.015406779059999995
0.015408920880000001
0.015411051590000002
0.015413173180000002
0.015415285690000008
0.015417388560000005
0.015419479539999998
0.015421562480000005
0.01542363398
0.01542569834
0.015427750699999996
0.015429794810000003
0.015431829239999995
0.015433853080000004
0.01543586988
0.015437878460000004
0.01543987695
0.01544186695
0.015443847179999996
0.0154458211
0.015447783179999997
0.015449737480000001
0.0154516849
0.015453624529999998
0.01545555433
0.015457476319999998
0.015459390390000008
0.015461296909999998
0.015463195030000003
0.01546508588
0.01546697011
0.01546884457
0.015470712950000003
0.015472574190000006
0.015474427519999999
0.015476272730000002
0.01547811414
0.015479944649999997
0.015481768740000002
0.015483588520000003
0.01548539925
0.01548720381
0.015489001489999998
0.015490791680000006
0.015492576469999995
0.01549435489
0.015496127240000006
0.015497890840000004
0.015499652800000001
0.015501404919999996
0.015503150940000002
0.01550489124
0.015506625969999997
0.01550835553
0.015510079329999999
0.015511794829999996
0.015513505729999998
0.015515210799999997
0.015516910929999999
0.015518605809999995
0.015520294079999998
0.015521978929999998
0.015523657249999998
0.015525329519999999
0.015526998400000002
0.015528659190000002
0.01553031652
0.01553196991
0.015533617
0.015535257939999993
0.015536895949999997
0.015538527939999998
0.015540156979999997
0.015541780510000002
0.01554339968
0.01554501172
0.01554662169
0.015548227479999996
0.01554982573
0.015551423129999999
0.015553014519999998
0.015554601800000005
0.01555618433
0.015557763169999994
0.015559338739999998
0.015560908609999997
0.015562475460000003
0.015564037450000004
0.015565596720000009
0.015567150889999999
0.015568701660000002
0.01557024779
0.015571790889999994
0.015573330029999997
0.015574865259999997
0.015576397540000002
0.01557792566
0.01557945122
0.015580973059999998
0.01558249025
0.015584004709999998
0.015585515740000005
0.015587023480000003
0.015588528510000003
0.015590029059999995
0.015591527529999998
0.015593022460000001
0.015594514400000002
0.015596003200000009
0.01559748886
0.01559897059
0.015600450960000001
0.015601926420000002
0.01560340098
0.015604871929999996
0.01560633957
0.015607805990000001
0.015609268349999999
0.015610727459999998
0.015612184579999999
0.015613639209999999
0.015615091539999999
0.015616540229999998
0.015617985919999997
0.015619430170000002
0.015620871509999993
0.015622310200000005
0.015623747790000002
0.01562518275
0.015626614849999994
0.015628044100000005
0.015629472100000003
0.015630898319999996
0.015632321639999995
0.01563374305
0.015635162339999998
0.015636580819999996
0.0156379956
0.015639407650000003
0.015640817379999998
0.015642227000000005
0.01564363416
0.015645039260000004
0.015646441840000004
0.0156478431
0.015649241130000005
0.015650639859999992
0.01565203485
0.01565342963
0.015654821859999998
0.01565621194
0.015657602519999998
0.015658989450000004
0.01566037444
0.015661758769999996
0.01566314368
0.015664524229999997
0.015665903000000002
0.015667281970000002
0.01566865801
0.015670034929999997
0.01567140923
0.0156727821
0.015674153669999996
0.01567552539
0.015676895279999995
0.015678263730000003
0.015679629799999997
0.015680995359999998
0.01568236004
0.01568372344
0.015685086770000002
0.0156864476
0.015687808770000006
0.015689167919999997
0.015690526919999993
0.01569188476
0.015693241600000005
0.015694597069999996
0.015695952409999995
0.01569730684
0.01569866316
0.015700016879999997
0.01570136831
0.015702720839999997
0.015704073080000002
0.015705423259999997
0.015706773860000002
0.01570812206
0.015709470509999993
0.01571081936
0.01571216725000001
0.015713513630000005
0.015714861079999996
0.01571620924
0.015717553420000002
0.01571890175
0.015720246140000005
0.015721589629999998
0.01572293564
0.0157242797
0.01572562377
0.01572696735
0.015728310659999998
0.01572965498
0.015730998710000003
0.01573234237
0.015733686240000003
0.01573502862
0.015736370799999996
0.01573771494
0.01573905873
0.015740402629999997
0.01574174594
0.01574309051
0.01574443474
0.015745777690000008
0.01574712089
0.015748466180000004
0.01574980979
0.01575115432
0.015752500029999995
0.015753844530000005
0.015755188620000003
0.01575653537
0.01575788118
0.015759228059999998
0.01576057404
0.01576192179
0.01576326778
0.01576461512
0.01576596478
0.01576731425
0.01576866295
0.01577001403
0.015771365929999996
0.01577271722
0.01577406909
0.015775420279999997
0.01577677381
0.015778128949999998
0.015779483419999997
0.015780840249999994
0.015782194880000006
0.01578355245
0.01578491208
0.015786269789999998
0.015787629880000004
0.01578898945
0.015790351799999998
0.01579171496
0.015793078759999996
0.01579444257
0.01579580994
0.015797174179999998
0.015798541830000002
0.01579991056
0.01580128053
0.015802652149999995
0.0158040222
0.015805395999999996
0.015806769040000005
0.015808144040000003
0.015809517779999997
0.015810894810000004
0.015812273380000005
0.015813654209999993
0.015815033660000002
0.015816414739999996
0.015817798680000005
0.015819183429999998
0.015820568710000003
0.015821957549999998
0.01582334628
0.015824736080000002
0.015826126709999996
0.015827520430000002
0.01582891401
0.015830309559999995
0.015831708260000004
0.015833106330000003
0.015834507609999996
0.01583590862
0.015837311799999997
0.015838716510000003
0.015840123969999998
0.015841531899999997
0.015842940339999997
0.015844352920000006
0.01584576605
0.015847178549999993
0.015848596509999993
0.01585001396
0.015851433649999996
0.015852855309999997
0.015854278159999995
0.01585570452
0.015857131150000002
0.015858559129999998
0.015859988499999998
0.01586142151
0.01586285488
0.015864290939999998
0.015865729270000004
0.01586716864
0.015868609779999994
0.015870052380000003
0.015871497690000003
0.0158729453
0.01587439331
0.01587584468
0.01587729846
0.01587875277
0.01588020977
0.015881669460000004
0.015883130869999998
0.015884592240000002
0.015886057689999997
0.015887526060000004
0.015888994409999996
0.015890465119999996
0.01589193852
0.015893413889999996
0.015894893060000005
0.01589637252
0.01589785355
0.01589933719
0.01590082402
0.01590231217
0.01590380374
0.01590529848
0.01590679243
0.01590829115
0.015909790710000003
0.015911292940000002
0.01591279549
0.015914302999999998
0.0159158122
0.01591732235
0.015918836130000003
0.015920351280000005
0.015921868810000003
0.01592338906
0.015924912060000004
0.01592643755
0.015927964259999997
0.015929493859999998
0.015931025700000004
0.01593255941
0.01593409661
0.015935636549999996
0.01593717829
0.01593872388
0.01594027088
0.01594181924
0.015943372110000006
0.01594492516
0.015946482199999994
0.01594804029
0.01594960142
0.01595116682
0.015952733480000005
0.0159543016
0.015955874599999996
0.015957449990000004
0.015959025810000003
0.015960606370000005
0.01596218771
0.015963773299999998
0.015965360389999995
0.015966950120000004
0.015968540959999996
0.01597013612
0.015971731750000006
0.015973331929999997
0.015974934209999993
0.015976538460000002
0.01597814707
0.01597975817
0.01598137103
0.015982986540000008
0.015984604839999993
0.015986224639999998
0.015987849200000005
0.01598947605
0.015991104779999998
0.015992737229999998
0.015994371380000004
0.015996007960000003
0.015997647039999997
0.015999289769999994
0.01600093625
0.016002583379999998
0.016004234739999998
0.016005887240000002
0.01600754402
0.016009202599999998
0.016010863990000002
0.016012529559999995
0.016014194589999996
0.016015865379999997
0.016017537180000003
0.01601921092
0.016020889070000002
0.0160225716
0.016024255260000005
0.016025940480000004
0.0160276285
0.016029321100000004
0.01603101603
0.016032714239999996
0.01603441458
0.016036116040000003
0.016037823439999994
0.01603953132
0.01604124354
0.016042957279999992
0.016044673460000002
0.016046393300000003
0.016048117630000004
0.016049843059999996
0.016051571160000003
0.01605330128000001
0.01605503578
0.0160567733
0.016058514119999992
0.016060256600000006
0.016062003119999998
0.016063751060000003
0.01606550244
0.016067257700000004
0.0160690153
0.01607077573
0.01607253799
0.016074302179999996
0.01607607106
0.016077842749999998
0.01607961604
0.01608139416
0.01608317445
0.016084956779999996
0.016086741359999997
0.016088530410000006
0.016090322
0.016092115599999998
0.016093912579999998
0.016095713219999995
0.01609751393
0.01609932189
0.01610112917
0.016102941520000004
0.016104755100000003
0.016106571460000003
0.01610839196
0.01611021458
0.016112039910000008
0.0161138691
0.016115700889999994
0.016117535119999995
0.016119372179999997
0.01612121131
0.016123054280000004
0.016124900339999998
0.016126749410000002
0.016128599039999997
0.01613045376
0.01613231178
0.01613417085
0.01613603577
0.01613790062
0.016139769899999993
0.0161416414
0.016143515490000003
0.016145392760000002
0.01614727279
0.016149156520000003
0.01615104241
0.01615293032
0.016154821179999997
0.016156716009999995
0.01615861411
0.016160513399999996
0.01616241639
0.01616432192
0.01616623022
0.016168140400000003
0.01617005498
0.01617197156
0.016173890399999998
0.016175813430000005
0.016177737679999995
0.01617966558
0.016181596839999993
0.016183530600000003
0.01618546623999999
0.01618740583999999
0.01618934796
0.01619129252
0.016193239419999995
0.016195189390000003
0.016197142379999998
0.016199098259999996
0.016201057129999995
0.01620301902
0.016204982470000004
0.016206950980000003
0.01620892092
0.016210893619999996
0.01621286851
0.0162148459
0.016216826649999995
0.01621881022
0.016220796420000003
0.01622278568
0.01622477783
0.016226770860000003
0.01622876913
0.01623076855
0.016232770039999997
0.016234774980000005
0.016236783140000002
0.01623879301
0.016240807799999996
0.01624282363
0.01624484167
0.016246863070000003
0.016248886599999998
0.01625091228
0.016252941479999998
0.016254971860000002
0.016257007080000004
0.01625904415
0.01626108381
0.016263125280000002
0.016265170300000003
0.016267219230000005
0.016269269000000003
0.01627132144
0.016273375720000004
0.01627543332
0.016277493200000003
0.01627955694
0.01628162079
0.016283689860000002
0.016285760939999998
0.016287832710000002
0.016289907380000003
0.01629198515999999
0.016294065620000006
0.016296149830000002
0.016298233729999997
0.016300322040000002
0.01630241235
0.016304505279999996
0.016306600779999993
0.01630869696
0.016310797409999998
0.016312901040000004
0.01631500621
0.016317114159999997
0.01631922372
0.016321334519999998
0.016323450769999998
0.01632556818
0.01632768742
0.016329809270000002
0.01633193421
0.016334062679999994
0.01633619174
0.01633832338
0.01634045688
0.016342594369999998
0.01634473334
0.01634687442
0.01634901881
0.016351162840000003
0.016353311519999997
0.01635546134
0.016357614660000002
0.01635976913
0.016361927010000003
0.016364087560000004
0.016366249150000005
0.016368413359999997
0.016370579710000003
0.016372747139999998
0.016374919199999994
0.016377091270000005
0.016379268160000002
0.01638144402000001
0.016383623279999995
0.016385804379999997
0.01638798926
0.016390175640000004
0.016392363610000002
0.01639455478
0.016396746840000004
0.016398942159999996
0.01640113752
0.016403336670000004
0.016405538499999997
0.016407741519999998
0.01640994776
0.016412154669999998
0.01641436683
0.016416576650000004
0.016418792320000004
0.01642100728
0.016423225
0.016425444790000004
0.016427667939999998
0.01642989242
0.016432118059999997
0.016434345000000003
0.016436575210000005
0.016438807599999997
