0.10891841608
0.06185746239999999
0.04799294031999999
0.039021092239999985
0.033360823740000004
0.029756628600000005
0.027331832240000003
0.025581253599999996
0.024231024420000007
0.023131537859999995
0.02219843553999999
0.02138230058
0.020653021720000005
0.019991551280000002
0.01938540637999999
0.018826110040000003
0.01830769307
0.01782579348
0.017377093470000004
0.016958960759999996
0.016569227179999996
0.016206035339999997
0.015867745029999995
0.01555287098
0.015260044100000005
0.01498798591
0.014735485850000002
0.014501401039999999
0.014284644329999999
0.014084179259999998
0.013899023760000002
0.01372824206
0.013570945600000004
0.013426292299999996
0.013293481510000003
0.013171759040000001
0.01306040639
0.012958747469999997
0.012866143059999996
0.012781990879999998
0.012705719209999997
0.01263679366
0.012574707980000002
0.012518987810000002
0.012469184920000001
0.01242488002
0.012385676369999998
0.01235120243
0.012321109099999996
0.012295070779999999
0.012272779310000004
0.012253948059999999
0.01223830559
0.012225603279999997
0.012215603600000003
0.012208089949999995
0.01220285319
0.01219970974
0.012198477689999997
0.012198995759999998
0.012201110309999996
0.012204682289999996
0.012209579370000001
0.012215683099999994
0.012222881170000003
0.012231073609999999
0.012240165510000003
0.012250068470000002
0.012260706400000002
0.012272003630000004
0.012283895049999998
0.012296318589999997
0.012309220380000001
0.012322546750000003
0.012336253260000003
0.01235029634
0.012364637769999997
0.012379240589999998
0.012394073369999998
0.012409109740000002
0.012424318109999997
0.012439678010000002
0.012455163330000001
0.012470758189999997
0.012486440830000006
0.012502196360000002
0.012518008599999995
0.012533864990000003
0.012549752060000006
0.01256565729
0.012581574469999999
0.01259748985
0.01261339571
0.012629287480000003
0.01264515321
0.012660991899999998
0.01267679185
0.012692551889999999
0.012708268469999996
0.012723932270000005
0.012739545309999996
0.012755099410000002
0.01277059277
0.012786026159999997
0.012801391400000002
0.012816689749999999
0.012831919429999998
0.012847076550000003
0.012862160239999998
0.012877169460000002
0.01289210369
0.012906960959999998
0.012921740539999999
0.012936441250000007
0.012951063129999997
0.012965604689999995
0.0129800656
0.01299444581
0.013008744130000003
0.01302296254
0.013037098519999998
0.013051150940000002
0.013065123299999995
0.01307901342
0.013092821229999997
0.01310654655
0.013120191129999998
0.01313375231
0.013147233460000003
0.013160633639999999
0.01317395216
0.013187190639999999
0.01320034685
0.013213423320000004
0.0132264192
0.013239336670000004
0.013252174570000002
0.013264932679999997
0.013277612470000002
0.013290215040000003
0.01330273964
0.013315185069999999
0.01332755512
0.01333984736
0.013352064580000003
0.013364206169999997
0.013376271739999996
0.013388261029999998
0.013400177079999999
0.013412018869999997
0.013423787689999998
0.013435484830000009
0.013447108030000002
0.013458658319999999
0.013470137370000001
0.013481544560000001
0.013492883679999994
0.013504150329999997
0.01351534772
0.013526475199999994
0.013537535049999999
0.013548525129999997
0.013559449539999999
0.01357030367
0.013581092030000002
0.013591812609999998
0.01360246942
0.013613058899999995
0.01362358316
0.01363404292
0.013644437910000006
0.013654769260000007
0.013665038170000001
0.013675242839999997
0.013685386200000005
0.013695466849999996
0.01370548516
0.013715442079999998
0.013725338200000001
0.013735175260000003
0.013744951180000005
0.013754669250000002
0.01376432685
0.013773926180000005
0.013783466439999998
0.013792949399999999
0.013802375120000002
0.013811744910000005
0.01382105546
0.013830312649999996
0.01383951241
0.013848656339999998
0.013857745420000003
0.01386677974
0.013875760309999995
0.0138846876
0.013893560599999997
0.0139023803
0.013911146239999997
0.013919860879999997
0.013928523549999999
0.013937134120000003
0.013945694640000004
0.01395420254
0.013962660589999999
0.013971068080000005
0.01397942604
0.013987734150000002
0.013995992279999996
0.014004201750000002
0.014012363009999997
0.01402047662
0.014028541180000005
0.014036559389999998
0.014044529229999997
0.01405245264
0.014060329790000001
0.01406815887
0.014075943590000004
0.014083683089999997
0.014091376720000007
0.014099024830000004
0.0141066277
0.014114188579999997
0.014121703730000004
0.01412917469
0.014136601580000005
0.01414398683
0.01415132662
0.01415862573
0.014165882839999998
0.014173096260000002
0.014180268579999997
0.014187399530000002
0.014194489209999996
0.014201537799999995
0.014208545419999994
0.01421551273
0.014222439779999995
0.014229326660000001
0.014236174410000003
0.014242982049999998
0.01424974938
0.014256480160000003
0.014263170490000001
0.01426982292
0.01427643597
0.014283012099999999
0.014289551360000003
0.01429605261
0.014302515960000001
0.014308942940000003
0.014315333780000003
0.014321687559999997
0.01432800536
0.014334286980000001
0.014340532860000001
0.014346743590000002
0.014352917600000006
0.014359057649999998
0.014365162240000005
0.014371232879999998
0.014377269800000004
0.014383271909999995
0.01438923854
0.014395172979999999
0.01440107311
0.014406940059999995
0.014412774420000003
0.014418575150000003
0.01442434266
0.014430080469999997
0.014435783280000003
0.014441453879999996
0.01444709339
0.014452702060000005
0.014458279489999998
0.014463823659999996
0.014469338020000002
0.01447482048
0.014480273099999998
0.014485695280000002
0.014491087049999997
0.01449644863
0.01450178017
0.01450708254
0.014512354869999999
0.014517597690000003
0.014522809959999999
0.014527994310000007
0.014533150160000003
0.014538277470000001
0.014543376450000001
0.014548447539999999
0.01455348931
0.014558501939999998
0.014563489599999995
0.014568448259999998
0.01457337973
0.014578284750000003
0.014583161109999996
0.014588012050000002
0.014592836050000004
0.014597632219999998
0.014602403559999998
0.01460714758
0.014611865120000001
0.014616558070000006
0.014621222450000002
0.01462586469
0.014630478889999998
0.01463506899
0.014639635049999997
0.0146441742
0.014648689470000005
0.01465318039
0.01465764626
0.01466208907
0.01466650529
0.014670898709999998
0.014675268119999996
0.014679613900000006
0.014683936399999995
0.014688235039999999
0.014692508650000005
0.014696760699999999
0.014700990290000004
0.014705196150000002
0.01470937804
0.014713540460000002
0.01471767846
0.01472179408
0.014725888569999998
0.014729961209999998
0.014734011550000002
0.014738038910000003
0.014742045750000005
0.014746031099999996
0.014749994669999997
0.014753936349999998
0.014757857870000004
0.014761758289999998
0.014765638460000003
0.014769496449999999
0.01477333471
0.014777152940000003
0.014780950409999999
0.014784727709999999
0.014788485939999998
0.014792222590000004
0.014795940359999999
0.01479963807
0.014803316079999995
0.01480697575
0.014810614649999998
0.01481423555
0.01481783718
0.014821418669999998
0.014824982019999997
0.014828526839999998
0.014832052600000001
0.014835559319999999
0.01483904873
0.014842520680000002
0.014845973650000002
0.014849407370000001
0.014852825170000005
0.014856223650000005
0.014859603960000002
0.014862968239999996
0.014866313849999995
0.01486964187
0.014872953659999999
0.014876248770000003
0.014879524890000002
0.01488278505
0.014886029749999995
0.014889257149999996
0.014892466050000002
0.014895660030000002
0.01489883709
0.014901997220000001
0.01490514282
0.014908272259999997
0.014911384179999997
0.01491448194
0.014917561949999998
0.014920629429999992
0.01492367901
0.014926712370000001
0.014929731150000004
0.014932734250000003
0.014935723569999995
0.014938696489999998
0.014941656170000005
0.014944599960000004
0.01494752732
0.014950441040000002
0.014953340469999991
0.014956225929999995
0.014959098039999999
0.014961952880000002
0.01496479472
0.014967623020000001
0.014970435860000002
0.014973236139999995
0.014976021479999999
0.01497879447
0.014981552869999994
0.014984297750000002
0.014987028690000001
0.014989747360000001
0.014992451350000002
0.01499514153
0.014997820200000001
0.015000485519999995
0.015003138270000002
0.01500577656
0.015008403029999999
0.015011016850000003
0.015013617040000003
0.015016205469999997
0.015018780029999998
0.015021343000000003
0.015023893770000001
0.015026433950000003
0.015028960689999999
0.01503147467
0.015033976269999996
0.015036466749999998
0.015038944399999997
0.015041411040000003
0.015043866069999998
0.015046311499999998
0.015048743579999998
0.015051163700000002
0.015053572399999994
0.015055969690000002
0.015058354870000004
0.015060731259999993
0.015063096149999997
0.015065448979999996
0.01506779096
0.01507012117
0.015072442180000001
0.0150747511
0.015077052359999999
0.015079340280000002
0.015081618110000002
0.01508388527
0.015086143019999998
0.015088389769999998
0.015090625170000004
0.015092852720000001
0.01509506871
0.015097274450000005
0.015099471230000003
0.015101656429999999
0.015103834359999997
0.015106000730000003
0.015108157
0.015110305750000006
0.015112442679999996
0.015114570639999996
0.015116690170000007
0.015118799209999999
0.015120899569999999
0.01512298893
0.015125072500000003
0.015127145070000004
0.015129208680000004
0.0151312635
0.015133308139999998
0.015135345810000003
0.015137374220000006
0.015139393240000003
0.015141404069999998
0.015143407029999995
0.015145398959999999
0.015147383870000001
0.015149358609999998
0.015151326050000002
0.015153284900000001
0.015155236349999998
0.015157179010000004
0.015159114639999997
0.015161040129999996
0.015162958699999998
0.015164868219999999
0.015166770560000003
0.015168665519999996
0.01517055189
0.01517243003
0.015174301899999998
0.015176164359999997
0.015178020050000001
0.01517986799
0.015181707350000004
0.015183539740000003
0.015185366079999998
0.015187183630000003
0.015188994910000005
0.0151907978
0.015192594960000002
0.015194384139999996
0.015196165419999998
0.01519794203
0.01519970971
0.015201471760000005
0.015203223779999995
0.015204971800000001
0.015206711979999999
0.0152084452
0.015210172130000003
0.01521189208
0.015213604939999998
0.015215310820000003
0.015217010220000004
0.015218702630000004
0.015220390649999997
0.015222070620000002
0.015223744670000008
0.01522541149
0.015227074230000002
0.015228729360000002
0.015230378459999997
0.01523202137
0.015233658080000007
0.01523528771
0.01523691364
0.01523853109
0.015240143400000003
0.015241750739999999
0.015243349819999997
0.015244945480000001
0.01524653504
0.015248119660000004
0.01524969637
0.015251268130000004
0.015252833999999998
0.015254394789999999
0.015255949600000002
0.015257500219999998
0.015259044219999997
0.01526058333
0.015262117280000001
0.015263645220000005
0.01526516835
0.015266685919999997
0.01526819741
0.015269704970000002
0.015271206040000002
0.015272702390000002
0.01527419428
0.015275680150000004
0.015277162659999996
0.01527863879
0.015280111100000002
0.015281577059999996
0.015283038700000003
0.015284497240000004
0.015285949680000008
0.015287395920000004
0.015288839080000005
0.015290276409999996
0.015291709360000006
0.015293138419999998
0.015294561449999999
0.01529598142
0.015297394479999999
0.015298804759999998
0.01530020964
0.015301612289999999
0.01530300876
0.015304401059999997
0.01530578877
0.015307172560000004
0.015308552070000005
0.015309926630000002
0.015311296840000004
0.015312665479999994
0.015314027239999998
0.015315385630000001
0.015316739199999995
0.0153180902
0.015319435510000003
0.01532077879
0.015322116460000002
0.01532345133
0.015324781260000005
0.015326107
0.01532743119
0.015328749599999995
0.015330063880000001
0.015331376789999997
0.015332683450000006
0.015333987049999992
0.015335286299999999
0.015336582019999996
0.01533787558
0.015339162909999997
0.015340449550000006
0.015341730239999997
0.015343008710000001
0.015344283170000002
0.01534555345
0.015346822820000003
0.01534808671
0.015349346540000001
0.01535060271
0.015351856220000001
0.01535310792
0.015354354940000002
0.015355599650000001
0.015356840059999998
0.015358077469999998
0.01535931156
0.015360543610000001
0.015361772620000002
0.015362995939999999
0.01536421838
0.015365437829999995
0.015366651940000005
0.015367864390000001
0.015369074160000001
0.015370280679999997
0.015371484079999996
0.015372684600000004
0.015373881670000002
0.015375077279999998
0.015376269460000003
0.015377457750000004
0.015378644549999997
0.015379827460000004
0.015381008009999999
0.015382184730000002
0.015383359569999994
0.015384532130000001
0.01538570126
0.015386867520000003
0.015388031530000004
0.015389193350000005
0.015390351969999999
0.015391508620000001
0.01539266138
0.01539381357
0.015394962099999998
0.015396108079999995
0.01539725112
0.015398392459999997
0.015399531360000005
0.01540066713
0.015401800360000006
0.015402930379999999
0.015404061050000003
0.01540518631
0.01540631104
0.015407433280000002
0.015408552250000002
0.015409669059999999
0.015410783660000003
0.015411895519999996
0.015413005889999998
0.0154141142
0.015415220400000006
0.015416323319999998
0.01541742481
0.015418523489999997
0.01541962116
0.015420716800000003
0.015421810110000003
0.01542289995
0.015423989930000003
0.015425077420000002
0.015426161860000004
0.015427245589999998
0.015428325459999998
0.015429405139999996
0.01543048264
0.015431558320000004
0.015432631589999999
0.015433703140000001
0.015434772499999996
0.015435840010000005
0.015436906060000002
0.01543796869
0.015439032080000003
0.01544009229
0.015441150599999998
0.015442206830000001
0.015443261549999997
0.015444314900000002
0.01544536776
0.01544641672
0.015447465909999998
0.015448512170000005
0.015449558009999996
0.01545060132
0.015451641030000001
0.0154526814
0.015453719450000004
0.015454756089999999
0.015455791719999999
0.015456824530000003
0.01545785769
0.015458888260000005
0.015459917469999997
0.01546094573
0.015461971159999997
0.015462996900000001
0.015464019749999995
0.01546504347
0.015466064300000002
0.015467083720000002
0.015468101199999999
0.015469117809999999
0.015470133959999991
0.015471147069999995
0.015472159670000006
0.0154731703
0.015474182380000005
0.015475190690000003
0.015476197649999999
0.015477204709999996
0.015478210109999996
0.015479213409999996
0.015480217030000003
0.015481217850000005
0.015482219950000002
0.015483217980000004
0.015484216680000001
0.015485213749999996
0.015486209210000004
0.015487204149999994
0.015488197879999997
0.015489189969999994
0.015490180870000005
0.01549117022
0.015492159900000003
0.01549314765
0.015494135510000001
0.015495121890000001
0.015496106650000003
0.015497091520000004
0.01549807503
0.015499057159999998
0.015500038390000003
0.01550101935
0.01550199908
0.015502977579999995
0.015503954869999998
0.015504931039999998
0.015505907849999999
0.015506883329999999
0.01550785726
0.015508830530000003
0.015509804490000001
0.015510775570000001
0.015511746410000006
0.015512716090000003
0.01551368574
0.015514655100000002
0.015515623859999996
0.015516591470000002
0.015517558599999997
0.0155185241
0.01551948943
0.015520453800000002
0.01552141706
0.015522380230000004
0.015523342129999998
0.015524305640000003
0.015525266910000002
0.015526227110000004
0.015527187610000001
0.01552814923
0.01552910762
0.015530065240000003
0.015531023049999997
0.015531980110000003
0.015532936650000002
0.015533892819999997
0.015534847779999998
0.01553580231
0.01553675739
0.01553771187
0.015538665670000002
0.015539618940000001
0.01554057145
0.015541522890000001
0.015542475699999997
0.015543427490000004
0.0155443782
0.01554532901
0.01554628017
0.015547229740000003
0.015548179080000004
0.015549127670000006
0.015550075789999998
0.015551023839999996
0.015551972040000002
0.01555291961
0.015553866409999997
0.01555481275
0.015555759250000002
0.015556705890000005
0.015557651689999997
0.015558597050000005
0.015559541889999999
0.01556048696
0.015561431369999995
0.01556237495
0.015563320289999995
0.015564264270000001
0.015565207410000004
0.01556615067
0.015567093649999999
0.015568037019999996
0.015568978970000001
0.015569922490000006
0.015570864500000002
0.015571806910000003
0.01557274961
0.015573691259999998
0.015574634729999997
0.015575576550000001
0.015576518850000005
0.015577459520000003
0.015578401560000005
0.015579341690000002
0.015580283589999995
0.015581223499999998
0.015582165770000003
0.015583107410000003
0.015584049540000004
0.015584989500000004
0.015585930990000002
0.015586871120000002
0.015587812060000008
0.015588751509999997
0.015589692659999996
0.015590634210000003
0.015591574790000002
0.015592516010000003
0.015593455899999999
0.015594395769999997
0.015595336839999996
0.015596277390000001
0.015597219679999996
0.01559815845
0.01559910037
0.01560004125
0.015600982279999993
0.015601922539999997
0.015602863890000002
0.015603804169999997
0.015604746570000003
0.01560568676
0.015606628229999996
0.015607569779999999
0.01560851293
0.015609453639999998
0.015610395869999998
0.015611336999999998
0.015612281759999999
0.015613222839999996
0.015614166600000002
0.015615108570000001
0.01561605162
0.015616993329999997
0.015617938100000001
0.015618881309999999
0.015619824770000002
0.01562076837
0.01562171198
0.015622656489999998
0.015623600999999996
0.015624545469999999
0.01562548993
0.01562643486
0.015627380380000003
0.015628325869999998
0.01562927395
0.01563021918000001
0.015631165480000004
0.015632113059999994
0.015633060419999997
0.015634008200000004
0.01563495421
0.015635901870000003
0.015636851800000004
0.015637799419999997
0.015638749170000004
0.015639697740000003
0.015640648330000003
0.0156415988
0.0156425492
0.015643500499999994
0.015644449850000006
0.015645401919999996
0.01564635466
0.01564730707
0.015648260100000002
0.015649212779999998
0.015650166110000002
0.01565112038
0.01565207358
0.015653028310000004
0.015653983970000004
0.015654938480000002
0.015655895370000002
0.015656850469999997
0.015657808100000004
0.01565876584
0.015659722460000004
0.0156606812
0.01566163875
0.015662595820000003
0.015663556019999997
0.01566451559
0.01566547641
0.015666437139999996
0.01566739787
0.015668360460000003
0.01566932107
0.015670283710000003
0.015671247019999997
0.015672209830000002
0.015673174600000003
0.015674139190000002
0.01567510304
0.015676067770000007
0.015677034649999994
0.015678001979999998
0.01567896975
0.015679937130000002
0.015680905340000002
0.015681874239999997
0.015682842970000003
0.01568381207
0.01568478309
0.015685754810000004
0.01568672659
0.01568769707
0.015688670030000004
0.015689643899999998
0.015690617360000002
0.01569159141
0.015692567039999997
0.01569354230000001
0.0156945201
0.015695495420000004
0.015696472649999998
0.01569745101
0.01569842877
0.015699407529999997
0.015700387689999998
0.01570136833
0.015702348629999998
0.015703330629999998
0.015704312079999998
0.015705297100000005
0.015706279759999997
0.01570726617
0.015708250840000004
0.01570923671
0.015710223850000003
0.015711210909999995
0.01571219778
0.01571318661
0.01571417697
0.015715166560000004
0.01571615667
0.01571714769
0.01571814046
0.01571913305
0.015720126189999996
0.01572111909
0.01572211547
0.01572311198
0.015724109019999998
0.015725106219999996
0.0157261062
0.015727102779999995
0.01572810372
0.015729103100000003
0.015730103740000004
0.015731105
0.01573210722
0.015733111680000002
0.0157341157
0.015735121560000006
0.01573612626
0.01573713297
0.01573813902
0.015739147619999998
0.015740156219999996
0.01574116625
0.015742176259999997
0.015743187539999995
0.015744200280000002
