0.09097228204
0.08638759726
0.08263506328
0.07959431092000001
0.07712012437999997
0.07507933584000001
0.07336255572
0.07188483503999998
0.07058244245999999
0.06940861270000002
0.06832944710000001
0.06732057354
0.06636444885999998
0.06544845172000001
0.06456350576000001
0.06370304405999999
0.06286233538000001
0.062037970740000004
0.061227532499999994
0.060429287780000014
0.059642056859999994
0.05886506691999999
0.05809783004
0.057340074120000015
0.05659170420000001
0.05585274111999999
0.055123284099999996
0.05440348661999999
0.05369354640000001
0.05299366426
0.05230405024
0.05162490195999998
0.05095638531999999
0.05029866695999999
0.04965186795999999
0.04901608192
0.04839137204
0.04777777167999999
0.04717529206
0.046583918499999995
0.04600359806000001
0.04543427844000001
0.04487586695999999
0.044328294639999995
0.043791453679999995
0.04326523483999998
0.04274953998
0.04224426645999999
0.04174930107999999
0.041264547260000006
0.04078990935999999
0.04032528704
0.03987058295999999
0.039425708579999996
0.03899055492
0.038565029800000004
0.038149022160000004
0.03774241994
0.03734510474000001
0.03695695142
0.036577820139999995
0.036207567360000005
0.03584604761999999
0.03549310103999999
0.0351485664
0.03481228227999999
0.03448407648000001
0.03416376726
0.03385118452000001
0.03354615388
0.033248487759999994
0.03295800823999999
0.03267453612000001
0.03239788352
0.0321278769
0.0318643258
0.03160705158
0.03135587472
0.031110608699999993
0.03087107804
0.030637106259999988
0.03040850769999999
0.030185117499999997
0.029966757780000006
0.029753263779999997
0.029544471179999997
0.029340217300000006
0.029140346919999994
0.028944708939999998
0.028753162640000003
0.02856556372000001
0.028381778299999997
0.028201682519999997
0.028025154740000006
0.027852081399999996
0.027682354859999987
0.027515876380000016
0.027352548620000007
0.02719228262000001
0.027035002140000004
0.026880625500000005
0.02672908312
0.02658030638
0.026434237820000005
0.026290812979999995
0.02614997992
0.026011681400000004
0.025875865740000004
0.025742489419999997
0.025611498160000003
0.025482846839999997
0.025356489559999997
0.025232375639999992
0.025110457800000006
0.024990688000000007
0.0248730245
0.024757411639999994
0.0246438051
0.024532155100000005
0.02442241477999999
0.02431453614000001
0.024208470839999996
0.024104168839999995
0.024001581659999997
0.02390066572
0.023801366580000004
0.0237036442
0.023607450619999994
0.0235127395
0.023419465060000002
0.02332758676
0.02323706316000001
0.023147847759999993
0.023059906900000003
0.02297319442
0.02288767748
0.022803316639999995
0.022720078720000002
0.02263792442000001
0.022556823560000005
0.022476741519999996
0.02239764966
0.022319516500000004
0.02224231358
0.022166009639999998
0.022090580880000002
0.022016000360000006
0.02194224432000001
0.021869285279999998
0.02179710166
0.021725674340000004
0.021654975920000003
0.021584989400000004
0.021515693660000005
0.0214470689
0.021379095440000006
0.02131175874
0.021245039879999997
0.021178922460000013
0.02111338916
0.021048423599999998
0.020984012019999998
0.020920137859999993
0.020856790299999997
0.020793952679999998
0.02073161526
0.020669760579999998
0.020608378360000002
0.020547457119999998
0.020486980900000003
0.020426942339999997
0.020367329320000006
0.02030812841999999
0.020249327199999997
0.02019091844
0.0201328924
0.020075237279999995
0.02001793608
0.0199609853
0.019904370719999998
0.01984808586
0.01979211676
0.01973645506
0.0196810888
0.01962600838
0.01957120424
0.019516664259999997
0.01946237861
0.019408334639999997
0.019354527240000006
0.01930093996
0.019247563660000012
0.019194386719999994
0.0191413979
0.019088590030000005
0.019035950960000003
0.018983471000000005
0.018931140220000003
0.018878945399999996
0.01882688254
0.018774944280000004
0.018723121420000002
0.018671409620000003
0.01861980319
0.01856829721
0.01851689406
0.01846559386
0.018414398040000002
0.01836331261
0.018312346639999998
0.01826150862
0.01821081047
0.018160259800000002
0.01810988266
0.01805969144
0.018009705079999997
0.017959944040000005
0.017910431259999998
0.01786118376
0.017812223420000002
0.017763570389999997
0.017715244300000002
0.01766726096
0.017619632929999997
0.017572377910000006
0.017525507600000004
0.01747903025
0.01743295209
0.017387281600000005
0.017342020090000007
0.017297171019999998
0.017252735449999994
0.01720871507
0.017165102090000006
0.017121898110000002
0.017079097060000003
0.01703669281
0.016994683359999995
0.016953063320000003
0.016911825130000002
0.016870963859999998
0.01683047207
0.016790344210000002
0.016750571960000005
0.016711151670000004
0.0166720776
0.01663333898
0.016594933860000008
0.016556855550000003
0.016519097580000003
0.016481653780000004
0.01644451734
0.01640768914
0.0163711575
0.016334919149999995
0.016298970499999996
0.016263304840000003
0.01622792132
0.016192811859999996
0.016157974480000004
0.016123405639999998
0.016089101390000003
0.016055057289999997
0.01602126965
0.01598773516999999
0.0159544498
0.015921412320000005
0.01588861885
0.01585606576
0.015823749970000002
0.015791670480000006
0.01575982508
0.015728210379999996
0.01569682321
0.015665662009999994
0.01563472529
0.015604011129999998
0.01557351606
0.015543239319999999
0.015513177970000003
0.015483330869999996
0.015453695180000003
0.01542427155
0.015395057360000002
0.015366049859999995
0.015337247959999998
0.015308648939999997
0.01528025314
0.015252057389999997
0.015224061760000001
0.015196265460000002
0.01516866679
0.015141262699999998
0.015114054479999998
0.015087036879999998
0.015060212400000002
0.015033580890000002
0.015007139199999997
0.014980884500000005
0.014954817570000003
0.014928933709999998
0.014903236050000004
0.01487772308
0.014852393579999996
0.014827244210000002
0.014802274869999996
0.014777485390000003
0.01475287442
0.014728441479999998
0.014704184570000002
0.014680103869999996
0.014656197850000004
0.014632464270000008
0.014608903979999999
0.014585516009999997
0.014562298129999998
0.014539249230000002
0.014516369679999995
0.014493657889999997
0.014471111500000002
0.014448732169999999
0.014426517050000002
0.014404466289999996
0.014382578799999999
0.014360853200000002
0.014339288410000001
0.014317886339999999
0.014296643779999998
0.01427555993
0.014254634339999999
0.014233864819999997
0.014213252370000002
0.014192794130000004
0.01417249119
0.014152341320000001
0.014132343309999993
0.014112497960000001
0.01409280332
0.014073260079999999
0.01405386548
0.014034618599999998
0.014015520900000002
0.013996570040000003
0.013977764069999994
0.013959104659999994
0.013940588630000002
0.013922216869999999
0.01390398751
0.0138859003
0.01386795477
0.01385014913
0.013832483079999998
0.01381495854
0.013797571410000004
0.013780321390000001
0.013763207710000004
0.013746229740000003
0.013729387220000005
0.013712679659999998
0.013696104350000005
0.013679660429999995
0.013663350800000003
0.013647173020000005
0.013631123930000003
0.013615206310000006
0.01359941651
0.013583756100000002
0.01356822378
0.013552817719999997
0.013537536360000001
0.013522381609999998
0.013507350739999997
0.013492442759999994
0.013477659420000001
0.013462996399999996
0.013448456070000005
0.013434036949999999
0.013419737909999997
0.013405557810000001
0.013391494839999997
0.013377552450000007
0.013363727909999998
0.013350017920000004
0.013336426000000007
0.0133229481
0.013309584479999996
0.013296337450000003
0.013283200890000003
0.013270178070000003
0.01325726596
0.013244464140000002
0.013231773620000003
0.01321919202
0.013206721359999998
0.013194356609999998
0.01318210082
0.013169951649999996
0.013157909740000003
0.013145972409999998
0.013134139199999997
0.013122410139999995
0.013110784590000002
0.013099262419999997
0.013087841959999999
0.013076523429999997
0.013065305859999996
0.0130541889
0.013043171660000002
0.013032252359999998
0.01302143154
0.013010707339999997
0.013000080669999994
0.012989550410000002
0.01297911651
0.012968779030000002
0.012958533970000002
0.012948384509999997
0.012938328099999999
0.012928363140000001
0.012918490679999997
0.012908709110000001
0.012899016909999998
0.012889414450000003
0.012879902669999999
0.01287047973
0.01286114475
0.01285189677
0.01284273702
0.012833663769999998
0.012824676329999998
0.012815772129999998
0.01280695327
0.012798219340000002
0.012789568299999998
0.012781000090000001
0.012772514779999996
0.012764111630000003
0.01275578851
0.012747546129999999
0.012739386010000004
0.012731303919999997
0.012723299949999997
0.01271537405
0.012707526200000001
0.012699756190000005
0.01269206234
0.01268444293
0.012676899870000001
0.012669433759999994
0.012662040950000002
0.012654721949999998
0.012647475580000003
0.012640302110000003
0.01263320142
0.01262617192
0.0126192146
0.01261232774
0.012605510169999999
0.012598762959999996
0.012592086039999995
0.01258547612
0.012578934170000005
0.01257246064
0.012566053020000002
0.012559712050000003
0.012553438089999997
0.012547229100000007
0.012541084129999998
0.01253500383
0.012528989469999996
0.012523037930000003
0.01251714858
0.012511323909999997
0.012505559529999998
0.012499858369999997
0.012494217610000004
0.012488638370000001
0.012483118130000002
0.0124776591
0.012472259009999997
0.012466917759999996
0.012461635000000004
0.012456409790000003
0.012451242510000002
0.012446132950000004
0.01244107997
0.01243608377
0.01243114151
0.012426256190000002
0.012421424749999998
0.01241664774
0.01241192442
0.012407255650000002
0.01240264054
0.01239807894
0.012393568340000001
0.01238911072
0.012384703869999998
0.012380346300000001
0.012376041920000004
0.012371787710000004
0.01236758327
0.01236342912
0.012359323230000002
0.01235526687
0.012351257100000004
0.012347295840000001
0.012343381990000004
0.012339515450000005
0.012335697209999998
0.012331924520000002
0.012328197710000002
0.012324518480000001
0.012320883440000001
0.012317293749999996
0.0123137486
0.012310247599999997
0.012306789589999995
0.012303375710000002
0.01230000581
0.012296676589999998
0.012293391179999997
0.012290147859999998
0.012286946690000002
0.012283786680000002
0.012280667719999997
0.012277591659999998
0.0122745543
0.012271556849999999
0.012268599079999996
0.012265681119999998
0.01226280121
0.01225996206
0.01225716056
0.012254399159999999
0.012251673619999999
0.012248986410000003
0.012246336219999996
0.012243724090000001
0.01224114733
0.01223860619
0.01223610303
0.012233634109999994
0.01223120134
0.01222880275
0.012226441339999996
0.01222411228
0.01222181658
0.012219557050000001
0.012217330939999995
0.012215137000000001
0.012212977140000001
0.012210849140000004
0.01220875452
0.012206692670000003
0.012204662270000001
0.012202664120000001
0.012200697239999997
0.01219876011
0.012196855739999997
0.012194982739999995
0.01219313752
0.01219132463
0.012189539970000001
0.012187785159999997
0.01218606041
0.012184365340000003
0.01218269897
0.012181061200000003
0.012179451769999995
0.012177870689999998
0.012176317849999998
0.012174791330000004
0.01217329278
0.01217182181
0.0121703768
0.012168960499999998
0.012167570359999998
0.01216620501
0.012164866519999998
0.012163554500000002
0.012162267479999999
0.012161006609999999
0.012159770270000002
0.012158559420000003
0.012157372609999996
0.01215621212
0.012155075100000008
0.012153963359999994
0.012152875559999998
0.012151810320000001
0.012150768270000006
0.01214974988
0.012148755470000001
0.01214778285
0.012146832930000002
0.01214590439
0.01214500044
0.012144115959999997
0.012143254990000001
0.012142415230000002
0.01214159793
0.012140801970000002
0.012140027300000002
0.012139272579999997
0.012138539840000002
0.01213782733
0.01213713606
0.012136464649999998
0.012135813359999996
0.012135180659999996
0.01213456801
0.012133974970000003
0.012133401899999998
0.012132847260000003
0.01213231235
0.012131797059999998
0.012131299479999998
0.012130821030000002
0.01213036053
0.012129919650000001
0.012129495950000003
0.012129089550000003
0.01212870203
0.01212833148
0.01212797827
0.01212764172
0.012127323719999998
0.012127023159999998
0.01212673727
0.012126470029999998
0.012126218449999998
0.012125985450000001
0.012125765739999999
0.01212556274
0.012125375499999997
0.012125205719999997
0.012125051730000001
0.012124913499999999
0.012124789790000002
0.012124681530000006
0.01212458878
0.012124510449999999
0.012124446789999997
0.012124397429999996
0.012124363149999998
0.01212434358
0.012124338179999996
0.012124346830000004
0.012124369699999995
0.012124406380000001
0.01212445703
0.012124522009999996
0.01212460139
0.0121246927
0.0121247973
0.012124915700000008
0.012125046460000002
0.012125191560000002
0.01212534904
0.012125519680000004
0.012125703199999999
0.012125898969999998
0.012126107620000003
0.012126327159999999
0.012126559949999996
0.012126805580000006
0.012127062189999998
0.012127331929999999
0.012127613900000006
0.01212790638
0.012128210399999999
0.012128525329999997
0.012128853079999996
0.012129192819999999
0.01212954142
0.01212990226
0.012130273200000003
0.01213065762
0.012131049839999996
0.012131455240000002
0.012131871169999999
0.01213229719
0.01213273305
0.01213317917
0.01213363672
0.012134103430000001
0.012134581039999998
0.01213506833
0.012135565840000003
0.012136073239999998
0.012136589350000004
0.01213711493
0.012137649799999999
0.012138194340000002
0.012138747569999999
0.012139310819999997
0.01213988298
0.012140464390000001
0.01214105492
0.012141654310000001
0.012142262500000006
0.012142880180000003
0.012143505570000001
0.012144139480000003
0.012144782639999997
0.01214543428
0.012146094730000001
0.012146763449999995
0.012147439430000004
0.012148123580000003
0.012148815140000001
0.012149516580000004
0.012150224740000003
0.012150941799999999
0.012151666269999997
0.012152398570000002
0.01215313889
0.012153884989999999
0.012154639669999993
0.012155401790000003
0.012156170050000002
0.012156947730000001
0.012157731280000002
0.01215852159
0.012159319960000001
0.012160126169999999
0.012160936579999998
0.012161757329999998
0.012162582899999998
0.012163415700000004
0.01216425435
0.012165102160000005
0.012165955549999998
0.01216681589
0.012167682409999998
0.012168556470000003
0.012169435109999998
0.012170320299999999
0.012171212369999997
0.012172109319999999
0.012173012659999998
0.012173921059999995
0.012174836590000005
0.01217575756
0.012176685370000002
0.012177618150000003
0.012178556980000001
0.012179501900000002
0.012180451459999998
0.012181408569999998
0.012182370280000004
0.012183337260000005
0.012184311140000001
0.012185288760000001
0.01218627022
0.01218725902
0.012188252299999995
0.01218925189
0.012190253699999995
0.01219126296
0.01219227645
0.012193294550000002
0.012194318590000001
0.0121953469
0.01219638151
0.012197420289999997
0.012198463619999997
0.012199510700000001
0.012200563579999999
0.01220161987
0.012202681919999998
0.01220374871
0.012204819890000001
0.012205895329999994
0.012206975250000003
0.01220805867
0.01220914693
0.012210239220000007
0.012211336489999993
0.01221243677
0.012213541309999998
0.012214650590000002
0.012215763849999998
0.012216880179999995
0.012218001199999997
0.012219125489999998
0.012220254309999996
0.012221386759999998
0.012222522840000001
0.012223663590000003
0.012224807119999997
0.012225954920000004
0.012227105500000002
0.012228260189999998
0.012229418310000007
0.012230579699999999
0.012231744139999999
0.012232911379999998
0.012234083610000002
0.012235257909999997
0.012236436810000004
0.0122376191
0.012238803299999997
0.01223999267
0.01224118467
0.012242378830000001
0.01224357798
0.01224477914
0.01224598339
0.01224718885
0.012248399250000003
0.01224961204
0.012250827410000003
0.01225204538
0.012253266030000003
0.012254490670000005
0.012255717610000001
0.01225694709
0.012258178670000003
0.012259414209999996
0.012260652150000002
0.01226189437
0.012263137909999998
0.012264384700000002
0.012265633340000002
0.01226688532
0.012268140129999999
0.012269395990000008
0.01227065483
0.012271915230000001
0.012273178389999998
0.012274444
0.012275712139999999
0.01227698217
0.012278254070000001
0.012279529570000001
0.012280807139999999
0.012282085470000002
0.012283367409999999
0.012284650190000003
0.012285936040000002
0.012287223849999999
0.01228851267
0.012289803730000002
0.012291098229999999
0.012292393090000003
0.012293692189999999
0.012294991379999995
0.01229629376
0.012297596900000003
0.012298902689999997
0.012300208760000004
0.012301518729999995
0.012302829030000002
0.012304141469999998
0.012305456869999998
0.012306773599999998
0.012308092189999998
0.012309412150000002
0.012310733090000003
0.012312055309999998
0.012313380409999996
0.012314706500000001
0.01231603389
0.012317362400000002
0.012318693770000007
0.012320025839999997
0.01232136015
0.012322694820000002
0.012324032810000005
0.012325371859999998
0.012326711340000004
0.01232805219
0.012329394270000005
0.012330738069999998
0.012332083199999996
0.012333428850000003
0.012334777230000003
0.012336126630000001
0.012337475930000001
0.012338828619999999
0.0123401816
0.012341535
0.012342890080000002
0.012344247589999994
0.012345604119999999
0.012346964400000002
0.012348324270000002
0.012349686130000002
0.012351048149999995
0.012352412019999997
0.012353776150000002
0.012355141780000002
0.01235650805
0.012357876349999998
0.01235924487
0.012360614329999998
0.012361985390000002
0.01236335724
0.012364729010000002
0.01236610224
0.012367478100000004
0.012368853480000004
0.012370229350000001
0.012371606769999998
0.01237298461
0.012374362949999997
0.012375744259999998
0.012377124230000001
0.012378506039999999
0.012379888149999997
0.012381270639999997
0.01238265573
0.01238404073
0.012385426280000006
0.01238681258
0.012388198439999998
0.012389586139999999
0.012390975919999997
0.012392364349999997
0.012393754060000001
0.01239514398
0.01239653457
0.012397926139999998
0.01239931834
0.012400711310000001
0.012402103440000001
0.0124034971
0.012404890370000001
0.012406284699999999
0.012407680709999995
0.012409076450000002
0.012410473319999997
0.012411870489999997
0.012413267139999996
0.01241466453
0.012416063249999996
0.012417462140000002
0.012418861450000002
0.01242026193
0.012421662670000005
0.012423063710000005
0.012424464319999995
0.01242586552
0.012427267419999999
0.012428669589999998
0.012430072440000002
0.012431475210000001
0.012432879289999997
0.012434282999999999
0.01243568671
0.01243709085
0.012438496749999998
0.012439901489999999
0.012441307269999995
0.012442714119999998
0.012444120159999999
0.01244552707
0.01244693354
0.012448340950000003
0.012449747910000005
0.012451155650000004
0.012452563590000004
0.012453972910000001
0.012455381489999999
0.012456790359999996
0.01245819871
0.01245960702
0.01246101725
0.012462427189999998
0.0124638359
0.012465246529999998
0.012466655940000005
0.012468065419999999
0.012469475709999995
0.01247088577
0.01247229632
0.01247370663
0.012475116179999999
0.012476527639999999
0.012477939899999999
0.012479350719999997
0.012480761340000004
0.01248217326
0.012483584590000003
0.01248499555
0.01248640851
0.012487819049999998
0.012489231159999998
0.01249064356
0.012492053999999997
0.012493466290000003
0.012494877770000001
0.012496289570000003
0.012497701569999999
0.01249911274
0.012500525709999996
0.012501938030000007
0.01250335057
0.012504763630000002
