(0.087234505 0.08515006 0.08317058 0.081298195 0.079532295 0.07786945
 0.07630467 0.074831285 0.073442034 0.072129145 0.070884794 0.06970165
 0.06857265 0.06749143 0.06645221 0.065449946 0.06448021 0.06353915 0.06262352
 0.061730582 0.060858022 0.060003895 0.05916675 0.058345176 0.057538204
 0.05674494 0.05596481 0.055197243 0.05444189 0.053698424 0.052966636
 0.052246395 0.051537585 0.050840165 0.05015408 0.049479358 0.04881595
 0.048163943 0.04752331 0.046894103 0.046276305 0.045669965 0.04507506
 0.044491645 0.043919653 0.04335907 0.04280993 0.04227206 0.04174551
 0.041230135 0.04072592 0.04023273 0.03975044 0.039278977 0.03881819
 0.038367957 0.03792811 0.03749853 0.037079025 0.03666943 0.036269583
 0.035879325 0.035498466 0.035126813 0.034764152 0.034410343 0.034065183
 0.033728432 0.03339996 0.033079542 0.032766983 0.032462124 0.03216474
 0.03187467 0.031591713 0.031315666 0.031046402 0.0307837 0.0305274 0.030277316
 0.03003328 0.029795105 0.0295627 0.02933585 0.029114414 0.028898228
 0.028687155 0.028481035 0.028279735 0.028083103 0.027891032 0.027703393
 0.027520008 0.027340818 0.02716568 0.02699445 0.02682703 0.026663326
 0.02650323 0.026346618 0.026193399 0.026043454 0.025896708 0.025753066
 0.025612466 0.025474789 0.025339944 0.025207853 0.025078492 0.024951717
 0.024827456 0.024705663 0.024586262 0.024469195 0.024354385 0.02424176
 0.024131274 0.02402287 0.023916487 0.023812054 0.023709547 0.023608873
 0.023510018 0.023412911 0.02331751 0.02322376 0.023131652 0.023041105
 0.0229521 0.022864552 0.022778494 0.022693845 0.02261058 0.022528656
 0.022448039 0.02236868 0.022290569 0.022213662 0.022137936 0.022063365
 0.021989897 0.021917518 0.02184621 0.021775952 0.0217067 0.021638442
 0.021571133 0.021504777 0.021439342 0.021374792 0.021311121 0.021248309
 0.021186339 0.021125183 0.021064786 0.021005211 0.020946382 0.020888288
 0.020830916 0.020774256 0.020718303 0.020663021 0.020608403 0.020554433
 0.020501114 0.020448392 0.020396285 0.020344773 0.020293858 0.02024351
 0.020193722 0.02014449 0.020095779 0.0200476 0.019999946 0.019952789
 0.019906137 0.019859966 0.019814257 0.019769017 0.019724237 0.019679911
 0.019636016 0.019592555 0.019549513 0.019506894 0.019464675 0.019422865
 0.01938145 0.019340422 0.019299766 0.019259473 0.01921958 0.019180026
 0.019140823 0.019101955 0.01906345 0.019025272 0.018987427 0.018949917
 0.018912723 0.018875849 0.018839264 0.018803008 0.018767042 0.018731372
 0.018695986 0.018660903 0.018626094 0.018591568 0.018557316 0.018523326
 0.018489596 0.018456137 0.018422931 0.018389994 0.018357294 0.018324861
 0.018292658 0.0182607 0.018228984 0.018197494 0.01816623 0.018135209
 0.01810439 0.018073801 0.01804343 0.018013274 0.017983334 0.017953614
 0.017924106 0.01789479 0.01786569 0.017836783 0.017808061 0.01777956
 0.01775125 0.017723119 0.01769518 0.017667439 0.017639868 0.01761249
 0.017585298 0.017558271 0.01753141 0.017504739 0.017478243 0.017451912
 0.01742575 0.017399749 0.01737393 0.017348265 0.017322786 0.017297449
 0.017272286 0.017247267 0.017222408 0.01719771 0.017173154 0.017148761
 0.017124528 0.01710043 0.017076477 0.017052682 0.017029021 0.017005501
 0.016982147 0.016958922 0.01693583 0.01691288 0.016890071 0.016867395
 0.016844863 0.01682246 0.01680018 0.016778028 0.016756019 0.016734133
 0.016712373 0.016690742 0.016669238 0.016647851 0.016626593 0.016605463
 0.01658446 0.016563566 0.0165428 0.016522158 0.016501633 0.016481236
 0.016460946 0.016440775 0.016420716 0.016400775 0.016380943 0.01636123
 0.016341627 0.016322115 0.016302733 0.016283454 0.016264293 0.016245227
 0.016226271 0.016207423 0.016188681 0.016170043 0.016151505 0.016133076
 0.01611474 0.016096516 0.016078388 0.016060362 0.016042454 0.01602464
 0.016006911 0.015989285 0.015971757 0.015954327 0.01593699 0.015919747
 0.015902597 0.015885543 0.01586858 0.015851708 0.015834926 0.015818244
 0.01580164 0.015785135 0.015768727 0.015752409 0.015736172 0.015720032
 0.015703969 0.015688006 0.015672123 0.01565632 0.015640605 0.015624973
 0.015609436 0.015593958 0.015578579 0.015563285 0.015548064 0.015532932
 0.0155178895 0.015502914 0.01548803 0.015473217 0.015458488 0.015443843
 0.0154292695 0.01541477 0.015400357 0.015386012 0.015371752 0.015357548
 0.015343433 0.015329395 0.015315433 0.015301548 0.015287736 0.015273987
 0.015260313 0.0152467275 0.01523321 0.015219757 0.015206381 0.015193064
 0.015179818 0.015166646 0.015153547 0.015140517 0.01512756 0.015114678
 0.01510186 0.015089104 0.015076419 0.0150637925 0.015051223 0.01503874
 0.015026308 0.015013952 0.01500167 0.014989442 0.014977277 0.0149651775
 0.014953148 0.014941167 0.014929256 0.014917413 0.014905622 0.0148938885
 0.014882222 0.014870624 0.014859083 0.014847602 0.014836189 0.014824819
 0.014813529 0.014802274 0.014791086 0.014779957 0.014768889 0.014757876
 0.014746925 0.014736033 0.01472519 0.014714414 0.014703678 0.014693006
 0.014682394 0.014671828 0.014661329 0.014650875 0.014640477 0.014630141
 0.01461985 0.014609618 0.014599438 0.014589308 0.0145792365 0.014569207
 0.014559238 0.014549317 0.014539451 0.014529632 0.014519862 0.014510149
 0.014500476 0.014490861 0.014481295 0.014471768 0.014462315 0.01445289
 0.014443516 0.014434193 0.014424925 0.014415697 0.014406528 0.0143974
 0.014388318 0.014379285 0.014370297 0.0143613545 0.0143524585 0.014343615
 0.014334808 0.014326042 0.014317325 0.014308657 0.014300035 0.014291453
 0.014282915 0.01427442 0.014265978 0.014257583 0.014249227 0.014240907
 0.014232636 0.014224411 0.014216232 0.014208085 0.014199985 0.014191917
 0.01418389 0.014175921 0.014167983 0.014160084 0.014152233 0.01414442
 0.014136638 0.014128898 0.014121212 0.014113555 0.014105941 0.014098368
 0.0140908295 0.014083326 0.014075865 0.014068444 0.014061065 0.014053711
 0.014046402 0.014039132 0.0140319 0.0140247 0.014017538 0.014010418
 0.014003345 0.013996301 0.013989292 0.013982325 0.01397539 0.013968488
 0.01396162 0.013954785 0.013947984 0.013941228 0.013934509 0.0139278155
 0.013921155 0.013914534 0.013907945 0.013901391 0.013894871 0.013888392
 0.013881945 0.013875522 0.0138691515 0.013862801 0.013856488 0.013850202
 0.013843951 0.0138377305 0.013831552 0.013825408 0.013819287 0.013813201
 0.013807146 0.013801128 0.013795134 0.013789175 0.013783236 0.013777327
 0.013771455 0.013765609 0.013759791 0.013754011 0.013748258 0.0137425335
 0.013736849 0.013731191 0.013725561 0.013719962 0.013714394 0.013708861
 0.013703355 0.01369788 0.01369242 0.013687001 0.013681603 0.013676238
 0.0136708915 0.013665576 0.013660291 0.013655032 0.013649794 0.013644591
 0.013639408 0.01363426 0.013629139 0.013624043 0.013618978 0.013613936
 0.013608922 0.013603932 0.013598975 0.013594044 0.013589137 0.01358426
 0.013579407 0.013574569 0.0135697685 0.013564983 0.013560233 0.013555496
 0.01355079 0.013546114 0.013541458 0.013536824 0.013532228 0.013527644
 0.01352309 0.013518566 0.013514058 0.013509568 0.013505119 0.013500685
 0.013496271 0.013491889 0.013487529 0.01348319 0.013478872 0.01347458
 0.013470308 0.013466055 0.013461815 0.013457611 0.013453435 0.013449269
 0.013445133 0.013441026 0.013436936 0.013432872 0.013428829 0.013424806
 0.013420814 0.0134168295 0.013412868 0.013408934 0.013405022 0.013401127
 0.013397261 0.013393409 0.013389579 0.013385767 0.013381978 0.013378215
 0.013374465 0.013370739 0.01336703 0.013363349 0.013359685 0.013356048
 0.013352419 0.013348823 0.013345238 0.013341671 0.013338127 0.013334604
 0.013331104 0.013327627 0.013324173 0.013320734 0.01331732 0.013313922
 0.013310549 0.013307182 0.013303842 0.013300517 0.013297204 0.013293911
 0.013290642 0.013287387 0.01328415 0.013280936 0.0132777365 0.013274548
 0.013271386 0.013268252 0.013265121 0.013262017 0.013258924 0.013255851
 0.013252798 0.013249753 0.013246736 0.013243728 0.013240753 0.013237782
 0.013234836 0.013231902 0.013228995 0.013226097 0.01322322 0.013220358
 0.013217521 0.013214687 0.0132118715 0.01320908 0.013206294 0.013203529
 0.013200777 0.013198041 0.0131953275 0.013192624 0.013189942 0.013187268
 0.013184608 0.013181962 0.013179337 0.013176729 0.013174137 0.013171561
 0.013168999 0.013166457 0.013163932 0.013161411 0.013158914 0.013156436
 0.0131539665 0.013151507 0.01314906 0.0131466435 0.013144237 0.013141848
 0.01313947 0.013137101 0.013134756 0.013132421 0.013130098 0.013127795
 0.013125502 0.013123223 0.01312096 0.0131187085 0.013116465 0.01311424
 0.013112033 0.013109832 0.013107653 0.013105483 0.013103328 0.013101191
 0.013099063 0.013096949 0.013094849 0.013092763 0.013090688 0.01308863
 0.013086582 0.01308455 0.0130825285 0.013080513 0.013078528 0.013076542
 0.013074571 0.013072607 0.013070665 0.013068724 0.0130668 0.013064902
 0.013063003 0.01306112 0.013059249 0.01305739 0.013055541 0.013053714
 0.0130519 0.013050086 0.013048296 0.013046505 0.013044724 0.0130429575
 0.0130412085 0.013039464 0.013037732 0.013036012 0.013034313 0.013032626
 0.013030952 0.013029286 0.013027631 0.013025993 0.013024359 0.013022736
 0.013021123 0.013019519 0.01301793 0.013016358 0.013014789 0.013013235
 0.013011687 0.013010141 0.013008618 0.013007102 0.0130055975 0.013004101
 0.013002622 0.013001157 0.012999692 0.012998247 0.01299682 0.012995395
 0.012993976 0.012992567 0.012991178 0.012989792 0.012988414 0.012987049
 0.012985696 0.012984349 0.012983022 0.012981706 0.012980396 0.012979094
 0.012977806 0.012976512 0.012975233 0.012973968 0.012972712 0.012971472
 0.01297022 0.012968993 0.012967775 0.012966565 0.012965365 0.012964171
 0.012962978 0.012961814 0.01296065 0.012959503 0.012958364 0.012957231
 0.012956115 0.012954999 0.012953898 0.0129528055 0.012951722 0.012950648
 0.012949583 0.0129485205 0.012947473 0.012946431 0.0129454 0.012944376
 0.012943362 0.012942359 0.012941365 0.012940371 0.0129393935 0.01293842
 0.0129374545 0.012936508 0.012935554 0.012934616 0.012933683 0.012932755
 0.012931837 0.012930929 0.01293003 0.012929136 0.012928249 0.012927373
 0.012926501 0.012925638 0.012924788 0.012923943 0.012923102 0.012922279
 0.012921452 0.012920635 0.012919829 0.012919031 0.012918234 0.0129174525
 0.012916669 0.012915897 0.012915131 0.012914373 0.012913627 0.01291288
 0.012912149 0.012911419 0.012910699 0.012909989 0.012909285 0.012908589
 0.012907903 0.012907224 0.012906558 0.012905893 0.012905246 0.012904595
 0.012903954 0.0129033225 0.01290269 0.012902063 0.012901445 0.012900835
 0.012900234 0.012899635 0.0128990365 0.012898458 0.012897881 0.012897304
 0.012896739 0.012896175 0.012895621 0.01289507 0.012894527 0.01289399
 0.012893456 0.012892939 0.012892423 0.012891909 0.012891409 0.01289092
 0.012890424 0.012889941 0.012889463 0.012888994 0.012888534 0.012888068
 0.012887618 0.012887169 0.012886728 0.012886302 0.012885869 0.012885449
 0.012885035 0.012884618 0.012884215 0.012883815 0.012883423 0.012883035
 0.012882651 0.012882274 0.012881896 0.012881536 0.012881183 0.012880837
 0.012880489 0.012880147 0.01287981 0.012879478 0.012879158 0.012878838
 0.012878526 0.012878216 0.0128779095 0.012877621 0.0128773255 0.012877047
 0.0128767695 0.012876491 0.012876225 0.012875955 0.012875692 0.01287543
 0.012875178 0.012874934 0.012874689 0.012874451 0.012874225 0.012873997
 0.012873779 0.012873568 0.012873354 0.012873144 0.012872948 0.012872747
 0.012872559 0.01287237 0.012872183 0.012872008 0.012871834 0.012871671
 0.012871503 0.0128713455 0.012871191 0.012871041 0.012870893 0.012870757
 0.012870615 0.012870483 0.0128703555 0.012870222 0.012870111 0.012869998
 0.012869883 0.012869782 0.012869674 0.012869583 0.012869494 0.012869406
 0.01286931 0.012869235 0.012869156 0.012869084 0.012869014 0.012868954
 0.012868888 0.012868831 0.012868784 0.012868736 0.012868692 0.012868647
 0.012868619 0.012868581 0.0128685525 0.012868546 0.012868523 0.0128685
 0.012868496 0.012868485 0.012868484 0.012868488 0.012868489 0.012868508
 0.012868515 0.012868531 0.01286855 0.012868581 0.012868611 0.012868649
 0.012868687 0.012868722 0.012868764 0.012868812 0.012868862 0.012868911
 0.01286896 0.012869016 0.012869081 0.01286915 0.012869221 0.01286929
 0.012869366 0.012869455 0.0128695415)