0.08641217566000002
0.07697795782
0.07239892924000002
0.06923746278000004
0.06646665012000003
0.06380877239999998
0.06120534084000001
0.05865381476
0.05616468198
0.05375109437999999
0.051425915820000015
0.049201598759999986
0.04708712646000001
0.04508540380000001
0.04319607866
0.0414189572
0.039755288359999995
0.038207682039999996
0.03677842367999999
0.03546683684
0.034268078320000006
0.03317390225999999
0.03217428784
0.031258998419999996
0.03041892672
0.029646952619999993
0.0289376823
0.028286152859999993
0.027686702399999995
0.027133073119999997
0.02661920302
0.026139952860000006
0.02569134536
0.025270391460000007
0.024874675879999995
0.024501989319999994
0.024150154540000003
0.02381702036000001
0.023500525979999992
0.02319878938
0.022910104259999994
0.02263297288
0.02236605718
0.022108185059999997
0.021858285239999997
0.021615382260000007
0.021378554299999998
0.02114690792
0.020919571099999996
0.020695703960000006
0.020474533169999996
0.020255465659999996
0.02003824668
0.01982313804
0.019610981600000004
0.01940303805
0.0192006218
0.01900470788
0.018815746339999998
0.018633729
0.018458331980000006
0.018289099210000003
0.018125536619999997
0.01796718799
0.017813648020000003
0.017664577399999996
0.017519687990000005
0.0173787523
0.017241577379999998
0.017108004159999995
0.01697790278
0.01685115802
0.016727673670000005
0.016607363449999996
0.016490152530000003
0.01637597101
0.016264753429999997
0.01615644086
0.01605097221
0.0159482982
0.015848363300000005
0.015751118360000003
0.01565651364
0.015564500940000003
0.015475031380000002
0.015388061909999999
0.015303541120000002
0.015221427170000001
0.01514167276
0.015064232389999998
0.014989062750000004
0.01491612002
0.014845358440000001
0.01477673827
0.014710214720000002
0.01464574229
0.014583282610000008
0.01452279329
0.014464229019999999
0.014407555719999996
0.01435272544
0.014299701190000003
0.014248442220000001
0.014198909979999999
0.014151063059999998
0.014104864589999998
0.014060275879999997
0.014017256159999998
0.013975770109999999
0.013935778579999995
0.013897248359999998
0.013860138559999997
0.013824412089999998
0.01379003635
0.013756974320000004
0.013725191029999998
0.013694653039999997
0.01366532414
0.013637173290000002
0.01361016673
0.013584271419999995
0.013559453560000004
0.01353568618
0.013512935489999997
0.01349117386
0.013470369780000001
0.013450493489999995
0.013431520819999997
0.01341342236
0.013396167559999997
0.013379735890000001
0.013364097319999999
0.013349230489999996
0.013335106609999998
0.01332170613
0.01330900531
0.013296980340000002
0.01328561098
0.013274874069999998
0.013264749210000006
0.013255218120000002
0.013246259840000005
0.013237854520000003
0.013229987269999998
0.013222636389999997
0.013215786759999999
0.013209418980000004
0.01320351713
0.01319806711
0.013193049320000004
0.013188453660000004
0.013184261899999996
0.013180460409999999
0.01317703583
0.01317397264
0.01317125836
0.013168881730000005
0.013166829359999997
0.013165091479999995
0.013163649630000001
0.013162499130000003
0.01316162603
0.013161020020000002
0.013160670760000001
0.013160567639999999
0.013160703129999996
0.013161066090000001
0.013161649240000002
0.013162439599999996
0.013163432079999999
0.01316461885
0.013165991180000001
0.013167539389999998
0.01316926163
0.013171145840000002
0.01317318709
0.01317537709
0.013177713130000006
0.013180185570000003
0.013182791920000003
0.013185524760000001
0.0131883786
0.013191348380000002
0.013194427529999999
0.013197615409999995
0.013200906489999996
0.013204292410000006
0.013207773339999996
0.013211344320000002
0.01321499973
0.013218735790000002
0.013222550209999994
0.01322644023
0.013230400740000004
0.013234431909999997
0.013238526090000001
0.01324268368
0.013246898280000006
0.013251171479999999
0.013255498379999998
0.013259876929999996
0.013264304639999993
0.013268779350000006
0.013273297609999997
0.013277860550000003
0.013282463149999996
0.013287104309999997
0.013291782120000002
0.013296495390000001
0.013301240599999997
0.01330601898
0.01331082632
0.013315661499999997
0.01332052658
0.013325415230000002
0.013330327210000006
0.013335261630000001
0.013340218010000002
0.0133451942
0.013350190630000003
0.013355205489999999
0.013360235539999998
0.013365282760000001
0.013370343869999999
0.013375420170000001
0.013380508560000004
0.01338560911
0.013390722119999997
0.01339584487
0.013400976549999997
0.01340611862
0.013411268609999995
0.013416425599999999
0.013421589620000002
0.013426759509999999
0.013431936119999998
0.013437116679999996
0.01344230238
0.013447490449999997
0.013452683789999998
0.013457879679999996
0.013463076739999998
0.013468274529999998
0.01347347446
0.01347867646
0.013483877140000003
0.013489080040000004
0.013494281269999998
0.013499481779999996
0.013504681159999997
0.013509878179999999
0.013515074980000001
0.013520268540000005
0.013525460060000001
0.013530648919999999
0.013535834949999999
0.013541016610000001
0.013546195370000005
0.013551369509999998
0.013556539400000003
0.013561703899999994
0.013566864010000004
0.013572019089999998
0.013577166980000001
0.013582310610000002
0.013587449460000001
0.013592582360000003
0.013597706809999997
0.013602825469999998
0.013607938189999997
0.013613042399999999
0.013618142150000002
0.013623231240000002
0.013628315329999998
0.013633389509999998
0.013638454729999997
0.013643512159999996
0.01364855993
0.013653601529999997
0.013658631039999997
0.01366365327
0.01366866414
0.013673665290000003
0.013678655529999998
0.013683634820000004
0.013688602700000002
0.013693559949999998
0.013698504610000002
0.013703438419999997
0.013708358790000002
0.01371326705
0.013718160529999999
0.013723039219999995
0.0137279055
0.013732756589999997
0.013737592970000006
0.013742412689999999
0.01374721665
0.01375200236
0.013756769199999998
0.013761516490000004
0.01376624432
0.013770950029999998
0.01377563223
0.013780291929999999
0.013784925719999997
0.013789531770000004
0.013794110040000003
0.013798657
0.013803169149999999
0.013807644919999999
0.013812084439999999
0.013816479219999995
0.013820827620000005
0.013825125610000003
0.01382936701
0.01383354546
0.013837653630000002
0.013841681179999999
0.01384562284
0.013849461060000002
0.013853185890000001
0.013856777970000001
0.01386021784
0.013863475669999998
0.013866522380000001
0.01386931726
0.01387181049
0.013873938129999994
0.013875617920000005
0.013876740830000003
0.013877172739999997
0.013876727850000001
0.01387516637
0.013872165710000002
0.013867305389999997
0.013860038909999999
0.013849689639999998
0.013835499790000004
0.013816764540000004
0.013793146470000003
0.013765098050000002
0.013734175000000005
0.01370281251
0.01367349725
0.013647928339999997
0.013626755209999999
0.013609842810000003
0.01359666682
0.013586598359999997
0.013579048949999999
0.01357351163
0.01356957673
0.013566917199999997
0.013565271040000002
0.013564436710000002
0.013564251580000002
0.013564589419999997
0.013565351879999998
0.01356646246
0.013567855239999996
0.013569483730000003
0.013571306999999998
0.013573296920000002
0.013575427570000005
0.01357767854
0.01358003294
0.013582479840000002
0.01358500978
0.01358760841
0.013590271210000003
0.013592991730000002
0.013595762589999996
0.013598580470000003
0.013601441129999997
0.01360434156
0.013607275719999999
0.01361024167
0.013613236899999997
0.013616258009999995
0.013619302390000006
0.013622368479999997
0.013625453090000003
0.013628554369999995
0.013631669740000005
0.013634798189999998
0.013637935989999999
0.013641082390000003
0.01364423591
0.013647392329999999
0.01365054891
0.013653705190000002
0.013656859310000002
0.013660009280000003
0.013663150470000007
0.013666282600000006
0.013669402700000001
0.013672505359999997
0.013675588519999999
0.01367865086
0.01368169011
0.013684701410000001
0.013687679750000004
0.013690621339999995
0.013693520609999996
0.013696373549999998
0.013699174349999996
0.013701916969999997
0.01370459124
0.013707192489999999
0.013709707530000002
0.013712131100000002
0.0137144472
0.0137166438
0.01371870548
0.01372061297
0.013722346230000002
0.013723880459999999
0.013725183910000003
0.013726225089999995
0.013726958640000002
0.013727337750000002
0.013727299540000005
0.01372677218
0.01372566446
0.013723866119999997
0.013721240379999998
0.013717615179999997
0.01371277662
0.013706457430000001
0.013698324579999997
0.01368797039
0.0136749093
0.013658607829999996
0.01363854422
0.01361440706
0.013586412629999996
0.013555700869999998
0.013524495649999994
0.013495528889999997
0.013470934059999995
0.013451516570000002
0.01343695553
0.013426404510000003
0.013418968279999999
0.013413892769999998
0.01341059911
0.013408659939999996
0.013407765449999998
0.013407681989999996
0.01340824109
0.013409314160000001
0.013410802780000002
0.013412632090000005
0.013414739270000002
0.013417080949999998
0.013419617589999997
0.013422317690000001
0.01342515557
0.01342811217
0.01343116734
0.0134343034
0.013437507949999998
0.013440768000000002
0.013444070470000003
0.01344740634
0.01345076709
0.01345414579
0.01345753427
0.01346092568
0.01346431503
0.013467699400000007
0.013471072420000002
0.013474434240000001
0.01347778087
0.013481113270000003
0.013484428469999999
0.013487725260000001
0.013491008930000006
0.013494274090000006
0.013497524720000004
0.013500761180000003
0.013503983520000002
0.013507193120000004
0.013510391479999995
0.013513579849999999
0.013516757239999996
0.013519928480000006
0.013523090830000003
0.013526245
0.01352939435
0.013532538559999994
0.013535676320000002
0.013538813440000002
0.01354194598
0.013545078020000004
0.013548205280000003
0.013551332910000002
0.01355445951
0.013557584330000004
0.013560708889999995
0.013563833570000003
0.013566958290000002
0.013570082199999995
0.013573207840000006
0.013576333479999998
0.01357945932
0.01358258534
0.013585712479999998
0.013588841909999998
0.01359197024
0.01359510015
0.013598231580000003
0.013601363610000002
0.013604496999999998
0.013607631920000005
0.013610766480000001
0.013613903780000006
0.013617041529999999
0.013620179370000002
0.01362331793
0.013626458629999994
0.013629597989999997
0.013632738830000005
0.013635879359999999
0.013639020699999999
0.013642161039999998
0.01364530321
0.01364844597
0.013651588490000002
0.013654731659999999
0.013657874269999998
0.013661017650000003
0.01366415857
0.013667299990000001
0.013670441070000004
0.013673581290000007
0.013676720420000002
0.013679860669999998
0.01368299856
0.01368613555
0.013689273190000004
0.013692409369999999
0.01369554398
0.013698679820000002
0.013701812339999998
0.01370494479
0.013708073730000003
0.013711202909999996
0.013714329850000002
0.013717455159999998
0.01372057804
0.013723699729999999
0.013726819130000002
0.01372993495
0.01373305031
0.013736163099999999
0.01373927383
0.013742382180000002
0.01374548809
0.013748591610000001
0.013751692270000006
0.01375478982
0.013757885430000004
0.013760979009999999
0.013764069910000003
0.01376715797
0.013770242279999997
0.013773323389999998
0.013776402580000003
0.013779479490000001
0.013782553030000002
0.013785623119999996
0.01378869011
0.013791754050000002
0.013794814479999997
0.013797872440000003
0.013800926450000002
0.013803975819999998
0.01380702251
0.013810066000000001
0.013813105219999995
0.01381614272
0.013819176869999998
0.013822204529999995
0.013825229700000004
0.013828252120000002
0.013831271299999996
0.013834286509999995
0.013837297460000002
0.013840304220000006
0.013843309309999998
0.013846308679999997
0.01384930526
0.013852297509999993
0.013855286889999999
0.013858272589999998
0.013861254209999996
0.013864230680000002
0.0138672036
0.013870172379999997
0.013873137759999996
0.01387609876
0.013879054710000003
0.013882008159999997
0.013884957479999998
0.013887899930000003
0.013890840599999999
0.013893776490000004
0.013896708660000002
0.013899636490000002
0.0139025596
0.01390547968
0.013908394219999998
0.013911305949999994
0.013914213819999998
0.013917118389999997
0.013920013619999998
0.01392290668
0.013925796180000005
0.01392868177
0.013931561129999997
0.013934438400000004
0.013937311660000005
0.013940178210000003
0.0139430426
0.013945902019999998
0.013948758840000009
0.013951609609999997
0.01395445589
0.013957297410000005
0.013960133510000002
0.013962965630000001
0.013965794929999997
0.013968617789999997
0.013971438219999998
0.01397425397
0.013977065130000006
0.013979873309999996
0.013982675159999998
0.013985473380000007
0.013988267140000005
0.013991055089999998
0.013993838710000005
0.01399661872
0.013999393209999997
0.014002162840000004
0.014004929129999996
0.014007690029999999
0.014010448619999998
0.014013202349999997
0.014015949209999998
0.01401869383
0.014021433430000002
0.01402416959
0.014026902130000003
0.014029629729999995
0.014032351459999998
0.014035068599999994
0.014037782329999996
0.014040491730000004
0.01404319528
0.014045895969999998
0.014048590229999998
0.014051280619999997
0.014053966909999998
0.01405664956
0.01405932696
0.01406200072
0.01406466929
0.01406733354
0.014069991940000002
0.014072647849999998
0.014075298469999997
0.014077946559999997
0.014080588540000003
0.01408322557
0.014085859950000001
0.014088487779999999
0.014091113010000003
0.014093733939999997
0.014096350059999995
0.014098961880000004
0.014101568919999998
0.014104170809999999
0.014106769839999995
0.014109364370000004
0.014111955080000002
0.014114539970000005
0.014117121779999995
0.014119697390000002
0.014122269939999996
0.014124837389999999
0.01412740262
0.014129963730000002
0.01413251889
0.01413507075
0.014137616680000005
0.014140158289999993
0.014142696890000004
0.014145230169999998
0.014147760019999997
0.01415028461
0.014152806100000003
0.014155320950000001
0.01415783366
0.014160341100000006
0.01416284527
0.014165345610000001
0.014167839020000001
0.01417032743
0.014172813089999998
0.014175297180000006
0.01417777497
0.014180248739999998
0.01418271795
0.014185182809999995
0.014187645129999997
0.014190102439999998
0.014192554959999997
0.01419500454
0.014197448829999999
0.014199889980000005
0.01420232604
0.014204758699999995
0.014207187750000001
0.014209609480000001
0.014212030629999997
0.01421444612
0.01421685756
0.014219263759999998
0.01422166763
0.014224066750000004
0.014226461329999995
0.014228852810000005
0.014231239159999999
0.014233622109999997
0.01423600011
0.014238374820000005
0.014240747349999998
0.014243114469999998
0.014245477670000001
0.014247837960000002
0.014250193930000002
0.014252545049999996
0.014254893260000002
0.014257235670000002
0.014259574550000001
0.014261909639999999
0.014264240469999998
0.014266566519999998
0.014268889420000002
0.014271208229999999
0.014273522720000001
0.01427583409
0.01427814236
0.014280446309999998
0.014282745780000003
0.014285041700000006
0.014287335280000002
0.01428962159
0.014291906099999996
0.014294185820000003
0.01429646197
0.014298732249999994
0.014301000040000001
0.01430326529
0.01430552669
0.014307782839999998
0.01431003442
0.014312284359999998
0.014314529699999998
0.01431677087
0.014319008429999997
0.014321241329999998
0.014323470190000007
0.01432569662
0.014327920050000003
0.014330138980000004
0.014332354829999998
0.014334566680000004
0.014336774650000005
0.014338978140000003
0.014341178210000003
0.014343374919999995
0.014345566889999996
0.014347756040000006
0.014349940810000001
0.014352122649999998
0.014354300310000003
0.01435647575
0.014358646329999997
0.014360813289999996
0.014362977719999998
0.014365136689999995
0.014367294539999999
0.014369447510000001
0.014371595210000003
0.014373739759999997
0.01437588268
0.014378021939999992
0.01438015775
0.014382287720000003
0.014384415629999996
0.014386540369999996
0.014388663630000003
0.014390781870000001
0.014392896520000002
0.014395006100000001
0.014397111780000001
0.014399215949999999
0.014401316150000003
0.014403412780000005
0.01440550518
0.014407594929999998
0.014409680960000002
0.014411763160000004
0.014413841700000006
0.01441591625
0.014417988860000001
0.014420057499999998
0.014422121829999999
0.014424184439999998
0.014426243560000003
0.014428299239999992
0.014430353440000003
0.014432400899999998
0.014434445899999999
0.014436486999999998
0.014438524260000004
0.014440558210000004
0.014442589829999998
0.014444617560000001
0.014446643669999997
0.014448664639999997
0.014450682460000001
0.014452696719999998
0.014454706659999999
0.014456712420000004
0.01445871888
0.014460721019999997
0.01446271969
0.014464715379999998
0.01446670611
0.014468693899999998
0.014470678140000004
0.01447265996
0.014474638520000001
0.014476613820000005
0.01447858796
0.014480556310000003
0.014482522810000002
0.014484486209999998
0.014486445350000002
0.014488402330000004
0.014490355880000002
0.014492305659999998
0.014494254230000003
0.014496198730000005
0.01449813914
0.014500077410000001
0.01450201262
0.014503944440000001
0.014505873100000002
0.014507797909999998
0.014509720870000003
0.014511640749999999
0.014513554650000003
0.014515467570000001
0.014517377380000005
0.01451928306
0.014521184519999994
0.014523086679999997
0.014524983760000004
0.014526878289999998
0.014528770699999997
0.014530660020000004
0.014532544189999998
0.014534428440000002
0.01453630748
0.014538184190000003
0.014540057809999998
0.014541928309999999
0.014543795510000004
0.014545659380000003
0.014547520799999998
0.014549380020000004
0.014551236229999993
0.014553089330000001
0.01455493979
0.014556784800000002
0.01455862863
0.014560469030000005
0.014562306710000002
0.014564141269999999
0.014565973779999998
0.014567803500000002
0.01456962864
0.014571453270000001
0.014573274090000003
0.014575092709999998
0.014576907369999996
0.014578719670000002
0.014580530570000002
0.014582334999999997
0.014584138709999998
0.014585940440000002
0.01458773864
0.014589533009999996
0.014591324769999999
0.014593113389999997
0.014594901379999995
0.014596686409999999
0.01459846843
0.014600246299999994
0.01460202239
0.014603794339999998
0.01460556421
0.014607330580000001
0.014609095559999993
0.014610857780000002
0.014612617550000002
0.014614375850000002
0.014616128369999995
0.01461787978
0.014619629090000004
0.014621375679999993
0.01462311916
0.014624859939999995
0.014626599080000002
0.014628334569999998
0.014630064690000001
0.014631794339999993
0.014633520219999998
0.014635243530000001
0.014636965449999997
0.014638683130000003
0.014640400880000001
0.014642116050000003
0.014643824679999995
0.014645534480000005
0.014647240620000002
0.014648943079999997
0.014650643850000002
0.014652341990000001
0.01465403781
0.014655732349999997
0.014657422599999996
0.014659110580000002
0.01466079616
0.014662478669999996
0.014664160459999999
0.014665838389999998
0.014667514130000005
0.014669186969999994
0.014670857439999995
0.014672525790000002
0.014674188549999998
0.014675850800000001
0.014677510119999994
0.014679168470000002
0.014680823640000002
0.01468247502
0.01468412424
0.014685770529999998
0.014687414589999998
0.014689055219999999
0.014690695679999997
0.014692332690000006
0.01469396747
0.01469559907
0.014697226610000001
0.01469885409
0.014700479289999997
0.014702102870000002
0.014703722990000001
0.01470534134
0.014706958250000002
0.014708571940000002
0.014710182399999995
0.01471179141
0.01471339582
0.01471499895
0.014716601119999999
0.014718198969999994
0.014719795159999998
0.014721388830000001
0.014722979199999996
0.014724569399999998
0.01472615551
0.014727738709999993
0.014729322240000002
0.014730903159999998
0.014732479750000001
0.014734055170000003
0.014735626700000006
0.014737195420000002
0.014738765200000004
0.01474033247
0.014741894289999996
0.014743453309999998
