0.11546695144
0.07560568932000002
0.06281058726000001
0.05583329026
0.05027614334000001
0.04569462867999999
0.0419209272
0.03881916238000001
0.036268955760000006
0.03416493985999999
0.03241774221999999
0.03095387785999999
0.029714429439999992
0.02865291208
0.027733004180000007
0.026926443620000004
0.02621124184
0.02557025617999999
0.024990071899999987
0.024460144760000004
0.02397213685999999
0.023519419039999993
0.023096691580000002
0.02269969232
0.0223249683
0.0219697198
0.021631647220000005
0.021308865399999998
0.020999814319999994
0.020703194940000006
0.020417926519999997
0.020143092
0.01987792396
0.019621765220000004
0.019374055539999994
0.019134309300000006
0.018902106480000003
0.01867707916000001
0.018458899679999998
0.018247281880000004
0.018041967769999997
0.01784272367
0.017649339160000003
0.017461618180000006
0.017279380940000002
0.01710246364
0.016930707160000003
0.016763966680000006
0.016602105079999995
0.016444985020000004
0.01629248759
0.016144486960000003
0.016000871129999997
0.015861526639999998
0.01572634403
0.015595224450000002
0.015468060819999995
0.01534475774
0.01522521605
0.015109345850000004
0.014997054980000006
0.014888252260000002
0.014782852900000002
0.014680769940000003
0.01458192066
0.0144862224
0.014393594670000003
0.014303958469999998
0.014217238230000002
0.01413335643
0.014052241270000003
0.013973814949999998
0.013898009779999998
0.013824755880000004
0.013753982160000004
0.013685623200000005
0.013619609679999999
0.013555880610000001
0.01349436891
0.013435015299999997
0.01337775537
0.013322533120000002
0.01326928974
0.013217964760000001
0.013168508970000003
0.013120864340000003
0.01307497841
0.013030800380000002
0.01298827808
0.012947364380000001
0.012908013100000003
0.012870173060000005
0.012833803589999996
0.012798858430000004
0.012765296720000001
0.012733073950000002
0.01270215057
0.01267248823
0.012644048129999998
0.012616792380000002
0.012590686750000002
0.012565692689999996
0.01254177863
0.012518909679999999
0.012497054360000003
0.012476180240000002
0.012456256349999995
0.012437253920000002
0.012419143850000001
0.012401898900000003
0.012385491829999998
0.012369893530000002
0.012355081290000004
0.012341026869999995
0.012327709259999996
0.012315103800000005
0.012303184829999998
0.012291934979999997
0.0122813288
0.012271346020000002
0.012261968149999998
0.012253173740000001
0.012244943949999997
0.01223726022
0.012230103940000006
0.012223458370000002
0.0122173067
0.012211631069999998
0.012206417390000003
0.01220164779
0.012197309649999996
0.012193387270000001
0.012189864899999996
0.012186732040000002
0.01218397362
0.012181576850000004
0.012179529069999999
0.01217781981
0.01217643547
0.012175365859999995
0.012174599949999997
0.012174124839999996
0.012173934279999998
0.01217401448
0.012174359239999996
0.012174956839999997
0.01217579818
0.01217687722
0.012178182459999999
0.01217970778
0.012181443879999998
0.012183382889999999
0.012185519269999999
0.01218784417
0.012190351380000004
0.012193033070000001
0.012195884829999996
0.012198899440000001
0.012202070870000003
0.012205393600000001
0.012208859310000002
0.012212464639999998
0.012216205199999998
0.012220075080000005
0.012224070130000002
0.01222818283
0.012232411769999998
0.012236749769999998
0.012241195929999997
0.01224574102
0.01225038466
0.01225512353
0.01225995105
0.012264866930000002
0.012269863600000002
0.012274941820000001
0.012280094029999999
0.012285320420000002
0.012290615699999998
0.012295977959999998
0.012301404399999999
0.012306892540000003
0.012312440690000002
0.01231804297
0.01232370056
0.012329407849999998
0.012335164640000002
0.012340966679999999
0.012346813530000007
0.012352702519999998
0.012358632090000002
0.01236459916
0.012370603120000004
0.012376642249999998
0.012382713330000001
0.012388816219999998
0.01239494818
0.012401107469999997
0.012407293250000001
0.012413505150000002
0.01241973889
0.01242599491
0.012432271719999997
0.012438566440000003
0.012444881110000002
0.012451212360000002
0.01245755838
0.012463920040000005
0.012470294489999999
0.01247668353
0.012483081140000005
0.01248949098
0.012495910690000002
0.012502339090000002
0.012508774600000001
0.012515216959999999
0.012521667600000003
0.01252812272
0.01253458341
0.01254104571
0.01254751344
0.012553984109999998
0.01256045603
0.012566930869999998
0.012573404249999998
0.01257987936
0.012586353520000003
0.012592827009999997
0.012599299809999999
0.012605770359999999
0.012612238870000004
0.01261870418
0.012625166039999998
0.012631625750000002
0.012638081010000001
0.012644530549999998
0.012650975139999998
0.012657417290000002
0.012663851540000002
0.01267028172
0.012676704019999999
0.012683119889999997
0.01268953087
0.012695933159999999
0.012702328180000005
0.012708716039999998
0.012715096839999997
0.012721467620000005
0.012727831559999996
0.01273418699
0.012740533620000005
0.01274687224
0.01275319935
0.012759520259999997
0.012765828110000002
0.012772126589999998
0.012778416340000001
0.01278469551
0.01279096625
0.012797225610000003
0.012803473490000002
0.01280971329
0.012815940480000003
0.01282215801
0.012828363320000003
0.01283455803
0.012840739589999999
0.012846910849999999
0.012853071439999999
0.01285921959
0.01286535706
0.012871483309999996
0.01287759689
0.01288369818
0.012889787630000003
0.012895865549999998
0.012901931409999998
0.01290798508
0.01291402646
0.012920055469999995
0.01292607178
0.012932075900000005
0.01293806802
0.012944047079999998
0.0129500136
0.012955969139999999
0.012961910279999999
0.012967839489999999
0.01297375618
0.01297966044
0.012985551489999999
0.01299142914
0.012997295270000004
0.013003149130000002
0.013008989229999997
0.013014815070000001
0.013020629550000001
0.013026430700000003
0.013032218320000002
0.013037994369999997
0.013043756630000004
0.013049506090000001
0.013055242550000004
0.013060965089999998
0.013066676089999996
0.013072373929999999
0.013078058349999998
0.013083731130000003
0.013089390190000003
0.013095035129999997
0.013100666929999998
0.01310628657
0.01311189449
0.013117488320000002
0.01312307007
0.013128637629999993
0.013134191659999999
0.013139733889999996
0.013145263340000001
0.01315077941
0.013156282220000003
0.013161772930000003
0.013167249689999999
0.01317271415
0.01317816584
0.01318360479
0.013189029589999995
0.01319444313
0.013199843030000002
0.013205230759999997
0.013210604349999999
0.01321596604
0.01322131593
0.013226652559999998
0.013231975040000002
0.013237286380000006
0.013242584270000003
0.013247868999999999
0.01325314232
0.013258401129999996
0.013263649539999995
0.013268884880000007
0.01327410706
0.01327931654
0.01328451377
0.013289699189999999
0.01329487143
0.013300029959999998
0.01330517775
0.013310311750000001
0.013315434149999998
0.01332054423
0.01332564178
0.013330728610000002
0.013335800190000002
0.013340860530000003
0.013345909139999999
0.013350944739999999
0.013355968840000003
0.013360981410000002
0.013365980929999998
0.013370967920000002
0.013375944520000002
0.013380906590000002
0.013385858049999994
0.01339079689
0.013395724920000001
0.013400639409999996
0.01340554188
0.013410433400000001
0.013415312559999998
0.013420179450000003
0.013425035000000004
0.013429877960000003
0.013434710830000004
0.013439530489999997
0.01344433836
0.013449135390000004
0.013453920610000001
0.013458693540000002
0.013463455780000001
0.013468205269999999
0.013472944699999994
0.013477671600000001
0.01348238663
0.013487089800000001
0.013491782119999997
0.01349646275
0.01350113308
0.013505793550000002
0.01351043979
0.013515076390000005
0.01351970029
0.01352431365
0.013528914969999998
0.013533505809999999
0.01353808527
0.013542653880000003
0.013547211209999998
0.013551757709999992
0.013556292300000002
0.013560816210000002
0.013565328980000005
0.013569831599999995
0.01357432303
0.01357880341
0.013583273550000002
0.013587732539999998
0.013592179119999997
0.013596616000000004
0.013601043299999995
0.013605459419999999
0.013609863360000004
0.013614257519999999
0.01361864129
0.013623014639999993
0.013627376620000003
0.013631728450000002
0.013636069389999997
0.013640399999999999
0.013644721120000002
0.013649030370000002
0.013653330180000001
0.013657619200000004
0.013661897480000003
0.013666167040000001
0.01367042451
0.013674672700000001
0.01367891006
0.013683137569999997
0.013687354440000006
0.01369156113
0.013695758290000002
0.01369994395
0.01370412091
0.013708287930000002
0.013712442620000001
0.013716590469999998
0.013720726569999994
0.013724853769999998
0.013728970720000004
0.013733077120000003
0.01373717483
0.013741261560000002
0.013745339169999995
0.01374940767
0.013753466240000001
0.013757513829999997
0.013761552029999995
0.013765581090000001
0.013769600590000007
0.013773611650000003
0.01377761293
0.013781602879999999
0.01378558476
0.013789556049999999
0.013793519539999998
0.01379747287
0.0138014156
0.013805349749999996
0.013809274940000003
0.013813191100000004
0.01381709689
0.013820993220000001
0.01382488093
0.013828761690000002
0.013832630099999995
0.013836490140000005
0.013840342260000003
0.013844185110000002
0.01384801816
0.013851842209999998
0.013855657019999999
0.01385946245
0.013863260350000002
0.013867049310000004
0.013870829849999997
0.013874599889999999
0.01387836129
0.01388211546
0.013885859530000003
0.013889594579999998
0.013893321960000003
0.013897038980000003
0.013900747770000001
0.013904449209999998
0.013908140899999998
0.01391182347
0.013915497850000005
0.013919164360000003
0.013922822039999996
0.013926471660000004
0.013930110840000004
0.013933742430000005
0.01393736688
0.013940982490000002
0.013944588669999997
0.01394818783
0.013951778270000001
0.013955361190000001
0.013958934679999997
0.013962501049999998
0.01396605758
0.013969606289999999
0.013973147209999998
0.013976679060000004
0.013980202640000002
0.013983719699999998
0.013987227079999996
0.013990727270000001
0.013994220269999998
0.013997704119999992
0.014001180390000001
0.014004647640000003
0.014008109480000005
0.0140115615
0.014015006520000001
0.014018442640000002
0.014021871209999998
0.014025291799999997
0.01402870577
0.014032110299999997
0.014035508420000004
0.014038897219999997
0.01404227948
0.014045653580000005
0.014049020000000002
0.014052379040000002
0.01405573051
0.014059074479999998
0.014062409839999996
0.014065738339999998
0.014069061200000003
0.014072374039999995
0.014075680830000001
0.014078979120000001
0.014082269989999998
0.014085553959999999
0.014088831399999995
0.014092099179999998
0.01409536165
0.014098616319999997
0.014101864849999996
0.014105103529999996
0.014108336510000001
0.014111562360000003
0.01411478024
0.014117990889999998
0.014121193890000001
0.014124390609999997
0.014127579950000002
0.014130760590000003
0.014133936740000004
0.014137105400000002
0.014140266210000004
0.014143421120000001
0.014146568250000002
0.014149707099999999
0.014152839000000002
0.014155965639999997
0.01415908422
0.014162196089999999
0.014165301610000004
0.014168399900000002
0.014171491120000004
0.014174575859999998
0.01417765354
0.01418072476
0.014183788519999997
0.014186846029999995
0.01418989713
0.014192939930000002
0.01419597757
0.014199007760000002
0.014202032109999995
0.01420504784
0.014208057749999994
0.01421106234
0.014214059419999998
0.014217050519999991
0.0142200358
0.014223014159999998
0.014225984440000004
0.014228949639999997
0.014231907360000002
0.014234858740000002
0.014237804680000004
0.01424074366
0.014243676740000003
0.014246603819999999
0.014249523709999998
0.01425243835
0.014255344670000003
0.014258243839999997
0.014261138360000002
0.01426402625
0.014266908790000001
0.014269782790000008
0.014272652110000004
0.014275515290000002
0.014278372310000002
0.014281222299999998
0.01428406801
0.01428690727
0.01428973878
0.014292565289999995
0.014295385540000004
0.014298198799999995
0.014301006599999997
0.014303807329999998
0.014306603170000003
0.014309392810000002
0.014312176069999998
0.014314953450000006
0.014317726240000002
0.014320491929999997
0.014323251450000001
0.014326004970000004
0.014328753530000005
0.01433149677
0.014334233420000002
0.014336963030000004
0.01433968915
0.014342407859999995
0.014345122410000006
0.014347830099999999
0.014350532619999998
0.014353227249999998
0.014355917320000005
0.014358601949999996
0.014361280089999998
0.01436395348
0.01436662176
0.014369282180000003
0.014371939209999995
0.014374588969999998
0.014377232249999998
0.014379871859999995
0.014382505170000002
0.014385133639999999
0.01438775498
0.01439037238
0.014392983700000002
0.014395588859999999
0.01439818848
0.014400783960000005
0.01440337332
0.014405957300000004
0.014408535810000003
0.014411109650000007
0.01441367817
0.014416241540000001
0.014418799350000002
0.014421351309999997
0.014423896479999997
0.014426437829999996
0.014428973749999994
0.014431503790000001
0.014434028240000006
0.014436548839999994
0.01443906254
0.014441572060000001
0.014444075809999997
0.014446575979999996
0.01444907115
0.0144515586
0.014454041559999995
0.014456519810000002
0.014458991669999999
0.01446145986
0.01446392161
0.014466380490000007
0.014468832649999994
0.014471280940000003
0.014473723139999999
0.014476161000000005
0.01447859109
0.01448101742000001
0.014483439350000005
0.01448585627
0.014488268480000002
0.01449067603
0.014493077089999995
0.014495474619999999
0.014497865649999997
0.0145002527
0.01450263537
0.014505011789999996
0.014507385739999998
0.014509753459999998
0.014512114650000001
0.014514472559999997
0.01451682518
0.014519172330000002
0.014521516079999998
0.014523854199999998
0.014526187979999999
0.014528516149999995
0.014530840559999997
0.014533158549999994
0.014535473960000005
0.01453778192
0.014540087760000002
0.014542388450000008
0.014544683049999998
0.014546974700000007
0.014549261199999998
0.01455154234
0.0145538186
0.01455608994
0.01455835833
0.014560621259999995
0.014562878609999996
0.014565132980000006
0.014567382599999998
0.014569626719999998
0.014571867650000004
0.0145741039
0.014576334630000003
0.014578561810000001
0.014580782900000002
0.014583000589999997
0.014585213349999997
0.014587422100000002
0.01458962547
0.014591825919999999
0.01459402096
0.014596209070000001
0.014598395549999994
0.014600578149999998
0.014602756430000004
0.014604929920000002
0.01460709799
0.014609262869999997
0.014611424799999995
0.014613579390000003
0.014615731869999997
0.01461787992
0.014620021469999998
0.01462215927
0.014624292419999997
0.01462642187
0.01462854691
0.014630668130000003
0.014632786439999998
0.014634898319999996
0.014637006839999998
0.01463911056
0.014641212019999995
0.01464330639
0.014645398850000001
0.014647485400000002
0.014649568989999997
0.01465164825
0.014653722849999997
0.014655793900000005
0.014657859350000003
0.014659922700000001
0.0146619808
0.01466403464
0.0146660858
0.014668130849999995
0.014670171719999996
0.014672208459999997
0.014674241630000003
0.014676271409999997
0.014678298149999998
0.014680320460000002
0.014682339089999998
0.014684353650000002
0.014686362420000005
0.01468836811
0.014690369849999997
0.014692368190000001
0.014694362519999995
0.014696352720000002
0.014698339469999993
0.014700321099999998
0.014702298259999993
0.01470427141
0.014706242190000001
0.014708209519999998
0.014710172009999998
0.014712129269999999
0.014714082449999999
0.014716033729999996
0.014717980729999993
0.014719923459999996
0.01472186189
0.014723798299999997
0.014725729279999999
0.014727657370000001
0.014729580730000002
0.014731500619999999
0.014733417950000003
0.014735332130000002
0.014737242050000002
0.01473914717
0.01474104777
0.01474294655999999
0.01474484051
0.014746730909999997
0.014748616289999995
0.014750498310000004
0.01475237842
0.014754252759999998
0.014756124419999999
0.014757993159999998
0.014759856969999999
0.014761717250000006
0.014763575959999999
0.014765428819999999
0.014767279389999997
0.01476912555
0.014770966099999998
0.01477280568
0.014774640560000003
0.014776472229999999
0.014778299979999998
0.014780123460000003
0.014781944929999999
0.014783762819999999
0.014785576099999998
0.01478738698
0.01478919234
0.014790995610000001
0.014792795619999998
0.014794592199999996
0.014796386370000005
0.01479817556
0.014799963420000001
0.014801746790000004
0.0148035253
0.014805302010000004
0.014807072200000002
0.014808840760000004
0.014810605329999995
0.014812368140000006
0.01481412718
0.014815882170000006
0.014817633979999996
0.01481938161
0.014821125679999998
0.01482286581
0.01482460393
0.014826339319999998
0.014828070560000002
0.014829799519999999
0.014831524149999996
0.01483324586
0.014834963179999999
0.014836677850000002
0.01483838875
0.014840097790000006
0.014841800990000003
0.014843502650000005
0.014845200120000002
0.014846895229999997
0.01484858698
0.014850275419999994
0.01485196001
0.01485364412
0.014855323679999997
0.014856999230000003
0.014858672880000002
0.014860342170000006
0.0148620073
0.014863670130000001
0.014865330990000003
0.014866987500000005
0.01486864046
0.014870291050000001
0.014871937510000002
0.014873581119999996
0.014875221930000005
0.014876859390000002
0.014878492180000003
0.014880123839999999
0.01488175229
0.014883376889999998
0.014884997959999995
0.014886616849999996
0.014888232480000001
0.014889846179999998
0.014891455609999998
0.014893061879999997
0.014894665039999998
0.01489626571
0.014897862659999999
0.01489945588
0.014901048480000003
0.01490263713
0.014904222970000002
0.014905804589999998
0.014907382459999998
0.014908958750000001
0.014910531609999998
0.014912101319999992
0.01491366885
0.014915233159999996
0.014916795079999996
0.014918353629999999
0.014919909129999999
0.01492146061
0.014923010410000001
0.014924556380000004
0.014926100590000001
0.014927640839999999
0.014929177779999999
0.014930714119999995
0.014932246389999997
0.01493377522
0.01493530185
0.014936824409999999
0.014938345349999998
0.014939863679999998
0.014941377649999999
0.014942889519999997
0.014944399120000002
0.01494590552
0.01494740873
0.014948908589999999
0.014950405439999998
0.014951899739999998
0.014953391510000002
0.014954879829999995
0.01495636632
0.014957849719999998
0.01495932969
0.014960807950000004
0.014962283320000007
0.014963754960000004
0.014965223630000002
0.014966690059999996
0.014968155539999998
0.014969617170000003
0.014971075109999999
0.014972531769999999
0.01497398369
0.01497543301
0.01497688114
0.01497832422
0.014979767499999998
0.0149812068
0.014982642689999997
0.014984078220000004
0.01498550931
0.014986937429999998
0.014988364569999997
0.01498978737
0.014991208229999999
0.014992626900000002
0.0149940425
0.014995456139999995
0.014996865249999998
0.014998271210000002
0.01499967667
0.0150010798
0.01500247927
0.015003876230000006
0.015005270000000005
0.015006662260000003
0.01500805141
0.015009438240000004
0.015010823369999997
0.015012204640000002
0.01501358298000001
0.01501495981
0.01501633251
0.015017704560000001
0.015019072189999998
0.015020438940000005
0.015021803010000006
0.015023163319999998
0.015024522799999995
0.01502587935
0.015027232839999998
0.01502858354
0.01502993177
0.015031278009999998
0.015032620419999997
0.015033960249999994
0.015035299839999999
0.015036636269999999
0.01503796968
0.015039300300000003
0.0150406281
0.01504195407
0.015043277400000006
0.015044600009999997
0.015045918329999998
0.015047235259999996
0.01504854899
0.01504985948
0.01505116871
0.015052474569999998
0.015053777790000005
0.015055079439999994
0.015056378729999995
0.01505767547
0.015058970449999997
