0.09503911846000003
0.07598448378
0.06887029902
0.06436718106000001
0.060389935879999974
0.056609255539999986
0.05299403751999999
0.04958258368
0.046422869799999995
0.043548134319999994
0.04096995814
0.03868185428000001
0.036665894719999995
0.03489801964000001
0.03335136904
0.0319985597
0.030813181860000007
0.029770843500000005
0.02884976159999999
0.0280309824
0.027298331220000006
0.026638174599999988
0.0260391345
0.02549175884000001
0.024988224639999994
0.024522064020000008
0.02408792448
0.023681381039999994
0.023298755719999998
0.02293699552
0.02259355888
0.022266315719999995
0.021953488859999995
0.021653571299999997
0.021365301680000007
0.021087605839999995
0.020819573239999997
0.02056042316
0.020309495359999995
0.020066214659999998
0.019830084819999996
0.01960068398
0.019377639399999994
0.019160628609999994
0.018949367620000004
0.0187436041
0.01854312676
0.01834773518
0.01815725466
0.017971531820000004
0.017790421100000006
0.017613802100000006
0.01744155036
0.017273556970000003
0.017109724780000005
0.016949960110000006
0.01679417268
0.016642282300000002
0.016494204730000007
0.01634986621
0.016209194220000004
0.016072115120000004
0.015938565500000005
0.01580847493
0.01568177953
0.01555841753
0.015438323440000002
0.01532143833
0.015207700769999999
0.015097054210000002
0.014989436690000002
0.01488479425
0.014783069619999999
0.014684205980000005
0.014588148170000004
0.014494839039999994
0.014404226599999997
0.01431625708
0.014230877140000002
0.014148033090000003
0.014067672870000002
0.013989744279999999
0.01391419698
0.013840980039999999
0.013770041640000001
0.013701332700000003
0.013634804679999994
0.013570404340000002
0.013508086340000003
0.013447804669999999
0.0133895071
0.013333150639999996
0.01327868539
0.013226068709999999
0.013175251869999998
0.013126192089999997
0.013078843530000002
0.013033166760000003
0.012989115579999998
0.012946646359999998
0.01290572207
0.012866298529999997
0.012828336039999997
0.01279179429
0.012756637279999997
0.012722825359999999
0.012690321689999999
0.012659090329999997
0.012629093770000004
0.012600299270000004
0.012572670090000002
0.01254617309
0.012520776650000003
0.012496449919999996
0.012473159170000003
0.0124508752
0.01242956709
0.012409207400000002
0.012389764349999999
0.012371213680000003
0.01235352742
0.012336678520000003
0.01232064102
0.012305389090000006
0.012290900479999999
0.012277150450000003
0.01226411604
0.012251773260000003
0.01224010183
0.01222907985
0.012218687340000003
0.012208902210000006
0.012199706020000001
0.012191078620000007
0.012183002059999996
0.012175458380000002
0.0121684306
0.01216190188
0.01215585238
0.012150268400000004
0.012145134599999998
0.012140435520000001
0.01213615571
0.012132282289999996
0.012128797819999997
0.01212569289
0.012122951640000004
0.012120563640000002
0.01211851459
0.012116793219999998
0.012115388070000002
0.012114288469999996
0.012113483319999998
0.012112960429999996
0.012112712899999998
0.012112727100000003
0.012112996429999998
0.012113509990000004
0.01211425936
0.01211523759
0.01211643343
0.012117839659999997
0.012119448410000002
0.012121253519999995
0.012123247020000005
0.01212542134
0.012127770369999999
0.012130288339999996
0.012132965289999997
0.012135797249999998
0.012138780459999996
0.012141905190000003
0.012145168979999996
0.012148564850000003
0.012152087830000002
0.012155734349999997
0.012159497520000005
0.01216337357
0.012167358410000002
0.012171447360000006
0.012175637909999997
0.012179923289999998
0.012184299500000002
0.012188765640000002
0.01219331494
0.012197946230000003
0.012202656500000004
0.01220744038
0.01221229606
0.01221721986
0.012222209739999998
0.012227263549999996
0.012232375749999998
0.012237546479999997
0.012242771549999996
0.012248048819999998
0.012253375660000001
0.012258752159999999
0.012264173970000004
0.01226963947
0.01227514657
0.01228069445
0.01228627867
0.012291901669999999
0.012297556010000002
0.012303243129999997
0.01230896224
0.012314710949999998
0.012320487969999998
0.012326290870000003
0.012332118869999999
0.012337970799999997
0.012343845719999995
0.01234974105
0.012355658339999999
0.012361594250000002
0.01236754805
0.012373517839999999
0.012379503200000001
0.012385505300000004
0.012391519259999999
0.01239754648
0.01240358548
0.012409634990000003
0.01241569544
0.012421765969999998
0.01242784409
0.0124339325
0.01244002658
0.012446127460000005
0.01245223361
0.01245834627
0.01246446239
0.0124705841
0.01247670901
0.012482835339999998
0.012488965740000002
0.012495097599999996
0.012501231710000003
0.01250736632
0.012513501260000006
0.01251963627
0.012525772530000003
0.012531906269999999
0.012538039799999998
0.012544171699999997
0.012550301929999997
0.01255642972
0.012562556009999998
0.012568679589999998
0.012574798819999997
0.012580915070000002
0.01258702742
0.01259313661
0.01259924026
0.012605340110000003
0.012611434600000002
0.012617524839999998
0.012623609420000001
0.012629688090000002
0.012635762669999995
0.012641829330000003
0.01264789033
0.01265394538
0.012659994800000001
0.01266603626
0.012672071200000001
0.012678098899999997
0.012684119709999999
0.012690134070000001
0.012696139799999997
0.012702138779999999
0.012708130040000001
0.01271411308
0.01272008779
0.012726054379999997
0.01273201317
0.012737963680000002
0.012743905989999997
0.01274983949
0.012755765350000003
0.01276168082
0.012767587639999998
0.012773485260000002
0.012779373900000003
0.012785251599999999
0.012791122950000004
0.012796983720000005
0.012802835509999997
0.012808677650000003
0.012814509370000003
0.01282033305
0.012826146259999997
0.01283195025
0.012837744999999998
0.0128435295
0.012849302500000001
0.012855067389999997
0.012860822899999999
0.01286656515
0.012872300140000004
0.012878024169999997
0.012883737320000001
0.012889440740000003
0.012895133240000002
0.012900815780000002
0.012906487880000005
0.01291214946
0.012917801370000002
0.012923442
0.012929073690000004
0.012934693759999998
0.012940303399999999
0.01294590202
0.012951490099999996
0.012957068000000002
0.01296263573
0.012968191399999997
0.01297373764
0.012979271769999993
0.012984796270000001
0.012990308359999996
0.012995812869999996
0.01300130442
0.01300678521
0.013012256330000003
0.013017715800000001
0.01302316553
0.013028602749999998
0.013034029299999998
0.013039445920000005
0.013044852000000001
0.013050246980000003
0.01305563083
0.013061002070000001
0.013066364779999997
0.013071715459999998
0.013077053040000002
0.013082383770000004
0.013087702470000002
0.013093009580000002
0.01309830558
0.01310359171
0.013108865799999998
0.013114128839999996
0.01311938249
0.013124625000000001
0.013129855720000002
0.013135075740000007
0.013140285099999996
0.01314548348
0.013150669930000001
0.013155845560000004
0.013161012290000003
0.013166165930000003
0.013171310050000001
0.013176443509999995
0.013181565909999996
0.013186676680000007
0.013191777070000008
0.013196867070000005
0.01320194527
0.01320701294
0.013212070630000003
0.013217116800000001
0.013222152860000003
0.013227176010000001
0.013232190380000002
0.013237193029999999
0.013242185839999997
0.013247165689999998
0.013252137790000005
0.013257097260000003
0.013262047899999995
0.013266986290000003
0.013271913570000002
0.013276831269999997
0.013281736879999997
0.013286633399999996
0.013291518610000002
0.013296393200000001
0.013301257070000003
0.013306109460000002
0.013310953240000003
0.013315785280000002
0.013320607470000002
0.013325419049999999
0.013330220779999999
0.01333501056
0.013339790209999997
0.013344560009999997
0.013349319670000002
0.013354069109999998
0.013358808600000004
0.013363535740000005
0.01336825326
0.013372960410000002
0.013377658349999998
0.013382344090000003
0.01338701995
0.013391685920000002
0.013396341590000005
0.013400987619999995
0.013405621909999998
0.01341024676
0.013414862750000004
0.013419466369999999
0.013424060570000002
0.013428645840000007
0.013433219339999998
0.013437782640000001
0.013442337280000003
0.013446880700000002
0.013451414170000002
0.013455937889999997
0.013460452029999998
0.013464955990000003
0.01346944775
0.01347393213
0.013478405119999998
0.013482868000000002
0.013487323529999998
0.013491768320000002
0.013496201850000002
0.01350062656
0.013505042169999997
0.013509448660000001
0.01351384354
0.013518229479999994
0.013522605190000004
0.013526971500000002
0.013531328339999999
0.013535675830000008
0.013540013650000002
0.013544341749999996
0.0135486587
0.013552966839999998
0.01355726611
0.013561554509999994
0.01356583487
0.013570105050000003
0.013574366290000004
0.013578618110000001
0.013582861639999997
0.013587093599999996
0.013591315659999997
0.013595531299999998
0.013599736179999997
0.013603932059999999
0.013608118280000003
0.01361229573
0.013616462710000004
0.01362062114
0.01362477039
0.013628909329999994
0.013633041480000002
0.013637162960000003
0.013641275250000003
0.01364537883
0.013649474160000003
0.0136535596
0.013657637249999998
0.013661702780000005
0.013665764069999998
0.01366981384
0.013673854350000004
0.013677885609999996
0.013681909590000003
0.013685924600000001
0.013689929640000004
0.013693925890000003
0.013697915279999999
0.013701893199999997
0.013705863810000002
0.013709824189999999
0.013713778519999997
0.013717721249999997
0.01372165603
0.01372558358
0.013729499770000002
0.013733411030000002
0.01373731158
0.013741203580000002
0.013745087400000001
0.013748963190000003
0.013752830150000004
0.013756688359999996
0.013760538220000002
0.013764380520000001
0.01376821371
0.013772038799999995
0.013775854300000001
0.013779662510000006
0.013783462179999999
0.013787254209999999
0.01379103683
0.013794811850000008
0.013798577740000009
0.01380233569
0.013806086720000001
0.013809827520000002
0.013813561499999998
0.013817288210000002
0.013821004570000002
0.013824713600000007
0.01382841539
0.01383210807
0.013835792880000001
0.01383946936
0.013843138140000004
0.013846800500000003
0.013850453189999995
0.013854098970000001
0.013857737430000003
0.013861367399999998
0.013864988230000002
0.013868602059999999
0.013872209079999993
0.013875806530000003
0.013879396710000002
0.013882979220000003
0.013886553170000003
0.013890120599999998
0.013893679739999998
0.013897231409999999
0.013900775730000002
0.01390431219
0.013907840069999997
0.01391136123
0.013914873860000001
0.013918379780000005
0.013921876719999999
0.013925368459999999
0.013928851979999999
0.013932329230000002
0.01393579706
0.013939256959999997
0.013942710030000003
0.013946157380000004
0.013949595069999998
0.013953027799999997
0.013956450770000002
0.013959867450000002
0.013963276019999997
0.013966678200000002
0.013970074059999999
0.013973462369999998
0.013976843210000001
0.013980215649999999
0.013983579559999997
0.013986938840000004
0.01399028931
0.013993633050000003
0.013996969299999997
0.01400029829
0.01400362234
0.014006937689999999
0.01401024723
0.014013547539999999
0.014016842359999998
0.01402013103
0.014023411019999994
0.014026683629999996
0.01402995131
0.014033211019999997
0.014036463729999997
0.014039708719999999
0.014042948730000003
0.014046180170000002
0.014049403860000005
0.014052621690000005
0.014055833439999993
0.014059037709999994
0.014062234749999998
0.014065426169999999
0.014068609170000003
0.014071787520000004
0.014074957890000002
0.014078121259999998
0.014081278549999998
0.014084429479999999
0.014087574590000002
0.014090712529999999
0.014093841919999999
0.014096966289999997
0.01410008328
0.014103195289999997
0.014106300770000002
0.014109397969999998
0.014112489680000001
0.014115574499999999
0.014118653150000002
0.0141217241
0.014124791049999998
0.01412785025
0.01413090238
0.0141339498
0.01413698911
0.014140022179999996
0.014143049530000009
0.014146070400000002
0.014149085740000001
0.01415209469
0.014155096000000002
0.014158091010000002
0.014161081609999994
0.014164065190000002
0.014167040850000005
0.014170011570000007
0.014172975600000002
0.014175932619999996
0.014178885529999997
0.014181830989999998
0.01418477206
0.01418770555
0.01419063308
0.014193553429999992
0.014196469380000003
0.014199378850000005
0.014202280929999995
0.014205176259999997
0.014208067180000004
0.014210953329999998
0.014213830789999998
0.014216703409999998
0.014219570090000001
0.014222429969999999
0.014225285469999998
0.0142281339
0.014230976610000003
0.01423381387
0.01423664548
0.01423947017
0.014242289549999999
0.01424510347
0.01424791033
0.014250712510000001
0.014253508149999998
0.014256298300000001
0.01425908387
0.014261862360000002
0.014264635059999996
0.01426740212
0.014270163010000001
0.014272918370000004
0.014275668709999993
0.014278412179999998
0.014281151349999998
0.0142838848
0.014286611940000003
0.014289334599999998
0.014292051849999996
0.01429476124
0.014297467340000003
0.014300167289999997
0.014302861519999998
0.014305549229999999
0.014308232930000003
0.014310910190000001
0.014313582490000002
0.014316248069999997
0.014318908560000005
0.014321562639999999
0.014324212969999995
0.01432685901
0.014329498340000002
0.01433213281
0.014334762239999996
0.01433738555
0.014340003169999999
0.014342616029999998
0.014345223249999997
0.014347825439999996
0.014350422569999997
0.014353013399999998
0.014355599100000003
0.014358179270000002
0.014360754920000001
0.014363323239999998
0.014365888069999999
0.014368448460000002
0.01437100172
0.014373550099999998
0.014376095009999994
0.014378632709999997
0.014381165630000001
0.014383693159999997
0.014386216069999997
0.01438873437
0.014391246149999998
0.014393751889999999
0.014396254169999996
0.014398751629999998
0.014401242910000002
0.014403730300000002
0.014406213690000001
0.01440869063
0.014411163190000003
0.014413630409999994
0.014416092980000003
0.0144185509
0.0144210032
0.014423448670000004
0.014425890729999996
0.014428326839999997
0.014430758349999996
0.014433186450000001
0.014435607879999996
0.014438025400000006
0.014440436850000007
0.014442843469999998
0.014445247289999994
0.014447644179999997
0.01445003815
0.01445242637
0.014454808300000002
0.014457185089999993
0.014459557580000003
0.01446192516
0.014464288629999995
0.01446664738
0.01446900034
0.014471350059999999
0.014473694199999996
0.014476033309999995
0.014478368279999997
0.01448070035
0.014483024990000006
0.014485345580000005
0.014487661379999999
0.014489971730000002
0.014492279949999997
0.014494581919999997
0.014496879339999998
0.014499172340000002
0.01450146066
0.014503744300000003
0.014506023739999995
0.01450830014000001
0.014510569469999996
0.014512835270000001
0.014515095220000001
0.014517351470000004
0.01451960221
0.014521848709999998
0.014524091149999996
0.014526329729999995
0.01452856346
0.014530793700000004
0.014533018670000003
0.014535239659999998
0.014537455770000008
0.01453966772
0.014541874890000004
0.014544077430000002
0.0145462755
0.014548469509999997
0.014550658049999998
0.014552843260000002
0.014555023020000002
0.014557199909999999
0.014559371670000001
0.01456153896
0.014563700109999998
0.01456585845
0.014568012840000004
0.014570161820000005
0.01457230761
0.014574448140000005
0.014576585039999994
0.014578719339999997
0.014580846990000002
0.014582970860000004
0.014585090159999998
0.014587204370000004
0.014589315139999996
0.014591422650000001
0.014593525939999998
0.014595624449999994
0.014597719349999996
0.014599810169999996
0.01460189674
0.014603978589999993
0.01460605747
0.01460813045
0.014610200160000001
0.014612265130000008
0.014614326189999995
0.014616384399999998
0.014618437259999999
0.014620486579999996
0.014622531269999996
0.014624570379999997
0.014626607920000003
0.014628641579999997
0.014630669780000004
0.01463269371
0.01463471361
0.014636730960000002
0.014638743110000001
0.014640751529999997
0.014642754739999996
0.01464475617
0.014646752530000003
0.014648745789999999
0.014650733360000001
0.014652717560000002
0.014654699520000003
0.01465667532
0.014658647029999998
0.014660614959999999
0.01466258018
0.014664539960000002
0.014666497339999996
0.014668450649999996
0.014670399899999999
0.014672345520000001
0.01467428727
0.014676223869999998
0.014678156900000001
0.014680086090000002
0.014682013320000003
0.014683936629999998
0.01468585429
0.014687767110000005
0.014689677699999999
0.014691585469999997
0.014693488059999997
0.014695388380000002
0.014697283230000002
0.014699175519999998
0.014701065079999999
0.014702949709999998
0.014704831029999999
0.014706709240000003
0.014708582159999999
0.014710451920000001
0.014712318679999998
0.014714180350000003
0.014716038449999998
0.014717893329999994
0.01471974457
0.014721591499999999
0.014723434430000005
0.014725273090000001
0.014727109620000003
0.014728943000000001
0.014730772329999997
0.014732597239999999
0.014734419050000001
0.014736238650000002
0.014738053569999996
0.014739865579999997
0.01474167319
0.01474347697
0.01474527816
0.014747072479999998
0.014748864960000005
0.014750654529999997
0.014752440720000004
0.014754221559999997
0.014756001480000001
0.01475777714
0.014759549530000004
0.014761317660000004
0.014763082129999999
0.014764842880000002
0.014766600810000004
0.01476835471
0.014770104920000002
0.014771853250000001
0.014773597380000008
0.0147753377
0.014777076649999997
0.014778810590000002
0.01478054025
0.014782267809999998
0.014783990759999997
0.014785711839999995
0.014787429839999998
0.014789143910000002
0.014790853460000005
0.014792559729999996
0.014794263159999996
0.01479596313
0.0147976598
0.014799353369999999
0.014801043099999998
0.014802730089999999
0.01480441427
0.014806094410000002
0.014807771059999999
0.014809445110000003
0.01481111362
0.014812780990000001
0.014814445119999993
0.014816104169999997
0.014817762280000006
0.014819415779999998
0.014821067150000002
0.014822714690000002
0.014824358620000004
0.014825999989999996
0.014827636969999997
0.014829271150000004
0.014830902449999992
0.01483252949
0.014834154589999999
0.014835776130000002
0.014837393919999999
0.014839009450000005
0.014840621359999995
0.01484223011
0.014843836970000001
0.014845440090000002
0.014847037819999999
0.014848633330000001
0.014850225849999999
0.014851816120000002
0.014853402699999997
0.014854987139999998
0.014856567260000007
0.014858144750000002
0.014859717799999997
0.014861290209999996
0.014862859200000002
0.014864424000000003
0.014865987560000007
0.01486754736
0.014869104899999994
0.014870656099999999
0.014872207680000004
0.014873753830000001
0.014875296650000003
0.014876837759999997
0.014878374960000003
0.014879910309999998
0.014881441249999999
0.014882968770000003
0.014884494840000002
0.01488601725
0.014887537
0.014889052810000001
0.01489056676
0.014892076920000002
0.014893584639999999
0.014895090550000004
0.014896593930000002
0.01489809416
0.014899590139999998
0.014901082319999998
0.014902572209999998
0.014904058469999997
0.014905543539999996
0.01490702491
0.014908504470000002
0.014909980770000004
0.014911453669999995
0.014912921990000001
0.01491438818
0.014915853340000002
0.014917314260000002
0.014918772599999996
0.014920227900000001
0.01492167881
0.014923128559999999
0.014924577419999998
0.014926022239999998
0.014927462450000002
0.01492890117
0.014930336930000003
0.014931769140000004
0.014933199739999998
0.014934625740000002
0.01493605064
0.014937471670000002
0.014938890520000003
0.014940307130000002
0.014941718929999999
0.01494313047
0.014944536999999997
0.0149459424
0.01494734631
0.014948745900000004
0.014950143409999998
0.014951537379999996
0.014952929890000001
0.014954319289999995
0.014955707250000004
0.014957090249999997
0.014958471119999999
0.014959850310000002
0.014961225549999995
0.014962599529999995
0.014963969300000005
0.014965337720000006
0.01496670271
0.014968064600000002
0.014969424370000001
0.01497078093
0.014972135669999997
