0.09747890242
0.06668227256000002
0.05608816755999999
0.04723306189999999
0.04029568404
0.03518336078
0.03151119731999999
0.02885941232
0.026895149119999996
0.02538449346
0.02417318748
0.02316336924
0.022293773520000008
0.021525809380000004
0.020834743779999994
0.02020438258
0.019623887180000008
0.019085818960000004
0.018584929919999993
0.01811739349
0.01768031261
0.017271393420000003
0.016888747009999996
0.016530745280000002
0.016195959590000003
0.01588308445
0.015590917959999999
0.015318325940000002
0.01506424059
0.014827641539999997
0.01460755763
0.01440305569
0.014213245349999999
0.014037274950000001
0.013874331080000007
0.013723641649999997
0.013584468819999999
0.013456116430000003
0.013337921379999998
0.013229262030000005
0.013129547860000004
0.013038221539999997
0.012954758750000002
0.012878664920000005
0.01280947212
0.012746739860000007
0.01269005335
0.01263901881
0.0125932612
0.012552430109999999
0.012516190919999996
0.012484225010000002
0.012456232499999999
0.012431927680000001
0.012411044899999994
0.012393323089999998
0.012378525999999999
0.012366428469999998
0.012356819120000003
0.012349496829999999
0.012344277189999997
0.0123409869
0.012339466989999994
0.01233956609
0.012341145280000004
0.012344078189999998
0.012348243459999998
0.012353534980000002
0.01235984968
0.012367094399999999
0.012375184499999999
0.012384040740000006
0.012393591649999997
0.012403771539999997
0.012414516989999997
0.01242577513
0.01243749362
0.012449625720000003
0.01246212767
0.01247496188
0.012488091500000003
0.01250148356
0.012515108409999998
0.012528938960000003
0.012542948960000001
0.01255711493
0.012571419280000001
0.012585839299999999
0.012600359580000003
0.012614963
0.012629634360000001
0.01264436134
0.012659133489999997
0.01267393611
0.012688762530000003
0.012703601530000002
0.012718445200000006
0.012733286219999996
0.012748117529999999
0.012762931609999997
0.012777724800000001
0.012792491689999998
0.012807225870000001
0.012821925779999998
0.012836585110000005
0.012851201739999998
0.01286577312
0.012880294479999999
0.012894763209999998
0.012909180130000007
0.01292353821
0.01293784065
0.01295208172
0.012966263439999997
0.01298038225
0.012994437579999997
0.01300842845
0.013022353219999996
0.013036213070000002
0.013050005799999997
0.01306373013
0.01307738695
0.013090975789999994
0.013104496269999998
0.013117946069999999
0.013131325989999998
0.013144638279999999
0.013157878829999999
0.01317104957
0.013184151790000003
0.013197182689999998
0.013210144469999997
0.013223036530000001
0.01323585771
0.013248608739999999
0.013261291189999995
0.013273903780000002
0.013286447690000003
0.013298921800000005
0.0133113275
0.013323662679999994
0.013335930330000002
0.013348129669999997
0.01336026126
0.013372324820000002
0.013384319620000003
0.013396248969999993
0.013408109430000002
0.01341990391
0.013431632340000004
0.013443292610000001
0.013454889719999998
0.013466418269999995
0.013477883959999997
0.01348928422
0.013500618890000005
0.01351188918
0.013523096759999997
0.013534240219999995
0.013545321450000005
0.013556338429999997
0.013567291579999998
0.013578184320000004
0.013589014149999993
0.013599783460000004
0.013610490059999997
0.013621137569999999
0.01363172328
0.013642248950000005
0.013652713549999999
0.013663120680000005
0.013673468589999998
0.01368375657
0.013693987180000004
0.013704158939999999
0.013714272240000006
0.01372432888
0.01373432973
0.013744272800000002
0.013754158179999997
0.013763989
0.013773763719999998
0.013783483010000002
0.013793147179999996
0.01380275885
0.01381231384
0.01382181693
0.013831264649999998
0.013840659419999998
0.013850001580000002
0.01385929095
0.013868526709999997
0.013877711679999998
0.013886844620000003
0.013895926590000001
0.013904957429999998
0.013913939100000003
0.01392286751
0.01393174791
0.013940577720000003
0.013949359899999998
0.01395809103
0.013966772650000004
0.013975407890000006
0.013983994660000004
0.013992531410000002
0.014001023139999997
0.014009467060000001
0.014017864779999998
0.014026214209999999
0.01403451847
0.014042776860000003
0.014050988650000002
0.014059155690000002
0.014067276299999995
0.014075352399999998
0.014083384430000002
0.01409137239
0.01409931478
0.01410721383
0.014115070459999999
0.01412288171
0.014130652240000003
0.014138379609999998
0.014146064050000002
0.014153706210000006
0.01416130712
0.014168864869999999
0.014176382639999999
0.014183858950000001
0.014191294520000003
0.01419868856
0.014206042899999998
0.0142133557
0.014220630080000001
0.014227864400000007
0.014235058089999999
0.014242214429999995
0.014249330749999997
0.014256408120000003
0.014263447639999998
0.014270448830000004
0.01427741164
0.014284337150000003
0.01429122438
0.014298075469999996
0.01430488961
0.01431166619
0.014318405900000003
0.014325109559999999
0.014331777219999994
0.01433840703
0.014345003069999997
0.01435156277
0.014358087099999996
0.014364575760000005
0.01437102923
0.014377449929999994
0.014383834480000003
0.014390184630000002
0.014396500550000003
0.014402783759999998
0.01440903279
0.014415246950000005
0.01442142939
0.014427578880000007
0.014433695559999998
0.014439777619999998
0.01444582882
0.01445184475
0.014457831049999998
0.014463784979999998
0.014469706029999998
0.014475596949999996
0.01448145585
0.014487282200000002
0.0144930786
0.014498841970000008
0.014504577009999995
0.014510281570000004
0.01451595444
0.01452159801
0.014527211500000001
0.014532794269999996
0.01453834824
0.014543870850000003
0.01454936555
0.014554830979999997
0.014560268299999998
0.014565675739999997
0.014571054029999999
0.014576403819999998
0.01458172592
0.014587019089999997
0.014592285030000002
0.01459752085
0.014602730450000004
0.01460791317
0.014613068200000003
0.014618195659999998
0.014623294939999996
0.014628367060000003
0.014633413599999999
0.014638432840000003
0.014643426719999998
0.014648392990000005
0.014653333210000001
0.014658247
0.014663135419999996
0.014667998429999997
0.01467283412
0.014677645379999998
0.014682431220000004
0.014687192590000002
0.014691927119999995
0.01469663764
0.014701322870000002
0.014705984560000005
0.01471062059
0.01471523154
0.01471981831
0.014724380780000004
0.014728921340000003
0.014733437290000005
0.014737928199999998
0.01474239781
0.0147468421
0.014751264510000002
0.01475566143
0.01476003579
0.014764388179999999
0.014768716639999999
0.014773024050000002
0.014777307790000001
0.014781568419999997
0.014785808010000004
0.014790024509999998
0.01479421912
0.01479839171
0.014802542139999996
0.014806669689999994
0.014810775579999998
0.014814863190000001
0.014818926770000001
0.014822969850000003
0.014826991960000004
0.014830992400000007
0.014834972100000001
0.014838931450000002
0.014842869589999997
0.01484678877
0.014850684860000003
0.014854560690000001
0.014858418069999997
0.014862255620000002
0.01486607229
0.014869868180000002
0.014873644370000001
0.014877401539999995
0.014881138789999996
0.014884856169999995
0.014888556430000002
0.01489223523
0.014895895810000004
0.014899537130000003
0.014903160120000003
0.014906761929999996
0.014910346519999998
0.014913911219999998
0.01491745906
0.014920987369999998
0.014924496939999999
0.01492798891
0.01493146332
0.014934917830000003
0.014938356340000004
0.014941775779999998
0.014945177719999998
0.01494856164
0.01495192933
0.014955279019999995
0.014958610839999997
0.014961926499999995
0.014965224069999998
0.014968505529999999
0.014971768749999998
0.014975014210000002
0.014978243509999996
0.014981456579999997
0.014984654089999999
0.01498783332
0.01499099634
0.01499414373
0.014997275189999994
0.01500039056
0.015003488109999998
0.015006569799999994
0.015009636000000002
0.015012688169999996
0.015015722669999995
0.01501874115
0.015021744479999995
0.015024733189999997
0.015027705970000001
0.015030662789999998
0.015033605509999997
0.01503653122
0.01503944465
0.015042342580000001
0.015045223839999997
0.015048090679999997
0.015050943829999998
0.015053781179999998
0.015056604230000006
0.015059412629999996
0.015062208530000003
0.015064988250000001
0.015067754619999998
0.015070506520000004
0.015073243810000003
0.015075967240000003
0.015078677269999998
0.015081373169999997
0.01508405585
0.015086723029999994
0.015089377410000002
0.015092018969999996
0.015094648830000001
0.015097263849999997
0.015099863690000001
0.01510245159
0.015105026129999997
0.01510758685
0.015110136560000003
0.01511267233
0.015115195060000001
0.015117704949999998
0.015120203269999997
0.01512268731
0.01512516029
0.015127621579999998
0.015130067710000002
0.015132503469999996
0.015134925029999998
0.015137335839999998
0.015139733979999997
0.015142121030000006
0.015144494770000001
0.015146858490000003
0.015149208889999998
0.015151547139999997
0.015153874580000004
0.015156191709999997
0.015158495699999996
0.015160787420000002
0.015163069509999998
0.0151653396
0.015167598010000005
0.015169845620000002
0.01517208193
0.01517430638
0.01517652085
0.015178723579999998
0.015180916709999999
0.01518309694
0.01518526812
0.01518742739
0.015189577019999997
0.015191716179999997
0.01519384403
0.015195961509999998
0.01519806798
0.015200165920000001
0.015202252440000001
0.015204328849999995
0.015206395689999996
0.015208450340000002
0.0152104954
0.015212533589999995
0.015214559529999998
0.015216575610000005
0.01521858304
0.01522057894
0.015222566379999995
0.015224544260000002
0.01522651247
0.015228470920000004
0.0152304212
0.015232360579999998
0.015234291760000001
0.015236212399999999
0.015238125680000002
0.015240029269999997
0.015241923479999999
0.015243809229999995
0.015245683860000003
0.015247552039999999
0.015249410409999997
0.015251261179999996
0.015253101380000002
0.015254934510000005
0.015256757410000004
0.015258573670000003
0.015260378989999997
0.015262178640000002
0.015263967840000003
0.015265747769999996
0.015267520550000002
0.015269285589999999
0.01527104282
0.015272790650000005
0.015274532430000001
0.015276264389999999
0.015277990309999998
0.015279706320000004
0.01528141526
0.015283117689999999
0.015284811600000003
0.0152864979
0.01528817528
0.01528984631
0.015291508439999999
0.015293162979999997
0.015294811100000005
0.015296452529999997
0.015298085809999999
0.015299712340000002
0.01530133066
0.015302942959999996
0.015304549630000002
0.015306144089999996
0.01530773434
0.015309317540000002
0.015310894400000006
0.015312463390000005
0.015314024539999995
0.015315579530000003
0.0153171283
0.01531867047
0.015320205189999998
0.015321733840000002
0.015323256440000006
0.015324771649999997
0.015326278830000007
0.015327782410000008
0.015329279079999996
0.015330769059999997
0.015332252559999995
0.015333730020000002
0.015335199640000002
0.015336665530000005
0.015338124609999997
0.015339576769999998
0.01534102387
0.015342465390000002
0.015343900769999998
0.015345328650000004
0.015346750900000001
0.015348167790000002
0.015349578320000001
0.015350983569999997
0.015352383829999998
0.015353776529999997
0.015355165480000006
0.01535654839
0.015357923630000003
0.01535929582
0.015360663620000003
0.01536202351
0.01536337966
0.01536472771
0.01536607163
0.015367412950000003
0.015368746399999998
0.01537007399
0.015371397529999995
0.01537271506
0.01537402984
0.015375337439999994
0.015376640979999998
0.01537794017
0.015379233060000002
0.015380521129999998
0.015381805310000005
0.01538308349
0.015384357270000003
0.015385626270000001
0.015386890369999996
0.015388149330000003
0.015389403630000003
0.015390654949999997
0.015391900279999999
0.015393141160000002
0.015394377610000003
0.015395610419999999
0.015396836549999994
0.01539806018
0.015399277380000003
0.01540049283
0.015401702619999997
0.015402909509999996
0.01540410981
0.015405306709999997
0.015406499360000001
0.01540768805
0.015408873279999997
0.015410053540000003
0.01541123
0.015412402109999999
0.015413569420000004
0.01541473532
0.01541589591
0.01541705236
0.015418205079999994
0.015419353380000007
0.015420497959999996
0.015421639360000001
0.015422776270000002
0.015423911000000002
0.015425040590000001
0.015426167730000002
0.015427290250000003
0.015428409850000005
0.015429524810000008
0.015430636190000003
0.015431744870000002
0.015432850250000001
0.015433949880000002
0.015435048339999995
0.015436141949999998
0.015437233319999997
0.015438319990000005
0.015439404959999996
0.015440485119999998
0.015441563430000005
0.015442637580000003
0.015443709319999999
0.015444776390000001
0.015445841480000002
0.015446903270000003
0.01544796253
0.01544901811
0.015450070130000002
0.015451118569999998
0.01545216376
0.015453207400000004
0.01545424745
0.01545528427000001
0.01545632046
0.01545735126
0.015458379559999992
0.01545940635
0.015460429959999999
0.015461449920000002
0.015462466089999995
0.015463481079999999
0.015464492630000003
0.015465501
0.015466507349999997
0.015467512009999997
0.015468512589999997
0.015469511459999996
0.015470505780000003
0.015471499589999993
0.015472488830000002
0.015473478069999998
0.015474463530000003
0.015475446459999993
0.015476426299999997
0.015477404969999995
0.015478379130000003
0.015479350420000003
0.015480322360000003
0.015481290820000004
0.01548225622
0.015483219900000003
0.015484181739999998
0.015485140819999998
0.015486097550000005
0.015487052749999994
0.015488005450000002
0.01548895576
0.015489901920000002
0.015490847159999998
0.015491790109999994
0.015492731850000002
0.015493671730000005
0.015494608359999997
0.015495545310000003
0.01549647769
0.015497408280000005
0.015498336789999997
0.015499263459999999
0.015500186960000002
0.015501111929999999
0.015502033859999995
0.015502953869999996
0.015503871029999996
0.015504787559999997
0.015505700429999996
0.015506613019999997
0.015507521330000001
0.015508429240000001
0.015509336629999997
0.015510241379999998
0.01551114303
0.015512043780000002
0.015512942110000006
0.015513839649999998
0.015514735699999999
0.01551562852
0.015516522329999997
0.015517412949999997
0.015518301809999998
0.015519189859999996
0.015520073529999996
0.015520957439999998
0.01552183983
0.015522720310000009
0.015523599689999994
0.01552447922
0.015525356050000001
0.01552622994
0.01552710305
0.01552797588
0.015528845990000002
0.01552971482
0.015530582699999995
0.01553144721
0.015532310560000002
0.01553317514
0.015534036030000005
0.01553489594
0.015535755149999999
0.015536613609999998
0.01553747124
0.015538326660000006
0.015539181110000005
0.01554003386
0.015540885829999997
0.015541736070000001
0.015542584390000003
0.015543434039999995
0.015544280100000007
0.01554512507
0.015545970189999998
0.01554681328
0.015547655370000003
0.0155484959
0.015549335649999997
0.015550175089999998
0.015551013329999997
0.015551850310000002
0.015552685649999998
0.01555352003
0.015554354280000002
0.015555185370000002
0.015556018320000005
0.015556850279999994
0.015557680810000004
0.01555850964
0.015559335819999999
0.015560161950000002
0.01556098697
0.015561812800000002
0.01556263847
0.015563460860000003
0.01556428366
0.01556510581
0.015565924829999996
0.015566743909999998
0.015567563299999998
0.015568379450000003
0.015569197389999997
0.015570012690000001
0.015570828889999992
0.015571642790000005
0.01557245644
0.01557326976
0.015574081899999998
0.015574893459999996
0.015575705879999997
0.015576514799999996
0.015577322739999996
0.015578132730000001
0.015578941539999997
0.015579748819999994
0.015580555579999997
0.01558136272
0.015582166980000008
0.01558297216
0.015583776799999996
0.01558457943
0.015585382679999999
0.01558618654
0.01558698798
0.015587789880000001
0.01558858983
0.01558939063
0.015590190580000003
0.015590991949999999
0.015591790519999999
0.01559258834
0.015593386409999998
0.015594183909999998
0.015594980970000004
0.0155957767
0.015596573610000004
0.01559736873
0.015598163600000001
0.015598958679999997
0.015599752299999999
0.015600545940000009
0.01560133935
0.015602134980000001
0.015602928189999999
0.015603720009999997
0.0156045124
0.015605303609999996
0.015606095600000003
0.015606887330000008
0.015607677700000003
0.015608468070000001
0.015609258260000003
0.015610047849999998
0.015610837919999999
0.015611628219999996
0.015612417640000003
0.015613205880000001
0.015613994930000001
0.015614784919999996
0.015615571850000001
0.015616361629999999
0.015617149949999999
0.015617937590000006
0.015618726190000001
0.015619511210000003
0.015620301050000002
0.015621086630000001
0.015621875459999999
0.015622663080000003
0.01562345071
0.015624237239999998
0.015625023380000005
0.015625810690000002
0.015626598490000004
0.01562738453
0.015628171499999996
0.015628958259999996
0.015629744730000002
0.01563053073000001
0.015631316030000002
0.015632102820000004
0.015632889100000002
0.01563367481
0.015634461340000003
0.01563524888
0.01563603594
0.015636821970000003
0.01563760849
0.015638395260000004
0.01563918095
0.015639968370000003
0.0156407549
0.01564154233
0.015642329849999997
0.015643118820000003
0.015643906480000004
0.015644694269999995
0.01564548264
0.01564627091
0.015647059839999998
0.01564784868
0.015648637710000003
0.015649425509999995
0.015650215569999994
0.01565100504
0.0156517958
0.015652586429999997
0.015653375469999998
0.01565416506
0.015654956029999997
0.01565574641
0.015656537450000004
0.01565732831
0.015658120240000004
0.015658911670000008
0.01565970421
0.0156604968
0.015661289769999996
0.015662084280000002
0.01566287668
0.015663670560000002
0.01566446513
0.015665258060000006
0.01566605368
0.015666847879999998
0.01566764302
0.015668438769999994
0.01566923547
0.015670031240000003
0.01567082824999999
0.015671625200000004
0.015672423110000003
0.015673220649999996
0.015674019769999995
0.015674820319999994
0.01567561874
0.015676417970000002
0.01567721851
0.015678018330000005
0.015678818750000004
0.015679620619999998
0.015680422949999998
0.01568122464
0.015682028490000003
0.01568283063
0.01568363591
0.01568444126
0.01568524599
0.015686053
0.01568685962
0.01568766668
0.01568847385
0.01568928292
0.015690091740000005
0.01569089961
0.015691709350000003
0.01569251886
0.015693328900000005
0.01569413965
0.01569495275
0.015695764779999996
0.0156965773
0.01569739133
0.015698207029999998
0.015699020669999997
0.01569983668
0.01570065344
0.015701468630000007
0.01570228652
0.015703105660000004
0.015703924680000002
0.015704744290000003
0.01570556512
0.015706384520000005
0.015707206079999994
0.015708027899999998
0.015708852750000005
0.015709679059999995
0.01571050328
0.01571132708
0.015712154650000004
0.01571298266
0.015713810549999995
0.01571463802
0.015715469320000005
0.015716298330000003
0.01571713187
0.015717962940000003
0.015718795830000003
0.01571962917
0.015720463559999998
0.015721298499999998
0.01572213517
0.015722972049999995
0.01572380813
0.015724646959999998
0.015725486160000003
0.01572632395
0.015727163770000007
0.01572800415
0.01572884598
0.015729688819999997
0.015730532969999995
0.015731379360000002
0.015732224940000004
0.015733070859999997
0.01573391892
0.015734766580000004
0.01573561518
0.01573646549
0.01573731552
0.01573816734
0.015739019799999997
0.01573987195
0.015740727030000002
0.015741582760000004
0.01574243831
0.015743295900000006
0.015744154100000005
0.015745013000000002
0.01574587258
0.015746733619999998
0.015747595110000002
0.015748458179999994
0.015749321919999993
0.01575018687
0.015751052339999995
0.015751918859999995
0.01575278578
