0.08872113336000002
0.07612070220000001
0.06989481646
0.06567095710000001
0.06202204304000001
0.05858897403999999
0.055291850820000016
0.052133180919999994
0.049140771999999985
0.046344898079999995
0.04376740059999999
0.04141749136000002
0.0392920098
0.037378684720000006
0.035660636079999995
0.03411997292
0.032739435000000004
0.03150277406000001
0.03039483718000001
0.029401527839999993
0.028509698219999994
0.02770714221999999
0.026982578699999992
0.026325714539999993
0.025727300839999995
0.025179195980000003
0.02467435588000001
0.024206766479999996
0.023771348120000008
0.023363819739999986
0.02298058275999999
0.022618610159999997
0.02227536536
0.021948707039999994
0.021636832099999993
0.0213382175
0.02105158282
0.02077582884
0.020510033659999996
0.020253400439999996
0.020005255539999992
0.019765014359999996
0.019532169629999995
0.019306286760000003
0.01908698056
0.0188739199
0.018666809850000007
0.018465388800000003
0.018269423219999997
0.018078705700000003
0.017893047780000004
0.017712282860000005
0.017536257779999998
0.01736482915
0.017197867940000004
0.017035255730000004
0.016876879619999997
0.016722633900000002
0.0165724227
0.016426150860000002
0.016283731330000002
0.016145075550000002
0.01601010413
0.015878737509999998
0.015750898350000004
0.015626512560000007
0.015505503799999997
0.015387805479999999
0.01527334659
0.015162055780000003
0.015053868110000004
0.014948715780000002
0.014846534779999998
0.014747259390000003
0.014650826670000004
0.014557174880000003
0.01446623848
0.014377961150000002
0.014292280099999999
0.014209136889999996
0.014128473209999992
0.014050231359999997
0.01397435691
0.013900791449999995
0.013829482259999996
0.013760374740000003
0.013693417109999996
0.013628556249999996
0.013565743180000001
0.013504926010000005
0.013446057989999998
0.013389091849999995
0.013333978029999992
0.0132806731
0.01322913237
0.013179309919999998
0.01313116483
0.013084653149999998
0.013039735019999997
0.01299636669
0.01295451404
0.012914133340000002
0.012875187339999993
0.012837637959999995
0.012801451140000001
0.012766587060000001
0.012733011660000005
0.012700688180000001
0.012669587190000005
0.012639672850000004
0.012610911380000003
0.012583271489999999
0.01255672193
0.012531231509999997
0.012506772289999994
0.012483312290000003
0.012460823820000005
0.012439280170000004
0.012418653759999993
0.01239891431
0.01238004129
0.012362005010000001
0.012344784639999995
0.012328352319999998
0.012312686489999997
0.012297762750000002
0.012283562449999999
0.012270059000000002
0.012257233510000003
0.012245065829999999
0.012233533760000002
0.01222262107
0.012212304989999999
0.012202568730000005
0.01219339497
0.012184765200000003
0.012176661319999999
0.01216906851
0.012161971240000003
0.012155352210000005
0.012149195689999998
0.012143487009999999
0.012138214669999998
0.012133361480000002
0.012128914249999996
0.012124859750000003
0.012121186110000005
0.012117881399999997
0.01211493233
0.012112326819999998
0.012110056570000001
0.012108106239999998
0.012106467799999998
0.012105132559999999
0.012104085539999998
0.012103322039999998
0.012102831060000001
0.01210260244
0.012102628189999996
0.012102900260000002
0.0121034085
0.012104148769999998
0.012105109769999997
0.012106284520000002
0.012107668089999997
0.012109248950000002
0.01211102466
0.012112985700000002
0.012115127210000003
0.01211744314
0.012119926050000002
0.012122571680000003
0.012125372510000001
0.01212832604
0.01213142406
0.01213466245
0.01213803402
0.012141536740000004
0.012145165109999998
0.012148913509999993
0.012152777929999999
0.012156755070000002
0.012160839159999999
0.012165027149999999
0.01216931458
0.012173697399999999
0.01217817132
0.012182732609999998
0.012187379230000003
0.012192108290000002
0.0121969123
0.012201792719999998
0.01220674534
0.01221176418
0.012216849940000002
0.012221995730000004
0.012227202190000001
0.012232465800000002
0.012237784419999998
0.012243153230000001
0.012248571749999998
0.012254036009999995
0.01225954874
0.01226510124
0.012270694689999999
0.012276327
0.012281996319999999
0.01228769973
0.012293435899999997
0.01229920216
0.012304998599999997
0.0123108239
0.012316675050000003
0.012322549260000003
0.01232844875
0.012334370050000001
0.01234031005
0.012346268560000007
0.012352245870000002
0.012358240300000004
0.012364250929999994
0.012370274359999996
0.01237631138
0.01238236136
0.012388421190000004
0.01239449292
0.012400574079999999
0.012406662859999999
0.012412760829999998
0.012418863449999998
0.012424974950000002
0.012431088730000005
0.012437209149999994
0.012443333650000001
0.012449460779999998
0.01245559161
0.012461724730000002
0.012467857819999997
0.012473994269999997
0.012480128760000002
0.012486263499999999
0.012492398949999999
0.01249853265
0.012504663990000005
0.012510794649999999
0.01251692113
0.0125230465
0.012529168630000002
0.012535285569999997
0.012541399259999997
0.012547509790000001
0.012553616279999997
0.012559716009999994
0.01256581296
0.012571903390000002
0.012577987269999995
0.012584066109999998
0.012590138670000002
0.012596204379999998
0.012602264530000002
0.012608317439999994
0.012614362200000001
0.012620403069999998
0.01262643432
0.012632457229999998
0.012638472360000003
0.012644479919999998
0.012650479600000004
0.012656470089999998
0.012662452780000001
0.01266842835
0.012674394490000003
0.012680351420000003
0.012686299340000007
0.012692238980000003
0.012698169530000004
0.01270409031
0.012710002250000001
0.012715903329999998
0.012721796
0.012727680119999998
0.012733552470000005
0.012739417630000001
0.01274527171
0.012751116550000004
0.01275695035
0.01276277608
0.012768590810000004
0.01277439515
0.012780188780000002
0.012785972049999999
0.012791745300000004
0.01279750928
0.012803262050000003
0.01280900535
0.012814738439999999
0.012820459130000003
0.01282617132
0.012831872219999995
0.012837563139999997
0.012843244199999998
0.012848912479999999
0.012854571499999998
0.012860220240000003
0.012865857409999994
0.012871484430000003
0.012877099610000003
0.01288270649
0.012888302440000006
0.012893886600000001
0.012899459590000002
0.01290502187
0.012910573950000002
0.012916115830000003
0.012921646120000001
0.01292716564
0.012932674740000004
0.012938172980000006
0.012943660759999998
0.012949137160000002
0.012954602680000003
0.012960056859999998
0.012965501009999996
0.012970935099999999
0.012976358269999998
0.012981771450000004
0.012987173450000007
0.01299256466
0.01299794486
0.013003314479999998
0.013008673499999998
0.013014022349999998
0.01301935907
0.01302468665
0.013030002629999997
0.0130353084
0.01304060191
0.013045884779999996
0.013051157770000002
0.013056420379999998
0.01306167217
0.01306691314
0.013072142699999997
0.01307736366
0.013082571559999999
0.013087770879999995
0.013092959439999996
0.01309813634
0.013103304429999995
0.013108461480000002
0.013113605709999998
0.013118741190000003
0.013123868220000001
0.013128981849999999
0.013134085319999999
0.013139177880000005
0.013144262000000002
0.013149333669999999
0.013154395749999999
0.013159446959999996
0.013164488050000001
0.013169519400000001
0.013174539600000004
0.01317954935
0.01318454904
0.013189538759999998
0.01319451783
0.01319948604
0.013204444959999995
0.01320939192
0.013214329429999998
0.013219256490000003
0.013224174820000004
0.01322908257
0.013233979740000002
0.013238867050000002
0.01324374376
0.013248610629999998
0.013253466729999996
0.013258313019999997
0.013263148789999991
0.013267975190000001
0.01327279122
0.013277596900000004
0.013282392779999996
0.013287177709999997
0.013291953699999996
0.013296719930000004
0.013301476480000003
0.013306223
0.01331095859
0.013315685879999994
0.013320403199999997
0.013325109639999997
0.013329806449999999
0.013334492720000004
0.01333917158
0.01334383908
0.013348498340000006
0.013353147249999999
0.01335778647
0.01336241614
0.01336703422
0.013371643479999999
0.013376242919999998
0.013380835130000001
0.0133854155
0.013389987999999999
0.013394548559999999
0.013399101599999998
0.013403645950000001
0.013408179150000001
0.013412703099999996
0.013417215870000004
0.013421722809999995
0.013426216619999995
0.01343070289
0.013435178789999995
0.01343964654
0.013444104589999999
0.01344855352
0.013452991700000002
0.01345742179999999
0.01346184307
0.013466253159999999
0.01347065571
0.013475048579999998
0.013479432579999995
0.013483806909999996
0.013488174169999994
0.013492530709999997
0.01349687906
0.013501217970000002
0.013505547500000003
0.013509867279999999
0.013514179530000003
0.013518481349999995
0.013522774870000002
0.013527060030000003
0.01353133393
0.013535601040000001
0.01353985828
0.013544106890000001
0.013548345030000002
0.01355257631
0.013556799400000003
0.013561012560000004
0.013565217650000001
0.013569412180000002
0.01357360028
0.01357777886
0.013581946980000004
0.013586108780000002
0.013590260049999999
0.013594403760000002
0.013598537899999999
0.013602664859999997
0.01360678262
0.013610892389999997
0.013614992239999998
0.013619085040000005
0.013623167800000002
0.01362724278
0.013631309379999998
0.013635366559999997
0.013639415810000007
0.013643457070000007
0.01364748793
0.013651512049999997
0.013655528570000002
0.01365953579
0.013663533949999999
0.013667525129999995
0.013671508409999995
0.013675481749999998
0.013679447800000001
0.013683405510000007
0.013687354840000004
0.013691296840000002
0.01369522976
0.013699155280000002
0.013703072800000002
0.013706982329999999
0.01371088284
0.013714774709999999
0.013718658130000004
0.0137225367
0.01372640611
0.01373026531
0.013734119549999996
0.01373796506
0.013741800880000004
0.01374563043
0.013749451630000003
0.01375326434
0.013757069840000002
0.013760866759999999
0.01376465656
0.013768438939999999
0.013772212910000001
0.01377597906
0.013779737330000002
0.013783486879999998
0.013787228529999999
0.013790963949999995
0.013794692319999994
0.013798412999999994
0.013802125600000001
0.013805830370000001
0.013809527439999999
0.01381321682
0.013816896249999997
0.013820570130000003
0.013824237399999996
0.01382789659
0.013831547090000002
0.013835191299999994
0.01383882768
0.01384245747
0.013846079400000003
0.013849693270000001
0.013853300240000001
0.013856897780000004
0.013860489689999993
0.01386407542
0.01386765133
0.01387122221
0.01387478324
0.01387833986
0.013881887939999997
0.01388542959
0.013888963610000006
0.013892489510000003
0.013896007960000002
0.01389952038
0.013903025319999995
0.013906523099999998
0.013910013530000005
0.01391349582
0.013916973180000004
0.013920441739999996
0.01392390322
0.013927358199999997
0.013930806719999998
0.013934247729999998
0.013937682649999996
0.0139411093
0.01394453007
0.01394794161
0.013951346759999999
0.01395474655
0.01395813923
0.013961524210000003
0.013964902810000004
0.013968275339999997
0.013971641069999995
0.01397499842
0.01397834954
0.013981693469999995
0.013985032130000002
0.013988362419999997
0.013991686780000004
0.013995004210000002
0.013998314889999999
0.014001618659999998
0.014004917289999998
0.014008207710000007
0.014011491269999999
0.014014768039999997
0.01401803843
0.014021302579999999
0.01402455964
0.014027810280000004
0.014031053630000003
0.014034292480000002
0.014037523029999997
0.014040747729999999
0.014043966440000005
0.014047177130000003
0.014050382659999998
0.014053581130000006
0.014056775600000002
0.014059962079999997
0.014063141009999997
0.014066313979999997
0.01406948143
0.014072642069999999
0.014075794910000003
0.014078941399999996
0.014082082480000004
0.014085217730000002
0.014088345589999997
0.014091467610000002
0.014094584520000003
0.01409769524
0.014100799409999996
0.01410389697
0.014106988570000001
0.0141100731
0.014113152080000002
0.014116224789999998
0.014119290819999998
0.01412235167
0.014125405880000002
0.014128453109999996
0.014131495280000007
0.014134531640000005
0.014137562390000002
0.014140585699999994
0.014143604039999997
0.014146616209999997
0.014149621110000002
0.014152621370000002
0.014155614530000003
0.014158602599999997
0.014161585769999993
0.01416456141
0.014167532140000001
0.014170495699999999
0.014173455040000003
0.014176407359999999
0.014179353570000003
0.014182295589999998
0.014185229799999999
0.014188159220000003
0.014191081779999993
0.014193998869999997
0.014196911849999995
0.014199817340000002
0.014202716469999996
0.014205611140000003
0.014208500940000002
0.014211383909999995
0.014214260670000001
0.014217132079999995
0.014219998559999995
0.014222859139999995
0.014225713750000002
0.014228564430000002
0.014231407739999997
0.01423424568
0.01423707737
0.014239903009999997
0.01424272566
0.0142455401
0.01424835032
0.014251155820000002
0.01425395553
0.014256749689999997
0.01425953713
0.01426231904
0.014265096979999997
0.014267868229999998
0.014270633210000001
0.014273392530000002
0.014276148679999996
0.01427889744
0.014281640390000003
0.014284379330000003
0.014287112879999998
0.0142898399
0.01429256184
0.014295280050000001
0.014297992479999999
0.014300697809999994
0.014303400259999996
0.014306095149999998
0.014308786880000004
0.014311473960000001
0.014314152680000001
0.01431683036
0.014319499160000002
0.014322164499999998
0.014324822209999998
0.014327475709999999
0.014330124750000001
0.014332768929999995
0.014335407310000001
0.014338041090000002
0.01434066933
0.014343291390000002
0.014345909830000001
0.01434852315
0.014351130929999997
0.01435373456
0.014356331610000002
0.01435892485
0.014361512119999998
0.01436409338
0.014366671749999997
0.014369244330000005
0.014371810729999998
0.014374373989999996
0.014376932049999997
0.014379484800000002
0.01438203241
0.014384575990000002
0.014387112980000004
0.014389647099999998
0.014392173780000003
0.014394697170000002
0.01439721659
0.014399730349999999
0.014402236879999999
0.014404740120000004
0.014407238979999997
0.014409732219999995
0.014412220849999997
0.014414702909999999
0.014417181429999997
0.014419655769999998
0.014422123810000003
0.014424587820000001
0.014427047640000003
0.014429501699999998
0.014431951600000001
0.014434396749999998
0.014436836709999996
0.014439273750000004
0.014441704710000001
0.01444413057
0.014446552599999997
0.014448969919999997
0.014451383049999999
0.014453790949999998
0.014456195140000001
0.014458593450000006
0.014460987389999999
0.014463375710000002
0.0144657595
0.014468141469999998
0.014470515710000003
0.01447288744
0.01447525387
0.01447761482
0.014479971939999997
0.014482325160000002
0.01448467238
0.0144870167
0.014489355750000004
0.014491689520000002
0.014494019339999997
0.014496344290000001
0.014498664559999996
0.014500981429999997
0.014503292319999998
0.01450559944
0.014507903780000006
0.014510200539999997
0.0145124956
0.014514785400000002
0.01451707111
0.01451935131
0.01452162673
0.01452389841
0.014526165959999999
0.014528429189999999
0.014530688759999995
0.01453294468
0.014535194469999995
0.014537441069999999
0.014539683650000006
0.01454192071
0.014544154810000001
0.014546385190000004
0.014548609320000003
0.01455082877
0.014553047040000003
0.01455525858
0.014557465619999996
0.014559668030000002
0.014561867389999998
0.014564062709999999
0.01456625254
0.014568439450000003
0.014570622959999996
0.01457280062
0.014574973889999999
0.0145771439
0.014579310669999998
0.014581471940000002
0.01458363097
0.014585783080000001
0.014587932060000005
0.014590077739999995
0.014592217560000002
0.014594354799999994
0.014596488249999998
0.014598616119999996
0.014600740949999998
0.01460286161
0.014604977500000005
0.014607091709999997
0.014609199409999997
0.014611304159999998
0.014613405130000002
0.01461550141
0.014617594219999999
0.014619683029999999
0.014621766839999996
0.01462384664
0.01462592293
0.01462799554
0.014630064569999999
0.014632128909999997
0.014634189580000002
0.014636247849999999
0.014638300800000002
0.014640349669999995
0.014642394679999999
0.014644437290000003
0.014646474640000002
0.014648508419999998
0.014650537580000003
0.014652564420000003
0.014654587020000004
0.01465660512
0.014658618339999999
0.014660628340000004
0.014662635019999998
0.014664639330000001
0.014666638729999997
0.014668635059999999
0.014670625780000002
0.014672614760000001
0.014674597719999998
0.01467657768
0.014678554479999996
0.014680528570000009
0.014682497439999997
0.014684464049999997
0.014686426360000003
0.014688384110000003
0.01469033818
0.014692290719999999
0.014694237070000003
0.014696180699999995
0.014698120809999998
0.01470005708
0.01470198989
0.014703918679999994
0.01470584188
0.014707762750000004
0.014709679199999999
0.014711593180000003
0.014713505619999998
0.01471541208
0.01471731492
0.01471921432
0.01472111032
0.01472300217
0.014724891769999996
0.014726777279999997
0.014728661829999998
0.01473053955
0.014732414010000002
0.014734285349999996
0.014736153299999997
0.01473801775
0.014739879420000004
0.014741736410000005
0.01474359147
0.01474544142
0.014747288400000003
0.01474913211
0.01475097138
0.0147528084
0.014754639460000003
0.0147564673
0.014758292429999997
0.014760114460000003
0.014761932950000006
0.014763746479999998
0.014765558750000001
0.014767367690000003
0.014769173160000005
0.014770976100000001
0.014772775380000002
0.014774571470000003
0.014776365810000004
0.01477815507
0.014779940259999999
0.014781721100000002
0.01478349867
0.014785272849999998
0.014787043899999998
0.014788813710000001
0.014790578
0.014792340049999998
0.014794099709999998
0.014795854629999999
0.014797607309999995
0.014799354689999995
0.01480109966
0.014802840339999996
0.01480458073
0.01480631677
0.014808050270000005
0.014809779259999998
0.014811504099999998
0.014813225710000003
0.01481494497
0.014816660479999997
0.014818371980000002
0.014820082000000002
0.014821789220000001
0.014823492269999999
0.014825193510000001
0.01482688991
0.014828585019999996
0.014830275239999998
0.014831962559999997
0.014833647310000002
0.014835330280000005
0.014837008189999995
0.014838684629999998
0.01484035535
0.014842024310000005
0.014843689669999998
0.014845352860000001
0.01484701113
0.014848668479999995
0.014850321750000006
0.014851971370000005
0.014853621799999996
0.014855266579999995
0.014856908229999997
0.014858545999999999
0.014860181650000002
0.014861815490000006
0.014863444179999996
0.01486506836
0.014866692250000004
0.014868311600000003
0.01486993048
0.01487154399
0.014873154610000001
0.014874762219999994
0.014876367510000004
0.014877969450000002
0.01487956704
0.014881163970000005
0.014882757
0.014884347450000002
0.014885933060000002
0.014887515699999998
0.014889097880000002
0.014890675200000003
0.014892249700000002
0.0148938203
0.014895390040000001
0.014896955479999996
0.014898519079999995
0.01490007993
0.014901638939999996
0.014903195119999999
0.014904747289999996
0.014906297309999999
0.014907843030000003
0.014909385919999995
0.014910928740000004
0.014912465590000002
0.014914000290000002
0.014915533569999999
0.014917061950000008
0.014918588730000005
0.014920111920000001
0.014921632180000003
0.014923150370000002
0.014924664139999997
0.014926176129999998
0.014927685049999995
0.01492919211
0.014930695370000002
0.014932195260000001
0.014933692899999997
0.014935188770000002
0.01493668079
0.014938171199999996
0.014939659269999999
0.014941144410000001
0.01494262594
0.014944105650000001
0.014945581420000003
0.014947054239999997
0.014948525430000002
0.01494999424
0.014951460219999999
0.014952924550000007
0.014954385820000004
0.01495584463
0.014957299099999998
0.014958751139999999
0.014960199160000003
0.014961647830000004
0.014963091739999998
0.014964533450000005
0.014965973239999996
0.014967410059999997
0.014968844069999997
0.014970274389999998
