0.09537331301999999
0.06222810535999998
0.05053074247999998
0.04179293345999999
0.03560674537999999
0.031383031
0.028482378419999996
0.026404441259999988
0.024831563340000008
0.023578377120000004
0.022537088260000008
0.021643161859999996
0.020856575600000003
0.020151711960000002
0.01951169644
0.018925116819999997
0.01838404464
0.01788280104
0.01741718806
0.016983989779999993
0.016580643460000002
0.01620502336
0.015855314200000005
0.015529900850000002
0.01522732649
0.014946253250000003
0.014685429569999993
0.014443680890000003
0.014219897570000006
0.014013029290000001
0.01382207472
0.013646080310000001
0.013484138990000004
0.013335382170000003
0.013198985089999997
0.013074160170000002
0.012960158610000003
0.012856266090000002
0.012761807759999999
0.012676140870000003
0.012598660349999999
0.01252879251
0.01246599657
0.012409763600000002
0.012359617800000002
0.012315108279999997
0.012275816680000003
0.012241348190000001
0.012211336699999999
0.012185437320000006
0.012163331179999999
0.01214471879
0.01212932077
0.012116881050000005
0.012107157279999997
0.012099927159999998
0.012094981619999999
0.01209212987
0.012091191860000001
0.012092004720000002
0.0120944155
0.012098281309999997
0.012103472369999996
0.012109871400000001
0.012117362899999994
0.012125849769999999
0.012135233420000002
0.012145432600000004
0.01215636455
0.01216795825
0.012180146079999999
0.012192867760000003
0.012206068840000002
0.012219696270000004
0.012233705120000007
0.012248051690000001
0.01226269659
0.012277606650000002
0.012292747529999998
0.012308090790000004
0.012323608889999999
0.012339277309999997
0.012355076619999999
0.012370983510000003
0.01238698146
0.012403052659999999
0.01241918331
0.012435357630000001
0.01245156509
0.012467792710000002
0.012484031739999997
0.012500272270000001
0.012516505449999998
0.01253272528
0.012548922399999997
0.012565091759999997
0.01258122921
0.01259732749
0.012613382559999999
0.012629390309999999
0.012645347659999997
0.012661250369999993
0.01267709534
0.012692879459999999
0.012708601919999998
0.012724260580000004
0.012739850789999998
0.012755372780000001
0.012770825950000004
0.01278620661
0.012801515239999997
0.012816750379999998
0.01283190969
0.012846995689999998
0.01286200376
0.012876936030000001
0.01289178989
0.012906568150000002
0.012921266779999996
0.012935886330000002
0.01295042886
0.01296489114
0.01297927743
0.012993583310000001
0.013007809339999996
0.013021957530000003
0.013036027430000006
0.013050018310000005
0.013063930320000004
0.013077763539999999
0.013091519729999999
0.013105197350000002
0.013118797180000004
0.013132319670000003
0.01314576394
0.013159133850000004
0.013172425089999995
0.013185640549999997
0.013198779310000002
0.013211843899999999
0.01322483184
0.01323774627
0.01325058485
0.013263350739999999
0.013276041409999996
0.01328865978
0.013301205239999997
0.013313677510000002
0.013326078029999995
0.013338406680000001
0.013350665180000004
0.013362850599999998
0.013374966250000002
0.01338701271
0.0133989885
0.013410895090000003
0.013422734160000003
0.013434503509999998
0.0134462056
0.01345783991
0.013469408559999998
0.013480908230000003
0.013492343330000003
0.013503712160000004
0.013515016589999995
0.0135262563
0.01353742961
0.013548539960000003
0.013559586289999995
0.013570569070000005
0.013581490489999999
0.013592348470000001
0.013603144889999998
0.013613879860000006
0.01362455446
0.013635167450000001
0.013645720509999992
0.01365621297
0.013666647780000001
0.01367702213
0.01368733835
0.013697596419999998
0.013707796290000003
0.01371793854
0.01372802267
0.013738052279999998
0.013748023619999999
0.013757940549999993
0.013767801999999997
0.013777607520000004
0.013787358669999996
0.01379705506
0.013806697589999996
0.013816287810000003
0.013825823059999999
0.013835306330000003
0.01384473673
0.013854114899999999
0.01386344174
0.013872716020000002
0.013881940410000002
0.013891111979999997
0.013900235639999998
0.013909307979999997
0.01391833064
0.013927304449999995
0.013936228709999993
0.013945103539999996
0.013953931859999992
0.01396271042
0.013971441549999995
0.013980125650000006
0.013988761960000005
0.013997351619999996
0.014005895140000002
0.01401439235
0.014022843479999998
0.014031248270000003
0.01403960831
0.014047924419999998
0.014056194509999995
0.014064420600000002
0.01407260278
0.014080740650000001
0.014088834780000002
0.014096886080000004
0.014104893810000001
0.014112860540000004
0.014120782919999996
0.014128665040000002
0.014136504400000003
0.014144302930000003
0.01415205917
0.014159775569999998
0.014167450209999998
0.014175083500000003
0.01418267868
0.014190231960000004
0.014197745689999996
0.014205220820000005
0.01421265639
0.014220053169999995
0.014227411359999999
0.01423473094
0.014242012019999998
0.01424925478
0.014256460239999998
0.014263627810000002
0.01427075872
0.014277851809999997
0.014284909229999997
0.014291928670000004
0.014298913859999998
0.014305862150000006
0.01431277382
0.014319650429999997
0.014326491680000003
0.01433329727
0.014340067409999997
0.014346803760000002
0.014353504
0.014360171089999992
0.014366804669999997
0.014373403950000004
0.014379969110000003
0.014386500429999997
0.014392997550000002
0.014399463190000001
0.014405896109999998
0.014412294400000001
0.014418661760000005
0.014424996329999997
0.014431298500000002
0.014437568810000002
0.0144438067
0.014450014010000003
0.014456189850000009
0.01446233474
0.014468448919999996
0.014474532489999995
0.014480585379999996
0.01448660566
0.014492596229999998
0.014498556959999995
0.01450448929
0.014510390369999997
0.014516262280000004
0.014522105260000003
0.014527918519999993
0.014533701880000001
0.014539457600000001
0.01454518298
0.014550882389999999
0.014556551879999999
0.014562193449999998
0.014567806519999995
0.014573390829999998
0.01457894773
0.014584477049999997
0.014589979310000003
0.0145954533
0.01460090119
0.01460632331
0.014611717330000003
0.014617083479999998
0.014622424169999999
0.014627738889999999
0.01463302714
0.014638288340000001
0.014643523779999999
0.014648733419999999
0.014653917190000003
0.014659074600000004
0.014664208989999997
0.014669316110000002
0.014674400150000004
0.014679456980000003
0.014684490810000004
0.014689498500000002
0.01469448225
0.014699441669999995
0.014704376630000002
0.014709287750000001
0.014714174669999998
0.01471903685000001
0.014723873759999997
0.014728689449999999
0.0147334812
0.014738248070000001
0.014742992480000001
0.014747715699999999
0.014752412240000002
0.014757088289999996
0.014761740720000001
0.014766370899999999
0.01477097836999999
0.014775562850000003
0.014780125169999997
0.014784664169999994
0.014789183760000007
0.014793679879999999
0.014798154049999998
0.014802606660000002
0.014807037329999996
0.014811446570000003
0.014815835659999993
0.01482020251
0.01482454769
0.014828872119999996
0.014833173610000002
0.014837458059999998
0.01484171868
0.014845960339999999
0.014850182500000005
0.014854381900000001
0.014858562100000002
0.014862720579999999
0.014866860819999996
0.014870979239999997
0.014875079199999999
0.01487915914
0.01488321802
0.014887260149999996
0.01489127965
0.014895281610000002
0.014899263989999998
0.014903226790000002
0.01490717111
0.014911095779999996
0.014915001529999998
0.014918887910000005
0.014922756479999999
0.0149266058
0.014930437179999994
0.014934250360000007
0.014938046
0.01494182197
0.014945580989999995
0.014949320869999998
0.01495304285
0.014956747670000001
0.014960435219999997
0.014964103840000003
0.014967755940000002
0.014971388789999998
0.014975006610000001
0.01497860745
0.01498218827
0.014985752810000004
0.014989301739999999
0.014992832170000008
0.014996347799999999
0.014999844119999996
0.015003326019999996
0.015006791250000002
0.01501023942
0.015013670109999998
0.015017085330000004
0.015020485699999999
0.015023867
0.015027235440000002
0.01503058625
0.015033920189999994
0.015037238910000002
0.015040541790000004
0.015043829539999993
0.01504710025
0.015050357589999999
0.015053597890000003
0.015056823600000005
0.015060033639999996
0.01506322959
0.015066409329999999
0.015069574339999994
0.015072723889999997
0.015075859419999995
0.015078980199999998
0.015082085409999996
0.015085177389999998
0.015088253689999997
0.015091314860000007
0.015094363950000002
0.015097398080000001
0.015100417330000003
0.015103422239999999
0.015106413329999995
0.015109390030000008
0.015112352060000002
0.015115301840000005
0.0151182369
0.015121158979999995
0.015124066250000004
0.01512696
0.015129841229999996
0.015132709179999997
0.01513556305
0.015138404089999996
0.015141230669999997
0.015144044819999997
0.01514684543
0.015149633860000003
0.01515240877
0.015155170710000006
0.015157921300000005
0.01516065814
0.015163381159999998
0.015166091800000002
0.015168791269999999
0.015171476979999998
0.015174151279999997
0.015176812910000002
0.015179461610000005
0.015182097880000002
0.015184722199999995
0.015187335389999996
0.015189935590000007
0.015192524930000001
0.015195101390000004
0.015197666370000003
0.01520021957
0.015202760799999998
0.015205291820000001
0.01520780957
0.015210316519999998
0.015212811929999999
0.015215296399999998
0.015217769310000007
0.015220229849999998
0.01522268051
0.01522511935
0.015227547219999995
0.01522996439
0.015232370420000006
0.015234764230000001
0.015237146919999995
0.015239520790000002
0.015241882910000004
0.015244233490000004
0.01524657442
0.015248905310000003
0.015251225290000002
0.015253533769999994
0.01525583323
0.015258122619999996
0.015260400880000002
0.015262670439999999
0.01526492798
0.01526717627
0.015269415100000003
0.015271643029999997
0.015273860509999999
0.015276068750000007
0.01527826564
0.015280453750000002
0.015282632570000001
0.0152848018
0.015286960180000001
0.01528910947
0.01529125069
0.015293382270000006
0.015295503509999997
0.015297615889999994
0.015299718220000003
0.015301810380000001
0.015303894529999997
0.015305969220000003
0.015308035939999997
0.015310092269999999
0.015312140989999995
0.015314179659999998
0.015316210109999997
0.015318230369999998
0.015320243019999999
0.015322246329999997
0.015324240969999996
0.015326227690000001
0.01532820598
0.015330174749999998
0.015332135330000001
0.015334086600000008
0.015336031109999999
0.015337966369999997
0.015339893870000001
0.01534181234
0.015343722590000003
0.015345625160000004
0.015347519620000003
0.015349406100000004
0.015351283309999998
0.015353153849999999
0.01535501543
0.015356869090000003
0.015358715379999999
0.01536055399
0.01536238499
0.015364208520000004
0.015366024199999996
0.015367831410000001
0.015369632070000003
0.015371425140000007
0.015373211620000002
0.015374989069999997
0.015376759910000004
0.015378522830000003
0.015380279259999997
0.015382027200000004
0.015383766509999997
0.01538550121
0.01538722799
0.015388949690000004
0.0153906615
0.015392367010000005
0.015394065120000001
0.01539575603
0.015397442920000002
0.015399120779999996
0.0154007912
0.015402453980000003
0.015404111819999997
0.015405761989999997
0.015407406260000001
0.015409044379999993
0.015410675300000008
0.015412299489999996
0.015413916890000004
0.015415528840000001
0.015417134479999999
0.01541873249999999
0.01542032593
0.015421911330000003
0.015423491430000002
0.015425066190000003
0.01542663303
0.015428194689999999
0.015429748750000003
0.015431296309999995
0.015432838390000002
0.015434375349999998
0.015435905680000004
0.015437431690000003
0.01543894918
0.015440463220000002
0.015441970170000003
0.015443471740000003
0.01544496827
0.015446456150000001
0.015447942350000004
0.015449420319999992
0.015450893850000003
0.01545235972
0.015453821379999993
0.015455276859999999
0.015456729420000004
0.01545817459
0.015459614389999996
0.015461048500000005
0.015462478509999999
0.01546390234
0.015465319850000001
0.015466733380000007
0.015468142380000001
0.015469544750000001
0.015470942239999997
0.015472333650000003
0.015473721319999996
0.01547510452
0.015476482250000001
0.015477855539999998
0.015479223059999998
0.01548058541
0.01548194398
0.01548329654
0.015484645110000004
0.015485988179999997
0.015487326960000002
0.015488661980000006
0.015489990790000002
0.015491315209999993
0.015492635410000002
0.015493950780000001
0.015495260979999996
0.015496567200000004
0.015497869550000001
0.015499166520000001
0.01550046075
0.01550174763
0.015503029970000002
0.01550431014
0.015505586980000001
0.015506856420000001
0.01550812329
0.015509385770000002
0.015510645079999996
0.01551189822
0.01551314874
0.015514393350000003
0.01551563389
0.015516871490000004
0.015518104609999993
0.015519334270000004
0.015520558519999998
0.015521778630000004
0.015522997290000002
0.015524210029999996
0.015525419600000003
0.015526625920000004
0.01552782701
0.015529025800000002
0.015530219779999998
0.015531411790000003
0.01553259921
0.015533781629999997
0.015534961180000003
0.015536136129999996
0.01553730919
0.015538478319999998
0.015539643100000002
0.015540804069999995
0.015541962900000005
0.015543116720000002
0.015544267709999997
0.01554541575
0.01554655935
0.01554770095
0.015548837349999995
0.015549971619999998
0.015551102859999999
0.01555223094
0.015553356490000003
0.015554476730000003
0.015555594430000003
0.015556709509999999
0.015557822219999995
0.015558931379999998
0.015560036530000003
0.01556113974
0.01556223873
0.015563333289999998
0.015564427070000003
0.015565518100000002
0.015566605360000003
0.01556768825
0.015568769740000002
0.015569847539999999
0.015570923700000001
0.015571996380000003
0.015573065559999995
0.015574131639999999
0.01557519596
0.015576256649999998
0.015577315310000008
0.015578369749999998
0.015579422520000006
0.015580474599999998
0.015581522120000002
0.015582567329999995
0.015583610559999999
0.01558464948
0.015585686839999996
0.01558672298
0.015587754500000002
0.015588783819999999
0.015589811470000001
0.01559083529
0.015591858890000001
0.01559287889
0.01559389641
0.01559491145
0.015595922049999997
0.015596931889999999
0.015597940560000002
0.015598946009999998
0.01559995039
0.01560095065
0.015601949409999996
0.015602945589999999
0.01560393878
0.015604931399999999
0.015605920190000004
0.015606907129999998
0.01560789254
0.015608874570000004
0.01560985748
0.015610835759999997
0.015611813489999998
0.015612788649999997
0.015613759949999998
0.015614731149999995
0.015615701009999993
0.01561666799
0.015617632960000002
0.015618593809999996
0.015619555830000005
0.0156205159
0.015621473380000002
0.015622427749999999
0.015623381740000006
0.015624332949999997
0.0156252839
0.015626230279999997
0.015627176460000003
0.015628121270000003
0.015629062639999997
0.015630004450000002
0.01563094341
0.01563188046
0.015632816130000005
0.01563375151
0.015634684070000005
0.01563561292
0.015636542400000005
0.015637470179999998
0.015638394660000002
0.01563932002
0.01564024253
0.015641164749999995
0.01564208495
0.015643002700000005
0.015643919239999998
0.015644834399999995
0.01564574832
0.01564665953
0.015647569050000004
0.01564847866
0.015649386149999996
0.015650292150000005
0.01565119814
0.01565210054
0.015653001360000005
0.015653902089999994
0.015654801209999996
0.01565569898
0.01565659436
0.015657488240000003
0.015658384149999992
0.01565927792
0.015660169010000006
0.015661059110000004
0.0156619485
0.015662837710000002
0.01566372267
0.015664609130000003
0.015665492919999996
0.015666376329999995
0.015667258579999996
0.01566813946
0.015669018139999998
0.01566989731
0.015670774620000005
0.015671651260000002
0.015672526179999997
0.015673400080000007
0.01567427294
0.01567514501
0.015676016969999998
0.015676885640000002
0.015677754639999996
0.01567862244
0.015679489470000002
0.01568035578
0.015681221159999998
0.01568208572
0.015682947509999996
0.015683809860000005
0.01568467173
0.015685532180000003
0.015686391489999996
0.015687251819999998
0.015688107920000003
0.015688964639999997
0.01568981969
0.015690674869999994
0.015691528959999992
0.015692382589999995
0.015693235379999997
0.015694086839999996
0.015694936
0.015695787439999997
0.01569663832
0.01569748729
0.015698336350000005
0.015699183329999998
0.01570003047
0.015700876580000002
0.015701721199999998
0.01570256453
0.015703406500000003
0.015704249910000002
0.015705092020000005
0.01570593372
0.01570677624
0.01570761636
0.01570845455
0.01570929486
0.015710132980000003
0.015710971099999995
0.01571180756
0.01571264525
0.01571348056
0.015714314500000003
0.01571515117
0.015715985710000005
0.0157168201
0.01571765407000001
0.01571848674
0.015719320099999993
0.015720150010000003
0.015720982089999995
0.015721813389999995
0.015722643729999996
0.015723474829999997
0.015724302759999996
0.015725132870000002
0.015725962020000005
0.015726788310000003
0.015727616320000002
0.015728443039999998
0.015729270299999994
0.015730095649999994
0.01573092176
0.01573174668
0.01573257157
0.015733395509999998
0.015734220110000002
0.015735043920000004
0.01573586849
0.015736692820000002
0.01573751632
0.015738339300000005
0.015739159920000002
0.01573998316
0.015740804520000002
0.01574162615
0.015742446980000005
0.015743266480000004
0.015744087709999997
0.0157449081
0.01574572712
0.015746546560000005
0.01574736631
0.01574818485
0.015749002619999997
0.015749820739999996
0.015750640419999996
0.015751456279999992
0.015752274300000008
0.015753091410000003
0.015753910199999995
0.015754728440000004
0.015755544589999997
0.015756362959999996
0.01575717972
0.015757997620000002
0.015758813790000003
0.015759630559999998
0.015760445610000007
0.01576126112
0.01576207532
0.015762892619999996
0.015763708059999996
0.01576452217
0.015765337060000002
0.015766153019999996
0.01576696868
0.015767783710000004
0.015768599430000002
0.015769414210000002
0.015770229230000002
0.015771044459999998
0.015771858620000002
0.015772674160000007
0.015773490150000003
0.015774304570000005
0.015775121179999997
0.015775934689999997
0.01577674892
0.01577756431
0.015778377440000005
0.015779192240000003
0.015780007130000006
0.015780823099999997
0.015781635889999993
0.015782451259999993
0.015783265010000002
0.015784078969999997
0.01578489286
0.015785708000000006
0.01578652318
0.01578733796
0.01578815378
0.01578896787
0.015789783870000004
0.0157905989
0.015791415530000005
0.015792230680000005
0.015793047399999996
0.015793862939999993
0.01579467894
0.01579549639
0.015796312210000003
0.015797128170000004
0.015797943689999996
0.01579876106
0.015799577879999995
0.01580039456
0.015801212229999997
0.015802028700000005
0.01580284689
0.01580366411
0.015804482199999997
0.0158053004
0.015806118270000002
0.01580693706
0.01580775826
0.015808575860000004
0.01580939487
0.01581021423
0.015811033620000005
0.01581185298
0.015812673169999996
0.015813492
0.015814311949999996
0.01581513163
0.015815952730000003
0.01581677326
0.015817593690000006
0.015818416600000003
0.015819238739999998
0.015820060719999994
0.01582088337
0.015821706360000007
0.01582252908
0.01582335142
0.01582417472
0.015824998610000002
0.01582582283
0.01582664708
0.01582747214
0.01582829764
0.015829124200000003
0.015829949290000003
0.01583077534
0.015831601369999997
0.015832428799999996
0.015833255999999997
0.015834083069999998
0.015834910879999997
0.015835738710000002
0.015836567839999996
0.015837397040000003
0.01583822625999999
0.015839056929999998
0.015839888290000003
0.015840718139999998
0.015841548299999998
0.015842377969999995
0.01584321081
0.015844044530000004
0.015844877029999996
0.015845710469999993
0.01584654418
