0.10192840296
0.05064858464
0.03540558046000001
0.02854127886
0.025102209919999997
0.022969231939999998
0.021410874119999996
0.020155595900000003
0.01909070525
0.01816425484
0.0173497192
0.0166317972
0.01600009506
0.01544627147
0.014962870610000003
0.014542939179999997
0.014179945389999999
0.013867788090000001
0.01360083146
0.013373906720000002
0.01318230904
0.013021772669999994
0.012888459170000002
0.012778920170000001
0.012690082989999997
0.012619219909999996
0.01256391677
0.01252204071
0.012491714239999998
0.012471285749999998
0.012459306009999997
0.012454506270000004
0.012455783969999999
0.012462185180000003
0.01247288369
0.012487172719999997
0.012504448270000003
0.012524196120000004
0.012545978999999999
0.01256942906
0.012594232170000002
0.01262012635
0.01264688968
0.012674335969999997
0.012702309210000002
0.01273067704
0.012759329179999996
0.012788172419999999
0.012817127829999997
0.01284613158
0.012875126330000002
0.012904067760000002
0.012932916660000002
0.012961639039999997
0.012990209819999996
0.013018602730000004
0.013046802089999998
0.013074788930000004
0.013102552160000001
0.013130078949999995
0.01315736041
0.013184391969999995
0.013211163319999997
0.013237672300000003
0.013263915369999997
0.013289888770000004
0.013315589890000002
0.013341019479999999
0.013366175170000003
0.013391057020000001
0.013415665509999999
0.01344000126
0.013464065029999996
0.01348785846
0.01351138298
0.013534638439999995
0.013557628640000003
0.013580356050000004
0.013602820859999996
0.01362502766
0.0136469775
0.013668673809999999
0.01369011737
0.013711312700000002
0.013732261619999998
0.013752967170000002
0.013773431979999999
0.013793659100000005
0.013813651430000008
0.013833410490000005
0.01385294126
0.013872245749999998
0.01389132592
0.013910185120000003
0.01392882677
0.013947252929999997
0.013965466690000001
0.013983470079999998
0.014001267540000006
0.014018859969999999
0.014036251130000003
0.014053443580000002
0.01407043881
0.01408724135
0.014103852610000002
0.01412027575
0.014136510790000006
0.014152563399999998
0.014168435159999998
0.014184129
0.014199644760000001
0.01421498771
0.014230155530000003
0.014245155889999996
0.014259989290000002
0.014274656890000001
0.014289161849999999
0.014303506209999999
0.01431769015
0.01433171865
0.014345592310000002
0.014359312739999993
0.014372882749999998
0.01438630521
0.014399579110000003
0.014412707339999997
0.014425695140000003
0.014438538540000004
0.014451244010000005
0.014463811870000001
0.014476242230000007
0.014488539870000006
0.014500702990000003
0.014512735939999999
0.014524639879999999
0.014536415980000003
0.014548065300000001
0.01455959148
0.014570993539999999
0.014582272490000003
0.014593432550000002
0.014604474829999992
0.014615399050000002
0.014626208940000003
0.01463690328
0.014647485560000006
0.014657955809999998
0.014668315910000005
0.01467856784
0.014688710640000002
0.014698748639999999
0.014708680109999997
0.014718508219999999
0.014728234270000003
0.014737859419999997
0.01474738329
0.014756809289999999
0.01476613838
0.01477536881
0.01478450585
0.014793548499999998
0.014802495790000005
0.014811352969999995
0.01482011738
0.014828793969999999
0.014837380870000002
0.0148458813
0.014854292770000001
0.014862619450000003
0.01487086259
0.014879019599999998
0.014887094819999995
0.014895087760000002
0.01490299961
0.01491083291
0.01491858627
0.01492626152
0.014933859759999996
0.014941381459999997
0.01494882953
0.014956199209999998
0.014963496669999998
0.014970722509999996
0.014977875759999999
0.01498495777
0.014991969059999999
0.01499890934
0.015005782760000001
0.015012587160000004
0.015019325559999998
0.015025995630000004
0.015032600250000007
0.015039140179999995
0.015045616109999998
0.015052028779999999
0.015058377090000002
0.015064664449999996
0.015070890079999996
0.015077053450000004
0.015083158620000002
0.015089203080000002
0.015095190019999993
0.015101117709999995
0.015106988930000002
0.015112802310000001
0.015118560420000003
0.015124263890000005
0.01512991096
0.015135505419999999
0.01514104469
0.015146530259999996
0.015151964459999999
0.01515734605
0.015162676990000002
0.01516795623
0.015173185489999996
0.0151783662
0.015183497609999996
0.015188580349999998
0.015193614299999996
0.015198601089999996
0.01520354123
0.01520843623
0.01521328238
0.015218085719999998
0.015222844069999995
0.015227557610000005
0.0152322268
0.0152368536
0.015241437739999995
0.015245978129999999
0.015250477990000004
0.015254935590000003
0.01525935244
0.015263728150000003
0.015268063589999999
0.015272361769999998
0.015276619749999998
0.015280838539999998
0.015285017619999997
0.01528916214
0.015293267999999997
0.015297335640000005
0.01530136816
0.015305363990000004
0.015309324440000003
0.01531324915
0.01531713887
0.015320995629999995
0.01532481746
0.015328605399999997
0.015332359229999997
0.015336081649999994
0.015339771270000002
0.015343428290000002
0.015347053439999998
0.015350648210000001
0.015354210490000002
0.015357742420000002
0.015361244669999998
0.015364716529999997
0.015368159329999999
0.015371573749999999
0.015374957829999997
0.01537831456
0.015381643150000002
0.015384942669999999
0.015388215449999998
0.015391460730000004
0.015394679449999997
0.015397871920000005
0.01540103788
0.015404177450000002
0.015407293000000004
0.015410381399999997
0.015413446319999994
0.015416485729999993
0.015419501310000002
0.01542249198
0.015425460989999999
0.015428404829999997
0.015431325630000006
0.01543422432
0.01543709929
0.015439952619999992
0.015442782949999996
0.015445592399999996
0.015448380690000003
0.015451148879999996
0.015453894339999998
0.015456619589999991
0.015459323890000003
0.015462009810000003
0.015464674899999998
0.015467320049999997
0.015469946089999999
0.015472552649999997
0.015475140700000008
0.015477708959999994
0.015480260029999996
0.015482792449999996
0.015485307209999999
0.015487804580000002
0.015490284390000003
0.015492746600000001
0.015495192540000001
0.01549762007
0.015500031819999996
0.015502427479999999
0.01550480628
0.015507171310000002
0.015509518270000007
0.015511851310000001
0.015514168269999996
0.015516469940000001
0.015518758099999998
0.015521029589999999
0.015523288239999999
0.01552553227
0.015527760880000002
0.015529978310000001
0.015532180859999998
0.015534370169999995
0.015536544170000005
0.015538705889999995
0.015540856459999997
0.015542992779999997
0.01554511704
0.015547229119999999
0.015549328310000004
0.015551416129999997
0.015553491430000002
0.015555555109999994
0.015557607960000002
0.015559648880000006
0.015561678519999997
0.015563698179999998
0.015565705469999995
0.015567702329999999
0.015569689250000001
0.015571665209999997
0.015573632579999998
0.015575589429999996
0.015577535649999998
0.015579471719999998
0.015581398460000001
0.015583315209999999
0.015585223180000005
0.01558712237
0.015589011009999997
0.015590891660000002
0.015592763729999999
0.015594625630000003
0.01559648156
0.015598326949999996
0.015600163699999996
0.01560199429
0.015603815979999998
0.015605630459999999
0.015607437259999997
0.015609235949999998
0.015611026330000005
0.015612810809999997
0.01561458753
0.015616356879999998
0.015618119509999999
0.015619875289999998
0.0156216254
0.015623367409999998
0.015625103099999996
0.01562683275
0.01562855700999999
0.015630273759999997
0.015631986539999997
0.01563369009
0.01563538977
0.015637083599999997
0.015638771370000006
0.01564045451
0.01564213247
0.01564380409
0.015645470659999997
0.015647133820000002
0.015648789809999997
0.015650441100000006
0.015652087719999996
0.015653731050000005
0.015655369620000005
0.015657002649999998
0.015658630789999996
0.01566025679
0.015661876579999998
0.015663493219999998
0.015665107259999998
0.01566671456
0.015668319650000002
0.015669920520000002
0.015671517979999997
0.015673111549999997
0.015674702470000003
0.015676289339999996
0.01567787219
0.01567945265
0.015681031460000005
0.015682606159999998
0.015684177189999992
0.015685745650000003
0.015687310399999998
0.01568887433
0.015690434050000004
0.01569199116
0.015693547210000002
0.01569509874
0.015696649669999996
0.015698197980000005
0.015699744119999998
0.015701287550000005
0.015702829289999994
0.01570437082
0.015705908639999995
0.015707445110000003
0.015708980650000003
0.015710511979999998
0.015712043939999996
0.015713573520000003
0.015715102430000003
0.01571662934
0.01571815467
0.01571967758
0.015721201639999998
0.015722723799999994
0.01572424478
0.015725764950000002
0.01572728536
0.015728803509999997
0.015730321090000002
0.015731837439999993
0.0157333542
0.01573486885
0.01573638482
0.015737898969999994
0.01573941388
0.01574092673
0.015742440419999996
0.01574395367
0.015745466750000003
0.01574697924
0.01574849264
0.01575000587
0.015751518200000002
0.015753030709999997
0.01575454359
0.01575605834
0.015757571130000005
0.015759084000000003
0.015760598839999994
0.01576211385
0.01576362891
0.015765144369999998
0.015766660460000005
0.015768177050000002
0.0157696949
0.015771211519999998
0.01577273107
0.01577425087
0.01577577334
0.01577729362
0.0157788174
0.01578033945
0.01578186514
0.015783391619999997
0.015784918230000004
0.015786446819999994
0.015787975659999995
0.015789506240000004
0.015791038010000005
0.015792571709999995
0.015794107449999994
0.015795644220000005
0.015797181460000004
0.015798719850000004
0.015800260939999998
0.015801802870000003
0.01580334648
0.01580489223
0.015806440059999996
0.015807989980000006
0.01580954142
0.015811095370000004
0.015812650129999998
0.01581420689
0.015815764779999998
0.01581732533
0.015818886300000005
0.01582045154
0.015822019619999995
0.015823587719999997
0.015825160369999994
0.015826732750000003
0.01582830792
0.015829885809999996
0.015831465420000003
0.015833047939999997
0.01583463256
0.015836219469999996
0.01583780974
0.01583940153
0.015840995439999995
0.015842592349999997
0.0158441926
0.01584579422
0.01584739889
0.01584900618
0.015850616300000002
0.015852229080000002
0.01585384454
0.01585546257
0.01585708335
0.01585870663
0.015860334069999996
0.01586196293
0.015863595059999992
0.015865228319999997
0.015866865779999996
0.01586850696
0.01587014925
0.01587179621
0.015873443920000004
0.01587509471
0.01587674985
0.015878408870000003
0.015880069629999997
0.015881733839999995
0.01588340094
0.01588507148
0.015886746939999995
0.015888423209999992
0.0158901025
0.015891787100000002
0.015893472659999998
0.01589516327
0.015896855610000003
0.015898552719999997
0.015900251540000004
0.015901953610000002
0.015903659770000002
0.01590536908
0.01590708184
0.015908796960000002
0.015910515729999998
0.015912238120000005
0.015913964
0.01591569316
0.015917425480000004
0.015919161020000006
0.015920900190000004
0.015922643290000003
0.015924389630000004
0.015926138880000003
0.015927891359999998
0.015929647170000002
0.015931407260000002
0.01593317233
0.015934937439999994
0.015936707709999998
0.015938482559999995
0.01594025813
0.01594203859
0.01594382456
0.0159456117
0.015947403279999998
0.01594919893
0.01595099746
0.015952797659999997
0.015954603669999998
0.01595641335
0.01595822514
0.01596004258
0.015961861480000002
0.015963685519999996
0.015965511239999997
0.01596734259
0.01596917572
0.01597101565
0.015972855940000003
0.015974700130000002
0.015976549310000004
0.015978400099999998
0.015980255540000002
0.015982115550000002
0.01598397802
0.015985845039999995
0.015987715019999998
0.01598958946
0.01599146757
0.015993348229999996
0.01599523319
0.01599712176
0.01599901404
0.01600091165000001
0.01600281
0.01600471314
0.016006620920000002
0.016008530769999998
0.016010444710000005
0.01601236213
0.01601428304
0.016016207440000006
0.01601813581
0.01602006813
0.01602200439
0.016023943080000005
0.01602588441
0.01602783172
0.016029781919999996
0.016031736320000003
0.01603369211
0.0160356523
0.016037616860000003
0.016039584869999998
0.016041557410000004
0.016043532569999998
0.01604551135
0.01604749329
0.01604947949
0.016051469999999995
0.01605346352
0.01605545925
0.016057459439999998
0.016059463410000002
0.01606147188
0.016063483360000002
0.016065497700000004
0.016067513739999994
0.016069536279999998
0.016071561260000002
0.016073590329999995
0.01607562414
0.016077659929999995
0.016079699849999997
0.01608174284
0.01608378895
0.01608584042
0.016087891960000003
0.01608995001
0.016092011449999995
0.01609407517
0.01609614076
0.0160982107
0.01610028571
0.016102363199999997
0.016104444630000003
0.016106528599999996
0.016108617909999998
0.01611070844
0.016112803720000003
0.016114900959999998
0.016117003150000003
0.016119108200000003
0.016121216629999997
0.01612332921
0.016125443620000002
0.01612756126
0.016129682979999994
0.0161318082
0.0161339366
0.016136068330000003
0.016138203299999997
0.016140341909999998
0.01614248301
0.016144625709999996
0.01614677468
0.016148925959999998
0.016151081910000004
0.016153238920000004
0.016155400589999994
0.01615756386
0.01615973106
0.01616190149
0.01616407464
0.01616625224
0.01616843224
0.016170616450000005
0.01617280222
0.016174991359999998
0.01617718456
0.016179381140000004
0.016181579820000003
0.01618378036
0.01618598603
0.016188193889999997
0.01619040596
0.016192620520000003
0.016194838089999993
0.01619705678
0.016199281339999996
0.016201508649999998
0.01620373857
0.016205971640000004
0.01620820622
0.01621044684
0.016212689379999992
0.01621493307
0.016217181510000005
0.016219430800000004
0.016221685899999994
0.0162239417
0.016226201440000004
0.01622846318
0.016230727009999998
0.016232995920000003
0.01623526589
0.01623753962
0.01623981713
0.016242097120000003
0.016244379099999994
0.016246664550000005
0.01624895372
0.01625124503
0.016253536730000004
0.0162558342
0.01625813391
0.016260435860000002
0.016262741980000002
0.016265050079999996
0.016267359260000006
0.016269672520000004
0.016271989659999996
0.01627430715
0.016276627959999998
0.01627895302
0.016281277999999996
0.01628360782
0.016285939340000003
0.016288273359999998
0.016290609409999997
0.016292949659999997
0.016295292540000002
0.016297636739999996
0.01629998422
0.016302335089999998
0.016304687840000002
0.016307043559999998
0.01630940014
0.01631176148
0.016314123509999997
0.01631648903
0.016318856010000004
0.016321225119999994
0.016323598700000004
0.016325974010000008
0.016328352519999995
0.01633073348
0.01633311583
0.01633550148
0.016337888239999997
0.016340278849999997
0.016342671999999996
0.01634506601
0.01634746384
0.016349864199999998
0.016352266139999995
0.016354668759999996
0.01635707497
0.016359484740000006
0.016361896220000005
0.0163643085
0.016366725850000007
0.016369144070000004
0.01637156294
0.0163739867
0.016376411429999994
0.016378839360000005
0.01638126943
0.0163837005
0.016386133820000003
0.016388568879999996
0.01639100758
0.016393448539999994
0.016395891580000002
0.016398337120000005
0.01640078308
0.016403232759999997
0.016405683760000005
0.016408136660000003
0.016410592150000004
0.016413051059999996
0.016415510819999996
0.0164179732
0.016420436979999994
0.016422902490000005
0.016425371739999993
0.01642784117
0.01643031372
0.016432787999999993
0.01643526534
0.01643774392
0.016440224160000003
0.01644270666
0.016445189580000005
0.016447675820000004
0.0164501639
0.0164526544
0.016455146120000003
0.01645763983
0.016460136759999994
0.016462633919999997
0.01646513586
0.016467637219999998
0.016470141599999998
0.016472646200000003
0.016475155919999998
0.016477665679999996
0.01648017796
0.016482691360000003
0.016485205840000003
0.016487724290000005
0.016490244029999997
0.016492764179999998
0.016495286739999997
0.01649781058
0.016500337020000002
0.016502866859999996
0.0165053959
0.016507928029999997
0.016510460620000004
0.01651299632
0.01651553359
0.01651807396
0.016520613400000005
0.016523155799999995
0.016525700860000003
0.01652824686
0.016530794249999994
0.016533341559999998
0.016535892940000005
0.016538444459999996
0.01654099902
0.016543554860000004
0.01654611172
0.0165486707
0.016551230719999997
0.01655379352
0.01655635794
0.01655892357
0.01656149074
0.0165640614
0.016566631860000004
0.016569202520000006
0.016571776419999996
0.016574353439999998
0.01657692964
0.016579508139999997
0.01658208898
0.01658467147
0.016587253320000002
0.016589838000000003
0.016592424230000003
0.016595011549999997
0.01659760092
0.016600191599999994
0.016602784120000005
0.01660537714000001
0.01660797298
0.016610571120000004
0.016613169599999998
0.01661576908
0.016618371479999998
0.016620973599999995
0.016623577610000006
0.016626184389999996
0.01662879108
0.016631400999999997
0.01663400898
0.016636620799999995
0.01663923306
0.01664184876
0.01664446425
0.016647081080000004
0.016649699940000002
0.016652319359999997
0.0166549404
0.016657563139999998
0.016660187120000003
0.016662812750000002
0.016665439459999997
0.01666806626
0.01667069662
0.01667332696
0.01667595856
0.016678590959999996
0.016681224779999997
0.01668386084
0.01668649667
0.01668913436
0.016691773099999994
0.016694413859999993
0.016697055080000002
0.01669969744
0.01670234228
0.0167049878
0.016707634039999995
0.016710281499999997
0.01671293036
0.0167155804
0.01671823159
0.01672088384
0.016723536660000003
0.016726192440000003
0.016728846879999995
0.016731504330000004
0.016734160560000003
0.01673681992
0.01673948
0.016742141209999995
0.016744803020000004
0.01674746657
0.01675013044
0.01675279416
0.01675546224
0.016758128579999997
0.016760797860000006
0.01676346768
0.016766138890000004
0.01676880918
0.01677148224
0.01677415449
0.016776828480000002
0.01677950328
0.016782180200000003
0.016784857819999995
0.016787534899999998
0.016790213980000003
0.01679289356
0.01679557428
0.016798254979999993
0.016800938480000006
0.0168036227
0.016806305760000004
0.016808990779999998
0.016811678
0.01681436348
0.01681704989
0.016819736880000002
0.016822427299999998
0.01682511718
0.016827809060000004
0.016830499600000007
0.016833192980000005
0.016835887120000007
0.016838580299999996
0.016841275579999995
0.016843971179999997
0.016846667519999997
0.016849362620000006
0.016852061480000003
0.01685475823
0.016857456940000005
0.016860156209999998
0.016862855539999996
0.016865555839999997
0.016868256900000003
0.016870958649999997
0.01687365968
0.016876362699999998
0.01687906746
0.01688176928
0.016884474780000002
0.01688717816
0.016889883059999996
0.016892589340000003
0.01689529669
0.016898004060000003
0.01690071106
0.01690341929
0.01690612762
0.016908835359999996
0.0169115444
0.016914253779999996
0.016916963559999994
0.016919673119999996
0.016922384390000003
0.016925096539999997
0.016927807450000002
0.01693052066
0.01693323229
0.01693594516
0.016938657860000005
0.016941372209999996
0.01694408566
0.01694679931
0.016949514359999994
0.016952229199999995
0.01695494396
0.01695765968
0.016960375
0.01696309016
0.016965806329999996
0.016968522
0.016971239719999996
0.01697395598
