0.08607448364000002
0.07883563918000001
0.0749732474
0.07243778744
0.07034010543999997
0.06836859746000001
0.06641957636000001
0.06446464014000003
0.06250447948000001
0.06055081991999999
0.05861865769999999
0.05672258868000001
0.0548755927
0.053090437060000016
0.05138017065999999
0.04975276
0.048205528520000006
0.04672810868
0.04530972149999998
0.0439453071
0.04263817908
0.04139686784000001
0.0402286201
0.039136338900000005
0.038119428600000005
0.03717539480000001
0.03630089441999999
0.03549208136
0.034744518159999994
0.03405318061999999
0.03341281226000001
0.032818341300000005
0.03226517171999999
0.031749234760000015
0.031266920860000005
0.030815016399999996
0.030390628319999998
0.029991171039999993
0.029614313640000004
0.029257912040000004
0.02891996304
0.02859859312
0.02829203226
0.027998636679999994
0.02771688056
0.02744537254000001
0.027182850359999997
0.026928180919999996
0.026680377180000003
0.026438628859999994
0.0262023341
0.02597112462000001
0.025744863829999996
0.025523601120000003
0.0253074616
0.02509655599
0.024890868519999988
0.02469022291
0.02449426641000001
0.024302475980000002
0.024114191329999993
0.023928613879999994
0.02374484795
0.023561948079999995
0.023379014260000008
0.023195402400000006
0.02301095438
0.022826226779999997
0.02264238736
0.02246078352
0.02228238983
0.022107499340000003
0.021935893409999997
0.021767271759999995
0.021601691989999994
0.021439768139999996
0.02128251172
0.021130887980000002
0.020985466499999994
0.02084630956000001
0.020713099829999995
0.020585301109999996
0.02046229435
0.02034347036
0.020228237950000002
0.020116039630000002
0.020006341879999997
0.019898623999999997
0.019792365269999997
0.019687023620000004
0.019582069049999998
0.019476984370000002
0.019371367079999997
0.019265029729999997
0.019158185350000002
0.01905157229
0.018946423619999996
0.01884418277
0.01874606561
0.01865275026
0.018564339779999998
0.018480519790000004
0.01840074634
0.01832440339
0.018250856460000003
0.01817947719
0.018109624940000003
0.01804060469
0.017971625549999995
0.01790171647
0.017829693839999997
0.017754155270000002
0.017673727710000003
0.017587803059999997
0.01749776995
0.017407726649999997
0.01732285485
0.01724644103
0.017178876570000005
0.017118893559999994
0.01706492439
0.01701566138
0.016970140429999996
0.016927673779999996
0.01688776035
0.016850035720000003
0.016814223519999998
0.016780118879999997
0.016747559609999997
0.016716413729999997
0.01668657973
0.01665796809
0.016630510059999996
0.01660414292
0.016578811920000006
0.016554471599999995
0.016531075809999997
0.016508585790000002
0.01648696897
0.01646618916
0.01644621654
0.01642702298
0.01640858023
0.016390862499999995
0.016373845509999995
0.01635750704
0.016341822339999992
0.01632677074
0.016312332359999994
0.016298486739999996
0.016285212639999994
0.016272495530000007
0.0162603142
0.016248652759999996
0.016237496539999997
0.016226829170000002
0.01621663323
0.016206894510000004
0.016197601940000007
0.016188737430000006
0.01618029486
0.01617225286
0.0161646064
0.01615734145
0.01615044623
0.016143909740000004
0.016137724380000006
0.016131879640000003
0.016126365759999994
0.01612117210999999
0.016116292190000003
0.01611171531
0.01610743405
0.01610344077
0.01609972666
0.016096282989999995
0.016093105079999993
0.01609018244
0.016087510139999997
0.016085077389999997
0.016082878260000003
0.016080906220000003
0.01607915237
0.01607761001
0.016076274709999994
0.01607513235
0.01607418364
0.01607341816
0.016072830819999998
0.016072413780000003
0.016072159399999997
0.016072064140000005
0.016072121619999994
0.0160723238
0.0160726656
0.016073143010000002
0.016073748900000004
0.016074478589999993
0.01607532904
0.016076292500000002
0.016077364809999998
0.016078543719999998
0.01607982437
0.01608119979
0.016082668869999997
0.016084227939999998
0.01608587113
0.01608759484
0.016089400719999994
0.016091280179999997
0.016093232659999998
0.016095256070000005
0.016097345849999996
0.016099499399999998
0.0161017132
0.0161039863
0.016106315510000004
0.016108699730000002
0.01611113946
0.01611362936
0.016116164529999994
0.016118749210000005
0.016121378230000004
0.016124048789999994
0.016126759509999995
0.016129513059999996
0.01613230165
0.016135130049999995
0.01613799244
0.01614088824
0.016143816610000004
0.016146774530000005
0.016149764770000002
0.01615278233
0.016155829790000003
0.016158901759999997
0.016162003500000004
0.016165125749999995
0.016168272160000007
0.01617144099
0.016174632549999998
0.016177845859999995
0.016181077559999993
0.016184329049999998
0.016187600709999996
0.016190889529999995
0.016194196649999996
0.016197518820000006
0.01620085765
0.01620421264
0.01620757802
0.01621096181
0.016214357300000003
0.016217765829999998
0.01622118701
0.016224618950000002
0.01622806518
0.016231518519999998
0.016234981569999998
0.016238458380000008
0.016241942750000002
0.01624543716
0.016248938320000003
0.016252449319999994
0.01625596879
0.01625949616
0.01626302817
0.016266569940000006
0.016270118240000006
0.016273671860000002
0.01627723039
0.016280796309999998
0.016284366640000002
0.016287942189999998
0.016291523080000002
0.016295107979999997
0.01629869647
0.016302288869999994
0.016305886940000004
0.016309487430000002
0.0163130925
0.016316699139999998
0.01632030924
0.016323921039999995
0.01632753893
0.016331156010000004
0.01633477771
0.01633839821
0.016342023779999996
0.016345648650000003
0.01634927729
0.016352904109999997
0.016356534700000005
0.01636016643
0.01636379909
0.016367430869999998
0.01637106361
0.0163746977
0.016378331460000003
0.0163819647
0.016385601250000003
0.016389236419999998
0.016392870449999996
0.01639650532
0.016400138850000003
0.016403771810000002
0.016407405169999997
0.016411035889999998
0.016414668389999998
0.016418300000000004
0.016421930239999997
0.016425559409999995
0.01642918638
0.01643281133
0.016436435500000002
0.016440060359999998
0.016443681070000004
0.01644730182
0.016450919180000002
0.01645453597
0.01645815067
0.016461764190000002
0.01646537565
0.016468984300000003
0.016472590429999996
0.016476195820000004
0.01647979955
0.01648340094
0.016486998029999998
0.01649059526
0.01649418886
0.016497779209999997
0.016501366519999994
0.01650495271
0.016508535410000004
0.01651211518
0.016515692229999993
0.016519267279999996
0.01652283924
0.016526406000000004
0.016529971299999998
0.016533534439999997
0.016537092940000005
0.016540646439999997
0.01654420091
0.01654775005
0.01655129686
0.01655483912
0.01655837726
0.016561913010000002
0.01656544461999999
0.016568973480000006
0.01657249761
0.0165760187
0.016579537000000002
0.01658304905
0.016586557589999995
0.016590062300000003
0.016593566900000002
0.016597065660000007
0.01660055954
0.016604050599999996
0.016607537230000004
0.016611022200000002
0.016614500410000003
0.016617974020000002
0.016621444269999997
0.01662491058
0.01662837258
0.016631831460000003
0.016635283480000002
0.01663873362
0.01664217945
0.01664561909
0.016649055910000005
0.01665248896
0.01665591715
0.016659342280000003
0.01666276095
0.016666175529999997
0.016669588180000007
0.016672993930000005
0.016676393290000004
0.016679791439999994
0.016683183569999996
0.01668657193
0.01668995228
0.01669333087
0.01669670513
0.016700073200000002
0.01670343606
0.01670679566
0.016710151240000005
0.016713500410000005
0.016716844169999995
0.016720184699999998
0.016723521229999996
0.016726851969999994
0.01673017863
0.016733498
0.016736816359999997
0.01674012953
0.01674343499
0.016746736529999997
0.01675003254
0.01675332499
0.01675660886
0.01675989131
0.016763168590000002
0.016766440639999994
0.016769706489999994
0.016772967039999996
0.016776223959999993
0.01677947474
0.016782723559999994
0.016785964079999997
0.016789198989999997
0.01679243152
0.016795658439999996
0.016798878830000002
0.01680209389
0.016805304509999997
0.01680850893
0.0168117086
0.01681490295
0.016818091449999996
0.01682127715
0.01682445516
0.01682763075
0.016830800929999997
0.016833964949999992
0.01683712313
0.01684027728
0.01684342491
0.016846567470000004
0.01684970469
0.016852835179999994
0.016855961630000003
0.01685908413
0.01686219988
0.01686531035
0.016868416919999997
0.01687151596
0.016874610739999997
0.01687770018
0.016880784069999998
0.016883862859999998
0.01688693486
0.016890001959999998
0.016893062609999995
0.016896118640000003
0.016899170329999994
0.016902216690000003
0.01690525666
0.016908290319999998
0.016911319680000002
0.01691434419
0.01691736246
0.01692037472
0.016923382040000004
0.01692638432
0.016929378610000004
0.016932368269999998
0.016935352780000003
0.016938334149999998
0.016941307619999995
0.01694427506
0.016947239580000006
0.016950196409999996
0.016953149
0.01695609602
0.0169590377
0.0169619702
0.016964900169999995
0.01696782401
0.01697074148
0.0169736534
0.016976560649999993
0.01697946071
0.01698235706
0.016985244860000002
0.01698813001
0.016991007189999997
0.016993880510000003
0.01699674629
0.01699960497
0.017002459940000002
0.017005309370000003
0.017008151550000003
0.017010988889999995
0.017013819530000005
0.017016645120000003
0.017019464230000007
0.01702227703
0.017025083519999998
0.017027885819999998
0.01703067955
0.017033470160000005
0.01703625025
0.01703902706
0.017041797810000002
0.017044561760000004
0.01704731908
0.01705007159
0.017052816180000006
0.017055555090000004
0.017058286060000004
0.017061010529999997
0.01706373099
0.017066444279999995
0.01706914749
0.017071847600000002
0.017074539009999997
0.017077223219999993
0.017079902339999998
0.01708257376
0.017085237309999998
0.017087894249999996
0.017090546860000003
0.0170931905
0.017095827140000006
0.01709845629
0.01710107627
0.017103689510000002
0.017106294129999998
0.01710889247
0.017111479920000002
0.017114061200000003
0.01711663605
0.017119200830000007
0.017121755930000003
0.017124304710000003
0.017126841539999996
0.01712937067
0.017131891080000006
0.017134402010000004
0.01713690421
0.01713939616
0.017141876730000002
0.017144347689999995
0.017146805210000005
0.017149254059999997
0.017151690330000004
0.017154115370000007
0.01715652917
0.01715892781
0.01716131457
0.01716368752
0.017166045209999994
0.017168388930000004
0.017170716610000004
0.01717302981
0.017175324080000002
0.017177604160000002
0.017179863739999995
0.017182103979999995
0.01718432378
0.01718652088
0.01718869477
0.017190844389999998
0.017192968669999996
0.01719506687
0.017197135829999998
0.017199170750000003
0.017201172799999994
0.017203138639999994
0.01720506592
0.017206947849999994
0.017208782519999997
0.017210566800000007
0.01721229903
0.01721396729
0.017215567330000004
0.017217093699999998
0.017218537380000006
0.017219887789999992
0.01722113306999999
0.017222264419999994
0.017223263600000004
0.017224109609999996
0.01722478358
0.017225256489999997
0.0172254947
0.01722546189
0.017225107409999996
0.01722437366
0.01722318113
0.017221434309999995
0.017219008569999993
0.017215742359999998
0.01721142533
0.017205777569999997
0.017198435139999996
0.017188905589999998
0.017176554329999996
0.01716058519
0.017140094239999997
0.017114284419999994
0.01708296688
0.01704733377
0.017010340879999995
0.01697579463
0.016946501200000002
0.01692329081
0.01690556462
0.016892214370000002
0.016882183110000004
0.01687463543
0.01686895516
0.016864702519999997
0.016861556119999996
0.016859281929999997
0.01685770492
0.016856695799999998
0.016856152129999996
0.016855991959999993
0.0168561576
0.016856593940000004
0.01685726265
0.016858128580000003
0.016859163170000004
0.016860342179999998
0.0168616422
0.016863044659999996
0.016864535740000002
0.016866096900000002
0.016867717630000004
0.01686938556
0.01687109200999999
0.016872827809999998
0.01687458509
0.016876360070000002
0.016878145169999997
0.01687994
0.01688174003
0.016883541430000003
0.01688534657
0.016887153670000002
0.01688896189
0.016890769920000003
0.016892577480000004
0.016894384580000005
0.01689619105
0.016897997040000008
0.016899802410000005
0.016901609299999995
0.016903413249999995
0.016905219640000003
0.01690702622
0.016908831609999994
0.016910636680000007
0.01691244596
0.016914252799999998
0.016916060400000002
0.01691786837
0.016919674280000005
0.01692148285
0.01692328993
0.01692509679
0.016926904160000002
0.016928710870000002
0.01693051781
0.016932324819999997
0.016934131709999998
0.0169359395
0.016937745780000003
0.01693955292
0.016941358929999997
0.01694316391
0.016944969009999998
0.016946773700000004
0.016948578189999997
0.016950382400000002
0.01695218644
0.016953987370000003
0.016955790849999996
0.01695759314
0.01695939299
0.016961194610000008
0.016962994360000004
0.01696479338
0.0169665935
0.016968391610000005
0.01697018953
0.0169719869
0.01697378325
0.01697557741
0.01697737105
0.01697916432
0.016980955219999996
0.016982748340000003
0.016984539580000003
0.016986329470000006
0.016988118599999994
0.01698990728
0.01699169529
0.01699348244
0.016995269309999995
0.016997053769999996
0.016998837779999998
0.017000621090000004
0.01700240503
0.017004187490000003
0.017005967630000004
0.017007748960000003
0.01700952672
0.017011306200000003
0.01701308308
0.017014861429999993
0.017016637959999997
0.0170184118
0.017020185449999996
0.01702195798
0.01702372933
0.01702549868
0.017027268760000006
0.017029036
0.017030802559999995
0.01703256912
0.01703433244
0.01703609625
0.017037857919999996
0.01703961916
0.017041378750000006
0.017043136700000003
0.017044895599999995
0.017046649699999996
0.017048403940000005
0.017050155850000002
0.017051905109999998
0.017053655689999992
0.017055403590000004
0.01705715156
0.01705889534
0.01706064004
0.0170623836
0.017064123630000004
0.017065862850000005
0.01706760014
0.01706933607
0.01707106942
0.01707280085
0.01707453196
0.017076260600000004
0.017077987250000003
0.017079712659999996
0.017081433669999996
0.017083155820000005
0.01708487325
0.017086588770000008
0.017088304220000003
0.01709001803
0.01709172813
0.017093433690000003
0.01709514111
0.017096845650000005
0.01709854877
0.017100249449999997
0.01710194664
0.01710364135
0.01710533644
0.01710702658
0.017108714079999997
0.01711039751
0.017112078949999998
0.017113756990000003
0.017115433449999995
0.01711710839
0.017118781389999997
0.01712044828
0.017122112760000002
0.017123776139999998
0.017125435339999998
0.017127091849999998
0.017128743069999997
0.017130393289999997
0.017132039600000003
0.017133682130000005
0.01713532118
0.017136957039999998
0.017138590410000005
0.01714021823
0.01714184337
0.017143464179999998
0.017145081679999997
0.01714669323
0.017148300919999998
0.017149903309999995
0.01715150132
0.017153095500000007
0.01715468491
0.01715627045
0.017157851170000005
0.017159424760000007
0.01716099455
0.01716255752
0.017164114549999998
0.017165664280000003
0.017167210960000002
0.01716875057
0.017170280760000003
0.017171807230000002
0.017173325489999995
0.01717483431
0.017176336790000003
0.01717782988
0.01717931461
0.017180791699999996
0.017182258669999995
0.01718371731
0.01718516411
0.017186600509999997
0.017188027770000003
0.017189441599999997
0.01719084313
0.01719223205
0.017193606530000002
0.01719496736
0.017196312050000002
0.017197642210000003
0.01719895381
0.01720024815
0.017201520799999995
0.01720277358
0.01720400265
0.01720520977
0.017206390160000008
0.017207543780000004
0.017208667619999993
0.017209758909999998
0.01721081694
0.017211836430000002
0.0172128162
0.017213751709999992
0.01721463937
0.017215470920000003
0.017216246859999996
0.017216958740000003
0.017217598610000006
0.017218164169999998
0.017218640679999998
0.01721902265
0.017219297470000002
0.017219448919999998
0.01721946577
0.017219327599999997
0.017219014319999996
0.01721849591
0.0172177474
0.017216729099999998
0.017215395249999998
0.017213695520000006
0.017211563399999998
0.01720891285
0.0172056453
0.01720162247
0.017196682160000004
0.017190606580000004
0.017183121470000003
0.017173872990000002
0.01716240053
0.017148133240000005
0.01713038377
0.017108425789999996
0.0170816758
0.017050082410000004
0.01701465766
0.016977754909999997
0.01694253303
0.016911680709999998
0.01688644541
0.016866703210000007
0.016851607610000006
0.016840159919999997
0.01683147146
0.016824855149999998
0.01681979016
0.01681589643
0.01681290405
0.016810606300000003
0.016808852800000003
0.016807536249999998
0.01680656675
0.016805880269999997
0.01680542574
0.016805165170000004
0.016805069580000002
0.01680511023
0.01680526916
0.016805529099999997
0.0168058786
0.016806305429999998
0.01680679914
0.016807352839999998
0.016807961850000004
0.016808618099999995
0.01680931799
0.016810056750000003
0.016810831150000004
0.01681163506
0.01681247041
0.01681333062
0.016814215520000002
0.01681512226
0.01681605003
0.0168169983
0.016817962800000006
0.01681894247
0.016819936270000002
0.01682094458
0.01682196512
0.016822998640000003
0.01682404081
0.016825091430000005
0.01682615288
0.016827218389999996
0.016828292079999998
0.01682937185
0.01683045699
0.016831547729999997
0.016832643570000003
0.016833741719999996
0.01683484365
0.016835947139999998
0.016837055460000007
0.01683816216
0.01683927169
0.016840381340000002
0.01684149244
0.016842602080000005
0.016843710829999997
0.01684481659
0.01684592272
0.016847026519999996
0.016848125059999993
0.016849221190000003
0.01685031364
0.016851401720000003
0.016852485729999995
0.01685356293
0.016854633820000003
0.016855697569999994
0.016856753999999998
0.016857802900000003
0.016858842250000006
0.01685987078
0.016860891380000003
0.016861899339999997
0.016862894839999996
0.016863874460000004
0.01686484059
0.01686578998
0.016866719770000003
0.01686763325
0.016868524120000006
0.01686939051
0.01687023431
0.01687105102
0.016871841239999998
0.016872600249999998
0.016873322590000003
0.016874007280000006
0.01687464852
0.016875244070000003
0.016875786400000002
0.01687627493
0.01687669844
0.01687705051
0.016877326969999995
0.016877511980000003
0.016877598610000002
0.016877571869999997
0.016877415879999996
0.01687711359
0.016876640170000002
0.01687597148
0.016875072740000007
0.016873907250000007
0.01687242477000001
0.01687056625
0.016868255020000004
0.01686540105
0.01686187957
0.016857537829999995
0.016852177190000005
0.01684553495
0.016837275420000002
0.016826959869999998
0.016814021710000005
0.01679777274
0.01677742482
0.016752236070000003
0.016721848600000002
0.016686833989999997
0.016649179200000006
0.016612090859999998
0.01657877624
0.016551104239999993
0.016529303739999997
0.01651259198
0.016499896890000004
