0.10950019556000003
0.05172496409999999
0.03584853397999999
0.02886696190000001
0.025361975619999998
0.023160036259999996
0.02153238554
0.020215510979999997
0.01910076824
0.018137394520000003
0.017298264189999996
0.016566361350000006
0.01592908821
0.015375879369999996
0.01489730544
0.014484801819999999
0.014130634880000001
0.01382788477
0.01357041729
0.013352819390000001
0.013170301180000003
0.013018591400000001
0.0128938528
0.01279262115
0.012711779890000004
0.012648538980000004
0.012600427129999998
0.012565265649999999
0.012541146849999997
0.01252640101
0.012519581609999999
0.012519431190000003
0.012524865909999999
0.012534950720000002
0.012548890779999997
0.012566007969999998
0.012585726389999998
0.012607562929999998
0.01263110796
0.0126560246
0.012682022249999998
0.01270886869
0.012736366829999998
0.012764351189999999
0.012792690039999999
0.012821270870000004
0.01285000027
0.012878801379999997
0.012907613669999998
0.012936383480000003
0.012965069470000003
0.012993635110000002
0.013022052860000004
0.01305029807
0.013078350420000003
0.013106197119999996
0.01313382017
0.013161211830000002
0.013188362870000003
0.01321526666
0.013241917550000004
0.013268310019999993
0.013294442929999997
0.01332031219
0.013345916479999997
0.013371253199999997
0.01339632392
0.013421126080000002
0.01344566209
0.013469931590000001
0.013493933489999993
0.013517671040000002
0.013541144330000001
0.013564355090000004
0.01358730472
0.013609995939999998
0.013632429169999998
0.013654607430000004
0.01367653234
0.013698207619999993
0.013719631109999996
0.013740810170000005
0.013761746270000002
0.013782438539999999
0.013802892999999998
0.013823110500000003
0.013843092640000006
0.01386284498
0.013882368450000002
0.013901665600000003
0.013920739040000003
0.013939591170000001
0.01395822577
0.01397664518
0.01399485222
0.01401284782
0.014030636100000007
0.014048219289999999
0.014065601200000001
0.014082783279999995
0.014099767609999998
0.014116557010000006
0.01413315468
0.014149562359999996
0.014165783260000002
0.01418181925
0.014197673179999998
0.014213348260000003
0.014228845170000002
0.014244167159999996
0.014259315369999994
0.014274295390000002
0.014289105929999999
0.0143037502
0.01431823139
0.014332550639999997
0.014346708910000004
0.01436071155999999
0.014374559289999995
0.014388252990000001
0.014401796350000001
0.01441518932
0.014428435610000002
0.014441538030000008
0.014454496449999998
0.014467312449999999
0.01447998992
0.014492529249999999
0.014504933449999997
0.014517203440000005
0.0145293387
0.014541345399999999
0.01455322324
0.01456497295
0.014576596650000002
0.014588097260000002
0.01459947439
0.014610731699999997
0.014621869809999997
0.014632889310000001
0.01464379366
0.014654582469999995
0.014665257740000003
0.014675821639999998
0.014686275720000001
0.01469661965
0.014706856559999999
0.0147169869
0.01472701198
0.01473693249
0.014746752660000003
0.014756470560000002
0.01476608896
0.014775608680000002
0.014785030449999998
0.01479435663
0.014803587339999997
0.014812724919999999
0.01482176912
0.01483072248
0.014839584739999996
0.014848358769999999
0.014857043330000007
0.014865641609999997
0.014874152270000001
0.014882579830000003
0.014890922159999995
0.014899181849999997
0.014907361329999994
0.014915457140000001
0.014923473340000002
0.014931411139999996
0.01493927099
0.014947052649999999
0.014954758680000003
0.014962388500000002
0.01496994445
0.014977427409999997
0.014984835759999997
0.014992173100000004
0.01499943934
0.015006634520000001
0.015013761709999997
0.015020820510000001
0.015027809369999996
0.015034731740000005
0.015041587100000002
0.015048378349999997
0.015055104009999997
0.015061766829999998
0.015068365369999994
0.015074900960000004
0.015081374039999998
0.015087787090000002
0.01509413771
0.015100430799999998
0.015106664479999999
0.015112838559999998
0.015118954599999996
0.015125014020000003
0.01513101643
0.015136963840000002
0.015142855570000007
0.015148692630000002
0.015154475820000003
0.015160204760000002
0.015165881130000003
0.015171504729999999
0.015177078110000002
0.015182598920000004
0.015188068859999997
0.015193488759999995
0.015198859470000006
0.015204179399999995
0.0152094547
0.015214678740000005
0.015219856040000002
0.0152249874
0.015230072669999999
0.015235111510000001
0.015240105120000003
0.015245053930000004
0.015249957869999999
0.0152548176
0.015259633489999997
0.015264407629999999
0.01526913803
0.015273826250000006
0.015278472770000003
0.01528307917
0.01528764554
0.015292169960000001
0.01529665372
0.015301098800000003
0.015305503869999999
0.015309871999999997
0.015314202139999995
0.015318492620000002
0.01532274698
0.015326964109999997
0.015331144010000002
0.015335287780000002
0.015339395790000002
0.01534346743
0.015347505589999998
0.015351509259999998
0.015355476950000002
0.015359410909999998
0.015363310960000003
0.015367179740000004
0.015371012899999998
0.015374813849999997
0.015378584399999997
0.015382320219999994
0.015386026659999996
0.015389700679999998
0.015393343750000002
0.015396956430000004
0.01540053835
0.01540409115
0.015407615549999996
0.015411109549999994
0.0154145747
0.015418010960000006
0.015421419
0.015424798849999997
0.01542815052
0.015431475339999995
0.01543477226
0.015438042199999997
0.01544128679
0.015444503469999997
0.015447695000000004
0.015450861400000005
0.015454001100000003
0.015457115910000006
0.0154602059
0.015463272730000003
0.015466314399999997
0.015469330799999997
0.015472323749999992
0.01547529453
0.015478240519999995
0.01548116439
0.015484064370000002
0.01548694287
0.015489798829999998
0.015492632610000001
0.015495444
0.015498235450000003
0.015501005300000002
0.01550375305
0.015506481980000004
0.015509188409999992
0.015511875199999999
0.015514541739999997
0.015517188709999996
0.015519816709999999
0.015522426120000005
0.015525014929999999
0.015527585069999999
0.01553013584
0.015532668629999994
0.015535183869999998
0.015537681329999997
0.015540160819999998
0.015542622149999998
0.015545068209999999
0.015547494420000004
0.01554990511
0.015552297630000003
0.015554673920000001
0.015557036269999998
0.015559380339999993
0.01556170955
0.015564022800000006
0.015566320510000004
0.015568603150000002
0.01557087079
0.015573125089999997
0.015575363619999996
0.015577586730000002
0.015579797249999998
0.015581992030000005
0.015584174440000003
0.01558634391
0.015588497580000003
0.015590638520000002
0.015592766820000001
0.015594882759999998
0.01559698471
0.015599076669999998
0.015601154800000003
0.015603220769999997
0.01560527425
0.015607316479999998
0.015609346719999998
0.015611365470000003
0.015613373880000005
0.015615370029999999
0.015617355310000003
0.015619329130000003
0.015621293870000002
0.015623247580000001
0.015625190209999994
0.01562712561
0.015629049290000002
0.015630963869999997
0.015632868630000005
0.01563476283
0.015636647790000003
0.015638524629999997
0.01564039306
0.015642251090000007
0.015644100490000003
0.01564594229
0.015647776170000002
0.01564960226
0.01565141816
0.015653227480000004
0.015655029089999998
0.015656822879999997
0.01565860953
0.0156603876
0.01566216012
0.015663925710000002
0.015665683240000002
0.01566743516
0.01566918123
0.015670919059999996
0.01567265235
0.01567437802
0.01567609672
0.015677812309999997
0.015679520909999998
0.0156812228
0.015682920530000005
0.015684613870000003
0.015686300160000003
0.015687982500000003
0.015689659010000002
0.015691330589999997
0.015692998890000004
0.015694661600000003
0.015696320979999998
0.01569797365
0.015699623330000006
0.015701269060000002
0.01570291125
0.015704549000000005
0.015706183
0.015707814479999995
0.0157094404
0.01571106293
0.01571268445
0.01571430292
0.015715917130000003
0.01571752856
0.01571913517
0.01572074261
0.015722345559999996
0.015723947330000005
0.015725544680000002
0.01572714129
0.015728735080000004
0.015730327510000003
0.01573191754
0.01573350591
0.015735091490000006
0.01573667545
0.01573826022
0.015739841089999998
0.01574142119
0.01574300182
0.01574457912
0.015746156980000002
0.015747732820000006
0.015749308549999997
0.015750883349999998
0.01575245848
0.015754033009999998
0.015755605979999997
0.01575717862
0.01575875093
0.015760323080000006
0.015761896290000008
0.015763469039999995
0.015765039829999997
0.01576661333
0.01576818653
0.015769759759999998
0.015771333609999997
0.015772907259999996
0.015774481709999996
0.015776056959999996
0.01577763116
0.015779208890000004
0.015780788700000003
0.015782366690000004
0.015783946110000002
0.01578552659
0.0157871094
0.015788691759999997
0.015790277060000003
0.01579186261
0.015793449589999994
0.015795040689999998
0.015796630759999996
0.01579822265
0.01579981714
0.015801413200000006
0.01580301086
0.01580461039
0.015806212700000002
0.01580781645
0.015809422210000004
0.015811031649999998
0.015812642020000003
0.015814255599999997
0.015815871680000003
0.01581748877
0.015819109910000007
0.015820733420000007
0.015822358270000003
0.015823986159999998
0.015825618230000005
0.01582725226
0.015828888290000006
0.01583052951
0.01583217098
0.015833816729999995
0.015835466000000006
0.015837117900000003
0.015838773109999996
0.0158404316
0.015842092519999997
0.015843758300000007
0.015845426510000003
0.015847098820000006
0.015848775480000004
0.015850452670000004
0.015852135939999998
0.015853821629999997
0.015855509900000005
0.01585720366
0.01585890174
0.015860603430000002
0.015862307429999997
0.01586401581
0.015865727989999998
0.015867443609999997
0.015869164640000002
0.015870889229999997
0.015872617850000003
0.015874350810000003
0.01587608709
0.015877826890000002
0.01587957181
0.01588132002000001
0.015883072459999998
0.01588483045
0.01588659118
0.015888357689999993
0.01589012881999999
0.015891902030000002
0.015893681300000007
0.015895465539999997
0.01589725283
0.01589904483
0.015900841480000004
0.015902642020000003
0.015904448590000002
0.0159062595
0.01590807365
0.0159098941
0.01591171782
0.01591354702
0.015915380040000003
0.015917218519999995
0.015919061980000003
0.015920909259999998
0.015922761929999994
0.015924619660000004
0.01592648118
0.01592834764
0.01593022049
0.015932095469999998
0.01593397731
0.01593586432
0.015937754659999998
0.015939651240000005
0.015941552580000004
0.015943458990000003
0.015945368079999994
0.015947283880000006
0.015949203380000002
0.015951131419999997
0.015953062440000002
0.01595499882
0.01595693992000001
0.015958885279999998
0.015960837319999997
0.015962792440000005
0.01596475372
0.015966718450000004
0.01596869128
0.01597066787
0.01597264880000001
0.015974634499999998
0.015976627150000006
0.01597862395
0.01598062561
0.015982632910000006
0.01598464501
0.01598666154
0.015988683839999997
0.015990712770000005
0.015992744609999998
0.01599478312
0.015996826369999998
0.01599887527
0.016000928779999993
0.016002987419999993
0.016005051459999996
0.016007122109999994
0.0160091961
0.01601127559
0.016013360330000007
0.016015450280000003
0.016017544740000004
0.01601964437
0.016021749590000002
0.01602386079
0.016025977110000002
0.01602809743
0.01603022416
0.01603235503
0.01603449253
0.016036633079999998
0.01603877971
0.0160409329
0.01604309122
0.016045254169999995
0.016047421060000004
0.016049594659999996
0.01605177305
0.01605395595
0.016056144330000004
0.01605833751
0.016060536519999998
0.016062741539999998
0.01606494886
0.016067165150000003
0.016069383070000002
0.016071608950000007
0.01607383803
0.016076074019999997
0.016078313950000003
0.016080558000000002
0.016082809099999998
0.016085064979999997
0.016087325869999995
0.01608959098
0.016091862910000004
0.016094139889999998
0.016096421530000002
0.016098707660000003
0.016100998130000006
0.01610329519
0.016105597809999997
0.016107904120000002
0.016110216660000003
0.016112532960000002
0.016114854839999998
0.016117181890000002
0.016119513849999996
0.01612185243
0.016124193510000003
0.01612654147
0.016128893609999997
0.016131249150000002
0.016133612430000003
0.01613597915
0.01613835104000001
0.01614072707
0.016143109419999996
0.016145496209999995
0.016147887919999993
0.0161502852
0.01615268751
0.016155093849999996
0.01615750402
0.01615992068
0.016162342940000005
0.01616476926
0.01616719926
0.016169636010000002
0.01617207687
0.01617452224
0.016176972829999997
0.016179427830000002
0.016181888039999995
0.01618435182
0.016186822269999998
0.01618929694
0.016191776480000003
0.01619426129
0.016196750000000003
0.016199242559999997
0.01620174125
0.016204244070000005
0.016206750850000007
0.016209263249999998
0.016211781060000003
0.01621430253
0.01621682718
0.01621935878
0.01622189378
0.016224434220000004
0.016226978280000005
0.016229528440000005
0.016232082100000003
0.01623464077
0.016237202429999997
0.01623977048
0.016242343269999994
0.016244919160000003
0.016247500830000004
0.016250087040000003
0.01625267689
0.016255272180000002
0.016257870030000003
0.016260474740000003
0.01626308188
0.016265696049999997
0.016268311280000003
0.01627093311
0.016273558400000002
0.016276190159999995
0.01627882364
0.016281463160000002
0.016284106230000005
0.016286753619999997
0.016289404000000004
0.0162920611
0.016294720390000007
0.016297385609999996
0.016300053660000004
0.0163027266
0.016305401940000002
0.016308083560000006
0.016310770200000005
0.016313459
0.016316151739999996
0.01631885096
0.016321553160000002
0.01632425943
0.016326970880000003
0.01632968445
0.01633240369
0.01633512562
0.01633785134
0.016340582519999997
0.016343316780000002
0.016346055240000004
0.016348798270000006
0.016351544519999994
0.016354295680000006
0.016357049739999997
0.01635980788
0.016362569589999997
0.016365335900000003
0.01636810658
0.0163708798
0.016373657320000002
0.016376440019999997
0.016379223939999996
0.016382013129999998
0.016384807229999996
0.016387603419999997
0.016390403300000002
0.01639320634
0.01639601406
0.016398825609999997
0.016401641119999998
0.016404459550000004
0.016407280420000007
0.01641010678
0.01641293596
0.016415769250000004
0.01641860579
0.01642144664
0.016424289900000003
0.01642713877
0.016429988459999996
0.01643284146
0.016435700360000003
0.016438562149999995
0.016441426430000003
0.016444293899999997
0.01644716548
0.016450039200000002
0.01645291622
0.016455798099999995
0.016458681660000002
0.0164615694
0.016464459860000006
0.016467355460000003
0.01647025296
0.016473153080000004
0.016476057890000003
0.016478964939999997
0.016481873729999996
0.01648478889
0.016487703989999995
0.016490625340000006
0.01649354796
0.01649647388
0.01649940052
0.01650233262
0.016505268009999997
0.01650820716999999
0.0165111483
0.016514093139999998
0.01651704054
0.016519991240000004
0.016522944539999987
0.016525900490000005
0.016528859970000007
0.0165318217
0.016534786859999998
0.016537753060000004
0.01654072359
0.016543695969999998
0.01654667176
0.016549651869999998
0.016552632139999995
0.016555616319999994
0.016558602840000002
0.016561591639999998
0.0165645826
0.016567579130000003
0.016570574499999997
0.016573573329999997
0.01657657554
0.016579581280000005
0.01658258794
0.01658559868
0.016588611490000002
0.0165916266
0.016594643180000004
0.016597664720000002
0.01660068855000001
0.01660371148
0.0166067397
0.016609769929999997
0.016612802000000003
0.016615836919999995
0.01661887342
0.016621912379999996
0.016624955269999995
0.01662799825000001
0.016631044459999998
0.016634092959999996
0.016637143159999996
0.016640196270000004
0.01664324999
0.016646308239999998
0.01664936756
0.016652428479999995
0.01665549324
0.01665855995
0.0166616279
0.01666469732
0.01666776928
0.01667084358
0.01667391939
0.016676999069999997
0.016680077810000003
0.0166831603
0.016686243799999997
0.01668932802
0.01669241782
0.0166955082
0.016698598560000003
0.016701690709999998
0.01670478698
0.01670788478
0.016710983310000004
0.016714083510000005
0.016717186839999995
0.016720291090000002
0.0167233962
0.016726504870000002
0.016729613559999995
0.01673272528
0.016735838540000006
0.016738953320000007
0.0167420696
0.01674518655
0.016748306219999995
0.01675142726
0.016754549780000006
0.01675767396
0.016760798899999995
0.016763926579999998
0.01676705629
0.01677018675
0.016773319379999995
0.016776451350000002
0.01677958588
0.016782722219999994
0.016785858729999995
0.016788997540000003
0.01679213882
0.01679528075
0.01679842352
0.016801567980000005
0.0168047141
0.01680786042
0.016811009059999996
0.016814159000000002
0.01681730947
0.01682046237
0.01682361633
0.016826769859999993
0.016829925219999996
0.016833082780000005
0.01683624084
0.016839399580000004
0.01684255902
0.01684572043
0.01684888367
0.016852046659999998
0.016855211589999995
0.01685837844
0.01686154558
0.016864713219999994
0.016867882080000007
0.01687105267
0.016874222839999998
0.01687739509
0.016880568829999998
0.016883742080000003
0.016886917140000002
0.016890093139999996
0.01689326914000001
0.01689644736
0.016899624660000005
0.016902804699999996
0.016905985220000006
0.0169091668
0.01691234808
0.016915530740000004
0.016918714519999996
0.01692189966
0.016925084040000007
0.016928270019999993
0.01693145824
0.01693464474
0.01693783406
0.016941024500000002
0.016944212400000002
0.016947403700000002
0.01695059522
0.01695378618
0.016956979940000002
0.01696017248
0.01696336665
0.01696656124
0.0169697569
0.016972952819999998
0.0169761487
0.016979346120000002
0.01698254302
0.016985741139999996
0.016988940900000006
0.01699213892
0.01699534004
0.016998540319999998
0.0170017399
0.017004940839999996
0.017008141850000002
0.01701134365
0.0170145467
0.017017749859999997
0.017020955400000003
0.01702415936
0.01702736286000001
0.01703056856
0.01703377358
0.017036980379999997
0.01704018602
0.017043394580000003
0.01704660168
0.017049809220000003
0.0170530173
0.017056225599999995
0.017059434499999998
0.0170626431
0.017065850500000007
0.017069061600000004
0.01707227048
0.017075478859999996
0.017078689180000002
0.01708190065000001
0.01708511224
0.017088322359999998
0.017091534119999995
0.01709474557
0.01709795762
0.017101169539999996
0.01710438236
0.017107595759999997
0.017110808469999995
0.017114021559999998
0.01711723428
0.017120447579999996
0.017123658859999998
0.01712687368000001
0.017130086880000003
0.017133300860000002
0.017136514760000002
0.0171397295
0.017142943420000008
0.017146156340000007
0.017149370299999998
0.017152583559999997
0.017155798219999997
0.01715901272
0.01716222712
0.017165442070000002
0.017168657099999998
0.017171871100000003
0.01717508522
0.017178301580000006
0.017181516239999996
0.01718473122
0.017187945539999996
0.01719115962
0.01719437587
0.017197590120000005
0.0172008047
0.01720401908
0.01720723462
0.01721045016
0.01721366592
0.017216879109999996
0.017220091319999995
0.017223307919999997
0.017226522560000002
0.017229736460000006
0.01723295144
0.01723616522
0.01723937918
0.01724259338
0.017245806640000003
0.017249019740000003
0.017252231859999998
0.01725544506
0.0172586594
