0.11193275336000001
0.06818093416
0.0575166543
0.050222946560000016
0.044674140439999996
0.04041361339999999
0.03711454796
0.03453305998000001
0.03248639643999998
0.030838567219999998
0.029489275880000002
0.028365001939999995
0.02741192356
0.026590554139999997
0.02587176978
0.02523392005999999
0.024660764140000006
0.024140003140000005
0.023662226179999992
0.023220167380000007
0.022808153799999994
0.02242172358
0.02205733202
0.021712133379999998
0.021383841119999997
0.021070580439999997
0.020770821799999995
0.020483297639999995
0.020206955559999996
0.01994090092
0.0196843941
0.01943679266
0.019197544460000004
0.018966180059999997
0.01874228414
0.018525487839999993
0.018315471159999996
0.01811194466
0.017914647190000004
0.01772333958
0.017537807280000005
0.01735785208
0.0171832874
0.01701393878
0.016849643789999993
0.01669024908
0.016535612640000003
0.016385592829999997
0.01624006064
0.016098888250000002
0.015961951549999995
0.015829135839999994
0.01570032977
0.015575422360000002
0.015454307439999995
0.015336883619999998
0.015223053830000001
0.015112720369999994
0.01500578673
0.014902166340000002
0.014801767839999995
0.014704510319999997
0.014610306269999995
0.014519073560000002
0.014430733759999996
0.014345211689999995
0.014262432059999998
0.014182321940000003
0.014104807609999999
0.014029822879999996
0.013957297390000007
0.01388716684
0.0138193684
0.013753837829999999
0.013690513330000001
0.013629338729999996
0.01357025049
0.013513196479999998
0.013458120209999997
0.013404968929999999
0.013353688269999997
0.013304228169999998
0.013256537670000002
0.01321056869
0.01316627251
0.013123605089999999
0.013082518200000002
0.01304296951
0.01300491417
0.01296831166
0.01293311919
0.01289929949
0.012866810839999998
0.012835614129999999
0.012805673469999996
0.012776953380000004
0.012749417659999995
0.012723029280000003
0.01269775821
0.012673569889999998
0.012650430369999997
0.01262831027
0.01260717754
0.01258700513
0.012567762610000002
0.01254942092
0.012531951150000003
0.012515329669999999
0.012499528469999997
0.012484521609999999
0.01247028554
0.01245679555
0.012444027530000006
0.012431959210000001
0.01242056812
0.012409832869999997
0.012399732139999998
0.012390243589999999
0.012381349620000003
0.012373030890000001
0.01236526628
0.012358038779999995
0.012351331090000002
0.012345125570000002
0.012339404110000006
0.012334152099999997
0.012329351399999999
0.012324988769999998
0.012321050109999999
0.012317516149999999
0.012314377310000003
0.012311617550000003
0.01230922456
0.0123071852
0.012305487239999998
0.012304119119999998
0.012303067020000003
0.012302322569999998
0.012301870999999999
0.01230170397
0.01230181245
0.012302183920000003
0.012302809400000001
0.012303680229999997
0.01230478728
0.012306120910000001
0.012307672510000004
0.012309436279999995
0.012311401080000001
0.012313561150000001
0.012315908639999994
0.012318436480000002
0.012321137590000001
0.012324004149999998
0.012327030849999998
0.012330213090000004
0.012333540950000001
0.012337011620000005
0.01234061878
0.012344356929999998
0.01234821964
0.012352204540000002
0.012356304680000003
0.012360515609999997
0.012364833139999998
0.012369252199999998
0.012373769339999998
0.012378380109999998
0.012383080460000003
0.012387866100000002
0.012392735319999999
0.01239768235
0.01240270612
0.0124078005
0.012412966029999998
0.01241819629
0.01242348929
0.012428842550000001
0.012434252150000002
0.012439716770000005
0.01244523366
0.01245080144
0.012456415610000002
0.012462075129999998
0.012467775940000004
0.012473519509999998
0.012479300200000001
0.012485117650000002
0.012490971510000004
0.01249685707
0.012502773449999997
0.012508720930000002
0.012514695460000001
0.012520696789999999
0.012526723089999999
0.012532772559999995
0.012538843710000002
0.01254493611
0.01255104729
0.012557177020000001
0.012563323739999997
0.012569485929999997
0.01257566379
0.012581852919999996
0.012588055789999998
0.012594270839999994
0.012600495039999994
0.012606730979999998
0.012612973460000001
0.012619225000000003
0.012625483870000004
0.012631747359999999
0.012638016659999998
0.012644291630000002
0.01265057139
0.012656853619999998
0.012663138170000003
0.01266942527
0.012675713210000002
0.012682002300000002
0.012688292320000006
0.012694580839999994
0.012700869189999998
0.012707156179999997
0.012713441780000001
0.012719726090000003
0.012726004829999997
0.01273228271
0.012738557389999995
0.012744826980000004
0.012751091490000003
0.0127573516
0.012763608860000003
0.012769859050000004
0.012776103179999998
0.012782341610000001
0.012788575659999997
0.012794799700000001
0.012801017220000004
0.012807228779999999
0.01281343298
0.01281962844
0.012825817690000001
0.012831998039999994
0.01283816784
0.012844331539999998
0.012850485989999999
0.012856631539999998
0.01286276705
0.012868893419999998
0.012875010400000003
0.01288111731
0.012887215230000002
0.01289330243
0.012899378470000007
0.012905445820000003
0.012911501460000004
0.012917547199999997
0.012923581419999997
0.012929605459999998
0.012935617509999997
0.012941619169999996
0.012947609870000003
0.012953589230000007
0.01295955591
0.012965512699999994
0.012971457869999998
0.012977390680000003
0.012983311680000005
0.01298922115
0.012995118100000001
0.013001003450000003
0.013006877009999997
0.013012738299999995
0.013018586890000003
0.013024424
0.013030247760000009
0.013036059580000004
0.013041858940000001
0.013047646879999996
0.013053421650000003
0.013059183189999997
0.013064932230000001
0.013070669389999998
0.01307639332
0.01308210475
0.013087804319999998
0.013093488830000001
0.01309916182
0.013104822149999997
0.01311046859
0.013116104079999998
0.013121725560000002
0.013127334610000006
0.013132930210000004
0.0131385123
0.013144082820000003
0.013149639600000006
0.0131551836
0.013160713810000004
0.013166232659999997
0.013171737470000002
0.013177229800000002
0.013182708379999996
0.01318817413
0.013193626950000002
0.01319906681
0.013204494370000002
0.013209908049999997
0.01321530847
0.013220696799999997
0.013226071579999998
0.01323143264
0.01323678166
0.013242117079999997
0.013247439100000005
0.013252748079999993
0.01325804556
0.01326332842
0.013268598530000003
0.013273855580000004
0.013279100080000002
0.013284331240000002
0.013289549220000006
0.013294754070000003
0.013299946349999998
0.013305125770000002
0.013310293709999999
0.013315446580000001
0.013320587720000004
0.01332571446
0.01333082946
0.013335930999999997
0.013341019649999997
0.013346096560000003
0.01335116023
0.013356210990000004
0.013361249139999993
0.01336627534
0.013371287680000002
0.013376287400000002
0.013381274310000002
0.013386249239999998
0.013391212369999999
0.013396159949999997
0.013401097399999999
0.0134060207
0.01341093352
0.013415831330000001
0.013420717300000001
0.013425591140000005
0.013430452199999998
0.013435300530000001
0.01344013758
0.01344496097
0.01344977193
0.01345457202
0.013459358620000002
0.013464133179999997
0.013468896240000002
0.013473645719999998
0.013478383520000001
0.013483107690000001
0.013487822520000003
0.01349252415
0.013497213699999996
0.013501890380000001
0.013506553929999996
0.0135112065
0.013515847279999995
0.01352047558
0.01352509254
0.013529697140000003
0.0135342897
0.013538870009999999
0.01354343866
0.013547994940000006
0.013552540950000002
0.013557074010000003
0.013561595920000002
0.013566105719999999
0.013570603550000003
0.013575090190000002
0.013579563750000006
0.013584026360000006
0.01358847855
0.013592917859999996
0.013597346000000001
0.013601763029999998
0.013606169229999996
0.0136105621
0.01361494357
0.01361931454
0.013623674570000001
0.013628021800000008
0.013632358590000004
0.013636684539999997
0.013640998069999995
0.013645301739999999
0.013649593079999998
0.01365387234
0.013658140800000003
0.013662399050000001
0.013666644689999998
0.01367088072
0.013675105470000002
0.013679320780000002
0.01368352269
0.013687714489999997
0.01369189461
0.013696065020000002
0.013700223610000001
0.01370437187
0.01370850981
0.013712636619999998
0.013716752550000003
0.01372085771
0.013724952760000002
0.013729036329999994
0.013733108899999999
0.013737170929999997
0.013741223490000001
0.013745265829999999
0.013749295690000003
0.01375331649
0.01375732545
0.013761324669999997
0.013765314520000002
0.013769291990000003
0.013773260279999998
0.013777218880000002
0.013781166530000005
0.013785103529999999
0.01378903113
0.01379294755
0.013796855189999999
0.01380075291
0.013804638450000002
0.013808514069999998
0.013812380989999998
0.013816235980000004
0.013820082099999999
0.013823918769999999
0.013827745120000002
0.013831561430000002
0.013835367510000003
0.01383916441
0.013842951479999999
0.013846727580000003
0.013850495309999997
0.013854253270000004
0.01385800005
0.013861738850000003
0.013865466210000002
0.013869185229999999
0.013872893759999996
0.01387659385
0.013880283819999999
0.013883964769999993
0.013887636179999998
0.01389129846
0.013894949860000007
0.01389859328
0.013902226439999998
0.01390585073
0.013909464789999998
0.013913070699999999
0.013916665650000003
0.013920251840000002
0.013923829059999998
0.013927398499999995
0.013930958660000003
0.013934508330000001
0.01393804966
0.013941581250000003
0.013945104799999998
0.01394861839
0.013952123180000003
0.013955618509999997
0.01395910647
0.013962584739999999
0.01396605444
0.013969515389999998
0.013972965970000004
0.013976409549999997
0.013979843510000001
0.01398326849
0.013986685209999995
0.013990093560000003
0.013993492860000007
0.013996882579999998
0.014000264410000005
0.014003637700000002
0.014007002479999999
0.014010358430000001
0.014013706059999997
0.01401704519
0.014020376820000003
0.01402369906
0.014027013629999996
0.014030317599999995
0.014033615840000003
0.014036905179999998
0.014040186250000005
0.01404345815
0.01404672243
0.014049979899999995
0.014053227350000001
0.014056466289999998
0.014059697440000001
0.014062920630000001
0.01406613623
0.014069343890000004
0.01407254229
0.014075734789999999
0.014078917450000004
0.014082092130000001
0.014085258609999995
0.014088418440000002
0.014091568890000006
0.014094712600000005
0.014097847219999998
0.014100975610000004
0.01410409568
0.014107206349999998
0.014110311420000004
0.01411340899
0.014116497569999999
0.01411957935
0.014122652639999995
0.014125718700000003
0.01412877703
0.014131828900000002
0.01413487137
0.014137907869999999
0.014140936389999999
0.014143958399999998
0.014146971600000002
0.01414997793
0.014152975810000003
0.014155968069999995
0.014158950859999997
0.014161928810000002
0.014164897409999998
0.014167860650000006
0.014170814640000003
0.014173763160000002
0.014176702300000003
0.014179635520000004
0.01418256287
0.01418548135
0.014188392970000005
0.014191297419999995
0.014194194160000005
0.01419708399
0.01419996712
0.014202843090000004
0.01420571228
0.014208574260000002
0.014211431109999997
0.014214278980000003
0.014217122
0.014219956450000001
0.014222784470000001
0.014225605920000002
0.014228420510000006
0.01423122738
0.01423402795
0.014236821679999996
0.014239609450000001
0.014242389969999996
0.014245162759999996
0.014247930039999999
0.014250691079999999
0.014253445709999996
0.014256192849999995
0.014258932790000001
0.01426166709
0.014264394849999999
0.014267115439999995
0.014269831709999998
0.014272539639999996
0.01427524165
0.014277937109999994
0.01428062561
0.014283307890000003
0.014285984559999998
0.014288653839999998
0.014291317009999997
0.014293974459999999
0.014296625859999999
0.014299271049999998
0.014301909690000001
0.014304543889999995
0.014307168179999996
0.014309787860000003
0.014312401999999997
0.014315009109999999
0.014317610990000002
0.014320206219999998
0.014322795350000002
0.014325378300000004
0.01432795588
0.014330526389999997
0.014333090399999993
0.014335650430000003
0.014338202469999999
0.014340749099999993
0.014343289940000002
0.0143458259
0.0143483549
0.014350877860000001
0.014353395480000001
0.0143559074
0.014358412899999999
0.014360913890000002
0.014363408250000004
0.014365896839999996
0.014368379429999993
0.014370857310000006
0.014373327970000002
0.01437579354
0.014378252640000002
0.014380707899999998
0.014383157039999999
0.014385598630000001
0.014388037059999999
0.014390469359999998
0.014392895980000004
0.014395316480000005
0.01439773272
0.014400142139999999
0.014402546919999999
0.014404945839999996
0.014407338810000002
0.014409725870000006
0.014412109649999996
0.014414485340000003
0.014416857629999997
0.014419224299999995
0.01442158489
0.014423941089999996
0.014426290619999995
0.014428635320000001
0.014430975179999998
0.014433311079999997
0.014435641049999998
0.01443796375
0.014440281969999998
0.014442595
0.014444903640000001
0.014447206530000001
0.014449504800000006
0.01445179816
0.01445408561
0.014456369279999994
0.014458646800000004
0.01446091878
0.014463185690000002
0.01446544835
0.014467706300000004
0.01446995745
0.014472204120000004
0.014474446460000004
0.014476684580000001
0.014478916429999999
0.014481143620000003
0.014483366160000004
0.014485583729999996
0.01448779826
0.014490006109999998
0.014492209660000003
0.014494407850000002
0.014496602269999997
0.014498790229999996
0.014500974049999995
0.014503153709999996
0.014505328400000003
0.014507500170000003
0.01450966537
0.014511826
0.014513982250000003
0.014516133960000002
0.014518280350000003
0.014520421179999998
0.014522557469999997
0.014524690790000001
0.014526818550000003
0.014528941160000001
0.014531060160000003
0.01453317412
0.014535284599999998
0.014537390370000005
0.014539490700000005
0.014541587530000002
0.014543678340000001
0.01454576521
0.014547849439999998
0.014549927200000002
0.014552000190000004
0.014554069079999999
0.014556134309999995
0.014558195210000003
0.014560251690000001
0.01456230321
0.01456435035
0.014566392419999998
0.01456843184
0.014570467430000003
0.014572497239999998
0.014574521959999998
0.014576544670000002
0.014578562549999993
0.014580575689999997
0.01458258408
0.014584589210000005
0.01458658827
0.014588585630000001
0.014590576119999999
0.01459256315
0.014594547019999998
0.01459652653
0.014598503380000002
0.014600474769999996
0.014602441019999997
0.014604404699999997
0.014606362939999997
0.014608319520000001
0.014610269949999992
0.014612216140000002
0.014614159099999998
0.01461609879
0.0146180328
0.014619964320000003
0.014621890579999998
0.014623813159999994
0.01462573255
0.01462764784
0.01462955713
0.014631465580000008
0.014633367809999999
0.014635266729999995
0.014637162749999998
0.01463905524
0.01464094202
0.014642825800000004
0.01464470667
0.014646582780000002
0.01464845568
0.014650324380000003
0.014652189339999996
0.014654050659999997
0.014655908390000002
0.01465776231
0.014659611349999997
0.01466145838
0.01466330059
0.014665138199999999
0.014666973069999999
0.014668803889999995
0.014670632149999996
0.014672456489999996
0.014674276090000002
0.01467609234
0.014677905060000001
0.014679715399999998
0.014681522009999998
0.014683323119999996
0.014685121790000002
0.014686916399999998
0.014688708879999996
0.014690496309999992
0.014692281500000005
0.01469406228
0.014695840249999998
0.01469761226
0.014699383699999997
0.01470115042
0.014702914110000005
0.014704674650000004
0.014706431500000004
0.01470818348
0.01470993414
0.014711678900000004
0.01471342241
0.014715162290000005
0.014716897230000003
0.0147186308
0.014720359859999997
0.01472208552
0.014723809130000001
0.014725528379999998
0.014727242960000003
0.014728956040000001
0.014730665130000004
0.014732369769999996
0.014734072020000002
0.014735771829999997
0.014737468220000001
0.014739159749999998
0.014740848290000002
0.014742535279999998
0.014744218259999999
0.014745896749999996
0.014747572780000003
0.014749245689999997
0.014750915219999999
0.01475258269
0.01475424788
0.014755907499999998
0.01475756379
0.014759218759999996
0.014760869969999996
0.014762518599999996
0.014764162059999999
0.01476580321
0.014767441150000003
0.014769076290000002
0.014770707929999998
0.014772337839999998
0.014773963489999997
0.014775585999999993
0.014777206890000007
0.014778823009999997
0.014780436009999998
0.014782047129999996
0.014783654389999998
0.014785259279999996
0.01478686166
0.01478846033
0.014790056480000003
0.014791649139999998
0.014793238760000002
0.014794826459999995
0.01479641073
0.014797991030000006
0.0147995692
0.014801143890000002
0.014802715939999999
0.014804284630000006
0.014805850870000001
0.014807415450000002
0.014808975200000001
0.014810533009999998
0.014812087180000004
0.014813638400000006
0.014815188760000004
0.014816733970000003
0.014818278139999997
0.014819817759999998
0.014821355689999996
0.014822890410000003
0.014824423529999995
0.014825951409999998
0.014827478260000002
0.014829001249999996
0.014830522810000003
0.01483204108
0.014833557150000001
0.014835068099999998
0.014836578279999997
0.01483808616
0.014839590279999997
0.014841092709999998
0.014842591919999999
0.014844088759999999
0.014845582039999998
0.014847073029999998
0.014848560320000004
0.014850047279999995
0.01485153023
0.014853011290000002
0.01485448866
0.014855963339999998
0.014857434510000003
0.01485890476
0.014860371389999998
0.014861836899999994
0.014863298149999999
0.01486475723
0.014866213770000001
0.014867668360000006
0.014869119950000002
0.01487056803
0.014872014089999998
0.01487345872
0.01487489749
0.014876337459999998
0.014877773399999999
0.014879206269999999
0.01488063712
0.014882066660000004
0.014883492169999997
0.014884914199999997
0.014886333980000001
0.014887752869999998
0.014889168850000006
0.01489058235
0.014891993110000003
0.014893401679999998
0.014894807970000005
0.0148962114
0.014897611929999997
0.014899010240000003
0.014900405020000005
0.014901799969999997
0.01490319146
0.01490457957
0.014905966319999998
0.01490735
0.014908731799999997
0.014910110280000001
0.014911488360000003
0.014912861739999998
0.014914233579999991
0.014915603889999997
0.01491697217
0.01491833649
0.014919698399999997
0.01492105874
0.014922416329999999
0.014923771199999998
0.01492512463
0.014926474929999996
0.014927823169999997
0.014929169960000002
0.014930514940000006
0.014931856500000002
0.014933197160000007
0.014934533699999999
0.014935869440000003
0.014937201809999997
0.014938531200000004
0.014939859410000002
0.014941184900000005
0.014942507399999997
0.014943828210000003
0.014945147169999999
0.014946463859999998
0.014947778620000001
0.014949091669999996
0.014950400910000002
0.014951706920000005
0.014953012869999999
0.014954316389999998
0.014955616619999999
0.01495691566
0.014958212950000003
0.014959507030000003
0.014960799129999997
0.014962089050000002
0.01496337777
0.014964663279999997
0.014965946950000001
0.01496722803
0.014968507859999996
0.01496978452
0.01497105962
0.014972334399999999
0.014973605210000003
0.014974874050000005
0.014976141160000003
0.01497740538
0.01497866693
0.01497992924
0.01498118747
0.014982442839999997
0.014983697140000004
0.014984950339999996
0.014986199690000002
0.014987447389999999
0.014988693559999997
0.014989936789999998
0.014991179249999993
0.01499241876
0.014993656910000003
0.014994893340000003
0.01499612556
0.014997357099999995
0.01499858685
0.014999813099999999
0.015001039719999996
0.015002262349999997
0.01500348452
0.015004703970000003
0.015005921769999995
0.01500713781
0.015008350590000002
0.015009562680000007
0.015010773110000002
0.015011980630000003
0.015013186089999997
0.01501438953
0.015015592499999997
0.015016790969999997
0.01501798915
0.01501918436
0.01502037944
0.015021572430000005
0.015022761640000002
0.015023950540000003
