0.10492329015999997
0.09482099696000004
0.08649974617999998
0.07992655886000001
0.07505920242
0.07147395826
0.06868126468
0.06635838946
0.06432197686
0.062468547799999996
0.06074093103999998
0.0591083829
0.05755429374000002
0.056069155080000016
0.05464704598000001
0.053283863560000005
0.0519765089
0.05072249686000001
0.04951971434000001
0.048366336080000016
0.04726069986
0.046201268999999996
0.045186596459999985
0.04421528086
0.043285940400000014
0.042397216899999986
0.04154774118000001
0.040736152319999996
0.03996107171999999
0.0392211222
0.03851492257999999
0.03784108798
0.03719824901999999
0.03658503490000001
0.036000097720000006
0.03544211319999999
0.034909774000000005
0.03440181234
0.033916992439999995
0.03345411888
0.0330120294
0.032589617079999994
0.03218581124
0.031799588120000014
0.03142997675999999
0.031076047519999993
0.030736913440000006
0.030411745320000003
0.03009974743999999
0.029800173019999997
0.02951231472
0.029235507799999998
0.02896912019999999
0.028712567140000006
0.028465286900000004
0.028226765780000003
0.027996509560000007
0.02777405642
0.027558981359999995
0.027350868079999997
0.027149345860000004
0.02695405699999999
0.026764663979999992
0.026580856060000005
0.026402336600000006
0.02622883542
0.026060085600000008
0.02589584684
0.02573589036
0.0255800054
0.025427991200000003
0.025279655000000005
0.02513482418
0.02499332742
0.02485500828
0.02471972208
0.024587327439999997
0.024457694960000005
0.02433070180000001
0.024206231940000003
0.024084175020000008
0.0239644317
0.023846900819999996
0.023731493220000007
0.023618120899999998
0.023506703660000003
0.023397163679999996
0.02328942974
0.023183429420000005
0.02307910131999999
0.022976383859999994
0.022875215600000005
0.022775544680000002
0.02267731582
0.02258048262000001
0.022484994039999998
0.022390812639999997
0.022297888060000007
0.022206184380000004
0.0221156661
0.022026292699999995
0.02193802878
0.021850845999999993
0.02176471256000001
0.02167959546
0.02159546786
0.021512307260000002
0.021430081800000007
0.02134877162
0.021268352699999996
0.021188800199999996
0.02111009658
0.02103221784
0.020955147960000003
0.02087886628
0.020803357420000005
0.0207286035
0.02065458792
0.020581298810000006
0.02050871456
0.02043682702
0.020365620259999998
0.020295080700000002
0.020225195360000003
0.020155953519999995
0.020087344020000005
0.02001935529
0.0199519776
0.019885198119999992
0.019819009020000004
0.01975340016
0.019688363899999995
0.01962388794
0.019559966880000005
0.01949658908
0.019433749860000005
0.019371440600000005
0.01930965374
0.01924838484
0.019187621330000005
0.0191273599
0.019067594720000004
0.01900831748
0.018949521740000006
0.01889120418
0.018833358659999997
0.01877597594
0.01871905368
0.01866258403
0.018606565439999997
0.018550990800000004
0.018495855779999997
0.018441155609999996
0.018386886270000003
0.01833304141
0.018279617820000003
0.01822661214
0.018174017330000004
0.01812183116
0.018070049190000003
0.01801866763
0.01796768139
0.01791708686
0.0178668846
0.0178170669
0.01776763042
0.017718575870000003
0.017669893600000007
0.01762158428
0.017573642199999996
0.017526066700000002
0.017478853480000004
0.01743200106
0.01738550427
0.017339357510000004
0.01729356437
0.0172481162
0.017203014189999997
0.017158251860000008
0.01711383089
0.01706974457
0.017025991729999995
0.01698257014
0.01693947787
0.01689671127
0.016854268199999994
0.016812144590000005
0.016770341600000002
0.016728851410000002
0.016687676029999998
0.01664681234
0.0166062577
0.01656600963
0.01652606541
0.016486424259999997
0.01644708266999999
0.016408038099999998
0.016369287320000002
0.0163308314
0.01629266697
0.016254791460000004
0.01621720488
0.01617990086
0.016142880970000006
0.01610614159
0.01606968119
0.01603349561
0.01599758863
0.015961953000000004
0.015926589499999998
0.01589149513
0.01585666828
0.01582210705
0.01578781078
0.015753774909999997
0.01572000007
0.01568648335
0.015653224029999996
0.015620218959999998
0.015587467639999995
0.01555496652
0.01552271707
0.015490715859999999
0.01545895987
0.015427447380000004
0.015396179469999998
0.015365153860000003
0.015334366599999998
0.015303814920000002
0.015273502649999998
0.01524342509
0.01521358196
0.015183968559999997
0.015154584980000002
0.015125431830000003
0.015096503829999998
0.015067803000000001
0.015039325999999997
0.01501107233
0.01498303888
0.014955224269999998
0.014927626190000001
0.01490024555
0.014873083049999998
0.01484613194
0.014819393979999994
0.01479286685
0.014766549420000004
0.014740439650000006
0.01471453632
0.014688839660000003
0.01466334557
0.014638053209999996
0.01461296328
0.01458807383
0.014563382109999998
0.0145388868
0.014514586630000006
0.014490481720000002
0.014466570330000008
0.01444285172
0.014419322820000002
0.014395984519999995
0.014372832560000003
0.014349869759999998
0.014327090419999999
0.014304495940000002
0.014282084370000002
0.014259853220000002
0.014237804120000008
0.014215933529999997
0.014194242740000003
0.014172728599999995
0.014151389789999995
0.014130226800000001
0.014109235379999998
0.01408841736
0.014067770179999996
0.014047291539999998
0.01402698373
0.014006843450000002
0.013986870379999999
0.013967062669999999
0.013947417329999996
0.013927936750000003
0.013908618589999994
0.013889460390000002
0.013870462520000005
0.01385162449
0.01383294374
0.013814419190000005
0.013796050360000003
0.013777837340000001
0.013759776789999997
0.013741868020000006
0.01372411217
0.0137065057
0.013689048209999994
0.013671740889999996
0.013654578940000002
0.013637564349999997
0.013620694669999999
0.01360397052
0.013587389089999997
0.013570949829999995
0.013554651689999999
0.013538493929999998
0.01352247643
0.013506597420000004
0.013490856709999999
0.013475251819999999
0.013459783119999997
0.013444450180000003
0.0134292505
0.013414184429999998
0.013399249200000001
0.013384444960000002
0.013369770489999998
0.013355228370000003
0.013340812699999998
0.013326524990000001
0.013312364489999999
0.013298330629999999
0.013284418950000003
0.013270632419999998
0.013256970280000002
0.0132434294
0.01323001074
0.01321671257
0.013203532210000002
0.01319047402
0.01317753276
0.01316470942
0.013152002580000006
0.01313941024
0.01312693378
0.013114572579999999
0.01310232432
0.013090188699999998
0.013078163139999998
0.013066250279999995
0.013054446669999999
0.013042752829999999
0.013031168230000003
0.013019690389999998
0.013008319750000002
0.012997057050000003
0.012985899270000004
0.012974846429999999
0.01296389848
0.012953052540000004
0.012942310379999997
0.0129316703
0.012921129569999997
0.012910692389999995
0.012900351680000002
0.0128901116
0.01287996931
0.012869925760000001
0.012859979859999997
0.012850128489999996
0.012840373689999997
0.01283071357
0.012821148039999997
0.012811674319999999
0.012802294939999997
0.01279300769
0.01278381272
0.012774707819999998
0.012765693239999997
0.01275676748
0.012747929190000002
0.012739181380000002
0.01273052085
0.01272194804
0.012713460649999994
0.012705060569999998
0.012696745450000001
0.012688512810000002
0.012680365870000002
0.012672301089999997
0.012664321600000004
0.01265642273
0.01264860573
0.012640867739999999
0.012633210549999998
0.01262563365
0.012618134410000002
0.012610714980000002
0.012603373840000001
0.012596109829999997
0.012588921549999991
0.012581807939999998
0.012574770489999996
0.012567809710000002
0.01256092238
0.012554110710000002
0.012547370129999999
0.012540703960000002
0.012534108400000004
0.012527587350000003
0.012521134700000006
0.012514754559999999
0.01250844268
0.012502201050000003
0.012496027120000005
0.012489921659999997
0.012483884750000002
0.012477915849999998
0.012472015289999997
0.012466180549999999
0.01246041152
0.012454707089999994
0.012449068280000001
0.01244349364
0.012437981210000002
0.012432534330000005
0.01242714993
0.012421827429999994
0.012416567709999998
0.012411368909999998
0.012406230829999998
0.012401153320000002
0.012396136500000002
0.012391178440000004
0.012386279889999997
0.01238143958
0.01237665813
0.01237193384
0.012367265839999999
0.0123626548
0.012358101360000005
0.01235360342
0.012349160670000001
0.012344771850000002
0.01234043934
0.012336160620000002
0.0123319362
0.01232776418
0.012323645000000001
0.01231957937
0.012315565360000003
0.012311603450000007
0.01230769196
0.012303830890000004
0.012300020539999994
0.012296258959999999
0.012292547979999997
0.012288886890000001
0.01228527343
0.012281709100000005
0.012278191339999998
0.012274722229999997
0.012271299549999998
0.012267924280000002
0.012264595379999998
0.012261312719999999
0.012258075319999999
0.012254882990000004
0.012251735209999998
0.01224863351
0.012245575169999998
0.012242560740000002
0.01223958998
0.012236661920000003
0.012233777609999998
0.01223093369
0.012228132380000003
0.012225372790000001
0.012222654380000005
0.012219977040000001
0.012217340089999999
0.012214744330000003
0.012212187600000004
0.012209670720000001
0.012207194449999997
0.012204755979999999
0.012202356999999997
0.012199996500000001
0.01219767363
0.01219538764
0.012193138980000002
0.01219092762
0.012188754179999999
0.012186614349999998
0.01218451234
0.012182446139999999
0.012180415999999998
0.01217842165
0.012176460159999998
0.012174534369999997
0.012172642430000005
0.012170784350000002
0.012168959410000003
0.012167168579999998
0.012165410960000001
0.012163685709999998
0.012161993599999999
0.012160334160000006
0.01215870609
0.012157109330000002
0.012155544890000005
0.012154012199999994
0.012152509600000002
0.012151038219999999
0.01214959677
0.012148185429999998
0.012146803049999998
0.01214545164
0.012144127849999999
0.012142834949999999
0.012141569139999997
0.012140332999999998
0.01213912542
0.012137945929999996
0.012136792729999997
0.01213566824
0.012134569940000001
0.012133499619999997
0.012132455879999997
0.01213143849
0.01213044789
0.012129483039999998
0.012128543730000002
0.012127630210000002
0.01212674245
0.01212588131
0.012125044019999996
0.012124230939999998
0.012123442720000002
0.0121226788
0.012121939660000003
0.01212122483
0.012120533570000001
0.01211986508
0.012119219970000001
0.012118596110000004
0.012117998270000003
0.012117422130000005
0.012116867190000002
0.012116335130000003
0.012115825229999998
0.012115337289999995
0.012114869979999998
0.012114425589999998
0.012114000800000002
0.012113597749999996
0.012113216159999995
0.01211285595
0.012112515600000005
0.01211219357
0.012111892829999997
0.012111613080000002
0.012111352689999997
0.012111112319999999
0.012110890719999998
0.012110687630000004
0.012110504989999998
0.01211034021
0.012110194070000007
0.012110066159999997
0.01210995737
0.012109867860000005
0.012109794839999998
0.012109738360000002
0.012109700820000003
0.012109681990000001
0.012109679710000001
0.012109693350000004
0.01210972527
0.012109773919999997
0.012109838480000001
0.012109919960000002
0.012110018569999997
0.01211013275
0.012110263310000001
0.012110410210000004
0.01211057227
0.012110750780000002
0.01211094573
0.012111154130000003
0.012111378430000002
0.012111616740000003
0.01211187179
0.012112140779999996
0.012112424809999996
0.0121127234
0.012113035230000003
0.012113362700000005
0.012113703140000005
0.012114058090000001
0.012114427000000004
0.012114810439999998
0.012115205879999997
0.012115613519999999
0.012116036809999998
0.012116472520000001
0.012116921209999998
0.01211738237
0.012117857099999997
0.012118345349999997
0.012118844610000004
0.012119357970000001
0.01211988334
0.012120420109999997
0.0121209705
0.01212153119
0.012122103210000004
0.012122688739999998
0.01212328638
0.012123894600000002
0.012124514749999999
0.012125145770000002
0.012125787009999998
0.012126439739999996
0.012127103240000001
0.012127778740000001
0.012128465679999999
0.012129162109999998
0.0121298699
0.012130588
0.01213131589
0.012132055000000004
0.012132804510000006
0.0121335634
0.012134332910000004
0.012135111249999999
0.012135899030000001
0.01213669839
0.012137505149999998
0.012138323430000002
0.012139150159999995
0.012139985820000003
0.01214083058
0.012141685019999997
0.01214254746
0.012143420029999998
0.012144299859999999
0.012145190269999996
0.012146088930000003
0.012146995889999998
0.01214791084
0.012148834580000005
0.01214976679
0.01215070778
0.012151656430000001
0.012152613000000001
0.012153578529999995
0.012154551840000003
0.01215553245
0.012156521230000002
0.012157517610000003
0.01215852092
0.01215953348
0.012160552090000004
0.01216157963
0.012162613489999998
0.012163655020000004
0.01216470337
0.01216575841
0.01216682012
0.01216789032
0.012168966470000002
0.01217004937
0.012171138220000002
0.012172234970000003
0.012173338309999997
0.012174447449999999
0.012175563670000002
0.012176686350000005
0.01217781583
0.012178951309999998
0.0121800921
0.012181240550000003
0.012182394129999998
0.012183553950000002
0.012184719100000001
0.012185891589999998
0.012187068840000002
0.012188251039999997
0.012189439159999997
0.012190632169999998
0.012191832459999998
0.0121930387
0.01219424894
0.012195464760000002
0.012196685819999999
0.012197913279999998
0.012199145009999999
0.012200382709999999
0.012201625910000003
0.012202873799999998
0.012204127820000004
0.01220538456
0.01220664747
0.012207914500000002
0.0122091872
0.012210464409999996
0.012211745830000004
0.01221303163
0.012214323179999997
0.012215619910000005
0.01221692044
0.012218225039999999
0.012219534009999995
0.012220847349999998
0.01222216415
0.012223485660000002
0.012224811450000001
0.01222614045
0.01222747374
0.012228812289999997
0.012230155769999999
0.012231501649999999
0.012232851800000005
0.012234206099999999
0.01223556325
0.012236925259999996
0.012238291540000003
0.01223966154
0.01224103418
0.01224241065
0.012243790970000001
0.012245174269999992
0.01224656017
0.012247950820000002
0.012249344320000006
0.012250741959999999
0.012252143220000003
0.012253546930000003
0.012254953370000002
0.012256363319999998
0.012257775890000003
0.012259193220000004
0.0122606127
0.012262035979999997
0.012263462560000002
0.012264889550000005
0.012266321549999997
0.012267756429999999
0.012269193849999997
0.012270634120000002
0.012272077710000004
0.012273524180000002
0.012274972519999998
0.01227642401
0.012277879450000003
0.012279336069999997
0.012280794360000005
0.01228225636
0.012283720260000002
0.012285187290000001
0.012286656120000003
0.012288127230000001
0.012289601180000003
0.012291076359999997
0.012292554269999999
0.012294036139999999
0.012295519089999995
0.012297003450000003
0.012298491710000001
0.012299981260000004
0.012301473359999999
0.012302967649999998
0.012304464659999997
0.012305963800000002
0.01230746413
0.012308967180000002
0.012310471199999999
0.01231197816
0.012313486220000001
0.012314996530000002
0.012316508799999997
0.01231802295
0.012319538029999997
0.012321056029999998
0.012322574949999998
0.01232409763
0.012325619339999996
0.012327143960000002
0.012328670080000001
0.012330199540000001
0.012331729609999998
0.012333261099999994
0.01233479441
0.012336328620000002
0.012337865109999997
0.012339401980000003
0.01234094091
0.012342480460000003
0.01234402187
0.01234556542
0.01234711055
0.012348657449999998
0.0123502049
0.012351754510000002
0.012353303889999999
0.012354856029999998
0.01235640752
0.012357961709999999
0.012359517249999997
0.012361073629999999
0.012362631229999999
0.012364190140000002
0.01236575067
0.012367311069999998
0.012368872910000002
0.012370437000000001
0.012372001639999998
0.012373567399999999
0.012375134229999998
0.012376700930000005
0.01237826891
0.01237983831
0.012381409210000003
0.012382979819999999
0.01238455197
0.012386124760000004
0.012387698000000004
0.012389274019999997
0.012390848339999996
0.01239242645
0.012394003550000001
0.012395581430000004
0.012397158909999999
0.01239874031
0.012400320540000002
0.012401901269999998
0.012403483080000001
0.01240506409
0.01240664788
0.012408231999999998
0.012409815939999997
0.012411400930000004
0.012412987499999998
0.012414572359999997
0.012416159480000001
0.012417747310000003
0.012419334990000006
0.01242092381
0.012422511589999997
0.012424101120000001
0.012425691360000005
0.01242728102
0.012428871480000003
0.01243046287
0.01243205462
0.012433646690000005
0.012435239600000002
0.012436831500000002
0.012438424089999997
0.012440017939999999
0.012441611979999998
0.012443205939999997
0.012444800179999998
0.012446396499999996
0.012447992009999995
0.012449588059999996
0.01245118436
0.01245277974
0.012454377980000002
0.012455974630000002
0.012457572179999998
0.01245916998
0.012460768210000002
0.012462366109999998
0.0124639641
0.012465562590000005
0.012467161180000002
0.012468758939999998
0.012470357189999998
0.012471955249999998
0.012473555289999999
0.012475152790000004
0.01247675219
0.012478351010000001
0.012479948959999997
0.012481548589999997
0.012483147780000004
0.012484745839999999
0.012486344880000005
0.012487944909999993
0.01248954424
0.01249114285
0.012492742089999995
0.012494342589999995
0.012495940780000003
0.012497540139999999
0.012499139359999998
0.012500738409999998
0.012502338540000001
0.012503937210000005
0.012505536800000001
0.012507134710000003
0.012508734130000006
0.012510333489999999
0.012511932619999997
0.01251353143
0.012515130030000005
0.01251672808
0.012518326950000002
0.012519924469999999
0.012521522759999999
0.012523120649999999
0.012524719430000004
0.01252631735
0.012527914679999997
0.012529511149999999
0.012531108290000004
0.012532705700000006
0.012534302899999999
0.012535898920000002
0.012537494380000003
0.01253908928
0.012540684150000005
0.012542279950000002
0.012543876760000001
0.01254546979
0.012547064720000002
0.012548659590000002
0.01255025329
0.012551847669999998
0.012553440799999998
0.012555034620000002
0.012556627789999998
0.012558220320000004
0.012559813780000002
0.012561404519999996
0.012562996639999999
0.01256458843
0.012566178999999997
0.01256776977
0.012569358829999999
0.012570949219999999
0.012572539749999999
0.012574128630000004
0.012575717689999998
0.012577307139999999
0.012578895970000002
0.01258048415
0.01258207131
0.012583659339999997
0.012585244609999997
0.012586832
0.012588417969999996
0.012590003289999999
0.012591587830000002
0.012593171969999999
0.012594756640000003
0.012596340790000002
0.01259792323
0.012599505639999998
0.012601087780000006
0.012602670019999995
0.012604250970000001
0.012605830589999999
0.012607411359999997
0.012608991359999997
0.01261057023
0.012612149010000004
0.0126137267
0.012615304439999999
0.012616881949999997
0.012618460500000001
0.012620036890000002
0.012621613619999998
0.012623188689999999
0.012624763099999999
0.01262633776
0.012627913109999998
0.012629486709999997
0.01263105836
0.01263263032
0.012634201140000002
0.012635772110000004
0.012637343110000001
0.012638913289999996
0.012640482720000004
0.012642052540000002
0.012643620980000003
0.012645188969999997
0.012646756599999996
0.012648324859999996
0.012649891759999999
0.012651458229999999
0.012653023239999998
0.01265458808
0.012656152240000003
0.01265771569
0.012659279099999997
0.01266084105
0.012662401949999999
0.012663963389999998
0.012665524130000001
0.01266708444
0.012668643309999998
0.01267020036
0.012671758519999998
0.012673316240000001
0.01267487138
0.012676428169999998
