0.10340774293999999
0.08508940016000001
0.07462513213999998
0.06901925139999998
0.0653762581
0.06247430035999999
0.059895637939999996
0.057498955960000014
0.055236073020000005
0.05309036126000002
0.05105601984000001
0.049130910320000006
0.04731396711999999
0.04560409595999999
0.04399966963999999
0.04249830406000001
0.04109679158000001
0.03979121275999999
0.038577093340000014
0.03744959658
0.03640365704000001
0.0354341484
0.03453590766
0.033703826740000005
0.03293287812
0.032218176700000004
0.031555014879999996
0.03093892225999999
0.03036568849999999
0.029831392199999994
0.0293324182
0.0288654526
0.0284274819
0.028015769159999995
0.027627849139999997
0.027261498500000005
0.02691472241999999
0.026585730520000003
0.026272910879999996
0.02597482704
0.02569018480000001
0.025417828460000003
0.025156723400000004
0.02490593406000001
0.024664624740000005
0.024432040579999995
0.024207505660000007
0.023990413540000005
0.023780209919999993
0.0235763979
0.02337853216
0.023186205739999997
0.022999050239999992
0.022816730120000007
0.022638948679999996
0.022465425580000004
0.022295909560000004
0.02213017681999999
0.02196801614
0.021809240899999995
0.02165367546
0.021501158739999998
0.0213515489
0.02120470896
0.021060516320000004
0.020918858779999997
0.020779634399999997
0.02064274584
0.020508104459999996
0.020375630579999998
0.02024524626
0.020116883680000003
0.019990477019999998
0.019865965500000003
0.019743296859999995
0.019622416340000007
0.019503274140000002
0.01938582889
0.019270033720000006
0.019155854539999996
0.01904324866
0.01893218228
0.01882262727
0.01871454673
0.018607918619999997
0.018502709399999998
0.018398897119999993
0.018296453990000006
0.018195357619999998
0.018095586360000002
0.01799712188
0.017899941179999997
0.01780402554
0.01770935651
0.0176159143
0.017523685170000004
0.0174326515
0.017342798769999997
0.017254109179999998
0.017166574000000004
0.017080172999999997
0.01699489533
0.01691072932
0.016827659000000002
0.016745675260000006
0.01666476487
0.016584916359999997
0.016506116329999997
0.01642835659000001
0.01635162244
0.01627590851
0.01620120072
0.016127487160000002
0.016054761389999995
0.015983013110000003
0.01591223136
0.015842407820000005
0.01577353334
0.015705598260000002
0.015638593410000002
0.015572507070000003
0.015507336069999999
0.01544306873
0.015379694040000004
0.015317206550000002
0.015255595760000004
0.015194856689999998
0.015134978160000001
0.015075952280000006
0.015017771209999996
0.014960425990000002
0.0149039116
0.0148482158
0.014793332609999996
0.01473925489
0.014685975300000003
0.014633484189999997
0.014581772429999999
0.014530836269999998
0.014480665660000001
0.014431252490000001
0.014382588759999999
0.014334669310000006
0.014287485359999996
0.01424102784
0.014195291320000003
0.014150266300000006
0.01410594616
0.014062325209999995
0.01401939327
0.013977144420000002
0.013935570449999999
0.01389466677
0.013854420249999999
0.013814829170000004
0.013775883499999999
0.013737577070000005
0.01369990236
0.013662851120000001
0.013626415470000002
0.013590591579999995
0.013555370140000002
0.013520742260000003
0.013486704029999998
0.013453248460000001
0.013420365049999999
0.013388052519999997
0.01335629999
0.013325101229999999
0.013294449880000003
0.01326433786
0.013234760740000002
0.013205709599999999
0.013177180939999998
0.013149164990000003
0.013121654869999997
0.01309464584
0.013068132780000003
0.013042105040000003
0.01301655765
0.012991487200000006
0.012966884170000002
0.012942744369999998
0.012919061210000004
0.012895830530000006
0.01287304139
0.01285069144
0.012828772999999995
0.012807282310000001
0.012786212009999997
0.012765555340000002
0.01274530729
0.01272546308
0.012706016580000002
0.012686962
0.012668295199999997
0.01265000752
0.012632096760000003
0.01261455448
0.01259737626
0.012580560329999999
0.0125640977
0.01254798319
0.012532213689999998
0.012516783689999998
0.012501685450000005
0.01248691738
0.01247247356
0.012458349219999996
0.012444538850000002
0.012431038599999998
0.012417842470000003
0.012404947029999997
0.012392345869999998
0.012380037679999997
0.012368015940000006
0.01235627571
0.012344813139999999
0.012333625620000002
0.012322708069999999
0.012312053549999997
0.012301661200000003
0.012291525880000001
0.012281643130000002
0.012272009099999998
0.012262620430000003
0.012253471270000003
0.012244557540000003
0.012235879160000001
0.0122274299
0.01221920486
0.012211203750000002
0.01220342062
0.012195851359999996
0.012188493630000002
0.012181342749999992
0.012174397109999999
0.012167652430000002
0.012161106039999996
0.01215475175
0.012148588449999997
0.012142614850000002
0.012136824469999996
0.012131215640000003
0.012125785940000001
0.012120531030000003
0.012115448480000002
0.01211053404
0.012105787109999998
0.012101203689999998
0.012096783370000004
0.012092518389999998
0.012088409820000002
0.01208445308
0.012080645990000001
0.012076985929999997
0.012073469669999998
0.012070097970000002
0.012066863
0.01206376601
0.012060802449999998
0.012057972660000001
0.012055272530000003
0.012052699150000004
0.012050251339999998
0.01204792664
0.012045722000000002
0.012043635540000002
0.012041665359999999
0.012039809309999998
0.012038065350000002
0.012036431290000003
0.01203490519
0.012033484819999994
0.012032168910000004
0.012030955550000002
0.012029840400000002
0.01202882525
0.012027906689999996
0.012027081879999998
0.012026349200000001
0.012025709180000002
0.012025157600000003
0.012024692850000003
0.012024314560000002
0.012024020310000003
0.01202380939
0.012023678649999994
0.012023627080000003
0.012023654000000002
0.012023756870000003
0.01202393633
0.012024189150000001
0.01202451156
0.01202490599
0.01202536957
0.012025901360000002
0.012026498680000003
0.012027162750000002
0.012027890469999998
0.012028679459999995
0.012029531240000002
0.01203044162
0.01203141142
0.012032438909999993
0.012033522980000003
0.012034661699999998
0.01203585528
0.01203710214
0.012038400300000005
0.012039749489999994
0.012041148519999998
0.012042597260000001
0.012044094079999994
0.012045636120000003
0.012047225380000002
0.01204885816
0.012050536329999998
0.012052257359999999
0.01205402022
0.012055823260000001
0.01205766704
0.012059550569999999
0.012061471719999996
0.012063432770000004
0.012065428760000003
0.012067461760000002
0.012069529539999997
0.01207163239
0.012073770280000002
0.012075940720000001
0.012078142190000004
0.012080377080000006
0.012082642190000006
0.012084937590000002
0.0120872614
0.01208961486
0.012091996150000001
0.01209440465
0.012096840659999998
0.012099303649999995
0.012101790020000001
0.012104302989999998
0.012106841259999999
0.012109403259999998
0.01211198769
0.01211459705
0.012117226320000002
0.012119877250000001
0.012122549729999998
0.012125245200000002
0.012127959260000001
0.012130692709999997
0.012133446089999994
0.01213621697
0.012139008030000004
0.012141815260000004
0.012144640780000002
0.012147483769999997
0.0121503421
0.012153216529999995
0.012156107409999999
0.012159013720000002
0.012161934319999996
0.012164870229999998
0.012167819620000003
0.01217078302
0.01217376051
0.01217675153
0.012179753619999997
0.012182768419999998
0.012185794899999996
0.012188832630000002
0.012191882320000003
0.012194943180000003
0.012198014350000001
0.012201095739999996
0.012204188480000003
0.012207289999999997
0.012210400640000002
0.012213521950000002
0.012216651579999998
0.01221978898
0.01222293536
0.012226090970000002
0.01222925318
0.012232422369999997
0.012235599219999997
0.01223878406
0.012241975070000001
0.01224517323
0.012248378439999999
0.01225158927
0.01225480685
0.012258029400000002
0.012261258169999996
0.012264491829999996
0.01226773094
0.012270974899999995
0.01227422429
0.012277477440000002
0.01228073457
0.012283996169999995
0.012287262729999995
0.012290532570000002
0.01229380654
0.012297083819999997
0.01230036486
0.01230364898
0.01230693555
0.012310226699999996
0.012313520769999997
0.012316816580000002
0.012320113829999996
0.012323413969999999
0.012326716650000003
0.012330020589999997
0.012333326020000002
0.012336635129999995
0.012339945439999998
0.012343256390000001
0.012346570099999999
0.012349885079999998
0.012353200750000005
0.012356517940000004
0.01235983587
0.012363154329999999
0.012366474349999998
0.012369794829999996
0.01237311673
0.012376438759999999
0.012379761579999999
0.012383082930000002
0.012386406649999999
0.012389730139999998
0.01239305403
0.012396377980000001
0.012399700739999998
0.012403023199999998
0.012406346689999997
0.012409668320000001
0.01241298968
0.012416310279999999
0.012419631
0.012422949369999997
0.012426268490000003
0.01242958684
0.01243290403
0.012436220290000001
0.012439537089999998
0.01244285313
0.012446165139999998
0.01244947741
0.012452788690000001
0.012456096730000003
0.012459405909999999
0.012462713479999998
0.012466018209999999
0.012469323559999997
0.012472627220000001
0.012475927230000001
0.012479226879999998
0.012482525279999998
0.012485821939999999
0.012489116049999997
0.012492408129999997
0.01249569893
0.012498986390000001
0.012502272769999998
0.01250555803
0.01250884005
0.012512121369999997
0.01251539911
0.012518675430000004
0.01252195007
0.012525220879999997
0.01252849034
0.012531758289999998
0.012535023850000002
0.012538286420000003
0.012541545979999999
0.012544803739999992
0.012548059570000002
0.012551311449999998
0.01255456259
0.012557811160000001
0.012561055449999999
0.012564298419999998
0.012567537999999996
0.01257077635
0.012574009219999998
0.01257724165
0.0125804703
0.012583695999999995
0.012586919939999996
0.012590141279999998
0.012593359149999999
0.01259657453
0.012599787279999997
0.012602997360000003
0.012606203859999998
0.012609407480000001
0.012612608660000002
0.012615806920000002
0.012619002360000003
0.012622193179999998
0.01262538339
0.012628569619999997
0.012631751849999994
0.0126349315
0.012638109400000003
0.012641282899999997
0.01264445297
0.012647621329999999
0.01265078618
0.01265394696
0.012657105529999999
0.012660261549999998
0.012663414190000001
0.012666563240000005
0.01266970867
0.012672851750000005
0.012675992769999993
0.01267912993
0.012682263319999998
0.012685393659999997
0.012688520239999996
0.012691645189999998
0.012694766140000003
0.012697884220000002
0.012700998470000002
0.012704110259999998
0.012707217539999996
0.012710322480000001
0.01271342262
0.01271652151
0.01271961622
0.012722708199999998
0.012725796230000004
0.0127288806
0.012731961950000002
0.01273503963
0.012738114329999996
0.012741187199999999
0.012744256080000002
0.0127473212
0.012750383650000004
0.012753441719999998
0.012756496799999996
0.012759548510000003
0.012762597489999998
0.0127656424
0.012768683360000003
0.012771723649999997
0.012774757769999995
0.012777788399999998
0.012780818440000001
0.012783843380000002
0.012786864260000006
0.012789882349999998
0.012792898450000003
0.012795909179999999
0.012798918999999997
0.01280192382
0.012804924460000002
0.01280792344
0.012810918910000002
0.01281391111
0.0128168985
0.012819882819999996
0.012822864790000001
0.012825843020000005
0.012828818150000003
0.012831790100000002
0.012834757750000004
0.01283772289
0.012840685049999998
0.012843642149999994
0.012846596299999999
0.012849548219999998
0.01285249653
0.012855441700000001
0.012858382960000001
0.01286131983
0.012864254820000006
0.012867185379999996
0.01287011348
0.0128730369
0.012875957960000003
0.012878875730000001
0.01288179038
0.01288470177
0.01288761002
0.012890513200000002
0.01289341409
0.01289631214
0.012899205720000004
0.012902096099999998
0.012904984800000003
0.012907868550000003
0.01291074922
0.012913626890000003
0.012916502139999994
0.012919373699999997
0.012922240560000003
0.012925104469999999
0.01292796633
0.012930824629999999
0.012933679020000002
0.012936529639999998
0.01293937706
0.012942221859999999
0.012945062380000006
0.01294789968
0.012950733180000002
0.01295356357
0.012956390690000002
0.012959215980000003
0.012962037019999999
0.012964854550000002
0.012967668600000004
0.01297047954
0.01297328702
0.012976092829999999
0.012978893000000002
0.012981692229999994
0.012984487599999999
0.01298727938
0.0129900688
0.012992852789999993
0.012995635560000001
0.012998413989999997
0.01300118854
0.013003961239999999
0.013006729019999998
0.013009495519999999
0.013012256729999998
0.013015015410000002
0.0130177702
0.013020523579999997
0.01302327154
0.01302601782
0.013028760529999994
0.013031499700000003
0.01303423492
0.01303696748
0.013039696880000002
0.013042422840000002
0.01304514735
0.01304786746
0.013050583889999998
0.013053297989999997
0.01305600783
0.01305871509
0.013061417869999991
0.013064118050000002
0.013066815449999998
0.013069510559999997
0.013072202309999998
0.013074890959999997
0.01307757503
0.0130802571
0.01308293468
0.013085610509999998
0.013088281940000002
0.013090951789999996
0.013093617109999997
0.01309627858
0.013098938720000002
0.013101593069999999
0.01310424659
0.013106896280000004
0.013109543419999998
0.013112187110000001
0.013114829010000002
0.01311746668
0.013120100659999998
0.013122731540000002
0.01312536036
0.013127985340000002
0.01313060821
0.013133225810000003
0.013135841300000005
0.013138453340000002
0.013141060930000004
0.013143667549999998
0.013146269719999997
0.013148870529999999
0.013151467129999999
0.013154061629999998
0.013156651800000004
0.01315924047
0.013161826440000003
0.01316440815
0.013166986999999998
0.013169561950000002
0.013172134130000002
0.013174702330000003
0.013177269270000003
0.013179831929999997
0.013182392539999999
0.013184949250000005
0.013187504039999997
0.013190054590000002
0.013192603940000002
0.013195149319999998
0.013197690169999998
0.013200228719999995
0.013202765959999998
0.013205299739999999
0.013207829769999999
0.01321035687
0.013212879509999999
0.013215400799999999
0.01321792016
0.0132204348
0.013222945930000006
0.013225455949999996
0.013227961400000002
0.01323046483
0.013232965879999998
0.013235462309999996
0.013237957209999998
0.013240447920000002
0.013242935830000002
0.01324542183
0.01324790381
0.013250383249999999
0.013252860389999996
0.013255333429999999
0.013257803659999998
0.013260270500000003
0.013262735670000001
0.013265197970000002
0.013267656429999997
0.013270112070000001
0.013272564829999998
0.013275014099999993
0.013277461800000001
0.01327990718
0.013282349320000005
0.013284788489999998
0.013287224390000003
0.01328965834
0.013292089040000002
0.013294515060000001
0.013296940289999998
0.013299361799999998
0.013301779849999997
0.013304196309999999
0.013306608170000001
0.01330901832
0.013311425000000002
0.013313830490000001
0.013316231539999999
0.013318630230000003
0.013321026710000001
0.013323419789999999
0.013325809820000001
0.013328196980000002
0.01333058196
0.013332964570000001
0.013335344479999994
0.01333772087
0.013340093690000006
0.01334246255
0.013344828960000001
0.013347194190000002
0.013349555899999997
0.013351915020000002
0.013354272610000002
0.013356627160000002
0.013358979040000003
0.013361327030000002
0.013363673889999997
0.013366016430000002
0.013368356119999997
0.013370693350000002
0.01337302642
0.013375358860000002
0.013377687869999998
0.01338001399
0.0133823368
0.013384656720000004
0.013386975550000004
0.013389291159999999
0.013391603500000007
0.013393913349999998
0.013396221100000003
0.013398523999999997
0.013400825679999999
0.01340312322
0.013405419879999998
0.013407713480000001
0.013410004119999992
0.01341229164
0.013414577700000001
0.01341685939
0.013419139060000003
0.013421416710000002
0.013423690689999997
0.01342596398
0.013428233090000003
0.013430498990000001
0.013432764249999998
0.01343502544
0.013437283970000002
0.013439539330000003
0.01344179289
0.013444044180000001
0.013446291849999998
0.013448537300000002
0.01345077986
0.013453020110000005
0.01345525713
0.013457492879999998
0.013459726159999998
0.013461955410000002
0.013464182600000003
0.013466406989999999
0.013468630049999996
0.013470848569999996
0.013473065120000002
0.01347527833
0.01347749002
0.013479699009999995
0.013481905680000001
0.013484110299999998
0.013486311150000001
0.01348850947
0.013490705419999997
0.013492897690000005
0.013495087399999996
0.013497275740000005
0.013499460190000001
0.013501642490000004
0.013503823569999997
0.013506001279999999
0.013508176990000002
0.013510348789999998
0.01351251916
0.013514686330000001
0.01351685092
0.01351901376
0.013521172350000001
0.01352333118
0.013525486709999994
0.01352763855
0.01352978837
0.013531936089999998
0.013534080080000004
0.013536223170000002
0.013538362980000005
0.01354050096
0.013542635850000005
0.013544768099999998
0.013546898489999999
0.013549025820000003
0.013551150870000006
0.013553273639999997
0.01355539354
0.01355751181
0.013559626730000001
0.01356173965
0.01356384982
0.01356595755
0.01356806315
0.013570166540000001
0.01357226686
0.013574363900000002
0.01357646041
0.013578553160000001
0.013580643750000001
0.013582731879999999
0.013584817130000003
0.013586899119999997
0.013588980079999997
0.013591058229999998
0.013593133830000001
0.013595207179999997
0.013597278869999998
0.013599348489999998
0.01360141438
0.013603477940000004
0.013605539619999996
0.013607598330000002
0.013609655580000001
0.013611709840000001
0.013613761860000002
0.01361581116
0.013617858269999998
0.01361990304
0.013621945339999997
0.013623985120000005
0.013626022429999995
0.013628057220000003
0.013630090350000006
0.013632122009999996
0.013634151030000001
0.013636177559999997
0.01363820069
0.013640222900000004
0.01364224148
0.013644258629999996
0.013646271570000004
0.01364828438
0.013650295080000001
0.013652303079999997
0.013654307939999999
0.013656310180000002
0.013658310569999997
0.01366030885
0.013662305219999999
0.013664297529999994
0.013666288990000003
0.013668278209999997
0.013670264570000003
0.01367224964
0.01367423201
0.01367621204
0.013678189460000004
0.01368016539
0.013682137550000003
0.013684107680000003
0.01368607616
0.01368804281
0.01369000835
0.013691970850000002
0.01369392959
0.013695887350000005
0.013697841950000001
0.013699795620000002
0.013701745150000002
0.013703695359999999
0.013705640110000004
0.013707583699999994
0.013709523229999998
0.013711461089999995
0.013713397530000003
0.013715332699999996
0.013717264150000002
0.013719194239999996
0.013721122649999997
0.013723049329999997
0.01372497228
0.013726894920000001
0.013728814559999995
0.013730731509999998
0.013732647249999997
0.013734560029999999
0.013736470530000005
0.01373837893
0.013740285070000002
0.013742189090000002
0.013744091570000005
0.013745990490000002
0.013747887600000001
0.013749784039999997
0.013751675679999999
0.013753567060000001
0.013755455929999999
0.013757343020000003
0.013759227200000003
0.013761110570000002
0.013762991280000001
0.013764869480000002
0.013766746260000002
0.013768620950000003
0.013770492570000004
0.01377236214
0.013774230309999991
0.01377609631
0.013777959600000002
0.01377982109
0.01378167825
0.013783534320000004
0.013785388970000001
0.013787242130000002
0.013789092590000001
0.013790941600000002
0.013792787850000003
0.013794632260000002
0.013796475289999999
0.013798316180000002
0.013800154159999998
0.01380198982
0.013803823340000004
0.013805654180000005
0.01380748493
0.013809312049999998
0.013811136380000002
0.013812960680000003
0.013814782480000003
0.013816601460000001
0.0138184206
0.013820236089999993
0.013822048710000001
0.013823860250000002
0.01382566938
0.013827477270000006
0.01382928161
