0.10476849474000001
0.06333853928000004
0.05110915184000001
0.04308912100000001
0.03758983008000001
0.03374951308000001
0.031002001100000003
0.028971427259999998
0.027414737100000003
0.026177197079999992
0.025160019379999992
0.02429921502
0.023552510340000003
0.022891380760000003
0.02229617004
0.02175306916
0.02125218882
0.020786326700000003
0.02035014482
0.019939625620000002
0.01955170002
0.01918398172
0.018834588019999998
0.018502016579999996
0.018185030339999998
0.01788261193
0.017593897400000003
0.01731814446
0.017054701980000007
0.01680299316
0.01656249626
0.016332733359999997
0.016113260139999995
0.015903665299999994
0.01570355743
0.015512566270000002
0.015330341390000004
0.015156543889999995
0.014990851429999999
0.014832950089999998
0.014682538759999995
0.014539328339999998
0.014403036680000005
0.014273392250000003
0.014150132030000002
0.014033000169999999
0.013921751519999996
0.013816147939999999
0.01371595943
0.01362096427
0.013530945449999996
0.013445697339999998
0.01336501888
0.01328871854
0.01321660496
0.013148502200000002
0.013084238329999998
0.013023641989999996
0.0129665571
0.012912825309999997
0.012862299140000002
0.012814837299999998
0.012770298900000003
0.012728552710000002
0.012689470660000002
0.012652934159999997
0.01261882269
0.012587022810000001
0.012557429489999996
0.012529935989999998
0.012504443999999998
0.012480859149999999
0.012459088309999998
0.012439044589999998
0.012420642550000001
0.012403802569999997
0.01238844914
0.012374506159999998
0.012361903549999997
0.01235057462
0.012340454209999994
0.012331479710000003
0.012323594920000005
0.012316739969999999
0.012310863179999998
0.012305912910000001
0.012301840310000003
0.012298598319999998
0.012296144069999999
0.01229443324
0.012293425029999994
0.01229308372
0.012293370390000002
0.012294252220000001
0.012295693460000003
0.0122976658
0.012300137979999997
0.01230308082
0.012306469719999998
0.012310277549999997
0.01231447977
0.012319054730000003
0.012323979999999998
0.012329234300000002
0.012334799840000004
0.012340655450000002
0.012346786140000001
0.012353172619999998
0.012359802789999996
0.012366658810000004
0.012373728269999997
0.012380995949999994
0.01238845064
0.012396081230000001
0.012403874069999998
0.012411819979999999
0.012419908960000002
0.012428129650000001
0.012436475350000002
0.012444935300000001
0.012453502830000001
0.012462170370000001
0.012470930560000005
0.012479776079999998
0.01248869912
0.012497697289999998
0.012506762129999998
0.012515887890000004
0.01252507118
0.012534304759999998
0.012543586470000003
0.01255291049
0.012562273309999997
0.012571670900000003
0.01258109889
0.01259055483
0.012600035429999996
0.01260953612
0.012619054600000002
0.01262859031
0.01263813853
0.012647697420000001
0.012657262669999997
0.012666835009999995
0.01267641071
0.012685988289999997
0.012695565550000003
0.012705140579999998
0.012714712729999997
0.012724278759999999
0.012733838740000001
0.0127433908
0.01275293299
0.012762464920000001
0.012771985159999997
0.012781492290000005
0.012790985259999998
0.012800464930000002
0.012809927080000004
0.012819373569999999
0.012828800409999999
0.0128382122
0.012847601350000001
0.012856972510000002
0.01286632265
0.012875651630000002
0.012884958940000002
0.012894244559999999
0.01290350793
0.01291274719
0.01292196249
0.012931153349999995
0.012940321110000002
0.012949462119999998
0.012958579290000001
0.012967670239999996
0.012976734489999996
0.012985772199999999
0.012994783990000001
0.013003769340000002
0.013012727100000003
0.013021658320000002
0.013030561239999999
0.013039437920000002
0.01304828525
0.013057105510000002
0.01306589684
0.013074659329999998
0.013083394220000003
0.013092101539999996
0.013100778810000002
0.01310942682
0.013118047360000003
0.013126637960000005
0.013135199239999996
0.01314372959
0.013152234729999997
0.013160709599999995
0.01316915479
0.013177570620000006
0.013185955349999999
0.013194312490000006
0.013202641060000004
0.01321093946
0.013219206609999996
0.013227447150000002
0.013235656160000003
0.013243837240000002
0.013251988550000003
0.013260111990000005
0.01326820344
0.013276267670000001
0.013284301229999995
0.013292306369999998
0.01330028247
0.013308227839999999
0.013316145319999998
0.013324033320000006
0.01333189239000001
0.013339723000000001
0.013347524579999999
0.013355297880000004
0.01336304184
0.0133707567
0.01337844251
0.013386099780000002
0.013393728370000003
0.013401329309999998
0.013408901369999999
0.013416445540000002
0.013423959870000002
0.01343144832
0.013438907029999997
0.013446337819999998
0.013453742079999997
0.013461118449999998
0.013468465349999998
0.013475785380000002
0.01348307862
0.013490342969999998
0.013497581430000002
0.013504790599999998
0.01351197343
0.013519128449999997
0.013526258059999997
0.013533359280000006
0.013540434690000002
0.013547482279999997
0.013554504979999993
0.01356149955
0.013568467489999996
0.01357540854
0.013582325270000003
0.01358921494
0.013596077429999997
0.01360291498
0.013609726749999997
0.013616511949999998
0.013623272030000005
0.013630006279999997
0.013636714409999995
0.013643399080000002
0.013650057830000005
0.013656689219999995
0.013663296859999998
0.013669879730000003
0.013676437970000005
0.013682971860000004
0.01368948019
0.013695964
0.013702423459999995
0.01370885791
0.013715268669999997
0.013721655429999997
0.013728017930000004
0.013734357669999997
0.013740672339999998
0.013746963699999998
0.013753231380000001
0.013759473889999993
0.01376569423
0.01377189151
0.01377806523
0.013784217199999997
0.01379034425
0.01379644837
0.013802529550000003
0.013808588990000004
0.013814625070000005
0.01382063888
0.01382663038
0.013832599449999997
0.013838546559999996
0.01384447111
0.013850374880000006
0.01385625495
0.013862114999999998
0.01386795236
0.013873767979999996
0.01387956179
0.013885334419999996
0.013891086759999999
0.013896817130000001
0.013902525639999998
0.013908214469999996
0.013913882319999998
0.013919527870000002
0.013925153919999999
0.013930758350000001
0.013936341590000002
0.01394190697
0.013947449430000002
0.013952971940000001
0.013958475400000003
0.013963958420000002
0.013969419780000002
0.013974862999999995
0.013980286380000002
0.01398569035
0.013991072900000004
0.013996438520000001
0.014001783440000002
0.01400710918
0.014012415759999992
0.014017703069999998
0.01402297009
0.014028220870000002
0.014033450130000003
0.014038660759999998
0.014043853219999998
0.014049028519999998
0.01405418357
0.014059321320000005
0.014064438659999994
0.014069539079999995
0.01407462113
0.014079684770000005
0.014084730189999997
0.014089758800000001
0.014094767950000005
0.01409975992
0.014104734689999992
0.014109691869999998
0.01411463058
0.014119553229999995
0.01412445735
0.014129345630000005
0.014134215739999996
0.014139067949999999
0.014143903829999997
0.014148721209999998
0.014153522750000005
0.014158307890000004
0.01416307661
0.014167828189999999
0.014172561630000004
0.01417728012
0.014181981499999998
0.014186667209999997
0.014191336369999998
0.014195989549999996
0.01420062675
0.014205247479999995
0.014209852860000004
0.014214440749999996
0.01421901326
0.014223569819999997
0.014228111189999998
0.014232636570000002
0.014237147109999999
0.014241641959999997
0.01424612221
0.014250585629999996
0.014255034379999998
0.01425946833
0.0142638867
0.014268289559999998
0.014272678530000003
0.014277050849999999
0.01428140873
0.014285750799999998
0.014290080170000002
0.01429439511
0.014298694580000002
0.014302980290000003
0.01430724996
0.014311506279999997
0.014315747409999994
0.014319975249999999
0.01432418847
0.014328387179999999
0.014332572149999993
0.014336743339999998
0.01434089945
0.014345042970000004
0.01434917163
0.014353288179999995
0.014357390219999997
0.01436147811
0.01436555264
0.014369614359999998
0.014373662939999997
0.014377695950000007
0.014381716700000005
0.014385723999999997
0.014389717739999995
0.014393699880000005
0.014397668140000004
0.014401622919999997
0.014405564070000003
0.014409493110000003
0.014413410370000001
0.01441731249
0.014421201910000006
0.01442508047
0.014428945040000005
0.014432798560000007
0.014436638700000002
0.014440465100000001
0.014444279210000001
0.014448081610000005
0.01445187259
0.014455650279999994
0.014459415869999999
0.01446317045
0.014466911289999995
0.01447064004
0.01447435773
0.014478061910000005
0.01448175573
0.01448543695
0.014489106090000002
0.014492763390000002
0.014496409000000005
0.014500043319999998
0.01450366541
0.014507277799999996
0.014510876740000001
0.014514462729999997
0.01451804061
0.014521605350000005
0.01452516025
0.014528702169999992
0.014532233449999996
0.014535754389999996
0.014539262440000002
0.014542760380000002
0.014546247310000003
0.01454972416
0.014553189160000002
0.01455664214
0.01456008483
0.014563516509999996
0.014566938180000003
0.014570348770000002
0.014573747549999998
0.014577136709999996
0.014580515879999995
0.014583883700000005
0.014587241280000003
0.014590589219999995
0.014593926039999998
0.014597252710000007
0.014600568659999995
0.01460387513
0.014607170430000004
0.014610456249999999
0.014613732770000006
0.014616996390000001
0.014620252100000002
0.014623496839999995
0.014626731820000002
0.014629957550000003
0.01463317184
0.014636376579999999
0.01463957107
0.014642758169999999
0.014645933369999998
0.014649098199999993
0.014652255080000004
0.01465540198
0.014658538309999998
0.014661665739999996
0.014664784169999999
0.014667891439999995
0.01467099181
0.014674081170000006
0.014677160799999995
0.014680230799999998
0.014683293919999996
0.014686343830000002
0.014689386739999997
0.01469242151
0.014695445449999995
0.014698461620000002
0.014701468349999998
0.014704464980000003
0.014707453510000003
0.014710433539999991
0.014713403600000003
0.014716365340000004
0.014719316810000002
0.014722260680000002
0.014725195959999998
0.014728122460000001
0.014731039769999999
0.014733948569999997
0.014736849360000004
0.01473974199
0.014742624740000003
0.014745499179999996
0.014748365780000005
0.014751223089999998
0.014754072809999998
0.014756913899999996
0.01475974502
0.014762569309999998
0.01476538409
0.014768191579999996
0.0147709901
0.014773781119999994
0.01477656348
0.01477933948
0.014782104619999998
0.014784863589999999
0.014787613719999999
0.014790356159999997
0.014793090800000004
0.014795816330000005
0.014798535199999996
0.014801245700000003
0.014803947929999998
0.01480664158
0.014809327300000003
0.014812007200000003
0.01481467785
0.01481734026
0.01481999673
0.014822646079999995
0.014825286050000002
0.01482791811
0.014830544070000002
0.014833160840000003
0.014835771729999996
0.014838373540000003
0.014840969940000002
0.014843557129999995
0.01484613696
0.01484871003
0.014851274869999997
0.01485383308
0.014856384349999996
0.01485892776
0.01486146401
0.014863992200000004
0.014866515619999996
0.014869031300000002
0.014871537720000005
0.014874038110000001
0.01487653253
0.014879019510000004
0.014881499729999999
0.014883971960000002
0.014886438250000005
0.014888896539999998
0.01489134739999999
0.014893792589999996
0.014896230799999997
0.014898661789999998
0.014901085089999995
0.014903503980000002
0.014905913919999998
0.014908317710000002
0.014910714899999997
0.014913105020000005
0.014915488479999996
0.014917865530000005
0.014920235390000001
0.014922598480000002
0.014924955799999999
0.01492730621
0.014929650389999998
0.01493198793
0.01493431768
0.014936643900000001
0.014938961590000004
0.014941272989999999
0.014943578949999994
0.014945878020000001
0.014948171270000001
0.014950458590000002
0.01495273842
0.014955011189999999
0.014957279749999998
0.014959541519999998
0.014961796499999997
0.014964047100000002
0.014966288569999996
0.014968525330000003
0.0149707569
0.01497298199
0.014975200280000003
0.014977413549999999
0.014979620619999998
0.014981821449999998
0.014984015179999999
0.01498620417
0.014988386929999995
0.014990563009999998
0.014992733959999999
0.014994899270000002
0.014997058040000002
0.014999213170000001
0.015001359799999997
0.015003501329999995
0.015005637280000001
0.015007767100000003
0.015009890919999996
0.015012010709999999
0.01501412338999999
0.015016229819999997
0.015018332810000003
0.015020430489999998
0.01502252022
0.01502460653
0.01502668823
0.015028761950000002
0.015030829110000006
0.015032891890000002
0.015034951219999997
0.015037004270000003
0.015039050240000004
0.015041091580000004
0.015043126959999995
0.015045158199999999
0.015047184099999998
0.015049202530000003
0.015051216730000004
0.015053226859999998
0.015055231370000002
0.015057230249999993
0.015059222609999999
0.01506121153
0.01506319428
0.015065171929999994
0.015067145809999998
0.01506911345
0.01507107592
0.015073032520000005
0.015074983940000002
0.01507693217
0.015078874570000003
0.015080811490000002
0.015082743529999998
0.01508466927
0.015086591699999995
0.015088507360000005
0.015090419159999995
0.015092326370000003
0.015094227880000002
0.01509612487
0.015098017000000002
0.01509990483
0.015101787659999994
0.015103665950000003
0.015105539860000006
0.015107407150000004
0.015109270709999996
0.015111129570000001
0.015112983749999996
0.015114833079999999
0.015116677160000005
0.015118518300000001
0.015120353379999996
0.01512218538
0.015124009649999999
0.0151258303
0.015127646729999998
0.015129459109999998
0.015131266980000002
0.015133069450000002
0.01513486654
0.01513666007
0.015138449699999995
0.015140233409999999
0.015142013849999999
0.01514378915
0.015145559830000002
0.015147326700000002
0.01514908833
0.015150845339999996
0.015152598899999998
0.015154347090000003
0.015156092770000002
0.015157832650000003
0.015159569069999997
0.015161300549999996
0.015163028360000004
0.015164751230000002
0.015166468779999998
0.015168182960000005
0.015169893339999995
0.015171598909999999
0.015173300099999999
0.015174997589999996
0.015176691389999998
0.015178379569999997
0.015180063079999999
0.01518174345
0.015183419070000004
0.015185092080000002
0.015186759589999996
0.01518842276
0.015190082059999999
0.015191737569999999
0.015193389130000002
0.01519503617
0.015196679800000001
0.01519831853
0.015199953819999999
0.015201584339999996
0.015203211500000003
0.015204835199999997
0.015206454639999993
0.015208070609999992
0.015209681960000006
0.015211288660000002
0.01521289253
0.015214493999999999
0.015216090169999998
0.015217682419999995
0.015219270290000001
0.015220855079999998
0.015222435630000001
0.01522401364
0.015225585920000001
0.015227154070000002
0.01522872008
0.015230280640000005
0.015231838759999998
0.01523339258
0.015234942990000002
0.015236489809999997
0.015238032229999997
0.015239571179999996
0.015241107810000003
0.015242639170000002
0.015244168109999996
0.01524569102
0.01524721371
0.015248730210000004
0.01525024332
0.015251754249999996
0.015253260920000001
0.015254765449999996
0.015256264659999998
0.015257760429999998
0.015259252539999997
0.015260740590000002
0.01526222528
0.015263709129999999
0.015265188439999997
0.015266661100000002
0.015268133729999996
0.015269600950000002
0.015271066030000002
0.015272525850000001
0.015273983020000007
0.01527543715
0.015276888220000001
0.015278334179999997
0.01527977977
0.015281219310000003
0.015282656370000001
0.015284090340000006
0.01528552176
0.015286948320000007
0.015288371880000005
0.015289792959999998
0.015291210029999993
0.015292623880000002
0.015294034160000003
0.015295441890000004
0.015296845230000002
0.015298246549999997
0.015299643210000002
0.015301037570000002
0.015302428550000002
0.01530381569
0.015305201140000007
0.01530658301
0.015307961360000004
0.01530933632
0.015310709180000001
0.015312076959999997
0.015313442749999993
0.015314806409999998
0.01531616488
0.015317521490000006
0.01531887362
0.015320223739999996
0.01532157113
0.015322913820000004
0.015324254479999999
0.015325592549999996
0.015326926009999995
0.015328258010000002
0.015329587309999997
0.015330911459999999
0.01533223618
0.015333554869999998
0.015334872190000001
0.015336184799999996
0.015337494939999996
0.015338803309999996
0.015340106869999998
0.01534140924
0.015342709590000001
0.015344005989999998
0.015345299260000006
0.015346589240000003
0.015347876740000004
0.015349161989999995
0.015350443050000002
0.01535172137
0.015352997570000002
0.015354270719999997
0.015355539470000004
0.015356808910000004
0.01535807085
0.01535933167
0.015360590329999996
0.0153618448
0.015363097740000003
0.015364349480000004
0.01536559639
0.015366842230000004
0.015368083240000002
0.015369321859999997
0.01537055934
0.01537179367999999
0.015373024639999996
0.01537425321
0.015375478300000002
0.01537670304
0.015377922809999998
0.015379139980000001
0.015380354880000002
0.01538156731
0.015382777829999996
0.015383985300000003
0.015385188409999999
0.01538639055
0.015387589939999995
0.015388787150000003
0.015389980619999995
0.015391172400000002
0.01539236008
0.01539354644
0.015394729680000005
0.015395909889999997
0.015397088600000003
0.015398263530000001
0.015399437229999997
0.015400606300000001
0.015401774390000001
0.015402940129999996
0.015404102670000005
0.015405263119999998
0.015406421980000003
0.015407576139999999
0.015408728739999999
0.015409880879999996
0.015411027969999998
0.015412173959999997
0.01541331721
0.015414457199999999
0.015415595400000003
0.015416730359999999
0.015417863829999998
0.015418994620000005
0.01542012475
0.01542125009
0.015422373929999997
0.015423495570000003
0.015424614799999998
0.015425731079999998
0.015426844920000002
0.015427956820000002
0.01542906573
0.015430171720000002
0.015431277960000005
0.015432382560000004
0.015433481139999997
0.015434578629999997
0.015435674239999999
0.015436767509999998
0.015437858439999997
0.015438946700000003
0.015440033209999999
0.015441116760000002
0.015442197970000002
0.015443276660000003
0.015444354410000001
0.015445429159999994
0.015446502079999997
0.015447571149999999
0.015448640230000001
0.01544970619
0.015450769910000004
0.015451832070000004
0.015452892419999996
0.015453948280000001
0.015455003259999997
0.015456056619999999
0.015457107579999997
0.015458155749999997
0.015459202269999998
0.015460245970000007
0.01546128837
0.015462328999999997
0.01546336683
0.015464402110000006
0.01546543719
0.01546646822
0.015467497259999997
0.015468525679999998
0.01546954921
0.01547057175999999
0.015471593449999998
0.015472613320000002
0.015473629939999995
0.015474644910000002
0.015475656239999998
0.01547666596
0.015477675650000002
0.01547868299
0.01547968612
0.01548068851
0.015481688870000001
0.015482686150000001
0.015483682510000001
0.015484675879999996
0.01548566898
0.015486659350000001
0.01548764727
0.015488633820000002
0.015489619219999999
0.01549060133
0.0154915812
0.015492559380000001
0.0154935366
0.015494511239999995
0.015495482830000002
0.015496451700000002
0.01549742126
0.015498386120000006
0.01549935114
0.015500312620000001
0.015501274000000004
0.015502232630000003
0.015503190100000003
0.015504143989999997
0.015505098199999998
0.015506050590000002
0.015507000029999997
0.015507948229999999
0.015508895340000004
0.01550983877
0.01551078043
0.01551171951
0.015512657809999999
0.015513592890000004
0.015514529199999998
0.015515460640000003
0.015516392350000005
0.015517321919999999
0.01551824899
0.01551917444
0.015520098589999996
0.015521020849999997
0.015521941479999999
0.015522859610000002
0.015523776560000004
0.015524692539999996
0.015525606320000001
0.015526517269999998
0.01552742684
0.01552833513
0.015529241340000001
0.01553014538
0.01553104773
0.01553194888
0.015532849000000005
0.015533746549999998
0.015534642940000001
0.015535536500000004
0.015536428829999999
0.015537320449999996
0.015538209259999998
0.015539095699999995
