0.09800635740000001
0.03682121228
0.02453384604
0.02059856214000001
0.01828831764
0.0166435999
0.015442820339999998
0.014574987810000002
0.013960624220000002
0.013542371389999999
0.01327388281
0.013114857689999999
0.01303336668
0.013004797450000001
0.013010823320000002
0.013038709840000003
0.013080144559999998
0.013129865019999996
0.013184501539999999
0.013241800730000001
0.013300230040000003
0.013358776829999995
0.013416799689999996
0.013473907729999996
0.013529869500000003
0.013584551130000004
0.013637882610000002
0.013689828460000003
0.01374038213
0.013789548669999999
0.01383734247
0.013883785449999998
0.01392890385
0.013972724449999991
0.014015275769999997
0.014056587879999997
0.014096692090000003
0.014135616500000005
0.014173392119999994
0.014210046450000003
0.014245612930000002
0.014280115439999998
0.014313583789999997
0.01434604474
0.014377526989999995
0.014408056959999997
0.01443765853
0.014466358590000004
0.014494182039999996
0.014521151660000002
0.014547292610000002
0.014572627960000003
0.014597182249999998
0.014620975320000002
0.014644031719999999
0.01466637085
0.01468801369
0.014708982230000002
0.014729296170000001
0.014748975479999996
0.014768039199999994
0.014786506589999996
0.014804393780000003
0.01482172172
0.014838507160000005
0.014854766859999997
0.01487051817
0.014885775449999998
0.01490055552
0.014914876670000004
0.014928748999999995
0.014942190710000008
0.014955213770000001
0.014967832519999997
0.014980062390000002
0.01499191317
0.01500339922
0.015014532450000001
0.015025323390000003
0.01503578421
0.015045927249999997
0.01505575963
0.015065296399999999
0.01507454321
0.01508351185
0.015092211939999996
0.015100651409999997
0.01510884106
0.015116786949999995
0.015124498889999997
0.015131984230000005
0.015139250940000007
0.015146308100000004
0.015153160079999999
0.015159817170000004
0.015166285870000002
0.01517256706
0.015178676420000006
0.01518461434
0.015190387690000003
0.015196004140000002
0.015201467620000002
0.015206785949999994
0.015211965600000002
0.01521700619
0.015221918780000001
0.015226705190000002
0.015231372109999995
0.015235924749999998
0.015240365640000001
0.015244699619999998
0.015248933029999998
0.015253068390000003
0.015257110419999992
0.015261063480000002
0.01526493009
0.015268714990000003
0.015272423700000004
0.015276056610000007
0.01527961924
0.015283114609999999
0.015286544289999997
0.015289915679999997
0.015293227759999996
0.015296484709999997
0.015299691120000004
0.015302847360000003
0.015305957560000001
0.015309024280000002
0.01531204991
0.01531503779
0.015317988200000004
0.01532090669
0.015323791890000002
0.015326650070000008
0.01532948057
0.015332285619999997
0.01533507035
0.015337831940000005
0.015340576959999998
0.015343304579999995
0.01534601638
0.015348716150000002
0.015351404790000005
0.015354083159999993
0.015356753309999995
0.015359417120000001
0.01536207634
0.015364732759999998
0.015367386860000005
0.015370040949999997
0.015372695999999998
0.015375352870000001
0.01537801398
0.015380680309999995
0.015383353569999998
0.0153860328
0.01538872058
0.015391418740000003
0.01539412619
0.01539684619000001
0.015399577800000001
0.015402323329999999
0.015405083740000002
0.01540785784
0.015410648129999996
0.01541345706
0.01541628224
0.015419126779999997
0.01542198907
0.015424871239999997
0.01542777442
0.015430697919999998
0.015433641920000005
0.015436609829999998
0.015439598589999994
0.015442611799999997
0.01544564828
0.015448709710000001
0.015451794229999993
0.015454904409999994
0.015458038499999998
0.015461199089999999
0.015464385760000003
0.01546759998
0.015470840509999995
0.01547410836
0.015477404069999999
0.01548072618
0.015484077669999999
0.01548745582
0.015490862780000001
0.015494298660000001
0.015497763929999998
0.01550125865
0.015504783170000001
0.015508336110000005
0.01551191994
0.01551553353
0.015519178110000002
0.015522852270000003
0.015526557449999999
0.015530292410000002
0.015534060110000003
0.015537856720000003
0.015541686630000003
0.015545547060000005
0.015549439209999998
0.01555336207
0.015557317420000001
0.015561302499999999
0.01556532039
0.015569369179999994
0.01557345007
0.015577561779999997
0.015581707530000004
0.01558588357
0.015590093420000001
0.01559433308
0.015598605540000003
0.015602909460000003
0.015607243869999999
0.015611611990000003
0.015616010219999997
0.01562044098
0.015624903969999993
0.01562939829
0.01563392471
0.01563848273
0.015643073210000004
0.015647693730000002
0.015652345569999997
0.015657030589999996
0.015661745910000004
0.015666495310000004
0.01567127359
0.015676083900000002
0.015680925509999995
0.01568579914
0.015690703860000002
0.015695640690000002
0.015700608600000002
0.015705605600000002
0.015710636990000002
0.01571569772
0.015720790790000005
0.01572591394
0.01573106805
0.015736253360000008
0.01574146856
0.015746715510000002
0.015751994459999998
0.015757301879999998
0.01576263907
0.015768007809999998
0.01577340595
0.015778834539999998
0.015784292820000007
0.015789780520000005
0.01579529943
0.015800845810000002
0.01580642423
0.015812031139999995
0.015817665860000007
0.01582333205
0.015829022820000004
0.015834746670000004
0.015840496040000002
0.01584627365
0.015852081159999996
0.015857914610000003
0.01586377571
0.015869663850000004
0.015875580860000002
0.015881523380000002
0.01588749194
0.015893488770000005
0.015899510189999997
0.015905558719999997
0.015911631309999997
0.015917731020000003
0.015923856080000003
0.015930006139999998
0.015936180179999995
0.01594237878
0.01594860251
0.015954849070000002
0.015961120670000006
0.015967415220000003
0.015973732060000002
0.015980073830000004
0.01598643752
0.015992823340000004
0.015999230880000003
0.016005659630000002
0.016012112520000003
0.016018588139999998
0.016025082170000003
0.01603159833
0.016038135109999997
0.016044692999999995
0.016051269680000004
0.016057868070000002
0.016064486839999993
0.016071124750000002
0.01607778154
0.016084459020000007
0.0160911533
0.016097868529999997
0.016104601549999993
0.016111353139999996
0.016118121769999997
0.016124908819999995
0.016131713169999996
0.016138535300000006
0.01614537524
0.016152230299999997
0.01615910437
0.016165994560000004
0.01617290047
0.01617982393
0.016186761249999994
0.016193716739999996
0.016200685830000002
0.016207671119999992
0.01621466964
0.016221685759999997
0.016228716140000002
0.01623575868
0.01624281706
0.01624988934
0.01625697719
0.016264074849999997
0.016271188610000004
0.016278315150000004
0.01628545412
0.01629260647
0.0162997727
0.016306949340000005
0.016314139079999998
0.016321340680000004
0.016328554179999996
0.016335776870000002
0.016343014519999997
0.01635026139
0.016357519740000003
0.016364790179999998
0.01637206906
0.016379360399999997
0.01638666068
0.01639397124
0.01640129181000001
0.016408621730000003
0.016415960219999998
0.01642331019
0.016430667919999996
0.01643803408
0.01644541046
0.016452795020000008
0.01646018824
0.0164675881
0.016474997340000002
0.01648241668
0.016489839140000004
0.01649727198000001
0.01650471196
0.016512159119999998
0.016519613219999996
0.016527074619999995
0.016534541869999995
0.01654201608
0.016549497150000002
0.01655698202
0.01656447603
0.016571974960000003
0.016579479700000004
0.016586991619999995
0.016594507459999998
0.0166020267
0.016609553020000004
0.01661708456
0.016624620189999998
0.01663216166
0.01663970577
0.016647256899999997
0.016654809560000004
0.016662366960000004
0.016669930250000006
0.016677495589999997
0.016685064320000005
0.0166926369
0.016700212659999998
0.016707792520000004
0.016715374130000002
0.016722957820000005
0.016730544700000002
0.016738134659999997
0.016745726060000007
0.016753320739999994
0.01676091666
0.016768514379999995
0.0167761156
0.01678371548
0.01679131698
0.016798918519999997
0.016806522770000002
0.016814128919999994
0.016821733619999998
0.016829340479999996
0.016836946310000003
0.016844551799999993
0.016852158089999996
0.01685976408
0.01686737047
0.01687497546
0.016882578819999997
0.016890181170000004
0.016897783479999998
0.01690538304
0.016912982219999997
0.016920578779999997
0.016928175119999996
0.016935768129999994
0.016943358960000002
0.01695094724
0.016958531360000004
0.0169661152
0.01697369454
0.0169812688
0.016988843080000003
0.016996412160000002
0.017003977579999996
0.017011539640000004
0.01701909694
0.01702664971
0.01703419837
0.01704174262
0.017049280559999994
0.017056813819999996
0.017064342260000004
0.017071865800000002
0.017079383240000003
0.01708689525
0.017094400840000003
0.017101900319999995
0.01710939412
0.017116880279999996
0.017124359369999998
0.01713183456
0.01713930062
0.01714676038
0.017154213399999996
0.017161658250000003
0.01716909542
0.017176526820000003
0.017183949219999998
0.017191364549999998
0.017198772519999996
0.017206171640000004
0.01721356252
0.017220946239999996
0.01722832213
0.01723568808
0.017243046959999998
0.01725039622
0.01725773646
0.017265070880000007
0.01727239242
0.0172797062
0.017287011140000003
0.01729430735
0.017301594439999995
0.017308873179999996
0.017316142009999997
0.017323398779999995
0.01733064992
0.017337890539999998
0.017345123060000002
0.01735234562
0.017359559500000003
0.017366761560000003
0.01737395634
0.017381141040000006
0.017388317399999995
0.01739548172
0.01740263884
0.01740978522
0.017416924440000002
0.01742405294
0.01743117398
0.01743828558
0.017445387120000003
0.017452478039999997
0.01745956098
0.017466634980000003
0.017473699580000005
0.017480756129999997
0.017487803860000005
0.017494843580000002
0.017501874100000002
0.01750889494
0.017515908290000003
0.017522913
0.017529908440000005
0.017536895940000005
0.017543876140000005
0.017550848520000002
0.017557812920000006
0.01756476723
0.01757171542
0.017578653740000002
0.01758558524
0.01759250903
0.017599425179999996
0.017606331840000003
0.0176132328
0.017620124339999998
0.01762700652
0.01763388224
0.017640749730000002
0.017647609959999998
0.01765446188
0.0176613042
0.017668138719999997
0.017674964079999998
0.01768178204
0.017688589530000003
0.01769538878
0.017702179680000003
0.01770896334
0.017715735219999997
0.017722498220000004
0.01772925136
0.017735996419999997
0.017742731410000004
0.017749455000000004
0.01775617174
0.017762875879999994
0.017769570440000004
0.01777625562
0.01778293017
0.017789593679999997
0.017796248259999994
0.01780289254
0.017809525840000003
0.01781614892
0.01782276199
0.017829363940000002
0.01783595538
0.017842535139999997
0.017849104990000003
0.017855663719999998
0.017862213100000003
0.017868751170000002
0.017875278960000004
0.01788179638
0.017888304039999997
0.01789479956
0.017901285500000003
0.01790776036
0.017914225300000003
0.017920680859999993
0.017927124490000005
0.017933559699999994
0.01793998402
0.017946397840000003
0.0179528007
0.01795919546
0.017965577389999998
0.01797195198
0.01797831612
0.017984667769999997
0.017991014320000002
0.017997347839999997
0.01800367112
0.018009988280000003
0.018016293519999997
0.018022589350000003
0.01802887535
0.01803515176
0.01804142016
0.01804767686
0.018053926759999995
0.0180601666
0.01806639762
0.018072617000000003
0.01807882912
0.018085032220000002
0.018091225299999996
0.018097409559999996
0.018103587000000004
0.01810975184
0.018115910139999997
0.018122061319999997
0.01812820124
0.01813433437
0.01814045648
0.018146572259999993
0.018152677460000002
0.0181587753
0.018164863439999998
0.01817094337999999
0.018177017070000002
0.018183079180000002
0.018189132740000002
0.018195180779999997
0.018201217760000003
0.018207248279999998
0.018213269780000003
0.018219281259999998
0.018225285879999997
0.018231282520000003
0.01823726984
0.018243250900000004
0.018249222340000006
0.018255184729999995
0.01826114054
0.018267088260000005
0.01827302647
0.018278957640000003
0.018284881000000003
0.018290795560000003
0.01829670127999999
0.018302600140000003
0.01830849224
0.01831437284
0.018320245820000004
0.01832611246
0.018331972079999998
0.018337821199999996
0.018343662279999996
0.018349498639999996
0.018355324660000002
0.018361144200000002
0.01836695427
0.018372758860000008
0.018378553680000007
0.018384341399999993
0.01839012379
0.01839589672
0.018401661899999998
0.018407419340000005
0.01841316994
0.01841891266
0.01842464722
0.018430375239999998
0.0184360945
0.018441806619999997
0.018447511399999995
0.01845320998
0.018458901180000004
0.01846458314
0.018470258299999993
0.018475927080000003
0.018481586719999995
0.018487240840000002
0.018492886620000003
0.01849852496
0.018504156399999996
0.018509781540000003
0.018515396219999997
0.01852100722
0.018526609199999995
0.01853220484
0.01853779387
0.018543373900000003
0.01854894914
0.01855451454
0.018560074519999997
0.01856562604
0.018571171779999996
0.01857670924
0.018582240640000004
0.01858776432
0.01859328054
0.018598791700000002
0.018604294420000004
0.018609790419999998
0.018615278579999995
0.018620762339999996
0.01862623774
0.01863170458000001
0.01863716475
0.01864262067
0.018648067839999997
0.018653508820000005
0.018658943119999997
0.01866436798
0.01866978674
0.0186751983
0.018680603330000004
0.018686003399999998
0.018691393219999998
0.018696777619999997
0.018702154220000006
0.01870752722
0.018712890120000002
0.018718245859999993
0.018723596379999995
0.01872893734
0.018734273240000005
0.018739600300000006
0.018744920599999996
0.0187502358
0.01875554228
0.018760841359999995
0.018766130920000002
0.01877141582
0.01877669368
0.018781961360000002
0.018787224060000003
0.018792476420000002
0.01879772116
0.018802959940000002
0.01880818998
0.01881341148
0.01881862638
0.018823833039999995
0.01882902992
0.018834219900000004
0.018839402559999992
0.018844577380000005
0.018849740980000005
0.01885489802
0.018860046320000004
0.018865186460000002
0.01887031672
0.018875438699999997
0.01888055174
0.018885656599999995
0.01889075312
0.018895838650000003
0.01890091616
0.01890598642
0.018911043459999995
0.018916093760000002
0.018921135440000007
0.01892616618
0.01893118758
0.018936198819999996
0.018941202580000004
0.01894619582
0.018951178080000002
0.01895615066
0.018961114379999998
0.01896606834
0.018971012270000004
0.01897594566
0.018980868760000002
0.01898578236
0.018990684339999998
0.018995577340000003
0.019000461660000002
0.019005333339999996
0.019010194280000007
0.019015047599999998
0.019019889500000005
0.019024719759999996
0.019029541279999996
0.019034351519999996
0.01903915122
0.01904393984
0.01904871802
0.019053487659999997
0.019058247579999993
0.019062993429999998
0.01906773156
0.019072459139999998
0.019077175740000004
0.0190818819
0.019086577190000002
0.0190912602
0.019095934780000004
0.019100599280000005
0.019105252579999996
0.01910989608
0.019114528739999997
0.019119149019999997
0.019123759230000002
0.0191283599
0.019132948559999998
0.019137529359999995
0.01914209848
0.019146655979999993
0.019151206299999998
0.01915574309
0.01916027162
0.01916478832
0.019169294420000007
0.019173790399999998
0.01917827716
0.019182752759999998
0.019187219200000005
0.019191675199999998
0.01919611894
0.019200553460000002
0.019204978520000002
0.019209393110000007
0.019213798840000004
0.019218192680000003
0.019222577999999997
0.01922695288
0.019231316499999998
0.019235671219999997
0.019240016480000004
0.01924435059
0.0192486777
0.01925299256
0.0192572988
0.01926159365
0.019265880140000004
0.01927015684
0.019274424920000005
0.019278683060000003
0.019282932299999993
0.01928717424
0.019291404740000004
0.01929562712
0.0192998415
0.019304044660000002
0.0193082405
0.01931242472
0.01931660244
0.01932077064
0.019324928899999996
0.019329079089999996
0.019333221439999996
0.01933735193
0.019341475480000002
0.019345591540000002
0.01934969766
0.019353796279999995
0.019357885059999993
0.01936196438
0.01936603618
0.019370096979999998
0.01937415018
0.019378194279999997
0.019382229600000002
0.01938625566
0.019390275100000003
0.019394282879999995
0.01939828218
0.01940227266
0.019406253619999998
0.019410225719999993
0.01941418946
0.01941814347
0.019422089719999994
0.01942602692
0.019429955139999996
0.019433873180000002
0.019437783400000005
0.0194416834
0.0194455741
0.019449457900000005
0.019453330899999996
0.019457195899999998
0.01946105136
0.019464896030000005
0.019468734060000003
0.019472562470000006
0.019476381
0.01948018976
0.01948398988
0.019487778060000006
0.0194915614
0.01949533222
0.019499095680000002
0.019502850440000007
0.019506595789999998
0.019510331179999996
0.01951405852
0.019517776880000007
0.019521488500000003
0.01952519008999999
0.01952888324
0.01953256634
0.019536242299999996
0.019539909899999996
0.01954356764
0.01954721869
0.019550859760000004
0.019554492280000002
0.01955811566
0.01956173244
0.019565340579999996
0.01956894
0.019572532339999997
0.019576116240000007
0.01957969178
0.019583259659999994
0.019586821119999993
0.019590372640000006
0.019593917219999996
0.01959745582
0.01960098438000001
0.019604506129999998
0.01960801987
0.019611526579999997
0.019615024779999997
0.019618519820000006
0.01962200373
0.019625482
0.01962895146
0.019632414449999996
0.019635871080000002
0.019639319259999996
0.019642762599999995
0.019646198900000002
0.019649626500000003
0.01965304856
0.019656463399999997
0.019659872339999995
0.019663273779999997
0.01966666912
0.019670059440000002
0.019673440399999995
0.0196768163
0.019680183620000003
0.019683543820000003
0.01968690012
0.01969024722
0.019693589559999995
0.01969692832
0.01970025702
0.019703581140000002
0.01970689962
0.01971021078
0.019713515580000004
0.019716815119999995
0.019720108660000003
0.01972339436
0.019726674759999997
0.019729949169999993
0.01973321702
0.019736477639999993
0.01973973256
0.019742982699999995
0.019746223800000004
0.019749460439999998
0.019752690890000004
0.01975591526
0.019759133419999998
0.019762342940000007
0.019765549820000002
0.0197687498
0.019771943039999997
0.01977512864
0.019778311540000003
0.019781487239999996
0.019784654319999997
0.019787816599999997
0.01979097488
0.0197941255
0.019797268820000002
0.01980040732
0.01980353972
0.019806665140000002
0.019809785400000002
0.019812901600000002
0.01981601082
0.019819112299999997
0.019822210620000003
0.01982530099
0.019828385179999998
0.019831463080000004
0.01983453606
0.0198376039
0.019840663020000003
0.019843716459999997
0.01984676641999999
0.01984980775
0.019852843759999995
0.019855873339999993
0.01985889607
0.01986191452
0.01986492552
0.019867931899999997
0.019870931839999998
0.019873926679999997
0.0198769133
0.019879895
0.01988287012
0.019885840510000002
0.01988880362
0.01989175872
0.019894710439999994
0.019897657220000003
0.019900596020000005
0.01990353118
0.01990645988
0.019909380880000004
0.019912296999999995
0.019915208240000003
0.019918113739999993
0.019921011200000005
0.019923904380000006
0.019926791740000005
0.019929671700000002
0.019932546580000005
