0.09732707659999999
0.06744762443999998
0.05715465214
0.049259587879999976
0.04315798961999999
0.03850432228
0.0349746387
0.03228709852000001
0.030214359279999995
0.028583818460000004
0.02727018314
0.0261850978
0.025267073980000013
0.024473337359999996
0.0237739266
0.023147602039999996
0.022579103340000004
0.022057314199999994
0.02157401428
0.02112304326
0.020699725739999997
0.02030046232
0.019922446939999998
0.019563458319999994
0.019221717980000004
0.018895782859999998
0.018584463520000004
0.018286763140000002
0.018001838980000004
0.01772896262
0.01746750434
0.017216899769999995
0.01697665044
0.016746298740000002
0.01652542905
0.01631365959000001
0.016110631360000006
0.01591601204
0.015729479259999995
0.015550741350000001
0.015379511949999997
0.015215519469999994
0.015058503349999995
0.014908218270000002
0.014764422499999999
0.0146268882
0.014495393739999994
0.01436972492
0.014249677669999999
0.014135050829999997
0.014025653299999998
0.013921297110000003
0.01382180354
0.013726995759999997
0.013636703359999997
0.013550762850000002
0.013469012420000004
0.013391296969999997
0.013317464700000002
0.01324737016
0.013180869290000001
0.01311782272
0.013058095640000003
0.013001557439999995
0.01294808332
0.012897547110000001
0.01284983244
0.01280482143
0.012762405030000002
0.012722470980000003
0.012684919749999999
0.012649645280000002
0.012616554110000004
0.012585549389999997
0.012556542570000002
0.01252944472
0.012504173399999999
0.012480645489999997
0.012458784189999999
0.012438514379999998
0.012419765389999999
0.012402466090000007
0.012386548189999999
0.012371951769999999
0.012358612969999998
0.012346473349999998
0.01233547683
0.012325569299999999
0.01231669951
0.01230881669
0.012301873759999997
0.012295825960000001
0.01229062856
0.012286240859999997
0.012282622739999997
0.01227973704
0.012277545070000001
0.012276013379999999
0.012275108970000002
0.01227480001
0.012275055290000001
0.01227584848
0.012277150079999997
0.01227893442
0.012281176080000001
0.012283850260000001
0.012286933910000004
0.01229040817
0.012294250330000001
0.012298440959999997
0.012302961289999999
0.012307792550000004
0.01231291859
0.012318322829999999
0.012323990120000003
0.01232990544
0.012336055280000001
0.012342426129999995
0.012349002690000001
0.012355777379999999
0.012362737439999995
0.01236986938
0.012377164920000001
0.012384613719999998
0.012392207180000003
0.012399934270000003
0.012407789079999999
0.01241576005
0.012423844579999994
0.012432031170000002
0.012440315380000002
0.01244868797
0.01245714428
0.01246567764
0.012474284699999998
0.012482956849999999
0.012491693160000001
0.01250048399
0.012509328020000002
0.01251821941
0.01252715535
0.012536130799999996
0.012545142490000003
0.01255418592
0.012563258349999997
0.012572358079999998
0.012581479459999996
0.012590622990000001
0.012599782439999995
0.012608956409999999
0.012618143130000004
0.012627341140000001
0.012636547310000006
0.01264575793
0.01265497387
0.012664190439999999
0.012673407500000004
0.01268262557
0.012691838739999996
0.012701048439999998
0.012710251890000003
0.012719448649999998
0.012728637229999997
0.01273781539
0.012746984510000005
0.012756141690000005
0.012765285829999999
0.012774416350000001
0.01278353178
0.012792633189999998
0.012801717579999998
0.012810785229999996
0.012819835810000004
0.01282886797
0.01283788133
0.01284687623
0.0128558496
0.012864803870000005
0.012873736130000002
0.012882647599999998
0.01289153717
0.012900404909999998
0.012909249940000003
0.01291807128
0.012926870160000001
0.012935645710000004
0.012944397309999998
0.012953124170000005
0.01296182733
0.012970505379999999
0.012979158499999997
0.012987786549999998
0.012996389589999999
0.013004968019999999
0.013013520930000001
0.01302204668
0.013030547880000003
0.013039022900000004
0.013047471750000005
0.01305589526
0.013064291299999998
0.01307266058
0.013081004789999996
0.01308932221
0.013097612529999995
0.013105877950000002
0.013114116009999996
0.013122327090000004
0.01313051089
0.013138669360000006
0.0131468
0.013154905670000001
0.013162983139999997
0.013171034129999998
0.013179058530000001
0.013187056859999996
0.013195028590000001
0.01320297289
0.01321088893
0.013218780800000001
0.01322664492
0.013234482
0.01324229426
0.013250079609999996
0.013257837750000006
0.013265569449999999
0.013273274279999999
0.01328095327
0.013288606020000003
0.013296233749999992
0.013303833539999999
0.01331140705
0.01331895509
0.01332647695
0.013333973649999997
0.01334144288
0.013348887649999999
0.0133563064
0.0133636999
0.013371066919999997
0.013378406999999998
0.01338572323
0.013393014360000002
0.013400278779999998
0.013407519409999999
0.013414733240000002
0.01342192328
0.013429086419999998
0.01343622816
0.013443341080000002
0.013450431110000001
0.01345749612
0.01346453503
0.013471549189999998
0.013478541970000002
0.013485508530000002
0.01349244882
0.013499365899999997
0.013506257669999995
0.013513126519999995
0.01351997126
0.013526793659999996
0.01353359041
0.013540362879999995
0.013547111739999998
0.01355383777
0.01356053851
0.01356721778
0.013573871429999997
0.013580501579999998
0.013587110279999998
0.013593694980000001
0.01360025574
0.013606794630000004
0.013613310439999997
0.013619802809999996
0.013626272960000001
0.013632720650000001
0.013639144850000002
0.013645546430000002
0.01365192614
0.013658283269999998
0.0136646176
0.0136709303
0.013677219159999997
0.013683487670000003
0.013689733019999997
0.01369595749
0.013702159399999995
0.013708339730000003
0.01371449843
0.013720634740000001
0.013726750369999995
0.013732845780000003
0.013738917150000004
0.013744968210000003
0.013750999119999996
0.013757008149999998
0.01376299641
0.013768964059999998
0.01377490907
0.01378083501
0.01378674004
0.013792624909999995
0.013798486090000001
0.013804329639999996
0.01381015292
0.013815954489999997
0.013821736309999999
0.013827497929999998
0.013833240010000001
0.013838961510000001
0.013844662959999999
0.013850345309999998
0.01385600629
0.013861649339999997
0.013867272570000002
0.013872875100000005
0.013878457749999996
0.013884022170000001
0.013889567049999997
0.01389509269
0.013900599589999993
0.013906087510000003
0.01391155525
0.013917003369999998
0.013922434939999999
0.013927846349999997
0.013933240469999999
0.013938614079999998
0.013943970640000001
0.01394930885
0.013954625909999997
0.013959925519999996
0.013965208629999995
0.01397047289
0.013975717920000005
0.013980946000000001
0.013986155530000002
0.01399134717
0.013996520750000001
0.014001675580000001
0.014006814329999999
0.014011935490000002
0.014017039420000002
0.01402212579
0.014027192740000003
0.01403224221
0.014037274949999998
0.01404229183
0.014047289650000001
0.014052271979999992
0.014057237810000003
0.014062184939999998
0.01406711582
0.014072029690000003
0.014076927770000002
0.014081808590000001
0.014086671990000004
0.014091518509999996
0.014096350049999993
0.014101165039999997
0.014105962000000003
0.014110743949999997
0.014115509800000002
0.014120257760000003
0.014124992610000003
0.014129709089999998
0.014134411060000008
0.014139095460000002
0.014143765860000001
0.014148418919999996
0.014153056529999996
0.014157677940000002
0.01416228457
0.01416687483
0.014171450080000002
0.014176009440000002
0.014180553660000005
0.01418508255
0.014189596370000003
0.014194094930000001
0.01419857884
0.014203048619999997
0.014207500589999998
0.014211939669999993
0.01421636296
0.014220771220000001
0.014225164240000001
0.014229543160000002
0.014233907739999998
0.014238258169999995
0.014242593060000005
0.014246914179999999
0.014251221420000001
0.014255513020000004
0.014259789810000003
0.014264052779999998
0.014268303050000004
0.014272538269999998
0.01427675816
0.014280965109999998
0.014285157959999996
0.01428933746
0.01429350328
0.014297654669999998
0.014301793330000001
0.01430591718
0.014310027660000002
0.01431412411
0.014318206659999997
0.01432227671
0.014326333239999997
0.01433037617
0.014334404700000008
0.01433842276
0.014342425530000003
0.014346415680000007
0.014350393309999997
0.01435435651
0.014358308199999998
0.01436224547
0.014366169530000006
0.014370081010000006
0.014373980790000003
0.014377866000000001
0.014381739530000002
0.014385599500000004
0.014389448710000004
0.01439328386
0.014397108769999998
0.01440091868
0.014404717980000002
0.014408503079999998
0.014412277460000006
0.014416037999999999
0.014419788060000003
0.014423524490000004
0.01442724856
0.014430961150000006
0.014434662699999996
0.014438351450000003
0.014442028010000002
0.014445692080000001
0.014449346539999998
0.01445298829
0.014456616590000004
0.014460234550000001
0.014463840609999999
0.014467435179999995
0.014471019430000004
0.014474591350000003
0.014478149089999994
0.014481697659999999
0.01448523518
0.01448876091
0.014492275700000001
0.01449577868
0.014499270500000003
0.014502751190000005
0.01450622127
0.014509679829999997
0.014513128190000002
0.014516564190000001
0.014519989209999999
0.01452340465
0.014526807869999993
0.01453020164
0.014533582360000002
0.014536954339999998
0.014540315830000004
0.01454366689
0.014547006749999996
0.014550336179999998
0.014553654400000003
0.01455696205
0.014560259770000004
0.014563547049999999
0.014566823429999997
0.014570090139999999
0.014573347219999998
0.014576593240000007
0.01457982956
0.014583055069999996
0.014586271430000002
0.014589476910000003
0.014592673200000003
0.014595858860000002
0.014599033090000001
0.01460220091
0.014605356399999997
0.01460850161
0.01461163847
0.014614765490000004
0.014617882169999995
0.014620988810000004
0.014624086049999992
0.014627174679999999
0.01463025247
0.014633321440000003
0.014636379630000003
0.014639429890000001
0.014642470120000002
0.014645500320000003
0.014648521129999996
0.014651534059999997
0.014654536409999998
0.014657530919999997
0.014660513759999995
0.01466348961
0.014666455529999997
0.014669413139999999
0.014672361619999996
0.014675301240000004
0.01467822957
0.01468114908
0.014684062150000005
0.014686965179999997
0.01468985906
0.01469274467
0.014695621499999999
0.014698489700000001
0.014701351249999996
0.01470420066
0.014707042369999996
0.014709875630000003
0.014712700969999997
0.014715516820000002
0.014718324270000001
0.014721124409999994
0.014723914169999996
0.014726697229999999
0.014729470159999996
0.014732237640000003
0.014734995079999997
0.01473774396
0.014740485210000001
0.014743216340000002
0.014745940150000001
0.014748657330000003
0.014751365419999996
0.014754067400000001
0.014756758600000001
0.01475944407
0.0147621201
0.014764787640000004
0.01476745014
0.01477010115
0.01477274607
0.014775381459999999
0.014778011039999994
0.014780632809999998
0.01478324516
0.014785850940000001
0.014788448460000003
0.014791039230000004
0.014793621259999994
0.014796197709999999
0.014798765089999994
0.014801326470000003
0.014803878279999998
0.014806423370000005
0.01480896261
0.014811491439999998
0.014814015059999996
0.014816531489999998
0.014819039750000002
0.01482154
0.014824034080000001
0.014826520949999998
0.014829000060000002
0.014831472920000003
0.014833936689999999
0.014836394129999996
0.014838844170000002
0.01484128833
0.014843726310000001
0.01484615457
0.014848577980000006
0.014850993839999998
0.01485340376
0.01485580586
0.014858200830000001
0.014860588679999998
0.01486297117
0.014865345489999997
0.014867713090000005
0.014870075120000003
0.01487242913
0.014874776660000009
0.014877117169999999
0.014879451289999998
0.014881779469999997
0.014884101200000001
0.014886414000000004
0.014888721910000003
0.014891023290000003
0.014893317669999994
0.01489560676
0.014897889269999999
0.014900164540000004
0.01490243418
0.014904696850000003
0.014906953249999997
0.014909202729999994
0.014911447269999998
0.01491368402
0.014915915689999998
0.014918141870000002
0.014920360159999996
0.014922574049999996
0.014924780280000001
0.014926980659999995
0.01492917607
0.014931364020000002
0.014933546330000002
0.014935721449999995
0.014937892510000002
0.014940056670000002
0.01494221515
0.014944369779999998
0.014946514779999996
0.014948654600000002
0.014950790330000003
0.014952917999999999
0.01495504073
0.014957159670000003
0.014959270850000001
0.014961375769999993
0.014963475199999998
0.014965569169999995
0.01496765816
0.014969741860000002
0.01497181924
0.014973891239999999
0.014975957060000007
0.01497801809
0.014980071269999999
0.014982121260000003
0.014984164710000004
0.014986203489999995
0.014988236519999993
0.014990263460000002
0.014992284520000001
0.014994300580000003
0.014996311740000004
0.014998317540000004
0.0150003176
0.015002312590000004
0.01500430167
0.015006285580000002
0.015008264999999998
0.015010238289999998
0.01501220793
0.015014170310000002
0.015016129010000004
0.015018080840000003
0.015020028400000005
0.015021972029999999
0.015023909049999997
0.015025841739999999
0.015027769499999996
0.015029691740000007
0.01503160918
0.015033522310000002
0.015035428279999999
0.015037331409999997
0.01503922832
0.015041120410000003
0.01504300796
0.015044891889999997
0.015046768770000002
0.015048641129999998
0.015050508740000006
0.015052371399999997
0.015054228800000005
0.015056082149999997
0.01505793148
0.015059775209999997
0.015061614689999997
0.01506344912
0.015065278639999997
0.015067102299999998
0.015068921850000005
0.015070737599999997
0.015072548670000003
0.015074353370000007
0.0150761553
0.01507795221
0.015079743879999996
0.015081532600000004
0.015083316369999999
0.0150850945
0.015086868469999997
0.01508863843
0.015090403400000008
0.01509216374
0.0150939197
0.015095672090000003
0.01509741845
0.015099160859999999
0.015100899679999997
0.015102634470000004
0.015104364660000001
0.01510608846
0.015107809509999999
0.015109525699999994
0.015111237
0.015112945809999992
0.01511465027
0.015116348330000005
0.015118043729999999
0.015119733489999995
0.01512142141
0.015123103079999999
0.015124781330000003
0.015126455049999998
0.015128125470000002
0.015129791730000001
0.015131452640000003
0.015133111390000004
0.015134763839999999
0.015136413720000002
0.015138059130000001
0.015139699589999995
0.01514133842
0.015142971949999999
0.01514460026
0.015146225140000004
0.015147846219999993
0.015149463940000002
0.015151076469999995
0.015152685089999998
0.01515429067
0.015155891259999993
0.015157488059999997
0.015159081760000002
0.01516066968
0.015162256719999996
0.01516383893
0.01516541542
0.015166988860000003
0.015168558269999998
0.015170125810000004
0.015171688979999995
0.015173247979999997
0.015174802740000007
0.015176354310000003
0.015177903720000002
0.015179449370000004
0.015180989519999997
0.015182524780000001
0.015184057620000004
0.01518558825
0.015187113079999998
0.015188634250000005
0.015190151519999997
0.01519166695
0.015193178080000001
0.01519468543
0.015196189230000004
0.015197688939999999
0.0151991859
0.015200678540000002
0.015202167889999996
0.015203653680000002
0.015205135419999995
0.015206613600000005
0.015208089159999995
0.015209561450000002
0.015211028479999998
0.015212492289999997
0.015213954539999998
0.01521541239
0.015216866110000006
0.01521831672
0.015219764239999998
0.015221207320000006
0.015222647620000003
0.015224084209999999
0.015225516609999998
0.015226946949999997
0.015228373319999997
0.015229796009999996
0.0152312179
0.01523263428
0.015234046090000002
0.015235456920000006
0.015236862850000001
0.015238266099999993
0.015239665909999993
0.01524106193
0.01524245632
0.015243846749999998
0.015245232009999993
0.01524661404
0.015247995249999997
0.015249371869999997
0.015250743890000003
0.01525211543
0.015253482290000002
0.015254846650000002
0.015256208920000004
0.015257566150000002
0.01525892063
0.01526027231
0.015261619980000004
0.015262965780000004
0.015264307780000002
0.01526564643
0.015266982240000003
0.015268314690000001
0.015269644189999996
0.015270971369999997
0.01527229473
0.015273613099999998
0.015274932480000001
0.015276246639999998
0.015277557820000003
0.015278866809999996
0.015280171690000002
0.015281473280000003
0.015282771979999998
0.015284067379999997
0.015285362089999997
0.015286651300000002
0.01528793825
0.01528922248
0.01529050336
0.01529178049
0.015293055639999999
0.0152943276
0.01529559678
0.01529686265
0.015298126900000002
0.015299387480000003
0.015300645489999997
0.015301901219999994
0.015303153270000003
0.015304402340000009
0.015305648630000003
0.015306892709999999
0.015308132410000001
0.015309370539999995
0.015310605589999996
0.015311837270000007
0.01531306569
0.015314291249999995
0.01531551718
0.015316737229999999
0.01531795486
0.015319171419999998
0.015320384500000004
0.015321593570000005
0.01532280142
0.015324004269999998
0.015325205870000002
0.015326403769999998
0.015327600079999998
0.015328793420000002
0.01532998517
0.015331172620000002
0.015332357379999996
0.015333540209999998
0.015334720949999993
0.015335897650000006
0.015337072530000002
0.01533824406
0.015339412629999999
0.015340579449999997
0.015341743690000003
0.015342903719999999
0.01534406347
0.01534521891
0.015346372459999997
0.01534752374
0.015348671630000001
0.01534981703
0.01535095982
0.01535210099
0.015353238539999998
0.015354373590000003
0.015355505279999999
0.015356636120000005
0.015357762239999996
0.015358887029999997
0.015360009519999995
0.015361129109999996
0.015362245170000002
0.015363359519999994
0.015364472669999995
0.015365580339999994
0.015366688890000002
0.015367792720000004
0.015368894730000002
0.015369994520000003
0.01537109217
0.015372188580000003
0.0153732802
0.01537437112
0.01537545803
0.015376541919999997
0.015377625749999999
0.015378705700000009
0.015379782949999999
0.01538085944
0.01538193256
0.015383003449999998
0.01538407051
0.015385137149999995
0.015386201590000002
0.015387262529999996
0.015388321169999998
0.01538937905
0.015390432060000006
0.01539148301
0.015392532819999995
0.015393578609999996
0.015394624639999995
0.015395667459999995
0.01539670796
0.015397746219999998
0.01539878143
0.015399814849999995
0.01540084644
0.01540187572
0.015402902190000005
0.015403927059999996
0.015404948589999998
0.015405968050000001
0.0154069846
0.01540799895
0.01540901117
0.015410021789999997
0.015411030339999994
0.015412034400000002
0.015413038699999998
0.015414039510000001
0.015415037850000002
0.015416034259999998
0.0154170278
0.015418020889999997
0.015419011819999997
0.015419999200000003
0.015420985399999998
0.01542196922
0.01542295114
0.01542392973
0.015424907479999996
0.01542588255
0.015426854590000004
0.01542782745
0.015428795460000002
0.01542976212
0.015430726389999998
0.015431689669999995
0.015432648960000003
0.015433608750000003
0.015434563830000005
0.015435516829999994
0.015436470750000004
0.015437420179999996
0.015438367559999997
0.01543931272
0.015440257189999999
0.01544119726
0.015442135820000001
0.01544307356
0.015444010310000002
0.015444942749999998
0.015445874509999992
0.01544680318
0.015447728299999998
0.015448653619999997
0.015449577089999998
0.015450497150000004
0.015451415749999997
0.015452332129999994
0.015453247470000004
0.015454160710000003
0.015455072459999997
0.01545598167
0.015456887990000003
0.015457793070000003
0.01545869725
0.015459597039999997
0.01546049625
0.01546139276
0.01546229072
0.015463182789999998
0.01546407398
0.015464963339999997
0.015465851440000004
0.015466737719999998
0.015467622680000005
0.01546850356
0.015469382830000003
0.015470261279999998
0.015471138680000003
0.015472013190000002
0.015472885529999997
