0.09829589664
0.09131533084000001
0.08552081392
0.08097334228
0.07750920081999998
0.07482913682
0.07265159840000002
0.07078059201999999
0.06909748962
0.06753459812000001
0.06605404545999999
0.06463465064000001
0.06326447780000001
0.06193665051999999
0.060647144840000014
0.0593935058
0.058174191079999986
0.05698816243999999
0.05583469314
0.05471322136
0.05362329113999999
0.05256448709999999
0.05153641808
0.05053868630000001
0.049570905500000005
0.0486326435
0.04772345836
0.04684288075999999
0.04599041242
0.04516551856000001
0.04436765152
0.04359623280000001
0.04285066233999999
0.0421303311
0.041434606159999984
0.04076284734
0.04011441093999999
0.03948864085999999
0.03888488068
0.038302479480000005
0.03774077382
0.03719911302
0.03667685347999999
0.03617334868
0.03568796262
0.035220065200000004
0.034769040340000015
0.03433427634
0.03391517434
0.03351114134
0.033121609059999994
0.03274600264000001
0.03238377818
0.032034394740000006
0.03169733079999999
0.03137207373999999
0.031058134080000004
0.030755027580000007
0.030462293820000003
0.030179484220000004
0.029906159139999992
0.0296419104
0.029386329580000002
0.029139031420000003
0.028899646900000006
0.028667817259999992
0.028443205799999993
0.028225479100000003
0.02801432894000001
0.027809454640000005
0.02761057249999999
0.027417414560000006
0.027229715320000007
0.027047232159999997
0.026869728359999998
0.02669697876
0.026528774479999996
0.026364909140000007
0.02620519048000001
0.02604943555999999
0.02589747402000001
0.025749137080000005
0.025604267300000004
0.02546271956
0.02532434882
0.025189023860000007
0.02505661490000001
0.024927001279999996
0.024800069019999992
0.024675702960000004
0.024553808700000002
0.024434284039999997
0.02431703206
0.024201967639999992
0.024089004260000005
0.023978060439999994
0.02386906056000001
0.0237619349
0.023656609220000003
0.02355301979999999
0.023451106299999993
0.023350806739999994
0.023252065220000003
0.0231548285
0.02305904468
0.022964664980000004
0.022871640719999996
0.02277993102000001
0.022689489419999993
0.022600278520000003
0.02251225662
0.022425390979999994
0.022339641860000002
0.022254979959999997
0.022171369020000005
0.022088783980000005
0.02200719242
0.02192656624
0.02184687712
0.02176810284
0.02169021768000001
0.021613194360000004
0.021537017219999996
0.02146165978000001
0.021387101159999998
0.021313327720000007
0.021240314400000005
0.021168044780000003
0.021096501979999998
0.021025670139999994
0.02095553048
0.020886072620000005
0.020817274939999998
0.020749129440000003
0.020681619580000005
0.020614734160000005
0.02054845626
0.020482774379999995
0.02041768394
0.020353165860000005
0.020289214580000003
0.020225814939999993
0.020162962149999998
0.020100645040000007
0.0200388511
0.019977574320000004
0.01991680646
0.019856537780000006
0.019796760579999996
0.019737469629999994
0.019678652600000002
0.019620305079999997
0.01956241916
0.019504988820000003
0.019448006359999995
0.019391465729999998
0.01933536208
0.019279689139999997
0.019224442490000007
0.019169612910000005
0.01911519684
0.01906118826
0.019007584130000005
0.018954377499999998
0.01890156542
0.018849144119999998
0.018797104600000003
0.018745448469999995
0.01869416674
0.018643257939999998
0.01859271585
0.01854253706
0.018492716870000002
0.018443255500000002
0.0183941473
0.018345388849999998
0.018296975260000004
0.01824890418999999
0.018201175330000006
0.01815377994
0.018106719360000002
0.01805998693
0.018013581290000004
0.01796750002
0.017921741039999998
0.01787630163
0.017831177319999992
0.01778636511
0.01774186397
0.017697669840000003
0.017653781309999995
0.017610195639999996
0.01756691203
0.017523923620000003
0.01748123367
0.017438838190000003
0.01739673238
0.01735491654
0.01731338684
0.017272144210000003
0.01723118293
0.01719050462
0.017150106980000007
0.017109982519999997
0.017070132259999996
0.01703055555
0.016991252000000002
0.016952216430000003
0.016913446840000002
0.016874943549999997
0.016836707179999997
0.016798728970000003
0.016761012300000003
0.01672355307
0.01668635236
0.016649406079999998
0.0166127143
0.01657627092
0.016540080390000003
0.01650413715
0.016468439209999998
0.01643298838
0.016397781969999997
0.016362818429999995
0.016328096979999998
0.016293612519999997
0.016259366219999998
0.016225355779999995
0.016191582680000004
0.01615803964
0.016124730969999997
0.01609165189
0.01605880074
0.016026177529999998
0.015993781220000006
0.015961609229999996
0.0159296592
0.01589793228
0.015866426160000002
0.01583513972
0.015804071399999998
0.01577322099
0.01574258343
0.015712161629999995
0.0156819537
0.015651956040000005
0.015622169509999999
0.015592590859999995
0.01556322079
0.015534055150000002
0.015505094440000002
0.015476338750000002
0.015447784939999997
0.015419432769999998
0.015391281829999997
0.01536332914
0.0153355739
0.01530801719
0.015280654070000003
0.015253485999999998
0.01522651044
0.015199728079999995
0.015173137170000007
0.015146735009999999
0.01512052286
0.015094496269999997
0.015068654970000001
0.015042998910000004
0.015017528610000002
0.014992240109999997
0.014967133190000006
0.014942208090000006
0.014917462270000006
0.014892895239999999
0.014868504300000009
0.014844290610000001
0.01482025142
0.014796386970000002
0.01477269478
0.014749175409999999
0.014725826650000004
0.014702646799999998
0.014679637139999997
0.014656795670000002
0.014634121260000004
0.014611611799999995
0.014589267410000004
0.014567087030000004
0.014545069569999998
0.01452321355
0.014501519770000002
0.014479983670000003
0.014458607160000001
0.014437388109999996
0.014416325820000003
0.014395419310000001
0.014374669110000002
0.01435407024
0.014333626989999999
0.014313335460000003
0.014293195099999996
0.01427320303
0.014253362870000001
0.014233670080000003
0.014214124619999997
0.01419472398
0.014175469579999999
0.014156361119999994
0.014137396759999999
0.01411857453
0.014099893579999998
0.014081353389999995
0.014062954859999999
0.014044694610000002
0.014026573100000002
0.014008590500000005
0.013990744349999997
0.013973032670000003
0.013955456760000002
0.013938014449999998
0.013920705269999998
0.01390352912
0.013886485220000001
0.013869571599999997
0.013852788489999995
0.013836135860000008
0.013819610220000006
0.0138032143
0.01378694446
0.013770798969999998
0.013754778090000001
0.013738884029999999
0.01372311473
0.013707467400000006
0.013691941369999995
0.01367653703
0.013661254080000003
0.0136460903
0.013631046270000002
0.013616121819999999
0.013601314439999998
0.013586622650000001
0.013572046890000002
0.01355758665
0.013543241259999998
0.01352900978
0.013514894239999997
0.013500888770000004
0.013486997359999999
0.013473217130000001
0.013459547720000003
0.013445986540000001
0.013432534650000001
0.013419189940000003
0.013405954560000004
0.013392826380000005
0.013379804500000002
0.013366890449999995
0.013354078939999998
0.013341373820000002
0.013328770520000002
0.013316272699999996
0.013303875779999997
0.01329158178
0.013279388129999998
0.013267294609999996
0.013255302049999999
0.013243410139999998
0.01323161539
0.01321992002
0.013208322270000003
0.013196821550000001
0.01318541661
0.01317410671
0.013162894389999999
0.013151775610000005
0.01314074979
0.013129818749999996
0.01311897967
0.013108233540000003
0.013097579799999997
0.013087016250000002
0.013076542999999998
0.013066160860000002
0.01305586823
0.013045663859999999
0.013035549339999997
0.01302552122
0.013015581699999999
0.013005728310000004
0.01299596233
0.012986280679999995
0.012976684679999996
0.012967173919999998
0.01295774577
0.012948400579999996
0.012939139469999998
0.012929962129999998
0.012920865040000002
0.012911849940000003
0.012902915549999998
0.01289406184
0.012885287879999999
0.012876593669999999
0.01286797789
0.01285944041
0.012850981860000001
0.012842600240000003
0.01283429537
0.012826067159999996
0.012817914919999998
0.012809839880000005
0.012801839609999994
0.01279391471
0.012786062069999998
0.012778284230000003
0.012770579240000001
0.012762946439999995
0.012755386210000002
0.01274789784
0.012740480070000003
0.012733134580000001
0.012725858560000003
0.012718651320000001
0.012711514189999997
0.01270444637
0.012697445580000001
0.012690515060000001
0.012683651930000001
0.01267685508
0.012670127859999998
0.012663465710000002
0.012656868959999998
0.012650337139999999
0.012643870780000004
0.012637468800000001
0.012631132639999997
0.01262485936
0.012618649440000003
0.012612501649999998
0.012606417189999998
0.012600394400000003
0.012594432649999996
0.01258853503
0.012582697
0.012576919939999997
0.012571202069999999
0.012565543520000002
0.012559944690000002
0.012554404599999998
0.012548922679999996
0.0125434989
0.012538133219999999
0.012532823250000002
0.012527570369999998
0.012522375940000004
0.01251723719
0.01251215377
0.012507125970000003
0.01250215173
0.01249723178
0.01249236773
0.012487556210000002
0.012482798000000002
0.012478092960000003
0.012473439589999998
0.012468840369999998
0.012464292029999999
0.012459795500000002
0.012455349519999999
0.012450955360000002
0.012446611020000003
0.012442316400000002
0.012438071509999999
0.012433876609999998
0.012429730540000001
0.01242563253
0.01242158393
0.012417583259999998
0.012413629220000005
0.012409723009999995
0.012405863789999996
0.012402051090000001
0.012398284780000001
0.01239456373
0.012390887590000003
0.012387257620000003
0.012383673270000001
0.012380132689999998
0.012376636090000002
0.01237318278
0.012369773880000004
0.012366407389999999
0.012363085470000004
0.01235980535
0.012356568169999995
0.012353373130000001
0.012350219320000005
0.012347108039999999
0.012344037789999995
0.012341007750000004
0.012338017710000003
0.012335067350000001
0.012332157390000003
0.012329286339999994
0.01232645405
0.012323661880000001
0.012320906760000003
0.012318190879999998
0.01231551263
0.012312873470000001
0.01231027108
0.012307706089999999
0.01230517796
0.012302686819999999
0.012300232849999997
0.012297814579999997
0.012295432
0.0122930859
0.012290774229999999
0.012288497320000003
0.012286256270000002
0.012284047630000001
0.01228187349
0.012279733239999997
0.012277625770000005
0.012275551849999997
0.012273511209999997
0.012271504679999998
0.012269529749999999
0.012267587779999995
0.01226567773
0.012263799469999998
0.012261952630000001
0.012260137699999993
0.01225835437
0.012256601100000004
0.012254878599999996
0.012253187259999996
0.012251524819999996
0.012249893440000001
0.012248290989999992
0.012246717699999996
0.01224517332
0.01224365727
0.012242170479999998
0.012240712059999997
0.0122392844
0.0122378831
0.012236509819999996
0.012235163890000001
0.012233845079999996
0.012232554099999998
0.012231289820000001
0.012230050990000001
0.01222884024
0.0122276556
0.01222649648
0.012225363959999997
0.012224256250000001
0.01222317416
0.012222117999999997
0.012221085849999997
0.012220079280000002
0.012219096580000002
0.01221813897
0.01221720434
0.012216295389999998
0.012215409330000005
0.012214547600000004
0.012213709190000002
0.012212893420000006
0.012212102059999999
0.012211332229999997
0.012210585380000001
0.012209861850000002
0.012209160949999997
0.012208480340000001
0.012207822630000002
0.012207185890000003
0.01220657158
0.01220597705
0.01220540489
0.0122048531
0.012204322560000003
0.012203812090000002
0.012203324390000006
0.012202854969999996
0.012202405320000003
0.012201976400000002
0.01220156586
0.01220117641
0.01220080656
0.012200454659999997
0.012200123060000003
0.01219981068
0.01219951606
0.01219924144
0.012198984340000003
0.012198747010000002
0.012198528529999997
0.012198326660000003
0.012198141910000002
0.012197975289999998
0.01219782737
0.012197695449999999
0.01219758138
0.012197484889999999
0.012197404659999996
0.01219734298
0.012197295229999999
0.012197265030000001
0.012197249830000001
0.012197251009999998
0.01219726953
0.012197303909999999
0.01219735359
0.01219741828
0.012197500340000002
0.012197596120000001
0.012197708539999998
0.012197835430000002
0.012197976140000002
0.012198132640000001
0.012198303079999999
0.012198487660000002
0.012198688010000005
0.012198901909999999
0.012199130480000002
0.012199372510000006
0.012199629360000002
0.0121998994
0.012200182680000003
0.012200479299999997
0.01220078954
0.01220111214
0.012201448479999998
0.012201798990000004
0.012202161850000002
0.012202536970000004
0.012202925520000001
0.012203326270000004
0.01220373979
0.012204165419999998
0.012204602090000002
0.012205050870000001
0.012205513540000004
0.012205986630000006
0.012206471390000005
0.012206968450000001
0.012207475669999999
0.012207994280000002
0.012208524670000004
0.012209066439999996
0.012209619489999999
0.012210184160000002
0.012210757059999999
0.01221134285
0.012211939260000002
0.012212545750000003
0.012213162899999996
0.012213790130000002
0.01221442879
0.012215078170000003
0.012215736
0.01221640461
0.012217081990000003
0.012217769030000006
0.012218467459999998
0.012219175360000003
0.012219890540000002
0.012220616400000002
0.012221351280000006
0.012222094999999999
0.012222847630000002
0.012223609849999999
0.0122243796
0.01222516076
0.01222594871
0.01222674603
0.012227552720000003
0.012228365810000004
0.012229187979999995
0.0122300176
0.012230856440000002
0.0122317031
0.01223255807
0.012233421339999996
0.012234293169999999
0.012235171320000002
0.01223605646
0.0122369496
0.01223785159
0.012238759959999998
0.012239676300000004
0.012240600170000003
0.012241530989999997
0.01224246868
0.01224341232
0.012244364670000002
0.012245323319999996
0.012246287510000002
0.012247261089999994
0.012248239349999999
0.012249224809999999
0.01225021593
0.01225121552
0.012252220340000003
0.012253231630000002
0.01225424851
0.01225527158
0.012256301930000001
0.012257337569999995
0.012258380110000001
0.012259428599999995
0.012260481700000003
0.01226154253
0.01226260692
0.01226367904
0.012264754979999999
0.01226583811
0.012266925980000001
0.012268019009999995
0.012269116939999996
0.0122702224
0.012271332309999996
0.01227244716
0.012273567339999998
0.01227469373
0.012275824199999999
0.01227695923
0.01227809867
0.012279243599999998
0.012280393010000003
0.01228154802
0.012282706919999997
0.01228387109
0.01228503914
0.012286211860000002
0.012287388209999998
0.012288570580000002
0.012289755340000002
0.012290945729999997
0.012292140959999998
0.01229334007
0.012294543380000002
0.012295751830000002
0.012296963250000004
0.01229817729
0.012299397559999998
0.012300619839999997
0.012301846609999998
0.012303078269999998
0.01230431203
0.01230555086
0.012306792589999999
0.012308037700000002
0.012309287270000002
0.012310541529999998
0.012311797150000005
0.012313057249999999
0.012314320250000003
0.012315588379999999
0.012316859290000004
0.012318133779999995
0.012319411779999996
0.01232069302
0.012321977149999998
0.012323263450000002
0.01232455396
0.012325847219999998
0.012327142809999995
0.01232844167
0.01232974387
0.01233104885
0.01233235689
0.01233366831
0.012334982210000003
0.012336299899999997
0.01233761835
0.01233894103
0.012340265289999994
0.012341592960000002
0.012342922709999997
0.012344256069999998
0.01234559218
0.012346930319999998
0.0123482708
0.012349613699999994
0.0123509589
0.012352307350000001
0.01235365838
0.012355010760000002
0.012356366269999999
0.012357723449999998
0.012359082719999996
0.012360445780000002
0.012361810179999997
0.012363175870000003
0.012364544980000001
0.012365916159999999
0.012367287320000002
0.012368662080000004
0.012370038120000003
0.012371416669999998
0.012372796720000002
0.012374180560000001
0.01237556506
0.012376952350000001
0.012378341049999998
0.012379731749999998
0.01238112364
0.01238251742
0.01238391335
0.012385310239999997
0.012386708439999998
0.012388109269999996
0.01238951218
0.012390915689999999
0.012392321610000003
0.012393729959999999
0.01239513817
0.01239654936
0.01239796092
0.012399376370000001
0.012400791289999998
0.012402207659999998
0.012403626699999998
0.012405045490000002
0.012406466589999998
0.012407888909999998
0.01240931249
0.01241073786
0.012412165329999995
0.0124135934
0.012415022699999998
0.01241645366
0.012417884700000001
0.01241931858
0.01242075253
0.012422187179999999
0.01242362419
0.012425062419999997
0.01242650142
0.012427940639999994
0.01242938234
0.012430824109999999
0.012432267669999997
0.012433710510000003
0.012435154839999997
0.012436599329999999
0.012438046389999999
0.01243949446
0.012440942890000002
0.012442393050000002
0.0124438441
0.01244529434
0.01244674611
0.012448199319999999
0.012449653949999995
0.012451109050000004
0.012452564990000001
0.0124540218
0.012455480040000001
0.012456937710000004
0.01245839739
0.012459859460000002
0.01246132004
0.012462783970000002
0.012464246009999997
0.012465710010000006
0.012467174349999997
0.012468638529999998
0.0124701029
0.012471569520000001
0.012473037610000001
0.012474503609999995
0.01247597257
0.012477440349999997
0.012478908689999997
0.01248037924
0.012481849629999996
0.01248332069
0.012484791610000004
0.012486262709999998
0.01248773481
0.012489208270000005
0.01249068108
0.012492155500000001
0.012493629640000005
0.01249510359
0.012496579040000002
0.012498055110000001
0.012499530120000005
0.012501007179999999
0.012502483390000006
0.012503961839999998
0.0125054402
0.012506917869999998
0.012508396539999998
0.012509874809999998
0.01251135353
0.01251283203
0.012514312289999998
0.012515792200000004
0.012517273209999997
0.01251875453
0.012520234170000002
0.012521715729999995
0.012523197459999998
0.012524678940000002
0.01252616121
0.01252764282
0.012529125160000001
0.012530607240000002
0.012532090499999999
0.012533573760000001
0.01253505688
0.012536541210000004
0.01253802603
0.012539508859999998
0.012540992590000001
0.012542476939999998
0.012543960840000003
0.01254544502
0.012546929690000003
0.01254841363
0.012549898970000004
0.01255138329
0.01255286786
0.01255435318
0.01255583723
0.01255732331
0.012558807610000005
0.01256029359
0.012561777820000002
0.012563263599999996
0.012564747300000002
0.012566232540000001
0.012567718409999994
0.012569203470000002
0.012570689139999997
0.012572174080000003
0.012573659610000001
0.012575143599999998
0.012576629450000003
0.012578114569999998
0.012579599460000002
0.012581084779999996
0.012582569899999996
0.012584056330000003
0.012585540990000001
0.01258702672
0.012588511539999996
0.01258999667
0.012591482210000006
0.012592966679999998
0.012594450610000005
0.012595936450000003
0.012597421350000002
0.012598905430000003
0.012600389279999999
0.012601872849999998
0.012603356020000001
0.012604839800000003
0.01260632157
0.012607804180000001
0.012609287790000001
0.01261076998
0.012612252340000003
0.012613734010000002
0.01261521591
0.012616697930000002
0.012618179920000003
0.012619661209999999
0.012621142509999994
0.012622623360000003
0.01262410448
0.012625585719999999
0.012627066789999999
0.012628547499999998
0.012630029529999998
0.01263150921
0.012632989330000002
0.012634470029999997
0.012635950440000002
0.012637430719999999
0.012638910129999998
0.012640389699999999
0.012641868309999995
0.01264334696
0.012644825790000001
0.012646303879999998
0.012647782120000004
0.012649259119999999
0.01265073682
0.012652213530000003
0.0126536909
0.012655167510000004
0.012656644529999997
0.01265812007
