0.08362983682000001
0.05474954842000001
0.03765103932
0.030493622739999993
0.027345583200000002
0.0250883887
0.02308931066999999
0.021731002730000008
0.02070332825
0.019908836710000002
0.019300042000000003
0.018817879149999998
0.01825043138
0.01796139889
0.017822373850000003
0.017733695250000004
0.017555466129999996
0.017245523970000006
0.01695535135
0.01681269308
0.016796398730000002
0.016801287590000002
0.0168135181
0.01682196682
0.01675485077
0.016475493209999997
0.01646927236
0.01649093615
0.016517282660000007
0.016546691220000007
0.016578170759999997
0.016610909349999994
0.016644284369999998
0.016677830600000002
0.016711211000000004
0.01674418364
0.0167765638
0.016808201699999997
0.016838946469999998
0.016868621469999998
0.01689695351
0.016923457229999998
0.016947074019999998
0.01696495779
0.016966364419999998
0.016856639590000003
0.016580227710000003
0.016552951189999998
0.016461719620000002
0.016196654650000003
0.016175647010000002
0.016183127289999995
0.01619354919
0.01620701938
0.01622274537
0.01623995436
0.016258065350000007
0.016276650379999997
0.016295417049999997
0.016314161020000006
0.016332742180000005
0.016351068540000003
0.016369070040000003
0.016386702469999997
0.016403928490000004
0.016420720500000003
0.01643705166
0.016452885949999996
0.016468182870000004
0.01648286875
0.016496822169999998
0.016509817119999996
0.0165213726
0.01653031024
0.016532894720000003
0.016510885200000002
0.01632082147
0.016113192739999997
0.016094399369999998
0.016072700260000006
0.015947396550000003
0.015677090489999997
0.015648279219999995
0.01564567686
0.01564874623
0.015654550310000005
0.015661932190000002
0.015670309460000004
0.01567934348
0.015688806080000003
0.015698548169999996
0.015708458949999997
0.015718460210000004
0.015728494309999997
0.01573851878
0.01574850139
0.01575841846
0.01576825591
0.01577800128
0.015787643610000006
0.015797180430000002
0.01580660677
0.015815923830000005
0.01582512856
0.01583422403
0.015843212829999998
0.01585209503
0.01586087157
0.015869546489999997
0.01587811993
0.015886594060000002
0.0158949681
0.015903243000000004
0.015911416339999995
0.015919487529999995
0.01592745393
0.015935313979999994
0.01594306394
0.01595070442
0.015958229589999998
0.015965638529999996
0.015972933369999998
0.015980110409999998
0.015987171949999993
0.015994114239999996
0.0160009409
0.01600765261
0.01601425061
0.016020736140000002
0.016027112659999995
0.016033380769999994
0.0160395458
0.016045603769999996
0.016051564440000003
0.016057426339999997
0.01606319379
0.016068870449999998
0.016074457169999997
0.016079956650000005
0.016085371770000002
0.01609070682
0.016095963320000004
0.016101142000000002
0.016106247089999998
0.016111282100000002
0.016116248970000004
0.016121147700000005
0.016125981309999992
0.016130757100000004
0.016135470070000005
0.016140124910000005
0.016144724839999996
0.016149270270000002
0.016153763890000002
0.01615820814
0.016162603969999995
0.016166950700000002
0.016171252999999997
0.01617551107
0.01617972758
0.01618390219
0.01618803702
0.016192133890000005
0.01619619412
0.01620021869
0.016204208569999996
0.01620816443
0.01621208731
0.016215980090000005
0.016219841469999996
0.016223673509999998
0.016227475869999997
0.016231250370000002
0.016234997580000004
0.016238718479999997
0.01624241477
0.01624608597
0.016249733780000004
0.01625335705
0.016256957819999997
0.016260535719999997
0.016264092719999998
0.01626762582
0.016271140369999996
0.01627463365
0.016278106619999996
0.01628156104
0.016284996249999996
0.016288412779999997
0.01629180994
0.0162951891
0.01629855085
0.016301894020000006
0.016305221319999997
0.016308530070000004
0.016311822490000006
0.01631509855
0.016318357439999997
0.01632160188
0.016324828919999996
0.01632803971
0.016331234530000002
0.016334414149999997
0.016337578289999998
0.01634072772
0.01634386096
0.016346979199999997
0.01635008315
0.01635317112
0.016356243560000004
0.01635930115
0.01636234498
0.016365372730000004
0.01636838739
0.01637138532
0.01637436863
0.016377336960000002
0.016380292220000002
0.016383232169999998
0.01638615875
0.016389068030000002
0.01639196532
0.016394847750000004
0.01639771605
0.01640056942
0.01640340876
0.016406233719999996
0.016409043730000003
0.016411842120000002
0.016414626280000004
0.016417397640000005
0.01642015461
0.016422900379999997
0.016425631160000002
0.016428351509999998
0.01643105913
0.016433753379999996
0.016436437249999998
0.016439112299999996
0.01644177417
0.01644442598
0.016447068730000004
0.01644970256
0.01645232611
0.016454941749999997
0.01645754931
0.016460147999999997
0.01646273788
0.016465321560000003
0.01646789634
0.016470466269999994
0.016473027490000004
0.016475581160000002
0.01647812696
0.01648066692
0.016483196630000002
0.01648572213
0.016488239059999996
0.016490748590000003
0.01649324857
0.01649574201
0.016498227620000007
0.016500703519999996
0.016503170329999997
0.01650563205
0.016508081409999997
0.01651052485
0.016512957690000003
0.01651538292
0.016517797769999995
0.016520204269999998
0.01652260133
0.01652498909
0.01652736966
0.016529739199999994
0.016532099620000004
0.016534451299999996
0.01653679391
0.01653912683
0.016541451020000004
0.016543766249999998
0.01654607188
0.016548366500000005
0.01655065356
0.01655293048
0.016555200780000005
0.016557459599999994
0.01655971001
0.01656195235
0.016564185319999997
0.016566408759999998
0.01656862659
0.01657083189
0.01657302959
0.016575217680000007
0.016577397439999992
0.016579569580000002
0.016581733069999993
0.016583887570000004
0.016586032699999996
0.01658817111
0.016590300120000005
0.016592420269999995
0.016594533999999998
0.016596639969999997
0.01659873661
0.0166008265
0.01660290728
0.01660498121
0.016607046729999998
0.01660910342
0.0166111553
0.01661319905
0.01661523456
0.016617261750000004
0.01661928151
0.016621295379999998
0.01662330189
0.016625301049999996
0.016627293390000002
0.016629278210000008
0.01663125551000001
0.016633227229999995
0.0166351923
0.01663714958
0.016639099940000002
0.0166410431
0.016642980679999995
0.016644912309999996
0.016646834229999997
0.016648752610000005
0.01665066411
0.01665256823
0.016654465809999998
0.016656356809999998
0.01665824115
0.016660120119999997
0.016661992700000003
0.016663857659999996
0.01666571782
0.016667571400000004
0.016669418709999998
0.01667125793
0.016673092129999997
0.016674921560000004
0.016676743459999997
0.01667855984
0.016680369469999998
0.01668217201
0.016683969530000002
0.01668576185
0.01668754661
0.016689327160000003
0.016691099180000005
0.01669286721
0.01669462863
0.016696383019999993
0.01669813263
0.016699876049999993
0.01670161301
0.016703344489999997
0.01670507214
0.016706791900000004
0.016708506150000003
0.016710212500000002
0.01671191617
0.01671361202
0.016715303710000004
0.016716989490000004
0.016718669450000005
0.01672034115
0.01672201078
0.01672367362
0.01672533129
0.016726982860000003
0.01672862885000001
0.016730269699999998
0.016731904489999998
0.016733533970000002
0.01673515768999999
0.01673677596
0.01673838827
0.016739996719999997
0.016741596499999997
0.016743192400000006
0.016744783830000002
0.01674636889
0.016747948019999997
0.016749522259999997
0.016751090920000003
0.01675265556
0.01675421394
0.01675576718
0.01675731387
0.016758855700000002
0.016760393959999998
0.016761924860000006
0.01676345256
0.01676497363
0.016766488660000002
0.016768000949999997
0.016769506409999996
0.01677100756
0.016772502700000004
0.01677399322
0.016775477569999996
0.016776956979999997
0.01677843221
0.01677990302
0.016781367380000002
0.01678282649
0.01678428252
0.016785732100000002
0.016787176379999994
0.01678861504
0.016790051379999994
0.01679148071
0.0167929055
0.01679432392
0.0167957401
0.0167971507
0.01679855683
0.0167999571
0.016801353610000003
0.01680274369
0.016804130580000003
0.01680550969999999
0.016806887769999994
0.01680826029
0.01680962798
0.016810990890000006
0.016812349840000004
0.016813703980000004
0.01681505186
0.016816394090000006
0.01681773524
0.016819068839999996
0.016820399860000005
0.0168217244
0.016823048299999997
0.016824364520000003
0.016825677399999996
0.016826985650000004
0.0168282894
0.016829589230000004
0.016830885259999998
0.01683217519
0.01683346225
0.016834745610000004
0.016836023350000003
0.016837298210000004
0.01683856692
0.016839831770000008
0.016841093399999996
0.01684235045
0.01684360264
0.01684485173
0.01684609718
0.016847337000000004
0.016848573770000007
0.01684980607
0.016851034730000002
0.016852259249999998
0.01685348084
0.01685469749
0.01685591086000001
0.016857119129999997
0.01685832595
0.016859527510000003
0.016860724500000007
0.0168619194
0.016863110320000006
0.01686429602
0.016865478629999996
0.01686665845
0.01686783328
0.016869007380000002
0.01687017403
0.016871339189999994
0.016872499040000002
0.016873657839999997
0.01687481152
0.016875961939999996
0.016877110570000006
0.016878253160000006
0.016879393580000002
0.016880529720000002
0.01688166378
0.016882794290000003
0.01688392036
0.01688504299
0.01688616472
0.016887280390000002
0.016888393829999994
0.016889503580000003
0.01689061172
0.01689171548
0.016892816579999997
0.01689391506
0.01689500889
0.01689610235
0.0168971907
0.01689827627
0.016899358500000003
0.01690043835
0.01690151581
0.01690258858
0.016903661119999996
0.01690472875
0.01690579281
0.016906855630000005
0.016907915659999998
0.016908970760000003
0.016910023940000005
0.016911075130000005
0.016912122519999996
0.016913168920000003
0.016914211700000004
0.016915252660000005
0.01691629033
0.016917325250000004
0.016918356680000003
0.016919387129999998
0.016920413550000003
0.016921439660000002
0.01692246006
0.01692348049
0.01692449761
0.01692551169
0.016926523249999995
0.01692753277
0.01692853915
0.016929544350000002
0.016930544670000002
0.016931546169999992
0.016932544759999998
0.01693354004
0.016934534229999996
0.016935526270000004
0.01693651301
0.016937500620000004
0.016938485070000005
0.016939468639999997
0.016940449280000006
0.01694142713
0.016942403959999998
0.016943376410000002
0.01694434916
0.016945318870000003
0.016946286679999995
0.01694725359
0.016948217899999996
0.01694917938
0.016950140069999998
0.016951097350000003
0.016952054089999998
0.01695300821
0.016953961120000006
0.016954911430000004
0.01695585951
0.01695680858
0.01695775213
0.016958694370000003
0.016959635840000004
0.016960575360000008
0.016961513390000002
0.016962447309999996
0.016963382500000002
0.01696431564000001
0.01696524719
0.016966177
0.016967105110000002
0.01696803068
0.016968955119999997
0.016969877999999997
0.016970800329999997
0.016971720620000002
0.01697263816
0.016973554889999996
0.016974469849999996
0.016975383199999992
0.01697629543
0.01697720546
0.01697811737
0.01697902537
0.016979932450000002
0.01698083685
0.016981740420000002
0.01698264341
0.016983544859999998
0.016984444560000003
0.0169853426
0.016986241749999995
0.01698713766
0.016988031290000004
0.01698892574
0.016989819499999993
0.01699070893
0.01699159825
0.016992488320000002
0.016993376449999997
0.016994262309999994
0.01699514724
0.01699602913
0.016996912100000004
0.016997794620000003
0.016998675679999995
0.016999555449999995
0.017000433979999997
0.017001310979999996
0.01700218644
0.01700306201
0.017003936620000003
0.017004809730000004
0.01700568198
0.01700655386
0.017007423180000005
0.0170082919
0.017009160610000008
0.0170100279
0.017010893890000003
0.017011758680000003
0.01701262292
0.01701348742
0.017014351029999996
0.017015210560000004
0.017016070819999996
0.01701693206
0.017017789270000003
0.017018645890000003
0.017019503190000004
0.01702036108
0.01702121596
0.01702207055
0.01702292474
0.017023775659999997
0.01702462822
0.01702548002
0.01702632876
0.017027178620000003
0.01702802599
0.017028874630000003
0.017029722289999997
0.01703056775
0.017031414260000002
0.01703225887
0.017033104160000003
0.017033948519999998
0.017034790029999997
0.017035631430000003
0.017036473490000002
0.017037312579999995
0.01703815131
0.017038990270000005
0.01703983008
0.017040665019999998
0.01704150317
0.017042338699999996
0.017043175449999996
0.017044009859999997
0.017044843319999996
0.01704567612
0.017046509600000002
0.017047341770000002
0.01704817345
0.017049005350000007
0.01704983719999999
0.01705066616
0.017051495319999995
0.017052324399999996
0.017053151330000002
0.017053979650000006
0.01705480683
0.017055633080000004
0.017056459340000007
0.01705728405
0.01705810903
0.017058931819999998
0.017059757309999996
0.01706057853
0.0170614025
0.01706222373
0.01706304535
0.01706386699
0.017064687630000006
0.017065506260000002
0.017066326780000002
0.017067144279999998
0.01706796401
0.017068783079999997
0.017069599499999998
0.0170704179
0.01707123392
0.01707204841
0.017072865079999992
0.01707368162
0.017074496430000002
0.01707531086
0.017076124340000005
0.017076940770000004
0.017077752670000005
0.01707856605
0.017079377610000005
0.0170801885
0.01708099927
0.017081811880000006
0.017082621670000003
0.017083433250000002
0.017084242609999998
0.01708505225
0.01708586219
0.017086671699999997
0.01708747985999999
0.01708828796
0.017089095899999997
0.01708990416
0.01709071127
0.017091518899999995
0.017092325920000005
0.01709313098
0.01709393685
0.017094743040000002
0.01709554753
0.017096354080000004
0.017097157310000003
0.017097961699999994
0.017098765840000002
0.01709956814
0.017100371939999998
0.017101174150000006
0.01710197778
0.017102781470000005
0.017103582449999998
0.01710438493
0.01710518706
0.017105988260000003
0.017106789059999995
0.017107589319999995
0.01710838942
0.017109188969999994
0.017109990380000006
0.017110789959999997
0.017111589010000004
0.01711238907
0.01711318811
0.01711398786
0.01711478657
0.017115583440000002
0.017116383149999997
0.017117181159999998
0.0171179785
0.017118774819999998
0.01711957168
0.01712037052
0.017121166610000002
0.017121964799999997
0.01712275943
0.017123554130000003
0.017124350909999995
0.01712514645
0.0171259409
0.01712673667
0.01712753211
0.017128326600000004
0.017129123020000005
0.0171299159
0.017130710090000004
0.01713150462
0.01713229853
0.017133091819999995
0.01713388617
0.01713468122
0.017135474360000003
0.017136268630000007
0.017137061740000004
0.01713785546
0.017138647369999996
0.017139439459999996
0.01714023252000001
0.017141023640000003
0.01714181564
0.01714260794
0.01714340136999999
0.01714419382
0.01714498346
0.01714577434
0.01714656591
0.017147357840000002
0.01714814808000001
0.017148940459999998
0.017149732239999996
0.01715052293
0.017151312439999997
0.017152101700000002
0.017152892739999998
0.01715368374
0.017154472790000003
0.017155263300000004
0.01715605276
0.01715684288
0.017157633079999998
0.017158423339999996
0.0171592116
0.01716000121
0.0171607903
0.017161580419999996
0.01716236882
0.01716315896
0.01716394634
0.017164735839999997
0.017165523100000003
0.01716631305
0.017167101439999995
0.017167889090000003
0.017168676379999998
0.017169463490000002
0.017170252509999998
0.01717104186
0.017171829840000007
0.017172617560000002
0.01717340514
0.017174192970000002
0.01717498066
0.017175769310000002
0.017176557149999994
0.017177344749999997
0.017178131379999996
0.01717891975
0.017179708159999994
0.017180495259999998
0.017181282659999998
0.01718207079
0.01718285715
0.01718364465
0.01718443268
0.017185219889999995
0.01718600634
0.017186794030000004
0.017187581070000006
0.01718836797
0.017189155340000005
0.017189940960000004
0.01719072899
0.01719151616
0.017192304159999994
0.017193092169999993
0.017193878639999997
0.0171946643
0.017195452450000002
0.017196238239999998
0.017197026240000003
0.017197812250000007
0.017198598760000003
0.01719938397
0.017200170489999996
0.01720095514
0.017201741709999996
0.01720252782
0.017203314250000004
0.017204100659999996
0.017204888420000005
0.01720567454
0.017206460239999995
0.017207247750000005
0.017208034960000004
0.017208819279999996
0.0172096062
0.017210391710000005
0.017211178480000006
0.01721196568
0.01721275175
0.017213537170000008
0.017214322930000005
0.017215109319999998
0.01721589523
0.017216681459999997
0.017217466540000004
0.017218252510000004
0.017219038590000003
0.017219824889999992
0.017220610169999997
0.01722139637
0.017222181459999996
0.01722296637
0.017223753289999998
0.017224538829999997
0.017225324729999995
0.01722611145
0.017226896789999998
0.017227683440000002
0.017228469120000006
0.01722925467
0.01723003919
0.01723082676
0.017231613130000004
0.017232397840000004
0.01723318489
0.017233970820000003
0.017234757139999998
0.01723554241
0.017236328619999998
0.017237114090000002
0.017237900110000003
0.01723868685
0.01723947279
0.017240256920000002
0.01724104224
0.017241828770000002
0.01724261673
0.01724340168
0.017244188849999995
0.017244973509999997
0.01724575963
0.01724654616
0.017247330940000007
0.01724811481
0.017248900640000005
0.01724968538
0.017250471339999997
0.017251259320000004
0.01725204397
0.017252830700000003
0.017253616420000003
0.01725440147
0.01725518818
0.017255974130000004
0.017256759799999997
0.01725754585
0.0172583312
0.017259117600000005
0.017259902549999994
0.017260689160000005
0.01726147674
0.01726226211
0.017263046589999994
0.01726383201
0.01726461801
0.017265402940000004
0.01726618971
0.01726697627
0.01726776059
0.017268545399999998
0.0172693302
0.017270116369999998
0.017270901659999994
0.01727168712
0.01727247281
0.01727325905
0.01727404352
0.01727483126
0.017275615700000004
0.017276400829999997
0.017277184919999997
0.017277970610000006
0.01727875666000001
0.01727954296
0.017280327910000007
0.01728111267
0.017281898730000002
0.0172826839
0.017283468990000005
0.017284253529999995
0.01728503961
0.017285825199999997
0.01728661053
0.01728739558
0.017288180330000003
0.01728896555
0.017289751879999996
0.017290536380000002
0.0172913216
0.017292106680000002
0.017292892089999998
0.01729367694
0.01729446235
0.017295247360000005
0.017296032510000003
0.017296817179999997
0.01729760247
0.01729838709
0.017299171160000005
0.017299956030000004
0.017300741709999998
0.01730152642
0.017302310350000003
0.017303095570000003
0.017303879010000002
0.017304663200000004
0.017305448199999997
0.017306233280000007
0.01730701669
0.017307800090000002
0.01730858492
0.017309367330000006
0.01731015233
0.01731093709
0.01731171874
0.017312503110000002
0.017313287099999998
0.017314071099999998
0.017314855940000002
