0.08968027176
0.08339682766000003
0.07863315141999999
0.07501889822
0.07222852118
0.07000701592
0.06816943274
0.06658728972
0.06517402466000001
0.06387292620000001
0.06264776226000003
0.06147583916
0.060343199079999986
0.05924142299999999
0.058165556300000004
0.05711280005999999
0.05608172531999999
0.05507169279999999
0.05408257288
0.05311449724
0.05216775654
0.05124270222
0.05033968685999999
0.04945903412000001
0.04860101373999999
0.04776582538
0.04695360392000001
0.04616438284
0.04539814058
0.0446547566
0.043934056760000006
0.0432357877
0.042559637720000015
0.0419052448
0.041272192060000004
0.040660025419999996
0.040068253539999994
0.039496360839999994
0.03894381058
0.03841003814
0.03789447864000001
0.037396549779999996
0.036915673159999995
0.03645126556
0.036002736779999996
0.035569523
0.03515104845999999
0.03474675690000001
0.03435610198000001
0.033978547379999995
0.03361357914
0.033260688479999995
0.03291939151999999
0.032589206120000005
0.032269685939999994
0.03196039098
0.03166089479999999
0.03137079456
0.0310897012
0.030817245860000005
0.03055306702
0.030296824899999984
0.030048193199999997
0.029806857779999994
0.029572515900000002
0.029344886340000004
0.029123692179999997
0.028908670700000007
0.028699573060000007
0.02849615612
0.028298191260000008
0.028105459559999994
0.027917745700000007
0.027734850340000002
0.027556579480000006
0.02738274782
0.027213175859999997
0.027047696819999998
0.02688614474
0.026728367020000005
0.026574209600000006
0.026423533559999993
0.026276198299999994
0.02613207437999999
0.02599103516
0.025852962680000004
0.02571773878000001
0.02558525922
0.025455414380000006
0.0253281069
0.025203237519999998
0.02508071248
0.024960449719999996
0.024842362359999995
0.024726368980000003
0.0246123951
0.024500365899999998
0.024390209179999997
0.024281863819999992
0.02417525746000001
0.024070335559999996
0.023967037980000012
0.023865307520000004
0.0237650895
0.023666336859999998
0.02356899714
0.023473022419999993
0.023378374520000002
0.02328500408
0.02319287294
0.02310194532
0.023012176280000008
0.022923533880000003
0.02283598432
0.02274949574
0.022664037039999994
0.022579576040000004
0.022496088359999996
0.02241353836
0.022331907360000004
0.02225116896
0.022171295659999996
0.0220922668
0.02201406114
0.021936654560000005
0.02186003028
0.021784167720000008
0.02170904664
0.021634652180000002
0.021560964260000003
0.02148797058
0.02141565016
0.02134399042
0.02127297798
0.021202596219999998
0.021132834740000002
0.02106367788
0.0209951157
0.020927135420000006
0.020859726879999995
0.020792878399999996
0.02072657654
0.020660815000000006
0.02059558133999999
0.020530869969999997
0.020466669999999992
0.020402971429999993
0.020339767600000006
0.020277048
0.020214807260000005
0.020153038319999997
0.020091732180000002
0.020030883100000004
0.019970483219999998
0.01991052717999999
0.019851008179999997
0.01979192172
0.01973326026
0.019675020420000005
0.019617194040000004
0.019559775720000002
0.019502763939999997
0.019446147820000002
0.019389927780000003
0.019334095880000002
0.01927865192
0.019223587460000004
0.01916890156
0.019114589059999992
0.01906064489
0.019007065519999995
0.01895384807
0.018900988560000002
0.018848483059999997
0.018796328649999992
0.018744521139999998
0.01869305708
0.018641935000000002
0.018591153439999997
0.018540704300000002
0.01849059056
0.018440802880000006
0.018391344920000007
0.018342210049999995
0.018293395799999997
0.018244902480000002
0.01819672335
0.01814885814
0.01810130606
0.018054062379999996
0.01800712682
0.01796049587
0.017914170639999998
0.01786814312
0.0178224135
0.0177769819
0.01773184322
0.017686997790000002
0.01764244216
0.017598174079999997
0.01755419426
0.017510498200000005
0.01746708864
0.01742395676
0.017381105880000004
0.01733853247
0.017296236549999996
0.017254215399999998
0.01721246599
0.017170987819999997
0.017129780980000005
0.01708884308
0.01704817074
0.017007762550000003
0.01696761859
0.016927737079999994
0.01688811692
0.016848755760000004
0.01680965321
0.016770806069999995
0.016732214430000003
0.01669387674
0.016655790599999994
0.016617955279999996
0.01658037038
0.01654303278
0.01650594201
0.01646909761
0.016432497699999996
0.016396139650000002
0.016360024539999997
0.016324151460000002
0.016288517010000007
0.016253121820000008
0.016217962490000005
0.016183036959999998
0.016148348449999995
0.016113890560000003
0.0160796666
0.016045674800000003
0.016011912359999995
0.01597837932
0.01594507339
0.015911993939999997
0.015879138040000004
0.01584650737
0.01581409882
0.01578191231
0.0157499454
0.015718199849999993
0.015686672990000004
0.01565536307
0.01562427043
0.01559339266
0.015562728460000001
0.015532277570000004
0.015502038010000002
0.015472010029999999
0.015442191580000002
0.015412582939999999
0.015383183340000002
0.015353988969999996
0.015324999160000002
0.015296214750000002
0.015267632389999999
0.015239253669999994
0.015211076809999995
0.0151830992
0.015155321620000002
0.015127741559999996
0.015100361970000002
0.015073175110000002
0.015046184659999996
0.015019387989999999
0.01499278497
0.014966375030000001
0.014940156730000003
0.01491412747
0.01488828702
0.01486263460000001
0.014837169859999999
0.014811891320000003
0.01478679847
0.014761888970000001
0.01473716408
0.014712619650000003
0.01468825509
0.014664073029999995
0.014640068909999996
0.014616242870000004
0.014592595959999996
0.014569124759999998
0.01454582897
0.01452270748
0.014499759720000003
0.014476984269999995
0.014454380570000001
0.014431945540000001
0.014409681410000002
0.014387585520000006
0.014365657470000005
0.014343895390000002
0.014322298609999997
0.014300868059999998
0.014279600049999999
0.014258495810000004
0.014237553290000003
0.01421677388
0.014196151389999996
0.01417569018
0.01415538731
0.014135240619999996
0.01411525134
0.014095419429999995
0.014075739900000004
0.01405621289
0.014036838109999991
0.01401761629
0.013998545420000003
0.013979624609999998
0.013960853019999999
0.013942229459999997
0.013923754430000001
0.013905424599999999
0.013887242599999999
0.013869204229999998
0.01385130906
0.013833555300000001
0.013815944690000003
0.01379847671
0.01378114834
0.013763959159999999
0.013746909770000003
0.01372999527
0.01371322007000001
0.013696579590000002
0.013680075410000003
0.013663704759999997
0.013647467120000001
0.013631363950000001
0.01361539165
0.013599550150000004
0.013583837440000007
0.013568252999999995
0.013552800879999998
0.013537474299999998
0.013522274950000001
0.013507202400000005
0.013492255120000005
0.013477430030000005
0.013462731659999998
0.013448155109999997
0.013433701680000004
0.013419368350000002
0.013405153689999998
0.01339106049
0.013377086780000002
0.013363231219999995
0.013349492460000001
0.013335870859999996
0.013322366029999992
0.013308975229999999
0.013295698490000002
0.013282536979999999
0.013269487699999997
0.01325655113
0.013243724699999999
0.013231009370000001
0.013218403339999995
0.013205907340000003
0.01319351944
0.013181239550000001
0.013169065159999998
0.013156999609999998
0.013145038900000003
0.013133183759999998
0.013121432120000005
0.013109784079999997
0.013098237939999997
0.013086794170000004
0.013075451900000005
0.01306421231
0.013053070649999996
0.013042028969999998
0.01303108594
0.013020241240000003
0.013009492170000001
0.012998841190000004
0.012988285920000002
0.012977826919999996
0.012967462970000003
0.012957192969999998
0.012947016260000005
0.012936932819999993
0.012926942590000004
0.012917043440000003
0.01290723544
0.012897516569999996
0.012887888829999998
0.01287834895
0.012868896009999997
0.0128595328
0.012850258169999995
0.012841069740000002
0.012831966270000002
0.012822948630000002
0.012814017599999996
0.012805169080000001
0.012796403699999997
0.012787723199999998
0.0127791244
0.012770606630000004
0.012762172300000003
0.0127538172
0.012745544070000003
0.012737350869999999
0.0127292356
0.012721199900000002
0.01271324004
0.012705359380000005
0.01269755484
0.012689827040000004
0.012682175120000002
0.012674598879999997
0.012667096700000002
0.012659668990000001
0.012652316239999992
0.012645037440000001
0.01263783058
0.01263069718
0.01262363377
0.01261664338
0.012609724100000002
0.01260287452
0.01259609384
0.012589384130000002
0.012582742200000002
0.012576167430000005
0.012569661370000002
0.012563222390000003
0.012556849719999996
0.012550544229999995
0.012544304720000002
0.01253813174
0.012532024350000002
0.012525979130000002
0.012519999209999999
0.012514082669999997
0.012508230320000003
0.012502440280000004
0.012496712049999999
0.012491045340000005
0.01248544215
0.012479900009999998
0.012474417880000001
0.012468994609999997
0.012463632120000002
0.012458328390000004
0.01245308397
0.012447897930000002
0.012442770810000002
0.012437700769999999
0.012432687180000004
0.01242773057
0.012422831170000002
0.012417986759999998
0.012413199219999997
0.012408464950000005
0.012403786839999997
0.01239916266
0.012394593059999999
0.012390077170000003
0.012385612999999997
0.012381203610000004
0.012376845330000002
0.01237253988
0.01236828617
0.012364084640000004
0.012359933720000004
0.012355832119999998
0.012351780119999997
0.012347780310000002
0.012343828590000001
0.012339927230000002
0.012336074050000003
0.012332269710000003
0.01232851244
0.012324802869999998
0.012321140940000001
0.01231752694
0.012313958800000002
0.012310437289999998
0.012306962489999997
0.012303531739999998
0.012300147540000002
0.012296807810000001
0.012293512720000002
0.012290261819999999
0.012287054930000006
0.012283892300000003
0.012280771569999998
0.012277694850000003
0.01227466044
0.012271668759999998
0.01226871783
0.01226580915
0.012262942870000001
0.012260118229999999
0.01225733373
0.012254588729999998
0.01225188344
0.012249217700000002
0.012246593210000007
0.01224400783
0.012241462049999999
0.012238953439999995
0.012236484109999996
0.01223405223
0.012231658619999997
0.012229302769999995
0.012226983429999996
0.012224701019999997
0.012222455270000003
0.012220247429999997
0.012218074530000001
0.012215935800000001
0.012213834480000003
0.012211768569999998
0.012209735400000001
0.01220773964
0.012205777580000004
0.012203849109999998
0.0122019568
0.012200096010000003
0.01219826869
0.01219647459
0.01219471415
0.012192984010000003
0.01219128852
0.012189624589999996
0.012187992209999996
0.012186389869999996
0.012184820999999998
0.01218328123
0.012181773560000003
0.012180295329999993
0.012178849060000004
0.012177429810000003
0.012176043440000001
0.012174685430000004
0.012173356500000001
0.012172056650000006
0.012170785979999998
0.012169543599999999
0.012168329140000005
0.012167143830000003
0.01216598656
0.01216485724
0.012163754120000007
0.012162678459999996
0.012161630649999998
0.012160608289999996
0.012159614229999999
0.012158645549999998
0.012157703189999997
0.01215678537
0.012155894159999998
0.012155028109999997
0.012154187390000001
0.012153371819999998
0.01215258135
0.012151815209999998
0.012151074790000002
0.012150357899999999
0.01214966451
0.0121489935
0.01214834708
0.012147723919999995
0.012147121120000002
0.012146542669999998
0.01214598779
0.012145454129999995
0.0121449444
0.012144455070000003
0.012143989269999999
0.012143544130000001
0.01214312202
0.012142719860000005
0.012142337759999997
0.012141977269999998
0.012141638369999999
0.012141318799999998
0.01214102118
0.01214074282
0.01214048567
0.012140247770000001
0.012140029220000001
0.012139831019999998
0.012139649430000002
0.012139489220000006
0.012139347050000002
0.012139224919999999
0.012139122030000003
0.012139035599999997
0.0121389685
0.012138920150000003
0.012138887329999997
0.01213887448
0.012138877590000001
0.012138899550000002
0.012138938120000007
0.012138993030000003
0.01213906603
0.012139155970000004
0.0121392619
0.012139385210000004
0.01213952465
0.012139681059999996
0.01213985423
0.012140041579999998
0.012140245990000003
0.01214046465
0.012140697600000003
0.01214094672
0.01214121212
0.012141490749999994
0.012141785719999996
0.012142094150000005
0.012142417500000002
0.0121427561
0.012143109910000003
0.012143476490000001
0.012143856559999998
0.012144251340000002
0.012144659750000002
0.012145081649999995
0.012145517099999998
0.012145966120000002
0.01214642775
0.01214690209
0.012147390529999995
0.01214789081
0.012148404480000001
0.012148930420000002
0.012149467819999999
0.0121500182
0.01215058162
0.012151156750000003
0.012151742820000002
0.012152340239999998
0.012152950989999998
0.012153572119999997
0.012154206839999999
0.01215485304
0.01215550973
0.012156177930000003
0.012156855959999999
0.012157546109999997
0.012158246479999999
0.012158956799999999
0.012159678069999999
0.012160409810000002
0.012161151940000002
0.012161904209999996
0.012162667679999996
0.012163441470000001
0.01216422344
0.012165015279999995
0.01216581692
0.012166628159999996
0.012167449919999997
0.012168280400000004
0.012169121270000001
0.012169971219999997
0.012170830579999998
0.012171697729999995
0.0121725746
0.012173459499999994
0.01217435428
0.012175256259999998
0.012176169300000005
0.012177088540000002
0.012178016630000002
0.012178953799999998
0.012179899
0.012180852669999999
0.012181815209999997
0.012182784080000003
0.012183761100000001
0.012184746320000005
0.012185739709999999
0.012186740179999997
0.01218774907
0.012188764679999995
0.012189787660000001
0.012190819019999997
0.012191856420000004
0.012192900720000002
0.012193953749999997
0.01219501252
0.012196077970000004
0.0121971509
0.012198229719999999
0.012199317090000002
0.012200409770000002
0.012201509339999998
0.01220261546
0.01220372829
0.012204846730000002
0.012205971849999997
0.012207103319999999
0.012208241929999997
0.012209384879999997
0.012210535359999998
0.012211691250000004
0.012212852489999999
0.012214019180000002
0.012215192730000001
0.012216371160000001
0.012217554670000002
0.01221874367
0.012219938259999997
0.012221138549999996
0.012222344599999999
0.012223557679999998
0.012224774890000002
0.01222599749
0.012227224029999999
0.012228455569999994
0.01222969181
0.012230932970000002
0.01223218137
0.012233432650000002
0.012234688390000002
0.012235949449999999
0.01223721569
0.012238484710000004
0.012239760420000006
0.012241040550000002
0.012242325019999995
0.012243613269999995
0.01224490505
0.012246202690000001
0.0122475034
0.01224881002
0.012250118919999995
0.012251432530000002
0.012252750910000004
0.012254072280000004
0.01225539882
0.012256728730000001
0.012258062729999998
0.012259399899999999
0.012260741610000004
0.012262086089999999
0.012263435940000006
0.012264788810000005
0.012266144979999997
0.012267504460000002
0.012268867840000001
0.012270235310000004
0.012271604620000001
0.012272978389999998
0.012274354670000001
0.012275734749999998
0.012277118609999995
0.01227850493
0.012279895539999999
0.012281288419999998
0.01228268302
0.01228408163
0.012285483469999999
0.012286888890000004
0.012288295470000004
0.012289707160000003
0.01229112004
0.012292536730000001
0.01229395618
0.012295377680000002
0.01229680125
0.012298229589999996
0.012299659620000004
0.012301092619999999
0.012302529049999995
0.012303966800000002
0.012305407959999999
0.012306852180000001
0.01230829752
0.012309744840000001
0.012311196120000001
0.01231264854
0.01231410384
0.012315562640000001
0.01231702138
0.012318483770000001
0.012319948129999998
0.012321414880000003
0.012322883399999998
0.01232435414
0.012325826580000001
0.012327301389999996
0.01232877706
0.012330255449999999
0.012331735410000004
0.012333217220000003
0.01233470236
0.012336188250000001
0.01233767684
0.01233916652
0.012340658099999999
0.012342151450000003
0.012343646619999999
0.01234514404
0.012346643830000004
0.012348144399999999
0.012349647110000002
0.012351149670000004
0.012352655110000001
0.01235416233
0.012355670170000005
0.012357181020000003
0.012358692390000002
0.012360204749999998
0.012361720480000003
0.01236323665
0.01236475421
0.012366273260000003
0.01236779397
0.012369314489999998
0.012370837590000003
0.01237236188
0.012373886369999998
0.01237541359
0.01237693977
0.012378469690000003
0.012379999310000002
0.012381530080000005
0.01238306316
0.012384597229999995
0.012386131179999997
0.012387667890000004
0.012389204990000003
0.01239074301
0.012392282319999996
0.012393823020000003
0.012395362860000002
0.012396903600000002
0.012398446419999997
0.0123999904
0.012401535039999996
0.012403081350000001
0.012404627080000003
0.012406175359999999
0.012407725000000003
0.012409272870000002
0.012410821630000004
0.01241237301
0.012413922990000001
0.012415474619999999
0.012417026850000002
0.012418582019999999
0.012420135729999995
0.01242169067
0.012423246079999999
0.012424803400000003
0.012426359020000001
0.012427917820000002
0.012429476310000003
0.01243103429
0.012432595280000003
0.01243415459
0.01243571617
0.01243727746
0.012438840160000002
0.012440401979999995
0.012441966129999997
0.01244353044
0.012445094120000005
0.012446659189999997
0.01244822498
0.012449790529999994
0.012451356269999997
0.012452922699999997
0.012454487589999999
0.012456054080000008
0.012457621640000003
0.012459190339999999
0.012460757730000003
0.012462326059999999
0.012463895429999998
0.012465464570000006
0.01246703385
0.012468604609999998
0.01247017554
0.012471746249999995
0.012473316420000002
0.012474887609999999
0.012476460309999998
0.012478032069999999
0.012479603940000004
0.012481175729999995
0.012482748489999997
0.012484320560000001
0.012485892920000002
0.012487465830000002
0.012489038800000001
0.01249061215
0.012492184519999996
0.012493758150000001
0.012495332020000005
0.012496905629999997
0.012498479439999998
0.012500052040000001
0.012501627060000004
0.012503201649999997
0.012504776620000001
0.012506350820000003
0.012507926139999999
0.012509500279999997
0.012511075779999999
0.012512649970000003
0.012514225210000002
0.012515799379999996
0.01251737467
0.012518949979999998
0.012520523839999999
0.012522099000000002
0.01252367426
0.012525248740000001
0.01252682494
0.012528398760000002
0.012529974819999998
0.01253155006
0.012533124319999998
0.012534699980000001
0.012536274129999995
0.01253784815
0.012539422399999995
0.012540995490000002
0.012542569160000001
0.012544141510000002
0.01254571482
0.012547288079999996
0.0125488613
0.012550434340000003
0.012552007199999994
0.012553580750000001
0.012555153829999999
0.012556726559999998
0.012558298720000005
0.012559870560000005
0.012561441759999998
0.012563013570000002
0.012564584240000004
0.012566155410000002
0.012567725840000004
0.012569295480000003
0.012570866540000001
0.012572436440000003
0.012574006330000003
0.012575575
0.012577145259999999
0.012578713449999996
0.012580281740000006
0.012581849790000002
0.012583418390000004
0.01258498626
0.012586554630000003
0.012588121429999998
0.01258969026
0.012591256679999998
0.0125928232
0.012594389139999995
0.012595955049999998
0.01259752005
0.012599085320000002
0.01260064901
0.012602213640000002
0.012603776889999998
0.012605339759999999
0.01260690266
0.012608464810000004
0.012610026679999997
0.012611589940000001
0.012613151389999999
0.01261471299
0.01261627296
0.01261783346
0.01261939395
0.012620953349999998
0.012622513749999998
0.012624072619999998
0.012625631000000002
0.012627188709999999
0.012628748309999998
0.012630305240000002
0.012631862629999997
0.012633419060000001
0.012634973439999997
0.012636529100000002
0.012638085350000001
