0.09841384845999998
0.08986582446
0.08341744083999998
0.0785603599
0.07476266645999999
0.07162613915999998
0.06897328344
0.0667168754
0.06474193858
0.06294783958
0.06127894030000001
0.0597104141
0.05823018126000001
0.05682932496
0.05549929429999996
0.05423208553999997
0.05302092178000001
0.05186043952
0.050746590079999994
0.04967631310000001
0.04864721680000002
0.04765737172000001
0.046705139099999994
0.04578908324
0.044907881520000005
0.04406030215999999
0.04324517472
0.042461365120000004
0.04170779351999999
0.040983387319999995
0.040287098240000006
0.03961790212
0.0389747986
0.03835679469999999
0.037762923840000004
0.03719223174
0.03664378972
0.036116680539999994
0.03561001381999998
0.03512291320000001
0.034654538979999996
0.03420406028
0.033770674840000015
0.03335360524
0.0329520997
0.03256542684000001
0.032192897240000004
0.0318338258
0.03148757318
0.031153519320000003
0.03083107474
0.030519679640000005
0.0302187875
0.02992789930000001
0.02964653722
0.02937424434
0.02911059657999999
0.028855191579999998
0.0286076511
0.02836762662
0.02813478442
0.027908811139999993
0.027689420499999996
0.027476340299999995
0.027269310520000006
0.027068087860000006
0.026872449120000003
0.026682171919999997
0.02649705526
0.026316900860000002
0.02614151754
0.02597072809999999
0.02580435848
0.02564224107999999
0.025484219380000006
0.025330130020000004
0.025179829320000003
0.025033167140000003
0.02488999977999999
0.02475019582000001
0.024613620840000003
0.024480143660000002
0.02434964700000001
0.024222008140000015
0.02409711780000001
0.023974856899999997
0.023855125179999992
0.02373782366
0.0236228525
0.023510116819999993
0.023399528259999997
0.02329100306
0.0231844602
0.023079819460000005
0.022977007579999997
0.02287595478
0.022776593140000002
0.022678860700000008
0.0225826925
0.022488034199999996
0.02239482756
0.022303022239999998
0.022212565459999997
0.02212340978
0.022035509800000005
0.021948824579999995
0.021863308819999996
0.021778929059999994
0.021695640100000003
0.02161341543999999
0.021532214679999998
0.02145200942
0.021372767020000003
0.021294459039999998
0.021217057639999995
0.02114053678
0.021064870359999998
0.020990035579999997
0.020916006459999997
0.020842766519999997
0.02077029004
0.020698559579999998
0.020627552500000004
0.020557255940000005
0.020487649339999997
0.02041871692
0.0203504437
0.020282813900000002
0.020215810440000002
0.02014942296
0.020083636339999992
0.020018439119999995
0.01995381698
0.01988975938
0.019826255580000004
0.019763294640000005
0.01970086536
0.01963896012
0.01957756578
0.0195166783
0.01945628476
0.0193963767
0.019336949659999995
0.019277994520000005
0.019219505720000002
0.019161467760000002
0.0191038825
0.01904673858
0.018990032760000004
0.01893375566
0.018877905
0.018822471299999997
0.01876745084
0.018712839920000002
0.018658628939999998
0.01860481538
0.018551398519999995
0.018498370439999995
0.018445722919999998
0.01839345628
0.018341563559999996
0.018290042669999996
0.01823888788
0.01818809786
0.018137666440000005
0.018087590620000003
0.01803786857
0.01798849289
0.01793946357
0.01789077869
0.017842431000000002
0.017794419589999996
0.017746740959999997
0.01769939357
0.017652373739999998
0.017605680470000003
0.017559307849999997
0.017513255669999995
0.017467519549999998
0.017422098730000002
0.017376989770000004
0.01733218934
0.01728769657
0.017243510049999997
0.017199623990000003
0.017156040189999992
0.01711275616
0.017069766189999995
0.01702707173
0.016984669379999998
0.016942557030000003
0.016900734299999998
0.016859194999999997
0.01681794287
0.016776974990000002
0.016736287199999998
0.016695877799999998
0.01665574639
0.01661589004
0.01657630857
0.01653699871
0.016497959100000004
0.0164591893
0.016420686139999998
0.016382448999999997
0.016344475259999998
0.01630676335
0.016269314050000004
0.01623212273
0.01619519203
0.016158515469999996
0.016122095649999998
0.016085928800000003
0.016050013110000004
0.016014348629999994
0.015978934230000002
0.01594376745
0.01590884756
0.01587417086
0.015839740139999996
0.015805549400000004
0.015771602940000004
0.015737894159999998
0.015704423560000003
0.01567118994
0.015638193429999992
0.015605430120000001
0.015572899470000002
0.015540602029999996
0.015508535009999998
0.01547669526
0.0154450862
0.01541370138
0.015382543120000003
0.015351609959999998
0.015320900499999991
0.015290411540000003
0.01526014417
0.01523009522
0.015200267169999998
0.01517065489
0.015141258470000005
0.015112076599999994
0.015083108079999996
0.01505435294
0.015025808109999997
0.014997472509999997
0.014969346319999998
0.014941426830000002
0.014913714739999999
0.014886207249999998
0.01485890421
0.014831805050000002
0.01480490767
0.014778211939999997
0.01475171503
0.014725416580000004
0.014699315629999998
0.014673410250000001
0.014647701690000004
0.014622185419999998
0.014596863320000004
0.0145717327
0.014546795450000004
0.014522044970000004
0.014497484869999995
0.01447311118
0.014448924270000003
0.014424923800000003
0.014401105989999998
0.014377471639999997
0.014354020899999997
0.014330749129999997
0.014307659230000002
0.014284746160000002
0.014262014270000001
0.014239459560000002
0.014217079600000002
0.014194874280000002
0.014172843550000001
0.014150985310000001
0.014129298430000001
0.014107783620000003
0.014086438620000006
0.014065261640000002
0.01404425246
0.01402340972
0.0140027341
0.013982221810000002
0.01396187286
0.013941688180000005
0.013921663959999999
0.013901801089999999
0.013882097150000003
0.01386255311
0.013843165710000003
0.01382393665
0.013804861500000001
0.013785942920000002
0.013767177689999998
0.013748566210000002
0.013730105339999998
0.013711796930000002
0.013693638590000001
0.01367563009
0.013657769800000004
0.01364005622
0.013622487989999998
0.013605066499999999
0.013587789099999996
0.013570656500000005
0.013553666100000002
0.013536816809999998
0.013520109999999997
0.013503542199999998
0.013487114729999996
0.013470824240000005
0.013454670749999998
0.01343865401
0.013422773640000003
0.013407026950000001
0.013391414840000003
0.013375935819999995
0.013360590419999999
0.013345373639999998
0.013330288410000002
0.013315332750000002
0.013300505529999998
0.013285803899999997
0.013271231219999995
0.013256784539999997
0.013242462500000001
0.013228267400000002
0.013214194079999998
0.013200242740000001
0.013186414680000003
0.013172709250000001
0.013159122470000001
0.013145655639999997
0.01313230713
0.01311907632
0.013105961270000006
0.013092965540000001
0.013080083460000001
0.013067316760000008
0.013054663789999997
0.01304212475
0.01302969868
0.013017383110000004
0.013005179029999998
0.012993084619999998
0.01298109898
0.012969223389999998
0.012957455780000002
0.012945794529999999
0.012934240750000003
0.012922793239999994
0.012911448570000005
0.01290020946
0.012889075819999998
0.012878042440000001
0.01286711159
0.01285628096
0.012845553889999995
0.01283492595
0.012824397280000004
0.01281396682
0.01280363537
0.01279340028
0.012783262969999997
0.012773219399999997
0.012763272529999998
0.012753419390000003
0.012743661120000001
0.012733996350000004
0.012724423890000003
0.012714942210000003
0.012705554139999997
0.012696256149999996
0.01268704623
0.012677927539999998
0.012668897220000004
0.012659955110000003
0.012651100760000002
0.01264233392
0.012633652430000007
0.01262505597
0.01261654523
0.012608117350000005
0.012599774069999998
0.012591514619999999
0.012583338900000003
0.012575244739999998
0.012567231759999999
0.012559298120000001
0.012551445599999995
0.01254367435
0.012535980620000005
0.012528366290000004
0.012520828459999998
0.012513369360000004
0.01250598866
0.012498682010000005
0.012491450609999996
0.012484295430000004
0.012477215490000002
0.012470210229999999
0.01246327771
0.0124564188
0.01244963189
0.01244291783
0.012436273979999999
0.012429700770000003
0.012423198790000001
0.012416765429999994
0.01241040235
0.012404108569999999
0.012397883790000003
0.012391725189999998
0.012385635130000001
0.0123796119
0.012373654980000003
0.012367762300000005
0.012361936210000004
0.0123561746
0.012350479330000002
0.012344846050000002
0.01233927673
0.012333770340000001
0.012328326390000003
0.012322945250000002
0.012317625590000002
0.01231236798
0.01230716874
0.012302032590000003
0.01229695384
0.012291935929999998
0.01228697636
0.01228207545
0.012277231839999996
0.012272445339999995
0.0122677181
0.012263046969999995
0.01225843139
0.012253872299999998
0.012249366030000002
0.012244917130000001
0.012240522120000003
0.012236181890000001
0.01223189471
0.012227661009999996
0.012223480410000003
0.012219351990000002
0.012215277490000002
0.012211253109999997
0.012207279969999995
0.01220335845
0.012199487119999996
0.012195665100000001
0.01219189269
0.012188169660000001
0.01218449712
0.01218087288
0.012177296109999998
0.012173767619999996
0.012170285789999997
0.012166852120000005
0.012163465609999995
0.012160125520000002
0.012156830309999998
0.012153582089999998
0.012150377190000004
0.012147217960000001
0.012144104700000002
0.012141035540000001
0.012138009520000001
0.012135027180000002
0.012132088449999997
0.012129190789999997
0.01212633698
0.012123526269999997
0.012120756529999999
0.012118028950000002
0.012115341819999998
0.01211269523
0.01211008967
0.012107525380000001
0.012104998979999998
0.012102513709999999
0.012100065969999997
0.012097656739999997
0.01209528785
0.012092957820000003
0.012090665610000002
0.012088410270000002
0.012086193429999994
0.01208401254
0.012081869149999997
0.012079762750000002
0.012077691629999993
0.012075657229999998
0.012073657360000004
0.012071693230000003
0.012069763259999998
0.012067868189999997
0.012066008549999997
0.012064183159999999
0.012062390480000004
0.012060632509999997
0.01205890728
0.01205721509
0.01205555615
0.012053930279999996
0.012052336319999997
0.012050775060000003
0.012049244860000006
0.012047746910000004
0.01204627919
0.012044842230000003
0.012043437729999997
0.012042062190000001
0.012040716839999997
0.012039402030000002
0.01203811673
0.01203686034
0.012035632760000001
0.01203443446
0.01203326558
0.012032124920000003
0.01203101174
0.012029927100000002
0.012028871140000003
0.012027840140000001
0.01202683912
0.01202586477
0.012024917369999997
0.012023996959999997
0.01202310155
0.012022233570000002
0.012021390500000005
0.012020573150000002
0.012019782880000001
0.01201901678
0.0120182751
0.012017558419999998
0.012016867590000004
0.01201620111
0.012015558439999997
0.012014939
0.01201434331
0.012013771590000001
0.012013223029999999
0.01201269907
0.012012196809999997
0.0120117174
0.012011261450000001
0.012010827739999999
0.012010415590000004
0.012010025350000007
0.012009657609999995
0.012009311160000003
0.012008986400000001
0.0120086824
0.012008399159999999
0.01200813817
0.01200789741
0.01200767694
0.01200747701
0.01200729676
0.012007137859999996
0.012006998200000002
0.01200687734
0.012006777449999999
0.012006695740000002
0.012006633610000001
0.012006590919999997
0.01200656672
0.012006561649999995
0.012006573179999997
0.012006605400000004
0.01200665418
0.012006721290000005
0.012006805490000001
0.01200690859
0.012007028210000001
0.012007165249999998
0.012007318979999997
0.0120074902
0.0120076786
0.012007884060000003
0.012008105810000001
0.012008343419999998
0.012008598149999999
0.012008869339999999
0.01200915641
0.01200945879
0.012009777040000004
0.012010111620000001
0.01201046128
0.012010825420000005
0.012011205189999999
0.01201159974
0.012012009
0.012012433499999997
0.012012872439999999
0.012013325400000002
0.012013792060000004
0.012014274680000001
0.012014769409999999
0.012015279350000001
0.012015801089999998
0.012016337959999998
0.012016888409999997
0.012017452889999997
0.012018029499999998
0.012018619819999998
0.012019222379999996
0.012019839240000002
0.01202046937
0.012021111380000003
0.01202176528
0.012022432719999998
0.01202311229
0.01202380409
0.012024508489999995
0.012025222939999998
0.012025950649999997
0.01202668916
0.01202743903
0.012028202879999998
0.01202897773
0.012029762359999998
0.012030558700000001
0.012031366580000003
0.012032185560000002
0.012033014959999998
0.012033854759999997
0.012034706949999998
0.012035568849999997
0.012036441129999997
0.012037323080000004
0.012038215890000004
0.012039118629999998
0.01204003188
0.012040954799999996
0.012041885810000003
0.01204282896
0.01204378176
0.01204474252
0.012045715099999998
0.012046696119999995
0.012047687059999996
0.012048686790000002
0.012049695029999998
0.012050712660000002
0.01205173901
0.012052774459999997
0.012053818559999995
0.01205487138
0.012055932660000001
0.012057002069999996
0.012058080960000002
0.012059167320000001
0.0120602623
0.012061366719999998
0.012062478089999997
0.01206359672
0.012064724439999997
0.012065858220000005
0.0120670021
0.0120681521
0.012069310699999997
0.012070476119999998
0.012071648939999999
0.012072830639999999
0.012074017910000002
0.012075214589999996
0.012076417300000001
0.012077626349999999
0.012078842879999996
0.01208006724
0.012081297619999997
0.01208253568
0.01208378098
0.012085030980000001
0.012086288269999997
0.012087552100000003
0.012088822620000002
0.012090098659999998
0.012091381079999998
0.012092670569999998
0.01209396453
0.012095265970000001
0.012096573739999998
0.012097887619999996
0.012099207539999999
0.012100533889999997
0.012101865190000003
0.01210320342
0.01210454627
0.01210589573
0.012107248930000003
0.012108609819999998
0.012109974360000003
0.012111344619999997
0.012112719369999993
0.01211410011
0.01211548676
0.01211687801
0.01211827487
0.012119675819999998
0.01212108255
0.012122495450000001
0.012123911959999997
0.012125332760000003
0.012126759899999997
0.01212819113
0.012129626430000002
0.01213106667
0.012132510880000003
0.01213396084
0.012135415190000004
0.0121368725
0.012138334760000003
0.012139801240000001
0.012141271510000001
0.01214274597
0.012144225040000001
0.0121457075
0.01214719533
0.012148687049999997
0.012150182500000006
0.01215168082
0.01215318466
0.01215469202
0.012156202090000002
0.01215771653
0.012159235460000003
0.012160758110000003
0.012162283400000003
0.012163812989999998
0.012165345890000002
0.012166883550000002
0.012168423610000001
0.012169966809999998
0.012171513330000001
0.01217306405
0.01217461721
0.012176172909999996
0.01217773274
0.01217929706
0.012180862550000003
0.012182431779999997
0.012184003960000002
0.01218557985
0.012187158169999997
0.01218873858
0.012190323480000001
0.0121919096
0.012193499329999998
0.012195092650000001
0.0121966876
0.01219828562
0.012199886790000001
0.01220148896
0.012203094529999996
0.0122047035
0.012206314879999998
0.01220792876
0.01220954446
0.012211162729999997
0.012212783270000001
0.01221440606
0.012216031449999996
0.012217659150000006
0.012219288540000001
0.01222092134
0.012222556830000002
0.01222419384
0.01222583256
0.012227474109999999
0.012229117579999999
0.012230762259999998
0.012232409160000002
0.012234058319999998
0.012235708989999998
0.012237363389999995
0.012239019609999997
0.012240677680000008
0.01224233718
0.012243997539999997
0.012245659749999997
0.012247323829999995
0.012248991350000002
0.012250659720000001
0.012252330110000003
0.012254001830000001
0.012255674850000004
0.012257348850000002
0.012259025280000002
0.012260703449999997
0.012262382970000001
0.0122640638
0.012265745379999997
0.012267429339999995
0.012269114079999997
0.012270802279999998
0.012272488950000002
0.012274177780000001
0.012275868249999999
0.012277560700000007
0.012279254600000001
0.012280950230000006
0.012282646659999999
0.012284345170000004
0.012286045200000002
0.012287745490000002
0.012289447240000003
0.012291150769999998
0.01229285352
0.012294557920000003
0.012296263630000004
0.012297971060000003
0.01229967898
0.01230138888
0.012303097619999998
0.012304807770000002
0.012306520229999998
0.012308232760000004
0.012309947430000003
0.01231166124
0.012313377920000004
0.012315093610000001
0.012316810420000004
0.01231852928
0.012320248670000002
0.012321968069999996
0.012323688839999998
0.01232540958
0.012327132169999994
0.012328855270000001
0.012330578110000004
0.01233230234
0.012334028430000001
0.012335753179999997
0.012337480439999994
0.012339206440000002
0.012340933399999997
0.012342661279999998
0.012344390470000004
0.012346120290000002
0.012347849280000003
0.012349580780000001
0.012351312199999999
0.012353044309999997
0.01235477559
0.012356508779999997
0.012358242109999999
0.012359974919999999
0.012361708679999998
0.012363442350000002
0.012365177319999998
0.01236691222
0.01236864719
0.012370381920000001
0.01237211764
0.012373853120000002
0.012375590819999999
0.0123773285
0.012379064969999996
0.01238080203
0.012382539789999997
0.01238427727
0.012386015499999998
0.01238775488
0.012389492180000001
0.012391231659999996
0.012392971559999999
0.01239471087
0.012396450570000002
0.012398190189999997
0.012399929639999998
0.012401670060000003
0.012403409449999998
0.012405150250000005
0.01240689037
0.012408631019999998
0.012410371140000003
0.012412111160000003
0.012413851560000001
0.012415592260000002
0.012417332219999999
0.012419073850000002
0.012420813440000001
0.012422553650000001
0.01242429506
0.012426034889999998
0.012427775539999998
0.012429516650000002
0.01243125722
0.01243299773
0.012434736519999996
0.01243647644
0.01243821531
0.01243995514
0.012441694310000003
0.012443434349999997
0.012445174419999996
0.012446913680000003
0.012448653690000002
0.012450392490000007
0.012452131969999997
0.012453870499999997
0.012455608899999993
0.012457348199999997
0.012459086140000002
0.012460824399999999
0.012462562359999999
0.012464299859999998
0.012466038249999999
0.01246777492
0.012469512259999998
0.012471248400000001
0.012472984989999998
0.01247472066
0.012476457560000001
0.012478191979999996
0.012479926659999998
0.01248166196
0.01248339682
0.012485130250000002
0.012486865049999997
0.012488598689999998
0.012490331939999998
0.01249206494
0.012493798339999997
0.012495530910000002
0.012497263000000003
0.012498995399999999
0.012500726510000002
0.012502455609999998
0.012504185649999998
0.012505915220000002
0.012507645009999997
0.01250937416
0.012511102929999997
0.012512830889999998
0.01251455953
0.012516287269999999
0.012518013999999997
0.012519740239999999
0.012521465330000004
0.01252319188
0.01252491653
0.012526641499999998
0.01252836623
0.012530089739999997
0.012531812559999998
0.012533534519999992
0.012535256679999997
0.012536978059999999
0.012538699939999995
0.012540420779999997
0.01254214156
0.01254386103
0.012545580580000002
0.0125472991
0.012549016519999996
0.012550734469999998
0.01255245135
0.012554167840000002
0.012555883560000005
0.012557597800000002
0.012559314769999998
0.012561028849999998
0.01256274162
0.012564453929999995
0.012566165250000006
0.012567876440000004
0.012569588109999997
0.01257129893
0.012573009439999996
0.01257471875
0.01257642728
0.012578135500000006
0.012579843090000003
0.012581550690000004
0.012583255920000001
0.012584962160000001
0.01258666764
0.012588371639999998
0.012590074969999998
0.012591777050000004
0.0125934801
0.012595181439999999
0.012596883170000002
0.012598582999999997
0.012600283060000002
0.012601982489999998
0.012603680889999998
0.012605377350000004
