0.09378310912000001
0.05759412937999999
0.04359926556
0.03476092998
0.02959559866000001
0.0264581143
0.024391972080000004
0.022885468200000005
0.021688458839999994
0.020680156919999998
0.019799466880000005
0.0190138067
0.01830483242
0.017661475599999994
0.01707641679
0.016544285189999997
0.016060737420000006
0.015622008579999997
0.015224692659999999
0.014865639159999998
0.014541914110000003
0.01425077349
0.01398963532
0.013756074209999998
0.013547814140000003
0.013362729110000002
0.013198850449999999
0.013054354669999999
0.01292756349
0.01281693224
0.01272102657
0.01263851764
0.01256816638
0.012508824489999997
0.012459412960000003
0.012418937509999999
0.01238647728
0.012361187420000001
0.012342289840000003
0.012329074060000002
0.012320897369999995
0.01231717448
0.012317377000000003
0.012321029160000004
0.01232770216
0.012337010820000001
0.012348611950000001
0.012362199390000004
0.012377499240000003
0.01239427513
0.012412305959999996
0.012431407279999996
0.012451411580000002
0.012472174119999999
0.012493565480000001
0.012515475339999997
0.012537804250000005
0.012560468850000001
0.012583393760000006
0.012606515639999998
0.0126297771
0.012653130890000001
0.01267653482
0.0126999524
0.012723353900000003
0.01274671109
0.012770000959999996
0.01279320262
0.012816301399999997
0.012839281740000003
0.012862131240000003
0.012884838950000003
0.012907396029999997
0.012929795249999997
0.012952031199999998
0.01297409753
0.0129959907
0.01301770473
0.013039240829999998
0.013060593839999997
0.013081763340000002
0.013102746299999999
0.013123545499999993
0.013144158350000006
0.013164583039999995
0.013184823039999998
0.013204875489999995
0.013224742559999995
0.013244426349999998
0.013263924210000005
0.013283239600000002
0.01330237222
0.013321324430000002
0.01334009734
0.013358690309999999
0.013377108890000003
0.013395350589999999
0.013413418429999996
0.013431313969999999
0.013449038329999998
0.013466594350000001
0.013483981970000005
0.013501203950000002
0.013518260560000002
0.013535155779999997
0.013551889169999996
0.013568464019999995
0.013584879310000004
0.013601141050000001
0.013617247759999996
0.013633201350000004
0.01364900326
0.01366465575
0.013680161330000003
0.01369552191
0.013710736999999999
0.013725810029999999
0.013740740969999993
0.013755533660000003
0.0137701878
0.01378470528
0.0137990888
0.013813337979999998
0.013827457040000001
0.013841445359999998
0.01385530528
0.013869037710000002
0.013882644469999993
0.013896126819999997
0.013909486909999998
0.013922725090000001
0.013935842
0.013948841299999999
0.0139617247
0.01397449151
0.013987144600000001
0.013999683899999997
0.014012111290000002
0.014024427970000005
0.014036635640000003
0.014048735179999999
0.014060727399999999
0.014072613899999998
0.014084396659999998
0.014096077020000002
0.014107653319999998
0.014119130300000003
0.01413050774
0.014141785779999997
0.014152967559999997
0.014164052469999999
0.014175041420000005
0.01418593723
0.01419673829
0.014207449749999997
0.01421806839
0.014228597619999997
0.014239038279999998
0.014249389610000001
0.014259654500000005
0.014269833010000002
0.014279928709999995
0.014289938499999997
0.01429986558
0.014309710070000002
0.014319472899999998
0.01432915666
0.014338759069999993
0.014348283439999998
0.014357729540000001
0.014367099719999998
0.014376392109999999
0.014385610720000002
0.014394753920000001
0.014403824619999998
0.014412821170000001
0.014421745080000001
0.014430598189999994
0.014439380449999999
0.014448094350000003
0.014456736350000004
0.014465312579999999
0.014473820699999997
0.014482262179999998
0.01449063761
0.014498946940000002
0.014507191399999998
0.014515371859999997
0.01452348976
0.0145315438
0.014539536339999999
0.014547466549999997
0.014555337209999996
0.014563147430000003
0.01457089617
0.014578588350000001
0.01458622157
0.014593797480000002
0.01460131624
0.014608777649999998
0.014616183859999998
0.014623534039999997
0.014630829469999997
0.014638070479999998
0.01464525997
0.014652393359999998
0.014659476659999997
0.014666506530000002
0.01467348341
0.01468040985
0.014687285689999998
0.014694112900000002
0.014700890220000002
0.014707617089999996
0.014714296539999994
0.014720926909999998
0.01472751118
0.014734046869999995
0.014740535939999999
0.014746978369999999
0.014753375849999998
0.014759726729999995
0.01476603393
0.014772297230000007
0.014778515580000002
0.014784688499999999
0.014790819439999997
0.014796906199999998
0.014802952470000004
0.014808954919999997
0.01481491711
0.014820836920000002
0.014826715639999996
0.014832554470000002
0.014838352610000003
0.01484410999
0.014849828899999997
0.0148555093
0.01486114914
0.014866751089999996
0.0148723161
0.014877841559999999
0.014883331210000003
0.014888782100000005
0.0148941974
0.014899574799999997
0.014904916859999999
0.014910223309999996
0.014915493579999996
0.014920728839999998
0.014925930470000005
0.014931095289999996
0.014936228719999998
0.01494132608
0.014946390629999999
0.014951420109999995
0.014956417550000004
0.014961381749999997
0.01496631348
0.014971213529999996
0.014976080099999995
0.014980915720000001
0.014985719220000004
0.014990492549999998
0.014995235340000001
0.01499994625
0.015004627500000001
0.015009276639999998
0.015013898000000003
0.01501848853
0.015023050300000002
0.015027581019999998
0.015032083170000004
0.015036558619999998
0.015041003760000005
0.015045421950000002
0.015049810629999999
0.015054170840000002
0.015058504979999998
0.01506281039
0.015067090950000004
0.01507134087
0.015075565709999995
0.015079763710000004
0.01508393747
0.015088084019999996
0.015092203920000007
0.015096298459999997
0.015100366139999998
0.015104409900000003
0.015108429910000004
0.015112423979999998
0.01511639178
0.015120336780000004
0.015124257039999998
0.01512815218
0.015132024839999998
0.015135873249999997
0.015139697409999996
0.01514349869
0.015147275820000002
0.015151030360000001
0.015154763160000003
0.015158472399999998
0.0151621594
0.015165823600000001
0.015169466400000005
0.015173086789999998
0.015176684170000001
0.015180261689999999
0.015183816189999998
0.015187349089999998
0.015190861830000004
0.015194355319999998
0.015197824830000001
0.01520127502
0.01520470365
0.015208113439999997
0.015211502419999997
0.01521487186
0.015218219860000003
0.01522154938
0.015224858819999996
0.01522814873
0.015231418910000002
0.015234671469999995
0.015237902879999998
0.015241116800000001
0.015244311339999997
0.015247487349999998
0.01525064523
0.015253782619999996
0.01525690437
0.0152600076
0.015263091529999996
0.015266159470000006
0.015269209090000005
0.01527224136
0.015275255479999996
0.015278252300000003
0.015281232670000002
0.015284196199999996
0.015287142150000004
0.015290071050000003
0.015292983530000004
0.015295880259999997
0.015298759930000003
0.015301623709999998
0.015304471169999995
0.015307302100000005
0.015310117180000004
0.015312916870000002
0.015315700360000002
0.015318467200000003
0.015321219489999998
0.015323956049999999
0.015326678210000005
0.01532938659
0.015332078320000003
0.015334755570000008
0.015337417639999996
0.01534006459
0.015342698140000001
0.015345315630000007
0.01534792046
0.015350510670000006
0.015353086649999998
0.015355648270000001
0.015358195489999997
0.015360729909999992
0.015363250269999996
0.01536575647
0.015368248910000003
0.015370728450000004
0.015373194180000002
0.01537564767
0.015378085929999999
0.015380513439999998
0.015382926700000004
0.01538532952
0.015387716000000001
0.015390091389999996
0.015392453540000003
0.015394804230000005
0.015397140870000001
0.015399467070000006
0.015401780759999994
0.015404083120000002
0.015406371119999998
0.01540864934
0.01541091539
0.015413169489999996
0.015415412089999999
0.015417643070000002
0.015419862149999998
0.01542207077
0.01542426769
0.01542645183
0.015428626690000004
0.015430789400000002
0.015432942600000001
0.015435082760000001
0.015437215029999998
0.015439334289999997
0.015441443739999994
0.015443542719999998
0.01544563027
0.015447709430000003
0.015449778160000004
0.015451836169999993
0.015453884460000001
0.015455921909999995
0.015457949199999998
0.015459966430000003
0.01546197378000001
0.015463973189999996
0.015465961960000002
0.015467941420000004
0.015469909629999999
0.01547186982
0.015473822100000001
0.015475765999999995
0.015477697330000007
0.015479619330000005
0.015481534239999999
0.015483440099999999
0.015485337049999999
0.01548722535
0.01548910546
0.015490974539999997
0.015492835769999998
0.015494690180000001
0.015496536359999997
0.015498372339999995
0.01550019998
0.015502022059999999
0.015503833770000005
0.015505638170000002
0.015507432490000002
0.01550922028
0.015511001079999998
0.015512772990000001
0.01551453752
0.015516295900000003
0.015518043459999999
0.015519786689999997
0.0155215216
0.015523249010000002
0.015524968139999998
0.015526681340000001
0.015528387240000004
0.015530085400000004
0.01553177605
0.015533459940000001
0.015535138669999999
0.015536807920000001
0.015538470299999997
0.01554012843
0.015541777850000002
0.015543421789999998
0.015545059830000003
0.015546689059999997
0.01554831373
0.01554993141
0.015551542860000005
0.015553148250000008
0.015554746510000002
0.015556338950000002
0.015557926120000004
0.015559506939999999
0.015561081600000002
0.015562650360000001
0.015564213260000001
0.015565771820000001
0.015567323269999997
0.015568870960000002
0.015570410699999999
0.015571946849999995
0.01557347618
0.015575000640000003
0.01557651947
0.015578032810000005
0.015579542040000003
0.015581044670000002
0.01558254269
0.015584036009999998
0.01558552415
0.015587007360000002
0.015588485159999999
0.015589956819999999
0.015591425839999992
0.015592889300000001
0.01559434853
0.015595802400000008
0.015597251789999999
0.01559869720000001
0.015600137379999999
0.015601572590000003
0.015603005490000002
0.015604434600000001
0.015605855400000002
0.015607274949999996
0.015608689219999996
0.015610098569999998
0.015611504720000004
0.01561290842
0.0156143061
0.015615701250000004
0.015617091339999998
0.015618477379999995
0.015619859650000003
0.015621240410000004
0.01562261569
0.015623987399999999
0.015625355759999994
0.01562672043999999
0.015628081929999996
0.0156294405
0.015630794150000005
0.015632144769999995
0.015633493819999997
0.015634838260000002
0.0156361784
0.01563751613
0.01563885248
0.01564018429
0.015641512020000005
0.01564283851
0.015644160630000004
0.015645481779999998
0.015646797919999997
0.015648112190000004
0.015649422620000002
0.01565073209
0.015652038650000005
0.015653342259999998
0.015654643540000002
0.015655941620000002
0.015657237890000005
0.01565853009
0.015659821799999998
0.01566111024
0.015662396279999997
0.01566368174
0.0156649638
0.015666241659999997
0.015667517859999994
0.01566879429
0.01567006726
0.015671339050000004
0.015672608299999995
0.015673874870000003
0.01567514053
0.015676403040000002
0.015677664469999998
0.015678923730000002
0.015680182819999996
0.015681437859999994
0.01568269172
0.015683944289999998
0.01568519467
0.015686444919999997
0.01568769125
0.015688936950000003
0.015690182060000002
0.01569142523
0.015692667780000003
0.01569390793
0.015695145719999998
0.015696384979999995
0.01569762086
0.01569885585
0.015700089540000007
0.015701321940000006
0.0157025545
0.01570378288
0.0157050126
0.01570624039
0.01570746626
0.015708692709999993
0.01570991883
0.015711142370000004
0.015712365890000003
0.015713588779999996
0.01571480894
0.015716032300000005
0.015717251710000005
0.01571846962
0.01571968955
0.01572090776
0.015722124549999997
0.015723340659999994
0.01572455759
0.015725773499999998
0.015726987289999998
0.01572820213
0.015729417429999993
0.015730629519999994
0.015731842109999998
0.015733057770000006
0.01573426927
0.015735481290000002
0.015736693380000003
0.015737903619999997
0.01573911523
0.015740326770000004
0.01574153862
0.0157427497
0.015743962070000003
0.015745171880000006
0.015746382349999997
0.015747593110000003
0.01574880362
0.015750016029999998
0.015751225779999996
0.015752435829999998
0.015753648959999998
0.01575485979
0.015756070179999998
0.015757283110000003
0.015758492449999998
0.015759705970000003
0.015760917760000003
0.015762132009999996
0.01576334432
0.015764559249999997
0.015765773110000002
0.015766986179999998
0.01576820082
0.015769415820000004
0.01577063053
0.01577184681
0.01577306246
0.01577427759
0.01577549458
0.01577671135
0.015777929379999996
0.01577914951
0.0157803675
0.015781585749999997
0.0157828052
0.01578402703
0.01578524826
0.0157864714
0.015787696080000004
0.015788917349999997
0.01579014126
0.01579136692
0.015792592930000002
0.01579382128
0.015795049159999994
0.01579627756
0.015797508469999996
0.0157987388
0.015799969980000005
0.015801202249999993
0.015802436119999996
0.015803670629999995
0.015804903709999995
0.015806140309999998
0.015807378409999996
0.015808616049999995
0.015809855080000004
0.01581109582
0.015812337779999998
0.015813577960000002
0.01581482146
0.01581606568
0.015817311230000006
0.01581855835
0.01581980701
0.015821055770000002
0.01582230715
0.015823557599999996
0.015824809590000002
0.01582606428
0.01582731956
0.015828577090000007
0.015829836060000005
0.01583109453
0.015832354339999997
0.01583361772
0.01583488077
0.015836144509999994
0.015837409459999993
0.015838676910000002
0.015839946580000007
0.015841217400000007
0.015842489109999996
0.015843762470000005
0.015845038019999994
0.015846314679999998
0.01584759242
0.01584887038
0.01585015228000001
0.015851433399999997
0.015852716790000002
0.01585400235
0.015855288730000004
0.015856576739999996
0.015857866109999997
0.01585915756
0.01586045133
0.015861746089999997
0.015863041950000004
0.015864338359999994
0.01586563625
0.015866937900000003
0.015868240449999998
0.01586954474
0.01587085073
0.015872159200000003
0.015873467290000002
0.015874777970000004
0.01587609005
0.015877404569999996
0.01587872004
0.01588004043
0.015881359110000003
0.01588267978
0.015884003599999995
0.01588532816
0.015886653560000005
0.015887982420000002
0.01588931204
0.01589064392
0.015891979690000002
0.015893315100000006
0.015894652
0.015895990489999998
0.015897333209999996
0.015898675020000003
0.015900019729999996
0.01590136716
0.01590271602
0.015904068109999992
0.01590541883
0.015906771809999998
0.01590812756
0.015909485640000002
0.015910844790000003
0.015912208140000002
0.015913570449999997
0.01591493474
0.01591630271
0.01591767128
0.015919041879999995
0.015920415389999998
0.01592179094
0.01592316841
0.015924547119999997
0.015925929380000006
0.015927312089999996
0.01592869736
0.015930084129999997
0.01593147157
0.015932864280000004
0.01593425696
0.015935652180000003
0.01593704869
0.015938446420000002
0.01593984686
0.015941248759999995
0.015942652769999996
0.015944060079999996
0.015945469029999996
0.01594687751000001
0.015948290379999997
0.01594970397
0.0159511205
0.015952539020000003
0.015953959679999997
0.015955383340000004
0.015956806279999996
0.01595823279
0.015959661840000004
0.015961090440000002
0.01596252239999999
0.015963958169999994
0.01596539464
0.015966832960000003
0.01596827492
0.01596971716
0.015971160999999998
0.015972606920000004
0.0159740568
0.015975508140000004
0.01597696074
0.01597841512
0.015979871590000003
0.015981328439999998
0.015982790760000004
0.015984254609999995
0.015985719640000003
0.015987185609999996
0.015988655569999996
0.015990127089999993
0.015991600389999996
0.015993075990000005
0.015994552279999998
0.01599603378
0.01599751519
0.0159989992
0.016000485210000005
0.01600197184
0.016003462860000005
0.01600495556
0.016006448060000004
0.016007944280000002
0.016009443680000002
0.016010943929999997
0.016012446219999997
0.01601395114999999
0.016015457769999998
0.016016966539999997
0.016018476719999997
0.016019990160000008
0.01602150387
0.01602302014
0.016024539019999996
0.016026059460000006
0.016027582590000002
0.016029105690000003
0.016030633970000003
0.01603216317
0.016033694069999996
0.01603522742
0.01603676342
0.01603829979
0.01603983816
0.016041379510000002
0.016042924409999996
0.016044469970000003
0.016046018050000003
0.016047567490000005
0.01604911873
0.016050671979999997
0.01605222804
0.016053786520000002
0.01605534631
0.016056909190000003
0.016058473570000006
0.01606003928
0.016061607619999998
0.01606317784
0.016064749880000003
0.01606632515
0.016067900930000004
0.016069478660000004
0.01607105786
0.01607264106
0.016074224890000002
0.01607581227
0.01607740029
0.016078991499999997
0.016080584539999998
0.0160821795
0.01608377656
0.01608537522
0.016086976020000004
0.016088578550000003
0.01609018408
0.016091792260000005
0.016093403159999995
0.016095014959999994
0.01609662921
0.01609824555
0.016099861629999993
0.01610148032
0.016103103039999997
0.01610472656000001
0.01610635257
0.01610798108
0.01610960972
0.016111242269999996
0.0161128757
0.01611451146
0.016116149520000005
0.016117791210000003
0.016119433500000006
0.016121076090000002
0.016122722529999994
0.01612437151
0.01612602221
0.016127675120000004
0.016129329439999996
0.016130984860000003
0.016132644850000002
0.0161343037
0.016135965560000003
0.01613763002
0.016139297200000003
0.01614096587
0.01614263617
0.016144308149999998
0.016145983239999998
0.016147660869999997
0.01614933972
0.0161510194
0.0161527024
0.01615438728
0.01615607287
0.016157762
0.016159452539999997
0.016161145039999998
0.016162839500000005
0.016164536260000008
0.01616623526
0.016167936279999996
0.016169640220000003
0.01617134387
0.016173050340000005
0.016174760099999998
0.01617647155
0.01617818475
0.016179899020000003
0.016181617249999995
0.01618333732
0.016185058319999997
0.016186782829999996
0.01618850735
0.016190235039999997
0.016191964140000004
0.016193696669999997
0.016195428400000003
0.01619716296
0.01619890150000001
0.016200641550000002
0.016202381250000005
0.01620412401
0.016205870700000003
0.01620761734
0.016209366240000002
0.016211117109999996
0.016212869720000002
0.016214624440000002
0.016216382029999997
0.016218141460000005
0.016219902949999997
0.01622166488
0.01622343009999999
0.016225197020000005
0.016226965519999997
0.0162287356
0.016230508879999998
0.016232284240000002
0.01623406146
0.016235840129999998
0.01623762261
0.01623940566
0.01624119065
0.01624297736
0.016244767750000003
0.016246558229999996
0.01624835043
0.01625014474
0.016251940519999997
0.016253740449999998
0.016255541270000003
0.016257344010000004
0.016259147459999998
0.016260953620000004
0.016262762289999993
0.01626457298
0.016266384330000005
0.016268199200000003
0.016270015649999997
0.0162718338
0.016273652509999997
0.01627547448
0.016277299
0.016279124830000002
0.016280954119999996
0.016282783130000006
0.016284615710000002
0.01628644787
0.016288284609999995
0.016290122419999994
0.016291961099999995
0.01629380273
0.016295646700000003
0.016297491690000002
0.01629933955
0.016301189450000003
0.016303041020000002
0.016304894849999998
0.016306752300000005
0.0163086107
0.01631046981000001
0.016312332449999994
0.016314196340000003
0.01631606137
0.016317928619999998
0.01631979735
0.01632166877
0.016323541430000005
0.01632541593
0.01632729374
0.01632917296
0.0163310544
0.01633293672
