0.09075930962000003
0.06884250532
0.06124224003999999
0.054349047580000004
0.04798867068
0.04264855306
0.03837840884
0.034968182199999996
0.03225606810000001
0.03010120778
0.028363276060000008
0.026913837199999992
0.025657548320000004
0.02456260834
0.023615103840000005
0.022790466340000003
0.022062502859999996
0.021409724839999998
0.020816270820000003
0.02027088892
0.01976567536
0.01929504138
0.018854950310000004
0.018442386660000004
0.018054999900000004
0.017690872359999995
0.017348349100000004
0.017025929889999996
0.016722174109999998
0.016435608869999997
0.016164596490000002
0.01590713686
0.01566047509
0.015420414050000003
0.015180401170000007
0.014932630070000001
0.014678535229999998
0.01443955834
0.014232750059999999
0.014055756420000001
0.01390128271
0.013763938459999996
0.013640322440000003
0.01352828179
0.01342638718
0.013333621659999994
0.013249203610000005
0.013172490019999993
0.013102933669999999
0.013040044689999999
0.012983373239999998
0.01293250691
0.012887056719999995
0.01284665461
0.012810950969999998
0.012779618159999997
0.012752345699999999
0.01272883499
0.01270880562
0.01269199542
0.012678155830000003
0.012667056200000002
0.012658473540000001
0.012652206769999999
0.012648063220000004
0.012645864700000004
0.012645445610000004
0.012646651860000002
0.012649339840000003
0.012653375380000003
0.012658636079999997
0.012665006119999997
0.012672378550000005
0.01268065678
0.012689747730000001
0.0126995692
0.012710042749999999
0.012721095610000002
0.012732659330000002
0.01274467245
0.01275707541
0.012769812570000004
0.012782832409999995
0.012796081800000001
0.012809510120000003
0.012823066650000001
0.012836700599999999
0.01285035358
0.012863959650000001
0.01287744525
0.01289071407
0.012903644369999998
0.012916064290000003
0.012927720680000001
0.01293822343
0.012946930110000001
0.012952711790000005
0.01295345689
0.012944999810000002
0.012919235289999999
0.01286454849
0.012784316149999999
0.012715266509999998
0.01267671319
0.012659620820000002
0.012654365680000003
0.0126556369
0.012660677119999998
0.012668013089999996
0.012676828419999998
0.012686649360000003
0.012697182420000003
0.012708242699999997
0.012719706150000003
0.012731483129999999
0.012743512229999997
0.012755744240000002
0.012768143720000003
0.012780684990000004
0.012793338789999999
0.012806090069999998
0.012818921329999995
0.012831817329999997
0.012844765850000004
0.012857755530000006
0.012870775210000003
0.012883815910000002
0.01289686963
0.01290992775
0.012922981980000003
0.012936027200000004
0.012949056270000002
0.012962063020000004
0.0129750416
0.012987988749999999
0.013000899679999997
0.013013768809999994
0.01302659452
0.01303937225
0.013052099890000002
0.01306477368
0.0130773933
0.013089955259999998
0.013102457999999997
0.013114901190000002
0.013127283520000001
0.013139599610000002
0.01315185356
0.013164043559999998
0.013176168279999997
0.013188226499999997
0.013200219140000002
0.013212144070000001
0.013224004179999997
0.013235796629999996
0.013247522079999996
0.013259182279999998
0.013270773460000001
0.013282298360000005
0.01329375688
0.01330514913
0.013316475580000002
0.01332773638
0.013338929999999995
0.013350057960000009
0.013361122299999998
0.013372119930000004
0.013383054820000002
0.013393924999999997
0.013404731150000002
0.013415475389999995
0.013426155120000007
0.013436773559999999
0.013447329220000004
0.013457821750000001
0.013468254779999996
0.013478628010000007
0.013488936869999999
0.013499187520000002
0.01350937643
0.013519507929999994
0.013529579830000003
0.01353959424
0.013549550749999998
0.01355944748
0.013569287539999999
0.013579070899999999
0.013588799249999998
0.013598469369999998
0.013608085129999996
0.013617644469999997
0.013627150320000002
0.01363660079
0.01364599672
0.01365533942
0.013664627329999996
0.013673864460000002
0.013683047959999996
0.01369218023
0.013701258109999998
0.013710285610000001
0.013719263050000003
0.01372818855
0.013737063789999997
0.013745889160000004
0.013754666100000002
0.013763393249999999
0.013772069650000001
0.01378069888
0.01378927781
0.013797810709999999
0.01380629525
0.01381473177
0.013823121760000001
0.013831464239999995
0.01383976205
0.013848013799999998
0.013856218239999997
0.013864377730000002
0.0138724923
0.013880562319999998
0.013888587340000001
0.01389656815
0.013904504979999996
0.01391239903
0.013920248390000002
0.013928055699999997
0.01393581968
0.013943541150000002
0.013951221690000005
0.013958858369999994
0.01396645522
0.013974008869999999
0.013981521439999995
0.013988993520000001
0.013996425700000002
0.014003816600000003
0.01401116858
0.014018481420000001
0.0140257527
0.014032986700000001
0.014040181210000004
0.01404733796
0.014054454449999993
0.014061533350000002
0.014068575519999994
0.014075578169999997
0.014082545210000002
0.01408947338
0.014096365179999999
0.014103220529999998
0.014110039950000007
0.014116822690000004
0.014123568760000003
0.01413028152
0.014136957500000002
0.014143596460000003
0.01415020398
0.01415677456
0.014163310299999999
0.014169812909999998
0.01417628001
0.014182713630000003
0.014189112710000002
0.01419547964
0.014201813839999999
0.014208114309999999
0.01421438285
0.014220617849999997
0.014226819689999998
0.01423299037
0.014239130070000001
0.014245237289999997
0.014251312680000003
0.01425735652
0.014263369690000001
0.014269352260000003
0.014275302089999995
0.014281224450000001
0.014287113839999999
0.014292974170000002
0.014298803800000003
0.014304605519999996
0.014310374739999998
0.0143161163
0.014321829280000005
0.014327512370000002
0.014333165049999996
0.014338791329999998
0.014344387229999995
0.014349956659999998
0.014355497340000002
0.01436100926
0.014366493710000004
0.014371952360000002
0.01437738161
0.014382784420000003
0.014388158500000005
0.014393507939999996
0.01439882922
0.01440412474
0.014409394540000002
0.01441463807
0.01441985378
0.014425043409999998
0.014430208249999998
0.01443534722
0.014440462499999996
0.014445548949999998
0.01445061202
0.014455649160000002
0.014460662280000003
0.014465650949999999
0.01447061426
0.014475554669999996
0.01448047195
0.014485361940000002
0.014490228190000004
0.014495072209999994
0.014499891550000001
0.014504687210000002
0.014509458550000005
0.014514209030000001
0.01451893455
0.014523637789999995
0.014528315989999999
0.014532974629999999
0.014537609920000003
0.0145422217
0.014546812660000002
0.014551381089999996
0.014555927960000003
0.014560450090000005
0.014564950920000003
0.01456943154
0.014573890699999998
0.014578329450000004
0.014582744929999997
0.014587139429999998
0.014591511780000002
0.014595865079999997
0.014600197170000004
0.01460450806
0.014608799269999998
0.01461307052
0.014617320330000003
0.014621549200000005
0.014625759019999993
0.014629948439999998
0.014634117310000002
0.01463826795
0.01464239738
0.01464650702
0.014650600550000004
0.014654673030000002
0.014658725559999999
0.014662758960000005
0.014666774129999997
0.01467077027
0.01467474563
0.01467870456
0.014682644729999998
0.0146865656
0.014690468029999999
0.014694355650000004
0.0146982227
0.014702070309999996
0.014705901680000005
0.014709714900000004
0.014713510470000002
0.014717288629999999
0.014721048689999999
0.014724791719999996
0.014728516550000001
0.014732223780000005
0.014735913730000001
0.014739588520000003
0.014743244630000006
0.014746885619999999
0.01475050737
0.014754112959999996
0.014757701760000002
0.014761275969999996
0.014764831959999997
0.014768371500000004
0.01477189469
0.014775401050000003
0.014778895769999998
0.01478237056
0.014785831200000004
0.014789274860000002
0.014792703499999999
0.014796115269999997
0.014799513470000001
0.014802894900000004
0.014806260899999995
0.014809611489999994
0.014812946559999991
0.0148162671
0.014819574440000004
0.014822864230000003
0.014826140759999993
0.014829399959999998
0.014832646750000001
0.014835878489999996
0.014839095250000005
0.01484229791
0.014845486409999999
0.014848661390000002
0.014851820049999999
0.014854964800000004
0.014858095739999999
0.014861214530000002
0.014864317890000003
0.014867406510000004
0.014870483290000003
0.014873544509999998
0.014876592590000001
0.014879627370000006
0.014882647210000002
0.014885653489999998
0.01488864889
0.0148916303
0.014894596780000002
0.014897551280000003
0.014900493119999995
0.01490342083
0.014906336199999998
0.01490923842
0.014912129399999998
0.01491500736
0.01491787108
0.014920723049999998
0.01492356273
0.01492639069
0.014929203970000002
0.014932005239999999
0.014934794550000003
0.01493757397
0.014940338680000003
0.014943091169999999
0.01494583226
0.014948561019999999
0.014951276239999998
0.014953981409999999
0.014956675410000002
0.01495935594
0.014962026960000001
0.0149646847
0.01496733202
0.01496996572
0.0149725902
0.014975201339999999
0.01497780209
0.014980392869999996
0.014982971349999995
0.014985538039999998
0.014988093979999999
0.014990637789999997
0.014993171480000003
0.014995694399999995
0.014998205489999998
0.015000707620000003
0.015003197829999999
0.015005677329999998
0.015008145080000004
0.015010604049999998
0.015013051600000002
0.015015489649999996
0.015017918039999996
0.01502033436
0.015022740900000003
0.015025137220000002
0.01502752269
0.015029898980000003
0.015032265369999997
0.01503462187
0.01503696781
0.015039304260000002
0.015041630759999996
0.015043946459999997
0.015046252919999998
0.01504855045
0.015050837159999997
0.015053112880000004
0.015055380989999995
0.015057639250000003
0.015059886399999998
0.015062126809999996
0.015064354019999998
0.0150665741
0.015068785290000003
0.015070986729999998
0.015073180069999994
0.015075364510000001
0.015077538530000007
0.015079703570000002
0.015081859150000002
0.015084006539999995
0.01508614519
0.015088274560000003
0.015090395779999998
0.015092506379999999
0.01509461073
0.015096704680000003
0.015098790320000001
0.015100866609999996
0.015102934199999998
0.01510499294
0.015107044349999996
0.015109088660000006
0.015111124230000002
0.015113147960000002
0.015115166530000002
0.015117176770000004
0.0151191766
0.015121169590000006
0.015123155880000003
0.015125132709999997
0.015127100519999997
0.015129060609999996
0.01513101367
0.015132958929999997
0.015134896400000007
0.01513682467
0.01513874641
0.015140660800000004
0.01514256665
0.015144463109999999
0.015146352709999995
0.015148234680000004
0.015150109079999998
0.015151976150000001
0.015153836600000003
0.015155688010000001
0.015157534519999995
0.015159372489999998
0.015161201980000004
0.0151630239
0.01516484098
0.015166649429999998
0.0151684516
0.015170245190000002
0.015172032030000003
0.015173812469999997
0.015175585840000004
0.01517735241
0.01517911161
0.015180862980000003
0.015182607680000001
0.015184345479999998
0.01518607549
0.015187799790000001
0.015189518479999997
0.01519122819
0.015192933350000007
0.015194631319999995
0.015196319159999996
0.01519800283
0.015199682699999995
0.015201351950000004
0.015203017389999995
0.015204675530000003
0.015206327730000002
0.015207971980000005
0.015209611750000001
0.015211244540000002
0.015212869450000005
0.01521448951
0.015216102520000004
0.015217709329999997
0.01521930922
0.015220904879999999
0.015222493819999999
0.015224074130000003
0.015225651619999996
0.01522722246
0.015228787380000004
0.01523034580999999
0.01523189823
0.015233443910000002
0.0152349843
0.015236518210000003
0.015238047110000003
0.01523957007
0.015241088930000006
0.015242602189999996
0.015244108920000004
0.01524560969999999
0.015247103960000001
0.015248593310000003
0.015250075989999995
0.015251554500000004
0.01525302893
0.015254494870000001
0.01525595633
0.01525741249
0.01525886257
0.01526030866
0.01526174917
0.015263183079999998
0.01526461357
0.015266038039999999
0.015267457100000001
0.015268871199999996
0.015270279739999996
0.015271683239999998
0.015273081320000003
0.015274473780000004
0.015275862249999996
0.01527724431
0.015278622140000002
0.01527999606
0.015281363420000001
0.015282728449999998
0.015284085870000004
0.01528543941
0.01528678651
0.015288130070000006
0.01528946747
0.01529080221
0.01529213156
0.015293455360000003
0.015294774539999995
0.01529608844
0.01529739999
0.0152987046
0.015300004699999996
0.015301302199999998
0.015302592160000001
0.015303879109999998
0.015305161270000001
0.015306439810000003
0.015307713339999997
0.015308982850000003
0.015310248639999994
0.015311507580000003
0.015312762750000002
0.015314013700000004
0.015315260980000002
0.015316504510000002
0.015317741320000005
0.015318975569999997
0.015320205240000002
0.015321430549999997
0.015322652119999995
0.01532386989
0.01532508281
0.015326291110000001
0.01532749502
0.01532869631
0.01532989235
0.015331085040000005
0.015332274169999995
0.015333458489999998
0.015334638850000004
0.01533581479
0.015336987070000004
0.015338156770000002
0.01533932062
0.015340481829999999
0.015341638629999998
0.015342790550000002
0.015343938920000005
0.01534508531
0.015346226689999999
0.015347364720000001
0.015348497899999997
0.015349629540000003
0.01535075516
0.015351879510000001
0.015352998369999997
0.015354114859999997
0.015355227970000003
0.015356338180000007
0.015357443730000005
0.01535854526
0.01535964567
0.015360740269999998
0.015361831870000002
0.015362920280000003
0.01536400437
0.015365085090000001
0.015366164800000004
0.015367239210000001
0.015368310899999998
0.015369378450000002
0.015370441529999999
0.01537150165
0.015372561349999998
0.015373615250000005
0.015374669530000003
0.015375716449999998
0.015376760769999998
0.015377801080000005
0.015378838829999995
0.015379875270000004
0.015380909480000003
0.015381937180000001
0.01538296258
0.0153839861
0.015385006689999998
0.015386023469999994
0.01538703584
0.015388045679999997
0.015389054689999999
0.015390060889999994
0.015391062919999997
0.015392062149999998
0.015393059070000006
0.015394051370000003
0.015395041019999998
0.015396028439999996
0.015397011929999998
0.015397992729999997
0.015398972029999996
0.01539994882
0.015400924799999998
0.01540189423
0.01540286149
0.015403827859999998
0.015404790120000003
0.015405749880000003
0.015406708099999998
0.015407663039999998
0.01540861618
0.015409563760000002
0.015410510239999998
0.015411455889999998
0.015412396989999999
0.015413336389999997
0.015414273210000001
0.015415209230000004
0.01541614093000001
0.015417070960000006
0.015417997479999999
0.015418922070000002
0.015419844610000002
0.015420762979999995
0.01542168044
0.015422594279999997
0.015423505080000002
0.015424414700000002
0.015425322549999999
0.015426229599999997
0.015427132629999998
0.01542803315
0.015428932169999991
0.015429829820000001
0.015430723039999998
0.01543161636
0.015432504730000001
0.01543339214
0.015434277239999995
0.015435160960000001
0.015436040800000002
0.01543692096
0.015437796689999998
0.015438672879999999
0.01543954521
0.015440414429999995
0.015441283160000003
0.015442150940000003
0.01544301448
0.015443876889999994
0.015444737359999999
0.015445596260000001
0.015446454560000003
0.015447309169999996
0.0154481617
0.01544901161
0.015449862019999996
0.01545070819
0.01545155272
0.015452394549999996
0.015453235749999999
0.015454075580000002
0.015454912930000004
0.01545575028
0.015456584800000001
0.015457417189999996
0.015458248529999998
0.01545907621
0.015459905329999997
0.01546073236
0.015461555709999995
0.015462376139999998
0.015463197259999999
0.015464017089999994
0.015464834760000004
0.015465649309999998
0.015466465849999994
0.015467276900000007
0.01546808686
0.015468897089999998
0.015469703859999996
0.015470510790000001
0.015471315700000002
0.015472119150000001
0.015472920629999996
0.01547372007
0.015474517399999997
0.015475315860000003
0.01547611174
0.015476905450000007
0.015477698800000002
0.015478489679999995
0.015479280700000004
0.015480068130000002
0.015480857109999994
0.015481641459999997
0.015482426630000004
0.015483209949999998
0.015483992699999997
0.015484772460000008
0.015485552359999995
0.01548632939
0.015487105590000001
0.015487882119999994
0.015488656229999998
0.015489429610000003
0.015490199779999997
0.015490969119999998
0.015491737710000002
0.01549250541
0.015493273650000004
0.01549403866
0.015494802820000004
0.01549556638
0.015496326900000001
0.01549708735
0.015497848760000002
0.015498606499999996
0.015499364760000002
0.015500118510000004
0.01550087449
0.015501629179999999
0.015502381919999997
0.015503134320000006
0.015503885109999997
0.015504635650000001
0.015505384859999997
0.015506133479999993
0.015506880419999994
0.01550762807
0.015508373559999995
0.015509115770000002
0.015509859660000007
0.015510601980000004
0.01551134405
0.015512084869999998
0.015512823030000001
0.015513561860000002
0.015514302160000002
0.015515038870000006
0.015515775599999998
0.015516509919999998
0.01551724589
0.015517978530000006
0.015518712079999997
0.015519442200000004
0.015520172410000001
0.015520902530000005
0.015521633010000003
0.015522361550000004
0.015523088809999998
0.015523816120000002
0.015524542659999996
0.01552526922
0.015525994570000003
0.015526718300000004
0.015527440539999998
0.015528165250000002
0.015528886410000005
0.015529611219999996
0.015530330510000002
0.015531049260000002
0.015531769209999999
0.015532489449999999
0.015533207279999996
0.015533923760000002
0.015534640980000004
0.015535355959999997
0.015536072750000001
0.015536788169999998
0.015537504770000004
0.015538217109999999
0.015538930519999994
0.015539641309999998
0.015540353400000005
0.015541065840000002
0.015541776829999998
0.01554248849
0.015543197709999996
0.015543906590000003
0.01554461544
0.015545323520000001
0.015546033419999999
0.01554674112000001
0.015547448629999995
0.015548155920000004
0.015548861169999999
0.015549567789999998
0.015550273269999996
0.0155509775
0.015551681570000005
0.015552385339999999
0.015553088139999997
0.015553791089999998
0.015554493420000003
0.015555195370000004
0.01555589702
0.015556598700000002
0.015557300640000002
0.0155579995
0.015558699620000003
0.015559399800000002
0.01556009974
0.015560798199999998
0.015561497080000007
0.015562196880000004
0.01556289532
0.015563595410000002
0.01556429196
0.01556499001
0.015565687870000006
0.01556638464
0.015567081630000002
0.015567777670000005
0.015568474339999997
0.015569169029999996
0.015569864530000001
0.015570558960000001
0.01557125517
0.01557195086
0.015572644570000006
0.015573338420000006
0.01557403202
0.015574726389999998
0.015575418070000003
0.01557611261
0.015576804659999997
0.015577498040000004
0.01557818963
0.015578881
0.01557957281
0.015580264570000002
0.015580956319999999
0.01558164836
0.01558234024
0.015583031719999996
0.01558372386
0.0155844139
0.015585105969999999
0.015585795940000003
0.01558648723
0.015587177839999999
0.01558786783
0.01558855886
0.015589248170000004
0.015589937450000002
0.015590628729999998
0.015591318080000001
0.015592006719999996
0.015592696139999999
0.015593385000000001
0.01559407492
0.015594764090000001
0.015595452270000002
0.015596140069999995
0.015596829840000001
0.015597518060000004
0.015598209120000006
0.015598896669999997
0.01559958492
0.015600272780000009
0.015600961609999995
0.015601649520000007
0.015602337159999995
0.015603025569999998
0.015603713639999996
0.015604402619999996
0.0156050907
0.015605780029999999
0.01560646724
0.015607155409999993
0.01560784259
0.015608531259999996
0.015609218379999998
0.015609907110000008
0.015610596210000001
0.01561128483
0.015611973219999999
0.015612661659999997
0.015613351179999999
0.01561403868
0.015614727760000002
0.015615414730000004
0.015616103529999996
0.015616793419999999
0.015617481209999999
