0.09999811827999999
0.08840737307999998
0.08070454732000001
0.07528129978
0.07105888258
0.06755028733999999
0.06452147634
0.06184813929999999
0.05944758965999997
0.05725966966
0.05524480995999999
0.053378255020000015
0.051643463940000016
0.05002809430000001
0.04852204932
0.047116568760000005
0.04580384448000002
0.04457679326000001
0.04342896455999999
0.0423544304
0.04134773751999999
0.04040387310000001
0.03951820369999999
0.038686457779999996
0.03790468112
0.03716923617999999
0.03647674079999999
0.03582408442000001
0.035208383439999984
0.034626982500000014
0.034077410919999995
0.03355740222
0.03306485406
0.032597823500000005
0.0321545178
0.03173328002
0.031332576320000013
0.030950993179999994
0.030587227
0.030240060499999992
0.029908385060000008
0.02959116314
0.029287443660000002
0.028996343539999997
0.02871704656
0.028448792980000005
0.02819088916
0.027942679760000005
0.0277035747
0.027473008640000005
0.027250467119999983
0.027035474719999997
0.02682758386
0.026626381639999995
0.02643148376
0.02624253722000001
0.02605920534
0.025881180699999992
0.02570817102
0.02553991676
0.025376159060000004
0.025216666380000002
0.025061220159999998
0.024909619419999997
0.024761668599999998
0.02461719039999999
0.024476018220000006
0.024337995840000005
0.02420297516
0.024070818759999998
0.023941399180000003
0.023814591140000004
0.02369028362
0.023568369279999998
0.02344874306
0.023331315620000005
0.023215996560000004
0.02310269647999999
0.022991342039999994
0.02288185468
0.022774163899999998
0.022668203859999993
0.022563908559999995
0.022461222260000004
0.022360087760000008
0.0222604502
0.022162261019999997
0.02206546754
0.02197002956
0.021875900240000003
0.021783040420000007
0.021691410020000003
0.0216009739
0.021511696979999998
0.021423544500000006
0.02133648352
0.02125048596
0.02116552416
0.021081568519999996
0.02099859358
0.020916574819999995
0.02083548626
0.020755308880000004
0.020676019400000002
0.020597596840000003
0.02052002162
0.02044327256
0.02036733632
0.02029219124
0.020217823900000008
0.020144214959999997
0.020071351959999997
0.019999218759999996
0.019927801639999996
0.01985708786
0.01978706316
0.01971771588
0.019649033639999997
0.019581005099999996
0.019513619299999996
0.019446865
0.0193807338
0.01931521254
0.019250293119999998
0.019185966080000005
0.019122222859999996
0.019059053179999997
0.018996453680000004
0.01893441026
0.018872918640000003
0.018811970279999996
0.018751556500000002
0.018691672039999996
0.018632308420000007
0.018573462100000004
0.018515124440000003
0.018457288020000004
0.018399948699999998
0.018343100069999993
0.01828673382
0.018230847520000003
0.018175435129999997
0.018120492329999998
0.01806601038
0.018011986819999996
0.01795841578
0.017905294340000003
0.01785261484
0.017800375519999998
0.017748569189999997
0.017697193289999996
0.01764624284
0.01759570994
0.017545599100000003
0.017495897410000003
0.017446610230000006
0.017397725799999996
0.01734924459
0.01730116008
0.01725347113
0.017206171200000002
0.01715925729
0.017112728810000002
0.01706658133
0.01702081239
0.01697541637
0.016930390990000002
0.01688573376
0.01684144124
0.0167975098
0.016753937509999997
0.016710720230000007
0.016667856640000006
0.016625342570000003
0.016583175679999996
0.01654135234
0.016499872210000002
0.016458730419999998
0.016417924199999993
0.016377451740000003
0.01633730905
0.01629749472
0.01625800638
0.016218840960000005
0.016179996979999996
0.016141469259999996
0.01610325824
0.01606536071
0.01602777397
0.01599049769
0.01595352624
0.0159168592
0.015880492679999997
0.015844424809999997
0.01580865474
0.01577318141
0.015738000009999996
0.015703107660000003
0.015668503670000007
0.01563418714
0.015600155680000003
0.015566405870000001
0.015532935270000001
0.015499742269999995
0.01546682581
0.015434182950000002
0.015401812689999999
0.01536971097
0.015337878220000005
0.015306309780000001
0.015275007760000004
0.015243965840000002
0.015213184880000003
0.015182662469999999
0.015152396419999993
0.015122384950000001
0.015092625919999998
0.015063117550000003
0.015033857680000002
0.015004843930000001
0.014976077720000001
0.014947554199999998
0.01491927297
0.014891229209999997
0.014863427079999996
0.014835860660000002
0.014808527549999999
0.014781427950000002
0.014754559259999996
0.01472791983
0.014701509469999999
0.014675324600000001
0.014649365230000004
0.01462363023
0.014598114769999997
0.014572821659999999
0.014547745170000004
0.014522885529999995
0.014498239899999998
0.01447380865
0.014449589320000003
0.014425578069999999
0.014401777250000001
0.014378183750000002
0.014354794289999997
0.01433160894
0.014308627850000002
0.014285847580000002
0.014263266629999995
0.014240884029999994
0.014218697680000003
0.014196706819999998
0.014174907960000004
0.014153303209999999
0.014131889919999998
0.014110665440000001
0.01408963032
0.01406878192
0.014048117859999997
0.014027639120000001
0.01400734094
0.01398722577
0.01396728972
0.013947533170000002
0.013927951210000001
0.01390854688
0.013889316320000003
0.013870259789999997
0.013851375070000003
0.013832662459999995
0.013814116969999998
0.013795741540000002
0.01377753145
0.013759487860000004
0.01374160802
0.013723892720000004
0.013706339300000002
0.01368894578
0.01367171081
0.01365463485
0.013637715869999997
0.01362095244
0.013604343730000003
0.013587890010000003
0.013571587599999995
0.013555437059999998
0.013539436529999999
0.013523584180000001
0.013507880449999999
0.013492322959999999
0.013476912199999998
0.013461644689999998
0.01344651963
0.013431538170000002
0.013416697799999997
0.01340199876
0.01338743811
0.013373015480000002
0.013358729730000003
0.013344579560000003
0.013330563649999998
0.013316682620000003
0.013302932149999997
0.013289313900000002
0.013275828460000003
0.013262472589999994
0.0132492439
0.013236143969999996
0.013223170199999999
0.013210322130000002
0.013197599409999997
0.01318499919
0.013172525159999997
0.013160170779999997
0.013147936080000002
0.013135822589999999
0.013123827170000001
0.01311195109
0.013100190969999998
0.01308854849
0.013077021319999998
0.01306560762
0.013054307679999998
0.013043119430000001
0.013032044559999997
0.01302107901
0.01301022421
0.01299947868
0.012988842519999998
0.012978312709999997
0.012967888779999997
0.012957571260000002
0.012947360159999999
0.012937252879999996
0.012927248299999998
0.012917344389999997
0.012907543530000001
0.012897843589999998
0.012888243850000003
0.012878742090000004
0.012869339989999999
0.01286003519
0.012850825879999996
0.012841714879999997
0.01283269848
0.01282377778
0.01281494826
0.012806213000000002
0.01279757121
0.012789021229999998
0.01278056052
0.012772189889999999
0.01276390876
0.012755716070000003
0.012747613070000002
0.01273959635
0.012731665959999998
0.0127238218
0.012716063789999996
0.012708388559999999
0.0127007963
0.012693289059999996
0.01268586314
0.01267851889
0.012671256810000002
0.01266407377
0.01265697173
0.0126499464
0.012643002469999998
0.012636134310000005
0.012629344400000006
0.01262263079
0.01261599357
0.012609431749999997
0.01260294421
0.012596530569999995
0.01259018964
0.012583922260000005
0.01257772728
0.012571603209999999
0.0125655507
0.012559568929999996
0.012553657229999998
0.012547815010000001
0.012542041799999997
0.012536335980000002
0.012530698
0.0125251272
0.012519621989999999
0.01251418385
0.012508809760000001
0.012503501649999997
0.01249825788
0.012493077469999997
0.012487960279999996
0.012482906130000004
0.012477912779999998
0.012472982899999999
0.012468111830000001
0.012463304299999999
0.01245855546
0.012453866699999998
0.012449235779999998
0.012444664170000001
0.012440150639999998
0.0124356942
0.012431293979999997
0.012426952069999999
0.01242266548
0.012418434880000002
0.01241425937
0.012410139470000003
0.012406073539999998
0.012402060449999995
0.012398100649999999
0.012394195150000002
0.012390341429999998
0.012386539129999995
0.01238278973
0.012379090149999999
0.012375442729999998
0.01237184316
0.012368295849999997
0.012364796330000004
0.01236134661
0.01235794449
0.012354591020000001
0.012351285639999997
0.012348027369999999
0.012344816309999998
0.012341649999999997
0.01233853142
0.012335456990000002
0.012332429340000005
0.01232944515
0.012326505389999999
0.012323611560000001
0.012320759809999993
0.01231795149
0.012315185690000001
0.012312463830000002
0.012309785010000001
0.012307146010000002
0.012304549509999999
0.012301994
0.012299479290000002
0.012297005470000002
0.012294570100000004
0.01229217448
0.01228982018
0.012287503509999999
0.012285225709999997
0.012282986009999997
0.012280784850000002
0.01227862066
0.012276492789999998
0.012274402629999993
0.012272349769999998
0.01227033232
0.012268350379999994
0.012266404350000003
0.012264495199999998
0.012262619789999998
0.012260779980000004
0.012258974029999998
0.01225720229
0.012255464009999996
0.01225375882
0.01225208835
0.012250450769999997
0.01224884374
0.012247270629999996
0.012245730790000004
0.012244222490000001
0.01224274403
0.012241297819999997
0.01223988177
0.012238496000000003
0.01223714148
0.01223581664
0.01223452176
0.012233256110000002
0.012232019609999995
0.012230811990000002
0.012229632429999995
0.012228481649999996
0.012227358720000001
0.01222626387
0.012225196740000005
0.012224157079999999
0.0122231445
0.012222159650000002
0.012221199990000002
0.012220267600000001
0.01221936139
0.01221848115
0.012217627139999996
0.012216797429999997
0.012215994809999997
0.012215215850000002
0.012214461750000002
0.012213732089999995
0.012213027559999999
0.012212346249999999
0.012211689900000005
0.01221105707
0.012210446220000002
0.012209859320000002
0.01220929499
0.012208753819999996
0.012208235379999995
0.012207739950000004
0.01220726607
0.01220681426
0.012206383979999997
0.012205974519999998
0.012205586900000003
0.01220522019
0.01220487422
0.012204550130000002
0.012204245890000003
0.01220396088
0.012203697189999998
0.012203452620000001
0.0122032286
0.012203024189999996
0.012202838640000005
0.012202672629999998
0.012202525069999994
0.012202397189999997
0.012202287340000005
0.01220219659
0.012202124790000001
0.01220206982
0.012202034890000001
0.01220201591
0.01220201442
0.01220203126
0.012202066060000006
0.01220211674
0.012202185340000003
0.0122022701
0.012202370760000001
0.012202487829999997
0.012202622129999998
0.01220277205
0.012202939009999995
0.012203121549999994
0.01220331873
0.01220353191
0.012203761429999998
0.012204005470000001
0.012204263909999997
0.012204538370000002
0.01220482697
0.012205130239999999
0.012205449750000003
0.012205782729999996
0.012206129559999999
0.012206491069999999
0.012206864310000003
0.012207252449999999
0.012207654069999997
0.012208070090000002
0.012208498080000005
0.012208940419999998
0.012209395460000001
0.012209863520000001
0.012210344160000003
0.012210837699999994
0.012211345319999997
0.01221186496
0.01221239715
0.01221294208
0.012213499069999998
0.012214065980000001
0.012214646909999998
0.012215239170000005
0.012215842549999996
0.012216457230000003
0.012217084300000004
0.012217720829999999
0.01221837068
0.01221903138
0.01221970342
0.01222038451
0.012221078280000004
0.012221780389999999
0.012222494339999996
0.012223218680000003
0.012223953739999998
0.01222469981
0.012225454379999999
0.01222622001
0.012226995770000002
0.012227780980000005
0.01222857605
0.012229379979999996
0.01223019301
0.012231017399999995
0.012231850919999999
0.01223269353
0.012233544249999997
0.012234404549999998
0.012235274350000002
0.012236152159999996
0.01223703948
0.01223793546
0.012238840079999997
0.01223975259
0.012240673900000004
0.012241603069999996
0.01224254141
0.012243487019999997
0.012244441099999996
0.012245402420000003
0.012246373699999997
0.01224735117
0.01224833697
0.012249329879999998
0.012250330729999998
0.012251338200000003
0.01225235396
0.012253378170000004
0.012254407929999999
0.012255446199999995
0.012256491480000003
0.012257543770000004
0.012258603329999996
0.01225966841
0.012260742239999995
0.012261821639999998
0.012262907359999999
0.012263999619999997
0.012265099100000003
0.012266205449999998
0.01226731719
0.01226843532
0.01226956017
0.012270691159999998
0.012271829109999995
0.012272972680000004
0.012274121329999997
0.01227527648
0.012276437739999995
0.012277603480000003
0.01227877809
0.01227995607
0.012281141020000002
0.012282330590000001
0.01228352584
0.012284727609999997
0.01228593371
0.012287144750000001
0.01228836176
0.012289582770000003
0.01229081097
0.012292043950000003
0.012293281659999999
0.0122945243
0.012295771570000003
0.012297024560000007
0.01229828258
0.012299545049999997
0.012300812709999998
0.012302085230000004
0.012303361269999997
0.012304642340000005
0.012305927290000001
0.012307216490000002
0.012308510539999998
0.012309808129999995
0.012311111379999996
0.01231241704
0.012313727670000003
0.012315042960000005
0.012316363569999997
0.012317687019999997
0.01231901447
0.012320346669999996
0.01232168135
0.012323020939999998
0.012324364149999998
0.01232571079
0.012327062140000004
0.01232841636
0.01232977621
0.01233113703
0.012332502429999998
0.012333871260000002
0.012335244189999999
0.012336620360000002
0.012338001199999999
0.01233938488
0.012340772290000003
0.012342161829999998
0.01234355387
0.012344950069999996
0.012346350390000004
0.012347753550000002
0.012349159200000001
0.012350567379999997
0.01235197815
0.012353392030000005
0.012354808809999998
0.012356229780000004
0.01235765164
0.012359077819999993
0.01236050639
0.01236193925
0.012363372479999997
0.012364808010000004
0.012366247640000001
0.01236768984
0.0123691355
0.012370582829999997
0.012372032600000003
0.012373485019999998
0.012374940370000002
0.012376398089999997
0.0123778597
0.012379322219999997
0.012380786650000001
0.012382253390000004
0.012383723560000004
0.012385194450000003
0.012386670249999999
0.012388145940000006
0.01238962492
0.012391105139999995
0.012392587870000006
0.012394072410000002
0.012395559579999998
0.012397048400000001
0.012398538940000002
0.01240003201
0.012401526999999999
0.012403024110000004
0.012404523639999993
0.012406024730000003
0.012407527599999999
0.01240903319
0.012410539929999995
0.012412048480000002
0.012413558620000001
0.01241506967
0.012416582300000003
0.012418097849999999
0.012419614060000002
0.012421133009999998
0.012422652820000005
0.012424174430000004
0.012425697199999999
0.012427221650000002
0.0124287474
0.012430275499999999
0.01243180427
0.012433334719999998
0.012434866740000002
0.01243639973
0.012437934050000004
0.012439469430000008
0.012441007530000001
0.012442547629999998
0.012444086629999997
0.01244562896
0.012447171759999997
0.01244871502
0.012450260449999997
0.012451807180000002
0.012453354740000002
0.01245490341
0.012456453879999997
0.012458004410000001
0.012459556440000002
0.012461110180000002
0.012462664899999998
0.01246422037
0.012465777200000002
0.01246733482
0.012468892719999998
0.012470452
0.012472012399999996
0.012473575310000002
0.012475136510000002
0.012476699770000002
0.012478264320000002
0.01247982935
0.012481395149999996
0.012482963279999997
0.012484531149999999
0.012486099849999998
0.012487669560000005
0.012489240430000001
0.01249081005
0.012492382169999998
0.01249395405
0.012495526189999996
0.01249710093
0.012498676339999997
0.012500250519999999
0.01250182773
0.012503403399999996
0.012504979840000001
0.012506558089999998
0.01250813738
0.012509715889999997
0.012511295399999994
0.01251287535
0.012514456220000003
0.012516037120000004
0.012517618769999999
0.012519201759999998
0.012520784129999995
0.012522367210000001
0.01252395128
0.012525535790000007
0.012527119909999997
0.012528706020000002
0.012530290520000001
0.012531875619999997
0.012533462629999999
0.012535049740000005
0.012536637089999999
0.012538224269999999
0.01253981114
0.012541400329999999
0.012542988599999997
0.012544578519999999
0.012546167700000006
0.012547756630000002
0.012549348500000002
0.012550937529999999
0.012552527960000004
0.012554118589999998
0.01255570945
0.01255730082
0.012558892729999998
0.012560485299999997
0.012562077610000002
0.012563670770000004
0.012565262749999997
0.012566854570000003
0.012568446700000003
0.012570040320000002
0.012571633100000004
0.012573226369999994
0.012574821159999996
0.012576413790000001
0.012578008290000003
0.0125796023
0.012581196730000004
0.012582790539999994
0.012584384640000003
0.012585978959999999
0.0125875723
0.01258916751
0.012590761250000002
0.01259235495
0.01259394862
0.01259554347
0.012597137050000005
0.01259873224
0.012600325589999996
0.012601920439999996
0.012603514720000002
0.012605109519999998
0.01260670399
0.012608297319999994
0.012609890779999999
0.012611485490000001
0.012613078729999998
0.012614672010000003
0.012616265309999996
0.01261785938
0.012619452060000001
0.012621046289999998
0.012622640000000004
0.012624233020000002
0.012625825620000001
0.01262741891
0.012629010870000004
0.012630603709999997
0.012632196449999997
0.012633789069999998
0.012635381519999999
0.012636973629999998
0.012638564420000005
0.012640155869999996
0.012641746919999999
0.012643337810000004
0.01264492869
0.012646519100000001
0.012648108770000001
0.012649697969999995
0.012651287300000003
0.012652876530000001
0.01265446563
0.012656053949999998
0.012657642590000002
0.012659231529999999
0.012660820049999997
0.01266240862
0.01266399628
0.012665584619999996
0.012667172109999998
0.01266875926
0.012670347490000003
0.012671933109999999
0.01267351991
0.012675104010000004
0.01267669109
0.012678274839999998
0.01267986101
0.012681445890000002
0.012683029620000001
0.012684614529999997
0.01268619688
0.012687781259999998
0.012689365149999998
0.012690947539999999
0.0126925306
0.012694111830000004
0.01269569258
0.012697274810000003
0.01269885545
0.012700435829999994
0.012702013579999998
0.012703593099999997
0.012705171710000001
0.01270675061
0.012708329250000004
0.01270990756
0.012711485940000003
0.012713061750000006
0.01271463893
0.012716213919999999
0.012717789379999997
0.012719364819999999
0.012720939300000003
0.012722512750000005
0.012724086329999997
0.012725659629999997
0.01272723252
0.012728804400000002
0.01273037711
0.012731948389999996
0.01273351964
0.01273509119
0.012736661140000001
0.01273823063
0.01273980013
0.012741367850000003
0.012742935499999997
0.012744503039999997
0.012746069860000002
0.012747636319999998
0.0127492023
0.012750767510000004
0.012752331380000002
0.01275389587
0.012755458439999999
0.012757021750000002
0.012758584989999999
0.012760147139999995
0.012761708550000002
0.012763270150000004
0.012764830729999994
0.012766389739999997
0.01276794915
0.01276950816
0.012771067430000003
0.012772625230000001
0.012774181890000003
0.012775738470000004
0.012777294630000002
0.01277885065
0.01278040547
0.01278196127
0.012783515199999998
0.01278506864
0.012786621710000001
0.01278817376
0.012789725239999999
0.012791276229999997
0.012792826660000003
0.012794377339999998
0.012795925260000002
0.012797474120000001
0.012799021330000004
0.01280056832
0.012802115259999998
0.01280366168
0.012805206279999997
0.012806750689999997
0.012808294329999999
0.012809837659999997
0.012811380289999999
0.012812921910000004
0.01281446364
0.012816005449999996
