0.1124263409
0.0770019155
0.061463016240000015
0.05197482515999999
0.04586629704000001
0.041282299700000004
0.03778715929999999
0.035074537
0.032931831519999996
0.031210092899999996
0.029802859980000006
0.028632811160000004
0.02764324167999999
0.02679238324
0.026049323960000002
0.025391068300000007
0.0248003983
0.024264303659999986
0.023772864940000003
0.023318453439999994
0.022895143299999993
0.022498280840000006
0.02212418294
0.021769913699999997
0.021433105400000003
0.02111183198
0.020804517680000002
0.020509861139999988
0.020226778080000004
0.019954356200000002
0.01969183187
0.019438544999999995
0.019193928830000005
0.018957499820000005
0.01872882491
0.018507530519999996
0.018293279199999995
0.0180857709
0.017884738609999996
0.017689931450000005
0.01750112402
0.017318108120000005
0.017140688459999998
0.016968684180000002
0.016801927930000002
0.016640253590000008
0.016483513379999995
0.016331557229999998
0.016184250649999996
0.016041455960000006
0.015903047400000005
0.01576890063
0.01563889881
0.015512923279999995
0.01539086591
0.01527261621
0.015158070139999997
0.015047123999999999
0.01493968067
0.014835641840000007
0.01473491538
0.01463740977
0.014543035300000002
0.014451705569999997
0.014363335279999999
0.014277843189999995
0.014195150249999995
0.014115174999999997
0.014037843640000002
0.013963082579999994
0.013890820690000001
0.013820983670000004
0.013753506680000001
0.01368831927
0.013625360060000003
0.013564566449999996
0.013505870369999999
0.013449220239999997
0.013394552439999999
0.013341810220000002
0.013290938000000004
0.0132418849
0.013194595669999998
0.013149020840000001
0.013105108949999998
0.013062811989999996
0.01302208429
0.0129828804
0.012945152659999999
0.012908860539999997
0.012873961520000001
0.012840413870000005
0.012808177430000001
0.012777213989999996
0.012747485349999999
0.01271895595
0.012691588819999999
0.012665348940000001
0.01264020449
0.012616120519999998
0.012593065559999998
0.012571009789999999
0.01254992186
0.012529772810000004
0.012510532639999995
0.01249217536
0.01247467264
0.01245799824
0.012442127300000001
0.012427034560000001
0.012412695310000001
0.012399087839999998
0.012386185509999996
0.012373968869999998
0.01236241457
0.0123515036
0.012341213540000005
0.012331526140000004
0.012322419949999998
0.012313876689999998
0.012305877339999995
0.012298404500000002
0.012291443479999999
0.012284975669999998
0.012278983069999997
0.012273450489999997
0.01226836457
0.01226370709
0.01225946621
0.012255626519999998
0.012252174280000003
0.01224909689
0.01224638078
0.012244013160000004
0.012241982410000001
0.012240277679999998
0.0122388852
0.012237796099999997
0.012236999090000002
0.012236483619999999
0.012236239110000005
0.012236256209999997
0.01223652713
0.012237041240000001
0.01223778936
0.012238764669999999
0.01223995665
0.012241357170000002
0.012242961030000001
0.01224476036
0.01224674576
0.012248911679999998
0.012251252590000004
0.012253761440000002
0.012256428470000002
0.012259253519999999
0.01226222685
0.01226534195
0.012268595299999996
0.01227198173
0.012275496350000003
0.01227913246
0.012282887429999995
0.012286754259999998
0.012290731130000001
0.012294811770000002
0.012298992969999999
0.012303271090000002
0.01230764152
0.01231210058
0.012316644590000002
0.012321270279999998
0.012325974220000003
0.012330753760000004
0.012335605569999998
0.012340525920000001
0.01234551185
0.01235056296
0.012355674620000002
0.012360843710000003
0.012366069550000003
0.012371348859999997
0.012376675779999997
0.012382054310000001
0.012387478179999998
0.012392945330000002
0.012398456500000002
0.012404007250000001
0.01240959647
0.012415223539999997
0.012420884470000003
0.01242657725
0.012432303810000005
0.012438060189999997
0.01244384499
0.012449655039999999
0.01245549177
0.01246135298
0.012467238159999998
0.012473144020000002
0.012479070000000002
0.012485016900000001
0.012490979179999999
0.01249696131
0.012502957609999997
0.0125089697
0.012514995549999998
0.012521035219999999
0.012527085319999997
0.012533147430000002
0.012539220529999999
0.012545303660000002
0.01255139506
0.012557494939999999
0.012563601879999999
0.012569714729999997
0.012575834329999997
0.012581957500000001
0.01258808652
0.012594219219999996
0.012600356090000002
0.012606496180000003
0.012612636430000001
0.012618779239999997
0.012624925650000002
0.012631070189999998
0.012637215100000003
0.01264336029
0.012649504700000001
0.0126556495
0.012661791399999995
0.012667931939999998
0.012674069960000003
0.01268020468
0.01268633737
0.012692465680000002
0.012698591769999998
0.012704712659999997
0.012710830630000001
0.012716941800000001
0.01272304938
0.012729151800000003
0.012735248749999997
0.012741338970000005
0.012747424680000006
0.012753503190000001
0.012759575260000005
0.012765639729999998
0.012771698869999994
0.012777750389999998
0.012783794730000003
0.01278983103
0.012795859599999999
0.012801881119999999
0.012807894739999999
0.01281389857
0.012819894890000003
0.012825882630000002
0.0128318629
0.012837832390000001
0.012843793210000001
0.012849746100000002
0.01285568885
0.01286162339
0.012867547570000004
0.0128734619
0.012879366530000002
0.012885261810000001
0.012891146159999999
0.012897022210000003
0.01290288769
0.012908743019999997
0.012914587030000002
0.01292042069
0.012926244979999996
0.01293205851
0.012937860070000003
0.012943651609999997
0.012949432740000004
0.012955203519999996
0.012960961510000004
0.012966711530000003
0.01297244874
0.012978174969999999
0.012983890269999998
0.012989593810000002
0.012995288120000004
0.013000968160000004
0.01300663965
0.013012297579999998
0.01301794572
0.01302358198
0.013029206599999996
0.01303482029
0.013040423159999997
0.013046012719999998
0.013051591019999996
0.0130571579
0.01306271201
0.013068256289999998
0.01307378839
0.01307930818
0.013084817739999999
0.013090314259999996
0.01309579934
0.013101271810000006
0.013106734009999996
0.013112183039999998
0.013117620630000007
0.013123047140000002
0.013128461480000003
0.013133862920000001
0.013139253600000001
0.013144631600000001
0.01314999806
0.013155352899999999
0.013160695799999997
0.013166025509999998
0.01317134482
0.01317665093
0.013181947480000001
0.013187230030000005
0.013192501160000002
0.013197761559999997
0.01320300842
0.013208244449999997
0.013213467419999998
0.013218678099999992
0.01322387763
0.013229065419999998
0.01323424104
0.013239405830000002
0.013244559120000004
0.013249698900000004
0.013254826800000001
0.013259943939999998
0.013265048460000007
0.013270141779999996
0.013275223570000005
0.013280293619999996
0.013285350969999997
0.013290397249999999
0.013295431140000001
0.013300453239999996
0.013305465090000001
0.013310462810000003
0.013315449899999998
0.01332042491
0.013325388619999996
0.013330339909999999
0.013335280949999999
0.013340208119999999
0.013345124620000003
0.013350030949999996
0.013354925529999997
0.013359807100000003
0.013364678780000002
0.013369537990000003
0.01337438593
0.013379221190000002
0.01338404579
0.013388859209999998
0.01339366048
0.013398450899999999
0.01340322956
0.013407997430000002
0.013412753470000005
0.013417498379999995
0.013422231369999997
0.013426953930000003
0.01343166396
0.013436363520000003
0.013441052079999998
0.013445727740000002
0.013450394250000004
0.013455048180000005
0.01345969127
0.013464323420000004
0.01346894497
0.013473555639999997
0.01347815374
0.013482740859999995
0.01348731801
0.013491882940000002
0.013496437039999993
0.013500980190000003
0.013505512879999999
0.01351003375
0.013514544629999996
0.013519044619999997
0.01352353269
0.01352801213
0.01353247995
0.013536936610000005
0.013541382379999998
0.013545817609999995
0.013550242280000003
0.013554655179999995
0.01355905767
0.01356345121
0.013567832669999997
0.013572203729999996
0.013576562719999996
0.01358091351
0.013585252840000004
0.013589581419999998
0.013593899569999998
0.01359820764
0.013602504770000003
0.01360679194
0.013611068720000001
0.013615335540000004
0.013619592330000003
0.013623836620000003
0.013628072199999997
0.013632296360000004
0.013636512170000002
0.0136407171
0.01364491238
0.013649096989999996
0.013653271279999997
0.013657434379999998
0.013661590399999994
0.013665733370000002
0.013669866500000002
0.013673991169999993
0.013678104200000006
0.013682208829999997
0.013686301519999998
0.013690386300000001
0.013694460619999994
0.013698526630000001
0.0137025817
0.013706625569999997
0.013710660110000003
0.013714686320000002
0.013718702379999996
0.013722707909999998
0.013726704329999999
0.01373069109
0.013734667990000003
0.013738635140000002
0.013742593670000003
0.013746541849999995
0.013750481579999998
0.013754412059999993
0.01375833075
0.01376224083
0.013766141810000007
0.01377003303
0.013773915439999998
0.013777788529999996
0.013781652290000002
0.01378550645
0.013789351390000005
0.013793186629999999
0.013797013120000002
0.013800830100000001
0.013804638220000004
0.013808437829999999
0.013812227610000003
0.0138160078
0.013819780110000002
0.013823544339999995
0.013827297709999999
0.013831041919999999
0.013834778159999998
0.013838505209999998
0.013842222679999999
0.013845931349999993
0.013849631999999999
0.013853324229999997
0.0138570061
0.013860679269999999
0.01386434561
0.01386800123
0.013871647870000005
0.013875287359999997
0.013878916490000006
0.01388253941
0.01388615142
0.013889755989999997
0.013893351849999996
0.013896938810000002
0.013900517190000003
0.013904087129999998
0.01390764939
0.01391120241
0.013914746160000002
0.013918283609999997
0.013921812259999998
0.013925331029999998
0.013928843109999995
0.013932346790000001
0.013935841509999998
0.013939327480000003
0.013942805680000003
0.01394627603
0.013949737229999997
0.013953190750000002
0.01395663585
0.013960074229999998
0.013963502699999998
0.01396692306
0.013970336479999998
0.01397374113
0.01397713916
0.01398052785
0.013983908070000002
0.013987281700000005
0.013990646750000002
0.013994003650000001
0.013997353130000003
0.014000694650000001
0.014004027119999998
0.01400735393
0.014010671879999999
0.014013982560000002
0.014017285929999998
0.014020580149999993
0.014023867770000005
0.0140271471
0.014030418440000001
0.014033683829999997
0.014036941010000003
0.014040189380000002
0.01404343059
0.014046665299999999
0.01404989162
0.0140531108
0.014056322860000001
0.014059526939999997
0.01406272261
0.014065911450000003
0.014069093080000001
0.014072268540000002
0.014075435840000004
0.01407859461
0.014081746530000001
0.014084891849999996
0.014088029279999999
0.014091160589999999
0.014094283690000004
0.014097399679999997
0.014100508580000002
0.014103610170000001
0.014106705129999998
0.014109793119999993
0.014112873929999999
0.014115947629999999
0.014119012850000003
0.014122073850000002
0.014125125719999998
0.014128170329999998
0.014131209269999995
0.014134238700000003
0.014137264230000002
0.014140282230000002
0.01414329296
0.014146296329999997
0.014149293439999999
0.014152283429999999
0.014155266050000004
0.014158243179999998
0.014161211699999995
0.014164175070000002
0.01416713074
0.014170080759999997
0.014173022610000008
0.014175958729999999
0.014178887460000001
0.014181810910000002
0.01418472726
0.014187636020000003
0.014190539260000001
0.014193435569999994
0.014196325850000002
0.01419920951
0.014202086110000001
0.014204956139999997
0.01420781899
0.01421067692
0.014213529039999995
0.014216371199999998
0.0142192098
0.014222041420000003
0.01422486739
0.014227687280000003
0.014230499919999997
0.014233306840000001
0.01423610566
0.014238898899999998
0.014241687259999998
0.014244467639999998
0.014247241929999994
0.014250011400000005
0.014252773559999998
0.014255530440000002
0.01425828136
0.014261026100000003
0.014263763959999998
0.014266494580000002
0.014269221360000004
0.01427194078
0.014274655829999993
0.014277363479999996
0.014280063759999996
0.01428276066
0.014285449669999999
0.014288133819999998
0.014290810810000004
0.014293482710000003
0.014296148070000006
0.01429880843
0.01430146368
0.014304112130000001
0.014306754630000005
0.014309390989999997
0.01431202131
0.014314646809999996
0.014317266200000001
0.014319880029999999
0.014322487599999998
0.01432509025
0.014327685580000003
0.014330276259999997
0.014332861459999999
0.014335439849999996
0.014338014489999995
0.0143405829
0.014343144459999999
0.014345702029999994
0.014348252229999999
0.014350797979999996
0.014353338180000003
0.01435587374
0.014358403369999996
0.014360927029999995
0.014363443420000002
0.014365956289999999
0.014368464749999999
0.014370967469999997
0.014373464249999992
0.014375954529999999
0.014378439989999998
0.014380921550000002
0.014383394080000006
0.014385863840000002
0.01438832848
0.014390786709999999
0.014393240569999997
0.014395688359999999
0.014398131480000005
0.01440056889
0.014402999859999996
0.014405426360000004
0.014407847700000006
0.014410264450000002
0.014412675929999999
0.014415081019999998
0.014417482029999998
0.014419877510000002
0.014422268870000001
0.014424654140000001
0.014427033200000002
0.01442940935
0.014431779440000006
0.014434145000000002
0.014436504619999999
0.014438859579999998
0.014441211600000003
0.01444355693
0.014445896839999996
0.014448230880000003
0.01445056141
0.014452886060000005
0.01445520685
0.014457522579999995
0.014459833430000003
0.01446213821
0.014464438150000003
0.014466734279999996
0.014469025459999998
0.014471312130000002
0.01447359313
0.014475868599999999
0.014478141190000005
0.014480407970000003
0.01448266983
0.014484927119999998
0.014487179479999992
0.0144894275
0.014491669120000003
0.014493906929999996
0.014496140830000002
0.0144983697
0.01450059463
0.01450281353
0.014505028879999998
0.014507238450000001
0.01450944365
0.014511645120000003
0.01451384162
0.014516032540000003
0.014518220520000005
0.014520402689999996
0.014522580839999999
0.014524754370000002
0.014526923120000002
0.01452908755
0.014531246289999997
0.014533403179999994
0.014535554140000002
0.014537700720000005
0.014539843240000001
0.014541981140000004
0.014544112940000003
0.014546241740000004
0.014548366299999995
0.014550486330000001
0.014552601349999998
0.01455471293
0.014556820830000004
0.014558922970000006
0.014561021929999998
0.01456311573
0.014565205749999999
0.01456729020000001
0.014569370069999999
0.01457144781
0.014573520710000003
0.014575587799999996
0.014577652690000003
0.014579712009999999
0.014581766470000002
0.014583818189999995
0.014585866089999996
0.0145879076
0.01458994602999999
0.014591981180000001
0.014594010880000003
0.01459603665
0.01459805713
0.014600075770000004
0.014602090580000003
0.01460409943
0.01460610415
0.014608105440000001
0.014610103600000002
0.014612097639999998
0.014614086589999995
0.014616071349999997
0.014618051760000002
0.014620029900000005
0.014622003129999997
0.014623971549999998
0.014625937509999997
0.01462789796
0.014629855310000004
0.014631808679999999
0.014633757859999999
0.014635703439999996
0.014637645390000002
0.014639582680000002
0.01464151606
0.01464344577
0.01464537191
0.014647294239999999
0.014649211949999996
0.014651127439999998
0.014653037380000004
0.014654944279999997
0.014656847889999996
0.01465874632
0.014660641730000003
0.014662532859999997
0.014664420640000002
0.014666304320000005
0.014668184489999998
0.014670061080000001
0.014671933740000002
0.014673802179999999
0.014675667699999999
0.014677530150000001
0.014679389029999997
0.014681242219999996
0.014683092600000001
0.01468493971
0.01468678209
0.014688621130000001
0.014690456600000002
0.014692289180000005
0.01469411742
0.014695940639999995
0.01469776257
0.014699580969999997
0.014701395179999998
0.014703206230000002
0.014705013750000004
0.014706816780000005
0.014708615259999997
0.01471041171
0.014712203939999996
0.014713993549999993
0.0147157793
0.014717561310000007
0.014719340309999997
0.014721114519999998
0.014722885820000002
0.014724653590000003
0.014726420339999999
0.014728181659999997
0.014729939890000003
0.01473169525
0.014733445609999996
0.014735192719999997
0.014736938449999994
0.014738679040000001
0.014740418239999999
0.01474215172
0.01474388283
0.014745610700000002
0.014747335100000005
0.014749056780000002
0.014750773370000005
0.01475248724
0.01475419893
0.014755904640000001
0.01475760943
0.014759310800000005
0.014761007929999998
0.014762702290000002
0.014764392620000002
0.014766081920000002
0.014767764639999993
0.014769447069999997
0.014771124039999995
0.014772799649999996
0.014774471499999995
0.014776139550000001
0.014777804750000002
0.014779467560000002
0.014781126350000002
0.01478278245
0.014784435430000003
0.01478608333
0.014787731299999995
0.014789374070000002
0.014791013099999995
0.014792650680000002
0.014794283019999998
0.01479591373
0.014797541470000002
0.014799165950000002
0.01480078696
0.014802404610000002
0.014804019889999997
0.014805631140000003
0.014807240680000005
0.014808846700000005
0.014810449390000003
0.014812049170000003
0.014813646480000003
0.014815240069999996
0.014816831089999998
0.014818418489999994
0.01482000308
0.014821585960000005
0.014823164219999997
0.014824739349999998
0.014826312639999999
0.01482788292
0.014829448469999998
0.01483101331
0.014832573410000003
0.014834131270000004
0.014835686
0.014837238709999995
0.014838788599999996
0.01484033333
0.014841878310000006
0.014843419190000002
0.014844957219999996
0.014846491609999998
0.01484802272
0.014849552819999999
0.014851079460000003
0.014852604030000001
0.01485412305
0.014855642090000003
0.014857157330000002
0.014858669849999995
0.01486017875
0.014861686159999998
0.014863188369999995
0.014864690230000003
0.014866187959999997
0.014867681919999997
0.01486917474
0.014870664469999996
0.014872151040000002
0.014873635179999994
0.014875117269999998
0.014876596910000001
0.014878072860000003
0.014879545430000004
0.014881016200000001
0.014882484679999999
0.014883949629999997
0.014885411710000001
0.014886871709999997
0.014888329740000001
0.014889785029999998
0.01489123711
0.01489268697
0.01489413115
0.014895577079999998
0.01489701771
0.014898455130000004
0.01489989035
0.014901324729999998
0.014902756390000004
0.01490418567
0.014905611580000007
0.014907033270000002
0.014908454330000005
0.014909871350000003
0.014911286690000003
0.014912699259999997
0.014914109199999992
0.01491551692
0.014916921840000003
0.014918323729999995
0.014919724969999998
0.014921120890000002
0.01492251641
0.014923907860000004
0.014925298049999994
0.014926684470000002
0.014928070329999998
0.014929453160000002
0.01493083268
0.01493220992
0.014933584659999997
0.014934957559999995
0.014936327470000003
0.014937693929999997
0.014939059560000002
0.01494042009
0.014941781430000002
0.014943138720000002
0.014944495320000003
0.014945847189999997
0.01494719666
0.014948544960000002
0.014949889369999999
0.014951233159999997
0.014952574199999999
0.014953913140000004
0.014955249989999999
0.014956583230000002
0.014957915149999996
0.014959243760000003
0.014960569559999996
0.014961894090000004
0.014963217170000003
0.014964535429999998
0.014965853720000007
0.014967168740000002
0.01496848102
0.01496978982
0.01497109903
0.014972404730000001
0.014973706860000002
0.014975007859999999
0.014976304949999996
0.014977601560000005
0.01497889493
0.014980186389999997
0.014981475900000003
0.01498276217000001
0.014984046640000002
0.014985329359999997
0.014986609940000001
0.014987887459999998
0.01498916304
0.014990435739999999
0.014991707530000004
0.014992976820000002
0.014994243320000003
0.014995508430000002
0.01499676993
0.01499802965
0.014999286669999994
0.015000541860000001
0.015001795660000001
0.015003046879999999
0.01500429451
0.015005542299999997
0.015006786779999996
0.015008031020000001
