0.10429281492000002
0.08341636379999999
0.07126911842
0.06439245658
0.059752503599999986
0.05585002211999999
0.05238236445999998
0.04928131242000001
0.04651208917999998
0.04404430212
0.041848716759999995
0.039897218920000005
0.03816312222
0.03662146734
0.03524926537999999
0.03402566860000001
0.032931980140000004
0.031951624219999995
0.031070034939999998
0.03027448058
0.029553904839999996
0.028898730980000006
0.02830068734
0.027752639979999993
0.027248435520000006
0.0267827657
0.026351055560000006
0.025949348320000003
0.025574219300000003
0.025222707160000003
0.02489223262
0.024580561479999995
0.024285740760000007
0.02400606194
0.02374003416
0.023486347959999997
0.023243853320000004
0.023011535520000004
0.022788496180000006
0.02257394638
0.02236717974
0.0221675754
0.021974575379999996
0.02178768436
0.021606458940000003
0.021430503240000003
0.021259463
0.021093013940000006
0.020930869899999992
0.020772775139999998
0.020618489559999998
0.020467800100000003
0.0203205204
0.020176468520000004
0.020035491319999998
0.019897438179999994
0.01976218076
0.019629599379999994
0.01949957561
0.019372017059999996
0.01924682238
0.019123910459999997
0.019003199119999998
0.01888461691
0.018768094120000002
0.01865356791
0.018540978980000004
0.01843027508
0.018321405020000004
0.018214320219999997
0.018108975240000002
0.018005329569999996
0.01790334132
0.017802979070000006
0.017704202609999994
0.017606979430000003
0.017511281139999998
0.01741707618
0.01732433543
0.017233035659999996
0.0171431451
0.017054644579999997
0.01696750812
0.016881710210000008
0.016797233819999997
0.01671405626
0.01663215606
0.016551516259999996
0.01647211283
0.01639393278
0.016316955390000002
0.016241162620000006
0.01616654025
0.016093070649999996
0.01602073554
0.01594952362
0.01587941398
0.01581039483
0.01574245123
0.015675567630000005
0.015609730480000004
0.015544926470000003
0.01548113944
0.01541835748
0.015356567870000002
0.015295754480000005
0.01523590853
0.01517701411
0.01511905885
0.015062033350000004
0.015005923130000003
0.014950715340000005
0.01489639866
0.014842963090000003
0.01479039402
0.014738682250000001
0.014687815370000001
0.014637782399999999
0.014588571860000003
0.014540173500000001
0.014492576210000004
0.01444576916
0.014399741270000002
0.01435448344
0.01430998534
0.014266233420000001
0.014223220589999998
0.01418093667
0.014139373070000003
0.014098516569999995
0.014058360160000003
0.014018894570000004
0.013980107669999997
0.01394199305
0.013904540059999996
0.013867739579999993
0.013831583000000003
0.013796063420000004
0.013761166420000004
0.013726887689999998
0.013693218909999997
0.013660149710000003
0.013627673620000003
0.013595781540000004
0.013564464569999997
0.01353371576
0.013503526540000001
0.013473887379999999
0.013444793779999999
0.013416234629999997
0.013388205499999998
0.01336069894
0.01333370225
0.01330721226
0.013281222130000006
0.013255723969999997
0.013230711849999998
0.013206175640000005
0.013182111309999996
0.013158510410000001
0.013135365709999996
0.0131126713
0.013090421490000004
0.013068608880000006
0.01304722779
0.01302626919
0.013005730830000001
0.012985605
0.012965884060000002
0.01294656408
0.012927637520000005
0.012909099439999999
0.012890942150000004
0.012873162729999998
0.012855753439999998
0.012838706149999999
0.012822021779999996
0.012805689829999998
0.01278970699
0.012774066480000002
0.012758765830000001
0.012743797990000003
0.012729155809999997
0.012714837439999998
0.012700833759999999
0.012687143830000004
0.012673761539999997
0.01266068224
0.012647899199999996
0.012635410389999999
0.012623209590000007
0.012611293719999996
0.012599656349999997
0.012588294030000004
0.012577201459999994
0.012566374390000006
0.012555809519999999
0.012545503330000003
0.012535448620000002
0.012525643120000002
0.01251608276
0.01250676361
0.012497681530000002
0.012488833040000001
0.012480213310000002
0.012471818579999999
0.012463645169999997
0.012455690580000001
0.012447949179999999
0.01244042163
0.012433099039999996
0.012425980249999998
0.012419061229999999
0.012412340799999998
0.01240581182
0.012399474169999997
0.012393320679999997
0.012387354179999997
0.012381566689999998
0.01237595714
0.012370522010000004
0.012365259249999998
0.012360163110000003
0.012355232179999995
0.012350464099999996
0.012345856290000002
0.012341405200000002
0.012337106910000005
0.012332961810000001
0.012328964740000004
0.012325112359999996
0.012321405360000003
0.012317837299999999
0.01231441004
0.01231111752
0.012307957680000004
0.01230492895
0.012302029759999994
0.012299256179999997
0.01229660756
0.012294080090000001
0.01229167255
0.012289381419999999
0.012287206240000001
0.012285144560000003
0.012283194070000001
0.012281353799999999
0.012279618740000003
0.012277990609999997
0.012276465179999998
0.012275040260000003
0.01227371565
0.012272487930000003
0.012271354330000001
0.01227031566
0.012269368790000006
0.012268513300000004
0.012267746579999999
0.012267067250000001
0.012266473339999999
0.012265963700000002
0.012265536890000006
0.012265189310000004
0.012264920790000002
0.012264730559999994
0.012264617170000002
0.012264577129999999
0.012264610839999997
0.012264715360000001
0.01226489102
0.012265136379999994
0.012265449050000002
0.01226582834
0.012266272830000003
0.012266780900000001
0.012267353409999997
0.012267985869999998
0.012268679570000001
0.012269431050000001
0.01227023973
0.01227110678
0.012272028610000003
0.012273005059999995
0.012274035759999998
0.012275118909999999
0.01227625376
0.012277439689999997
0.012278674280000002
0.01227995672
0.01228128604
0.012282662429999997
0.01228408353
0.012285549889999995
0.012287058260000006
0.012288611180000004
0.012290206240000004
0.012291843150000002
0.012293519489999998
0.012295235559999998
0.012296989869999999
0.012298782119999997
0.012300611239999997
0.012302476740000002
0.01230437734
0.01230631242
0.012308281809999997
0.012310285760000001
0.012312321370000004
0.012314390469999997
0.012316489739999997
0.012318619159999997
0.01232077932
0.012322969860000001
0.012325186860000004
0.012327433790000002
0.012329707730000002
0.012332008229999998
0.012334336259999997
0.01233669018
0.012339068109999997
0.01234147035
0.01234389816
0.012346348249999996
0.01234882201
0.012351317480000006
0.012353835019999999
0.01235637592
0.012358936899999999
0.01236151792000001
0.012364120360000003
0.012366740960000004
0.012369382240000002
0.01237204194
0.012374719539999999
0.012377415029999997
0.01238012924
0.012382859849999999
0.012385607050000002
0.012388370979999999
0.012391150409999996
0.012393947189999999
0.012396757680000004
0.0123995832
0.012402423690000003
0.012405276829999999
0.01240814608
0.01241102817
0.012413923290000002
0.012416830069999997
0.012419751280000002
0.012422684499999998
0.012425628659999998
0.012428583699999997
0.012431551039999999
0.012434527800000001
0.012437516549999996
0.012440516769999998
0.012443526690000005
0.01244654596
0.01244957445
0.012452613970000002
0.01245566284
0.01245871792
0.012461783240000003
0.012464858170000002
0.012467940280000001
0.012471029859999998
0.012474127239999999
0.012477232870000004
0.012480344459999999
0.01248346247
0.012486588769999996
0.012489721209999997
0.012492860019999998
0.012496005900000001
0.012499156709999997
0.012502314749999997
0.012505476639999999
0.01250864449
0.012511819770000002
0.012514999500000004
0.012518183170000004
0.012521371140000001
0.0125245647
0.012527761709999998
0.012530963899999999
0.012534169579999999
0.01253738019
0.012540595469999995
0.012543812869999997
0.012547032909999999
0.012550259119999997
0.012553488009999997
0.012556718369999997
0.012559954330000001
0.012563191230000001
0.012566429960000004
0.012569672460000004
0.012572916350000003
0.012576162960000001
0.012579412819999998
0.012582663699999998
0.01258591715
0.012589172739999998
0.012592430870000004
0.012595690020000005
0.012598950339999996
0.012602212040000003
0.012605475920000003
0.012608740900000004
0.012612007739999993
0.01261527468
0.012618542610000004
0.012621812490000004
0.012625082100000004
0.012628351539999997
0.01263162307
0.012634895459999997
0.012638167040000002
0.012641439980000002
0.012644712750000004
0.012647985550000001
0.012651258760000008
0.01265453131
0.01265780588
0.012661078799999998
0.01266435129
0.012667623909999998
0.012670896850000002
0.012674168619999999
0.012677440589999998
0.012680711540000002
0.012683982179999997
0.01268725238
0.012690520330000002
0.012693788140000002
0.012697057069999997
0.012700323620000002
0.012703588899999996
0.012706854130000006
0.012710117930000002
0.012713380340000002
0.012716642510000003
0.012719902820000002
0.012723161649999998
0.012726420520000004
0.012729678500000001
0.012732934119999999
0.01273618747
0.012739440120000002
0.012742690729999997
0.012745940709999999
0.012749189400000001
0.012752435959999999
0.012755681200000006
0.012758924219999999
0.012762164020000001
0.012765404119999999
0.012768642690000004
0.01277187772
0.012775111560000003
0.01277834145
0.012781570979999999
0.012784799070000002
0.012788024720000003
0.012791248660000002
0.012794471220000003
0.012797689749999999
0.01280090619
0.012804121419999996
0.012807334279999997
0.012810545500000001
0.01281375296
0.01281695944
0.01282016297
0.012823364450000001
0.012826564049999996
0.012829760489999998
0.012832954629999999
0.01283614627
0.012839334219999998
0.01284251996
0.012845705039999997
0.012848886220000001
0.012852065530000002
0.012855241219999997
0.01285841563
0.012861587059999997
0.01286475468
0.012867919439999995
0.012871083259999996
0.012874243
0.012877398669999993
0.012880552640000001
0.012883704589999998
0.012886853209999995
0.01288999995
0.012893143599999999
0.01289628417
0.012899422199999996
0.012902556510000001
0.012905688129999999
0.012908816760000002
0.012911943629999999
0.01291506824
0.012918187779999996
0.01292130529
0.012924420399999999
0.012927531539999997
0.012930639900000006
0.012933745379999997
0.012936847710000001
0.012939946880000006
0.012943042619999998
0.012946136659999996
0.012949227250000002
0.01295231431
0.01295539706
0.012958478499999997
0.01296155687
0.01296463083
0.012967702060000004
0.01297077068
0.012973836239999998
0.012976897339999998
0.012979956249999997
0.012983011809999999
0.012986062959999998
0.01298911391
0.012992159270000001
0.012995203850000001
0.012998243469999999
0.013001278930000004
0.013004312369999998
0.01300734326
0.013010369919999997
0.01301339434
0.013016414019999999
0.013019431419999998
0.013022444939999999
0.013025457340000005
0.013028464610000005
0.013031467410000002
0.013034468810000002
0.01303746635
0.013040459409999993
0.01304345083
0.013046437370000002
0.013049423189999998
0.01305240319
0.013055381580000002
0.013058355890000001
0.013061327679999995
0.013064294449999998
0.013067258989999997
0.013070219799999998
0.01307317684
0.013076131029999999
0.013079081559999999
0.013082030070000004
0.013084974480000004
0.013087916800000004
0.013090854089999998
0.01309378862
0.013096718910000001
0.013099647390000002
0.013102571329999996
0.013105492420000002
0.013108410620000002
0.013111324950000001
0.013114234610000003
0.013117142150000006
0.01312004693
0.013122946839999997
0.013125844389999999
0.013128739150000004
0.013131629630000006
0.01313451731
0.013137401699999995
0.013140281799999997
0.013143160150000001
0.01314603323
0.01314890415
0.013151771039999998
0.013154633699999998
0.01315749421
0.013160351340000003
0.013163203949999997
0.013166054989999999
0.013168902129999998
0.013171745450000001
0.01317458682
0.013177423749999995
0.013180257010000003
0.013183085990000001
0.013185912589999998
0.013188735380000004
0.01319155558
0.01319437245
0.01319718516
0.013199994920000003
0.013202801380000004
0.013205603869999997
0.01320840308
0.013211199410000006
0.0132139918
0.013216779980000004
0.013219565619999995
0.013222348200000004
0.0132251266
0.013227901770000002
0.013230674090000005
0.013233444230000002
0.013236210029999997
0.013238971960000002
0.013241730419999995
0.01324448619
0.01324723813
0.013249988080000004
0.01325273403
0.013255476269999997
0.013258215169999999
0.01326095082
0.013263682800000008
0.013266411779999997
0.013269138529999997
0.013271860360000004
0.013274579600000003
0.013277294079999996
0.013280006
0.013282714819999996
0.013285419570000002
0.013288123220000005
0.013290820570000007
0.013293516589999997
0.01329620939
0.013298898460000003
0.013301582710000004
0.01330426464
0.0133069434
0.01330961827
0.013312290390000004
0.013314959039999998
0.01331762468
0.013320287490000002
0.01332294556
0.013325601969999998
0.013328255050000001
0.013330903659999997
0.013333549519999996
0.013336191599999998
0.013338831640000002
0.013341465529999996
0.01334409882
0.01334672799
0.013349353549999998
0.013351975419999997
0.013354595339999999
0.013357211420000004
0.013359825379999997
0.0133624352
0.01336504214
0.013367644259999995
0.013370245240000005
0.013372841729999996
0.013375435429999995
0.013378026660000007
0.013380614170000001
0.01338319768
0.013385777780000002
0.01338835524
0.013390929219999998
0.01339349961
0.013396067480000001
0.01339863215
0.013401194370000001
0.013403751069999996
0.013406306739999995
0.013408858870000009
0.013411406940000002
0.013413953280000007
0.013416495250000002
0.013419033429999994
0.013421569100000004
0.01342410152
0.013426629750000004
0.013429155699999994
0.01343167933
0.013434199380000003
0.01343671582
0.013439228289999999
0.013441738630000002
0.013444244999999999
0.01344674895
0.01344924997
0.01345174807
0.013454242610000002
0.01345673466
0.01345922183
0.013461706259999994
0.013464188889999996
0.013466667630000002
0.013469143590000001
0.013471615230000001
0.013474085039999998
0.013476550749999998
0.013479013640000004
0.01348147332
0.013483930819999998
0.013486384049999998
0.013488834370000001
0.013491281359999998
0.013493725569999998
0.013496165789999999
0.013498603869999999
0.013501038440000002
0.013503470909999999
0.013505899440000002
0.01350832641
0.013510749419999999
0.01351316872
0.013515584950000003
0.013517998920000003
0.013520408739999996
0.013522815500000002
0.013525219519999996
0.013527620680000001
0.01353001953
0.013532415599999997
0.013534807279999997
0.013537196589999998
0.01353958275
0.013541966140000002
0.013544347340000002
0.013546724749999996
0.013549098840000003
0.013551470830000006
0.013553839200000002
0.01355620288
0.013558565879999998
0.01356092546
0.013563280540000002
0.013565634960000003
0.013567984669999998
0.013570332580000004
0.013572677180000006
0.013575018250000005
0.0135773559
0.013579691450000004
0.013582023099999998
0.013584352309999999
0.013586679279999996
0.013589003370000005
0.01359132449
0.013593641180000003
0.013595956860000001
0.013598268969999999
0.013600577699999998
0.013602883739999993
0.01360518563
0.013607485349999995
0.01360978305
0.013612077239999998
0.013614368860000002
0.013616657819999997
0.013618942459999998
0.013621225100000002
0.01362350566
0.01362578294
0.013628056739999998
0.013630328049999998
0.013632596129999999
0.013634861659999995
0.013637124559999998
0.013639384059999999
0.013641640220000003
0.013643894210000002
0.013646144970000003
0.013648393350000003
0.01365063936
0.013652882009999999
0.01365512155
0.013657357729999996
0.013659591400000004
0.013661823509999999
0.013664051760000002
0.013666276700000004
0.013668499430000002
0.013670719219999999
0.01367293625
0.013675150340000004
0.013677361140000002
0.01367957066
0.013681776059999998
0.013683978469999998
0.013686179070000004
0.013688375510000003
0.013690570219999998
0.01369276256
0.013694951799999997
0.013697137639999999
0.01369932151
0.013701503710000007
0.013703681519999997
0.013705857169999997
0.013708030069999997
0.013710201029999997
0.013712368199999997
0.01371453373
0.01371669498
0.01371885398
0.01372100981
0.013723164179999995
0.013725314660000001
0.013727462649999998
0.013729608790000005
0.01373175102
0.013733890580000001
0.013736028229999996
0.013738162549999999
0.013740295019999998
0.013742423239999997
0.013744549889999996
0.013746673030000003
0.013748794169999998
0.013750912849999995
0.013753026859999996
0.013755139890000004
0.013757249899999997
0.01375935862
0.013761465050000001
0.013763567490000003
0.013765667800000003
0.013767763749999995
0.013769857809999998
0.01377194928
0.013774038979999997
0.01377612625
0.013778210360000005
0.01378029198
0.013782369909999998
0.01378444574
0.013786519590000004
0.01378859107
0.01379065986
0.013792726020000005
0.01379478932
0.013796850180000004
0.013798907529999998
0.01380096198
0.013803014680000001
0.013805063949999996
0.013807111520000004
0.01380915758
0.01381120068
0.01381324082
0.01381527681
0.013817310460000004
0.013819342929999999
0.013821372869999998
0.013823399520000007
0.013825423810000004
0.013827445890000001
0.013829465069999998
0.013831482600000005
0.01383349684
0.013835509320000001
0.013837518200000001
0.013839524949999998
0.013841529319999999
0.013843532480000002
0.01384553065
0.013847527559999996
0.013849521829999996
0.013851513479999997
0.013853503259999995
0.013855490169999998
0.013857474759999999
0.01385945593
0.013861434629999995
0.013863413100000001
0.01386538712
0.013867360440000002
0.013869328560000003
0.013871295900000002
0.01387326034
0.013875222119999999
0.013877181950000001
0.013879139290000002
0.01388109478
0.013883047260000001
0.013884996929999999
0.013886944209999998
0.01388888978
0.013890832079999997
0.013892772560000002
0.013894711309999998
0.01389664687
0.013898578640000003
0.01390050981
0.013902438610000003
0.013904364609999997
0.013906287020000001
0.013908208690000003
0.01391012671
0.013912044380000002
0.013913958730000002
0.013915870629999999
0.013917779579999998
0.013919686279999994
0.013921589629999998
0.013923491780000005
0.013925390559999997
0.013927287809999998
0.013929181730000002
0.013931074990000004
0.013932964129999996
0.013934852640000005
0.013936737590000001
0.013938621759999999
0.01394050222
0.013942380270000004
0.013944256120000003
0.013946129599999997
0.013948001849999996
0.013949872040000002
0.013951739010000004
0.013953603449999998
0.013955466790000003
0.013957326700000001
0.01395918432
0.013961039220000002
0.013962892170000001
0.013964742170000004
0.01396659114
0.013968436769999999
0.013970280440000003
0.013972122260000004
0.013973960829999998
0.013975799999999997
0.013977633729999994
0.013979466910000002
0.013981296359999998
0.013983123570000007
0.013984948879999999
0.01398677243
0.013988593680000001
0.013990412189999997
0.01399222959
0.01399404375
0.013995855359999998
0.013997664519999994
0.013999472360000003
0.014001278119999993
0.01400308111
0.01400488326
0.014006681279999999
0.014008478900000001
0.014010273769999996
0.014012066550000006
0.014013856849999999
0.014015645889999997
0.014017430699999998
0.014019215049999995
0.01402099713
0.014022776529999998
0.014024552249999997
0.014026327460000002
0.014028098659999998
0.014029869359999997
0.014031638409999998
0.01403340452
0.014035168279999996
0.014036930029999997
0.01403868987
0.014040447280000003
0.014042202440000002
0.014043956309999996
0.01404570828
0.01404745708
0.014049204219999998
0.014050949559999996
0.014052692670000004
0.01405443172
0.014056169589999999
0.014057906639999998
0.014059641099999996
0.014061372300000001
0.014063101600000006
0.014064830289999998
0.014066555339999995
0.01406827704
0.01406999868
0.014071718099999995
0.014073435750000004
0.014075150860000003
0.014076863969999999
0.014078575309999999
0.014080284229999995
0.014081991410000001
0.014083695070000003
