0.09533211958000001
0.08317247493999998
0.07584448794
0.07131085008000002
0.06807011310000001
0.06537741709999999
0.06294006488000001
0.06064644917999999
0.05845403096000001
0.056347324020000006
0.05432163019999999
0.052376549659999994
0.05051331448000001
0.04873356068000002
0.04703879038
0.04543005276
0.04390777459999998
0.042471731119999995
0.04112096918000001
0.03985386616
0.03866815004000002
0.03756096691999999
0.036528967900000014
0.03556839013999999
0.03467519511999999
0.033845129859999996
0.0330738826
0.03235713929999999
0.03169068532000001
0.031070448
0.030492563260000008
0.029953390800000004
0.02944953946
0.028977879760000002
0.02853552298
0.028119834740000002
0.027728415300000003
0.027359082139999994
0.027009859019999992
0.026678959480000007
0.02636476766
0.02606583012
0.02578083216
0.025508591939999995
0.025248039960000006
0.024998217499999992
0.024758253659999997
0.02452737092
0.024304856859999995
0.024090076599999996
0.023882455559999995
0.023681468600000012
0.02348664546
0.023297554739999997
0.023113814179999997
0.02293506892000001
0.022760997959999994
0.022591310620000003
0.022425744899999996
0.022264059040000003
0.02210602828
0.021951456699999997
0.021800158340000007
0.02165196396000001
0.021506722419999992
0.021364291079999997
0.021224539279999993
0.021087348619999998
0.02095261236
0.020820227519999998
0.020690099639999994
0.020562146599999997
0.020436284760000006
0.020312442880000003
0.020190552020000002
0.02007054862
0.019952375860000003
0.019835977240000004
0.019721302760000007
0.01960830462
0.019496938259999996
0.019387162119999996
0.019278936729999998
0.019172225890000002
0.019066995200000002
0.018963211310000005
0.01886084489
0.018759865610000002
0.01866024558
0.01856196094
0.018464982740000004
0.018369291959999996
0.01827486156
0.018181676029999996
0.018089709379999996
0.017998945680000003
0.017909363089999998
0.017820944720000006
0.017733675250000004
0.01764753394
0.01756250774
0.01747858034
0.017395733380000004
0.017313957780000003
0.017233234390000005
0.017153551379999996
0.0170748949
0.016997252829999993
0.016920611739999994
0.01684495854
0.016770282430000002
0.01669657151
0.01662381268
0.016551996289999996
0.01648111063
0.016411144010000003
0.016342084729999998
0.0162739271
0.01620665632
0.016140264230000003
0.01607473999
0.016010075130000002
0.015946259459999997
0.015883282849999996
0.01582113809
0.015759813389999995
0.015699302949999997
0.015639594490000002
0.015580681320000003
0.015522552410000003
0.01546520186
0.01540862185
0.015352802500000002
0.015297733419999997
0.015243411840000004
0.015189824200000004
0.01513696409
0.015084824189999999
0.01503339918
0.014982677
0.014932652740000007
0.014883319219999998
0.014834668509999998
0.014786692600000002
0.01473938533
0.01469273809
0.014646743479999997
0.01460139611
0.014556689529999995
0.014512612639999995
0.014469160629999998
0.014426327699999996
0.014384107970000002
0.014342492320000004
0.01430147527
0.014261051860000002
0.014221210740000005
0.014181949070000002
0.01414326014
0.01410513724
0.014067574779999996
0.014030567719999998
0.013994105810000004
0.013958184759999994
0.013922798450000001
0.013887941739999996
0.013853608079999998
0.01381979109
0.013786485670000001
0.01375368471
0.013721383909999997
0.013689575109999996
0.01365825376
0.013627415810000001
0.01359705462
0.013567165259999998
0.013537741910000001
0.013508777289999998
0.013480267599999995
0.013452206939999998
0.013424589629999997
0.01339741171
0.013370666749999998
0.013344349179999998
0.013318456939999999
0.013292980589999998
0.013267917260000001
0.013243263359999997
0.013219011150000001
0.013195156880000003
0.013171695419999997
0.013148622919999997
0.013125933740000002
0.013103623350000005
0.013081686570000004
0.013060118769999997
0.013038916770000002
0.013018071649999996
0.012997582819999997
0.012977442790000002
0.012957652279999995
0.01293820156
0.012919088539999998
0.012900310699999999
0.012881859910000005
0.01286373558
0.01284593168
0.012828445159999997
0.01281126926
0.012794403900000003
0.012777841480000003
0.01276157939
0.012745612710000003
0.012729941199999999
0.012714555520000002
0.012699455259999997
0.01268463674
0.012670097020000007
0.012655829450000003
0.012641829929999997
0.012628099410000003
0.012614630620000003
0.012601420929999997
0.012588467849999998
0.01257576681
0.012563315219999998
0.012551107189999997
0.012539143060000002
0.01252741935
0.012515930980000003
0.012504673380000003
0.012493646330000002
0.012482844899999996
0.012472266449999998
0.01246190878
0.012451768379999999
0.012441840499999999
0.012432124680000003
0.012422616030000005
0.012413313390000005
0.012404214189999999
0.012395314510000002
0.01238661044
0.0123781009
0.012369784189999997
0.012361657080000001
0.012353714539999998
0.012345955610000004
0.012338377970000005
0.012330977830000004
0.012323754120000004
0.012316702310000005
0.01230982233
0.012303111579999996
0.012296567160000002
0.01229018486
0.012283964349999996
0.012277902379999999
0.012271997350000001
0.012266247199999998
0.012260649159999996
0.012255201910000003
0.012249903469999997
0.012244749680000002
0.012239739030000004
0.012234871400000003
0.012230142480000001
0.012225552519999999
0.012221096430000002
0.012216773989999995
0.012212583369999997
0.012208522149999996
0.012204588050000005
0.012200781239999998
0.012197095999999998
0.012193533749999999
0.012190092880000001
0.012186769010000001
0.012183562369999996
0.01218047148
0.01217749174
0.012174624260000003
0.012171866189999998
0.012169216140000001
0.012166672280000002
0.012164233800000002
0.012161898739999996
0.012159662950000004
0.01215752795
0.012155490849999999
0.012153549999999999
0.012151705599999998
0.012149954369999999
0.012148295250000003
0.012146726759999997
0.012145247589999998
0.01214385591
0.01214255154
0.01214133101
0.0121401932
0.012139140329999997
0.012138166500000002
0.012137272870000002
0.01213645902
0.012135720969999996
0.01213505914
0.01213447161
0.012133957140000002
0.01213351391
0.012133140950000001
0.01213283922
0.01213260649
0.012132439200000001
0.012132339410000002
0.01213230385
0.012132332110000001
0.01213242413
0.012132575960000001
0.01213278937
0.012133063569999996
0.012133395439999996
0.01213378433
0.012134230369999999
0.012134731129999998
0.01213528541
0.012135895939999999
0.012136557340000003
0.012137271909999999
0.01213803535
0.012138849350000003
0.01213971123
0.012140621350000002
0.012141577889999998
0.012142582849999996
0.012143632100000003
0.012144724860000003
0.012145862320000004
0.012147042640000001
0.01214826483
0.012149529040000002
0.012150834079999999
0.01215217815
0.01215356069
0.012154982850000001
0.012156441670000002
0.012157937680000001
0.012159470260000005
0.01216103649
0.01216263951
0.012164274479999999
0.012165944990000002
0.012167647820000002
0.012169381459999996
0.012171147970000002
0.012172945989999996
0.012174772619999998
0.012176630330000002
0.01217851534
0.012180430110000003
0.0121823724
0.012184343490000001
0.012186341259999997
0.012188363570000001
0.012190412610000001
0.012192486269999999
0.01219458421
0.01219670732
0.01219885364
0.012201021750000002
0.01220321538
0.012205428629999997
0.012207665479999998
0.01220992256
0.012212200700000002
0.01221449968
0.012216818549999998
0.012219156470000003
0.01222151488
0.012223889799999993
0.012226283420000001
0.012228695519999994
0.012231125790000002
0.012233572380000002
0.012236036080000002
0.012238515870000001
0.012241011209999996
0.012243522210000002
0.01224604883
0.012248591040000001
0.012251146819999998
0.012253717559999999
0.01225630138
0.012258897919999998
0.012261508700000003
0.012264133639999994
0.012266769359999999
0.012269418320000001
0.01227207972
0.012274753000000003
0.012277436939999999
0.012280132849999998
0.01228284011
0.012285557859999997
0.012288285340000003
0.012291023889999997
0.012293770350000002
0.012296528529999996
0.012299294920000002
0.012302070670000003
0.012304855669999995
0.01230764807
0.012310448309999998
0.012313258680000003
0.012316077500000005
0.012318902800000002
0.01232173497
0.012324575779999996
0.01232742427
0.01233027937
0.012333141709999997
0.01233600998
0.012338884609999996
0.012341764599999997
0.012344651330000001
0.012347542969999998
0.012350440570000001
0.012353344399999995
0.01235625301
0.012359166729999998
0.012362085559999998
0.012365009389999999
0.01236793912
0.012370871559999998
0.012373808430000001
0.01237674982
0.012379695510000002
0.01238264537
0.012385598060000001
0.01238855422
0.012391514810000002
0.012394475859999999
0.012397442990000002
0.012400413149999994
0.012403386259999998
0.01240636234
0.012409341099999997
0.012412323270000001
0.012415306410000002
0.012418292720000003
0.012421280640000006
0.0124242722
0.01242726588
0.01243026055
0.012433256780000002
0.012436255690000002
0.012439255390000004
0.012442256709999999
0.012445259650000002
0.012448263780000001
0.01245127059
0.012454278029999998
0.012457286909999999
0.012460295770000001
0.01246330599
0.01246631694
0.012469329550000003
0.01247234263
0.012475355450000001
0.012478370439999999
0.012481384909999997
0.012484399280000003
0.01248741433
0.01249042969
0.01249344359
0.012496459610000002
0.012499474810000001
0.012502490249999998
0.012505506599999995
0.012508520590000008
0.012511536959999998
0.01251455224
0.012517566889999998
0.01252058304
0.012523596770000001
0.01252661048
0.012529622280000001
0.012532635489999997
0.012535646190000001
0.012538657140000003
0.012541667490000002
0.01254467735
0.012547686049999996
0.012550692669999997
0.01255369863
0.012556704580000005
0.012559708869999997
0.012562714540000002
0.012565716510000002
0.012568717739999995
0.012571718549999994
0.012574717389999998
0.012577715879999998
0.012580713650000002
0.012583709460000002
0.012586703499999997
0.012589696369999999
0.012592687169999997
0.01259567692
0.0125986649
0.012601651430000001
0.012604636999999997
0.012607619500000002
0.0126106008
0.01261358054
0.01261655918
0.012619535830000002
0.01262250975
0.012625483089999999
0.012628454780000003
0.01263142459
0.012634391259999999
0.012637356649999995
0.012640319499999997
0.01264328245
0.012646242269999998
0.012649200600000004
0.012652156889999999
0.012655110870000003
0.012658062540000004
0.012661012629999994
0.01266395923
0.012666904979999997
0.012669847970000005
0.012672789000000004
0.01267572775
0.01267866491
0.012681599110000002
0.012684531549999996
0.012687462310000001
0.012690390989999993
0.01269331672
0.012696240109999994
0.012699160729999999
0.01270207874
0.012704996249999998
0.012707910699999998
0.01271082133
0.012713730729999997
0.012716637459999998
0.01271954207
0.012722443300000002
0.012725342849999998
0.01272823989
0.0127311333
0.012734024100000001
0.012736914350000003
0.01273980146
0.012742685020000004
0.012745567340000001
0.012748447540000001
0.012751323660000004
0.01275419759
0.01275707032
0.01275994047
0.012762806240000004
0.012765671980000002
0.012768533520000003
0.012771392890000004
0.012774250750000002
0.012777103969999998
0.012779954990000002
0.01278280338
0.012785647890000003
0.012788491829999997
0.012791330799999999
0.012794168469999999
0.012797002940000003
0.012799836460000002
0.012802666940000002
0.01280549364
0.012808318239999998
0.01281113896
0.012813957890000003
0.012816774559999999
0.012819587439999997
0.012822398269999995
0.012825205079999999
0.012828011450000005
0.012830814079999996
0.012833614019999997
0.01283641176
0.012839205730000003
0.012841995660000001
0.012844784710000001
0.012847571300000001
0.012850354909999997
0.01285313573
0.012855912309999995
0.01285868743
0.012861458970000007
0.01286422788
0.012866994430000002
0.01286975915
0.012872520089999999
0.012875277189999996
0.012878031780000005
0.012880783789999994
0.012883533319999998
0.012886279680000001
0.0128890231
0.012891764850000001
0.012894502289999997
0.012897238159999996
0.012899970250000004
0.012902701580000004
0.01290542918
0.01290815419
0.012910875560000002
0.012913594280000006
0.012916309630000001
0.012919023269999996
0.012921733520000003
0.012924440220000001
0.012927145969999998
0.012929846840000002
0.01293254543
0.012935241119999998
0.012937934929999999
0.012940624449999999
0.012943313089999998
0.012945997130000005
0.012948678930000002
0.012951358050000004
0.012954034240000002
0.01295670698
0.012959377070000002
0.012962045149999999
0.012964708709999996
0.012967370929999998
0.01297002982
0.012972686130000001
0.01297534043
0.012977991639999999
0.012980639200000001
0.012983283960000003
0.012985924980000008
0.012988563619999999
0.01299119969
0.012993833020000005
0.01299646324
0.012999090680000002
0.013001715369999998
0.013004337209999996
0.013006955889999996
0.013009572199999996
0.013012185950000001
0.013014796879999999
0.01301740514
0.013020010349999995
0.013022613909999998
0.013025212480000001
0.013027808299999999
0.013030402270000003
0.01303299229
0.01303557995
0.013038164220000002
0.013040748259999995
0.01304332665
0.01304590342
0.013048478359999999
0.013051049020000004
0.013053618210000001
0.013056184319999997
0.01305874628
0.013061306170000007
0.013063862270000004
0.013066417570000004
0.013068969500000006
0.01307151738
0.013074063819999997
0.013076606660000004
0.01307914663
0.013081685369999999
0.01308421952
0.013086752929999999
0.013089282380000003
0.013091809020000003
0.013094332889999998
0.013096853769999995
0.013099371830000001
0.01310188775
0.013104399679999998
0.013106910000000003
0.013109417490000004
0.013111921980000002
0.01311442288
0.013116921299999995
0.013119417420000001
0.013121910350000002
0.01312440138
0.013126889190000001
0.013129374199999998
0.013131857009999996
0.013134335809999995
0.013136812109999998
0.013139286039999996
0.013141756389999999
0.013144224689999998
0.013146690709999994
0.013149154350000004
0.013151614719999998
0.01315407298
0.013156527509999998
0.013158980520000006
0.013161430390000001
0.013163877170000003
0.013166321290000003
0.013168763240000003
0.013171200890000003
0.013173637249999998
0.013176069860000002
0.013178500719999996
0.013180928379999996
0.013183352449999996
0.013185775389999998
0.013188195170000002
0.013190611490000002
0.0131930251
0.013195436070000004
0.01319784401
0.01320024984
0.013202652600000005
0.013205053069999998
0.013207450870000002
0.013209847380000002
0.013212240210000002
0.013214629649999999
0.013217016639999997
0.013219400800000003
0.01322178318
0.013224162800000001
0.013226539670000002
0.013228912970000005
0.013231283180000003
0.013233651460000002
0.013236017449999997
0.013238380019999996
0.013240740769999997
0.013243097579999998
0.013245453479999997
0.013247805709999998
0.013250155300000002
0.01325250322
0.013254847440000004
0.01325719018
0.013259529239999998
0.013261866810000005
0.013264202290000002
0.01326653373
0.013268862389999995
0.013271188650000001
0.013273511940000003
0.013275832549999995
0.01327815107
0.013280466150000001
0.0132827801
0.013285090519999997
0.013287397690000001
0.013289703310000001
0.01329200685
0.013294307509999997
0.01329660425
0.013298900649999999
0.013301192300000002
0.013303480490000004
0.013305768320000005
0.013308053130000002
0.01331033472
0.013312614400000002
0.013314891679999998
0.013317166089999999
0.013319438130000003
0.013321706389999998
0.01332397435
0.013326239540000005
0.013328501319999998
0.013330762009999999
0.01333301775
0.01333527214
0.013337523530000004
0.0133397725
0.013342017679999995
0.0133442628
0.01334650449
0.013348743280000002
0.013350980540000001
0.013353214909999998
0.013355447730000003
0.01335767714
0.013359903209999994
0.013362127909999999
0.013364350020000004
0.013366569209999997
0.013368785010000002
0.01337099752
0.013373209140000002
0.013375418100000001
0.013377625679999996
0.01337983017
0.01338203165
0.013384230980000005
0.013386427279999997
0.013388622829999997
0.013390814149999996
0.013393002880000004
0.01339519079
0.01339737452
0.01339955759
0.013401737680000001
0.013403915800000001
0.013406089619999999
0.013408261779999996
0.013410431180000005
0.013412599159999998
0.013414765789999998
0.013416928210000003
0.01341908813
0.013421245619999998
0.013423400590000002
0.013425553270000001
0.013427704719999996
0.01342985289
0.013431998820000004
0.013434142429999997
0.013436283239999998
0.013438422940000002
0.013440560209999999
0.013442693659999998
0.013444824360000003
0.013446954239999996
0.01344908072
0.013451204879999998
0.013453326219999997
0.013455446929999997
0.01345756213
0.013459677399999996
0.01346178849
0.013463899760000002
0.013466007120000002
0.013468113389999998
0.013470216029999996
0.013472317919999999
0.01347441633
0.013476512260000002
0.013478606800000004
0.013480697370000003
0.01348278617
0.013484872820000002
0.013486956879999998
0.01348903865
0.01349111828
0.013493196960000002
0.013495270740000002
0.013497343489999997
0.013499413210000002
0.013501481679999993
0.013503548520000002
0.013505611810000002
0.013507671780000001
0.0135097323
0.01351178868
0.013513843730000004
0.013515895160000003
0.013517946060000001
0.013519994220000003
0.013522038740000002
0.013524081120000002
0.013526121889999996
0.013528158459999997
0.013530194059999999
0.01353222899
0.01353426099
0.01353628932
0.01353831657
0.013540341270000002
0.01354236415
0.013544384210000005
0.013546402319999994
0.013548419030000003
0.013550432670000003
0.013552443469999998
0.013554452179999999
0.013556459840000002
0.013558465099999993
0.013560468690000002
0.013562468589999998
0.013564467399999997
0.013566462960000001
0.013568457319999998
0.013570450040000001
0.013572439919999997
0.013574427599999996
0.013576413069999998
0.013578398040000002
0.013580379360000004
0.013582357649999998
0.01358433371
0.013586308359999999
0.013588280500000001
0.013590249799999999
0.013592216890000001
0.013594181799999999
0.01359614474
0.013598106260000003
0.013600063470000002
0.013602020039999996
0.01360397351
0.013605925610000005
0.013607876000000001
0.013609823529999999
0.01361176865
0.01361371174
0.013615653080000002
0.013617592820000007
0.013619529989999997
0.013621464489999999
0.013623398490000004
0.01362532886
0.013627257329999998
0.01362918476
0.013631108179999997
0.013633031240000003
0.01363495224
0.013636869929999995
0.013638785609999997
0.013640699930000002
0.013642611000000002
0.013644520829999996
0.01364642793
0.013648333510000001
0.013650237110000001
0.013652138320000005
0.013654038270000002
0.013655934279999997
0.013657830249999997
0.013659723230000002
0.01366161274
0.013663501610000002
0.013665390050000004
0.013667274459999997
0.013669158159999998
0.013671039220000004
0.01367291652
0.013674793449999998
0.013676667980000001
0.013678539790000005
0.013680410010000001
0.013682278469999996
0.013684145720000002
0.013686009740000003
0.013687871309999999
0.013689732989999998
0.01369159109
0.013693447569999996
0.013695301199999996
0.013697153230000002
0.013699002349999998
0.013700850149999999
0.01370269594
0.01370453857
0.013706382059999998
0.013708219630000002
0.013710059069999996
0.013711893839999996
0.013713726859999999
0.013715559949999998
0.013717389
0.01371921599
0.013721042950000002
0.013722866259999992
0.01372468817
0.01372650736
0.013728324239999999
0.013730139250000004
0.013731953739999999
0.013733766759999995
0.013735577429999996
0.013737383910000003
0.013739190379999999
0.01374099454
0.013742796059999998
0.013744596409999999
0.013746393899999997
0.013748189719999995
0.013749982790000004
0.013751774719999998
0.013753564360000001
0.013755352569999999
0.013757138459999999
0.013758922390000006
0.01376070436
