0.09178388740000003
0.08786557855999998
0.08462734394
0.08199279136000003
0.07986281510000001
0.07813390930000001
0.07671194078000002
0.07551886016
0.07449362872
0.07359016055999999
0.07277435826000002
0.07202126056
0.07131267964
0.07063532773999999
0.06997952292
0.06933820127999998
0.06870617494000002
0.06807966001999997
0.06745589775999998
0.06683288884000002
0.06620923458000001
0.06558395069999999
0.06495641793999998
0.06432627966000001
0.06369337396
0.06305772870000001
0.06241949340000001
0.061778943080000016
0.06113642444000001
0.06049234204000001
0.05984717829999999
0.05920142107999998
0.05855558464
0.05791021604000001
0.05726583071999999
0.05662296949999999
0.05598213459999998
0.05534383764000001
0.054708576939999996
0.054076806799999995
0.05344899016000002
0.05282555706
0.05220691580000001
0.05159346576
0.05098558072000001
0.05038361159999998
0.04978789816000001
0.04919876266000001
0.04861650752
0.0480414186
0.04747377474
0.04691383892000002
0.046361852220000006
0.04581804078000001
0.04528261604
0.044755772619999995
0.04423767482
0.04372847186000001
0.04322828139999999
0.042737197039999994
0.042255279039999996
0.04178256317999999
0.04131905652
0.040864743380000006
0.040419572799999984
0.03998348131999999
0.03955638245999999
0.03913817194
0.03872872954
0.03832792510000001
0.03793562533999999
0.03755169172000001
0.037175966580000004
0.036808324219999994
0.03644860224
0.036096661540000005
0.035752372379999994
0.03541559045999999
0.03508618506
0.03476403492
0.0344490136
0.034140998260000006
0.033839872839999986
0.03354551878000001
0.03325781809999999
0.03297665868
0.032701911720000004
0.03243346394
0.032171191139999986
0.03191496278000001
0.03166465698
0.0314201342
0.03118127174000001
0.030947924940000014
0.030719958600000007
0.03049723548
0.03027961449999999
0.030066960239999992
0.02985912865999999
0.029655980460000012
0.02945738314
0.029263198079999997
0.029073287619999996
0.02888752584
0.02870578316
0.02852792916
0.02835384332
0.028183402840000003
0.028016487700000002
0.02785298696
0.027692782480000004
0.027535770919999994
0.02738184294
0.027230896079999997
0.02708282943999999
0.026937548020000007
0.026794956999999994
0.026654969320000003
0.026517490720000002
0.026382438
0.026249731920000005
0.026119292240000008
0.025991043140000007
0.025864915659999998
0.025740836420000003
0.025618740799999998
0.025498572019999992
0.025380263659999996
0.02526376226
0.025149014779999996
0.025035970539999997
0.02492458086
0.024814803640000008
0.024706599180000004
0.024599923599999997
0.024494744260000006
0.024391025539999993
0.024288731659999993
0.024187836919999994
0.024088308600000007
0.02399012128
0.02389324526
0.023797655800000005
0.023703329060000004
0.023610236800000007
0.02351835732000001
0.023427664000000004
0.023338133840000004
0.023249747060000003
0.023162477019999995
0.0230762975
0.022991191879999998
0.022907132429999994
0.022824100500000007
0.02274206812
0.02266101892
0.022580927049999998
0.022501769040000005
0.022423530360000003
0.02234618003
0.022269705759999994
0.022194081129999998
0.022119288399999996
0.02204531056
0.02197212484
0.021899715910000003
0.021828063660000004
0.021757147140000002
0.021686952560000007
0.02161746213
0.02154866078
0.0214805305
0.021413055259999994
0.021346217880000004
0.021280007560000005
0.021214411060000004
0.021149411370000003
0.02108499514
0.021021148299999994
0.020957857819999995
0.020895113699999995
0.02083289916
0.020771207799999997
0.02071001994
0.020649330079999997
0.020589124839999993
0.020529394420000003
0.020470128079999997
0.020411312860000003
0.020352940459999993
0.02029499832
0.0202374779
0.020180369139999998
0.02012366134
0.02006734510000001
0.02001141242
0.0199558529
0.019900653439999996
0.019845808700000002
0.019791306399999996
0.019737136520000004
0.019683293919999997
0.019629763420000005
0.01957653592
0.019523604439999998
0.019470955410000004
0.01941858036
0.019366467669999998
0.01931460803
0.0192629861
0.01921159812
0.019160424080000005
0.019109457249999996
0.019058680950000004
0.019008086899999995
0.018957657620000002
0.018907379720000003
0.01885724327
0.01880722514
0.018757313839999998
0.018707492539999995
0.0186577447
0.018608049219999995
0.018558394869999998
0.01850875477
0.01845911389
0.018409451900000002
0.018359745880000004
0.018309976619999998
0.018260126360000004
0.01821016918
0.018160089199999993
0.018109866959999995
0.018059483289999997
0.01800892454
0.01795817568
0.017907226399999997
0.01785606918
0.01780470184
0.01775312926
0.017701360410000005
0.017649409179999995
0.017597294439999998
0.01754504958
0.017492704149999993
0.017440302160000004
0.017387886180000006
0.01733550776
0.017283219209999996
0.01723108034
0.017179140649999997
0.01712746218
0.01707609167
0.017025081
0.016974478960000004
0.016924322359999997
0.016874650329999998
0.01682549286
0.01677687571000001
0.016728822620000004
0.016681346629999996
0.01663445867
0.016588167409999997
0.016542476530000003
0.016497387450000005
0.016452897979999995
0.01640900383
0.016365698100000003
0.016322973860000003
0.016280821280000003
0.01623922756
0.016198181560000004
0.01615767439
0.0161176912
0.016078220229999992
0.016039246360000002
0.016000759370000003
0.015962747790000006
0.015925195470000004
0.015888092470000004
0.01585142728
0.01581518859
0.015779363169999994
0.015743940820000003
0.01570891328
0.015674269420000008
0.01563999867
0.015606092880000002
0.015572543110000003
0.01553934199
0.015506480060000001
0.01547395051
0.015441743280000001
0.015409853290000003
0.0153782737
0.015346996870000002
0.015316018250000002
0.015285331150000003
0.01525493128
0.015224810940000007
0.015194966719999998
0.015165392139999997
0.015136082859999997
0.015107033139999998
0.015078239310000002
0.015049700630000003
0.015021406160000004
0.014993357690000004
0.014965548170000008
0.014937974859999996
0.014910635279999999
0.014883524610000002
0.014856640090000001
0.014829979230000002
0.014803538189999996
0.014777312479999992
0.014751300790000003
0.01472550158
0.014699911909999997
0.014674527929999999
0.014649348739999991
0.014624370889999998
0.014599592689999998
0.014575011660000001
0.014550625599999999
0.01452643068
0.014502427229999997
0.014478613800000005
0.014454985319999995
0.014431540709999998
0.01440828141
0.01438520413
0.014362306549999999
0.014339586610000002
0.01431704396
0.014294677210000004
0.01427248383
0.01425046029
0.014228610959999999
0.014206928220000001
0.014185416300000002
0.014164069949999993
0.014142888930000003
0.014121873550000002
0.0141010187
0.014080327189999998
0.014059795990000002
0.014039422559999999
0.014019208659999999
0.013999150469999999
0.013979251889999997
0.013959503420000002
0.013939912450000001
0.0139204716
0.013901184630000002
0.01388204822
0.013863062360000001
0.013844224520000004
0.013825533860000001
0.01380699098
0.01378859294
0.013770340259999996
0.013752232390000008
0.013734267710000003
0.013716446020000002
0.01369876421
0.01368122174
0.013663821589999998
0.01364655687
0.013629434450000002
0.013612449870000001
0.0135955981
0.013578882540000002
0.013562302160000005
0.013545856089999999
0.013529543919999998
0.01351336261
0.013497312990000003
0.013481394029999998
0.013465604259999995
0.01344994351
0.013434411510000004
0.013419008139999997
0.013403729830000002
0.01338857741
0.013373551889999996
0.013358649849999998
0.013343870619999997
0.01332921417
0.013314681320000004
0.013300272170000002
0.01328598065
0.013271811439999998
0.013257762210000003
0.013243830819999993
0.013230017279999997
0.01321631989
0.013202739380000003
0.013189275030000001
0.013175925269999998
0.01316269006
0.013149568700000001
0.013136558999999999
0.013123661980000001
0.013110877869999996
0.01309820318
0.013085639440000001
0.013073185820000001
0.01306084008
0.013048603139999998
0.013036474210000006
0.01302445268
0.013012537359999998
0.0130007259
0.01298902054
0.012977419339999996
0.012965923170000003
0.012954528730000003
0.012943236479999998
0.012932045209999996
0.012920955320000005
0.012909966610000004
0.012899075699999998
0.012888286189999995
0.012877594719999998
0.012867001920000001
0.01285650514
0.012846103930000005
0.012835797659999999
0.012825587669999998
0.012815472630000001
0.01280545187
0.012795523439999998
0.012785688640000004
0.012775945729999993
0.0127662955
0.012756737250000006
0.012747268050000003
0.012737889300000001
0.012728598709999997
0.012719398039999996
0.01271028286
0.012701256939999999
0.012692318000000003
0.012683465679999999
0.012674697399999999
0.012666016410000001
0.012657419300000002
0.012648906630000003
0.012640475769999998
0.012632128239999995
0.01262386314
0.01261568003
0.012607578159999997
0.012599557399999994
0.012591617259999998
0.01258375731
0.012575974
0.012568271479999999
0.012560646009999999
0.012553097280000002
0.012545626390000002
0.012538230349999999
0.012530909659999995
0.01252366563
0.012516495159999998
0.012509400000000004
0.01250237916
0.012495428749999997
0.012488552269999998
0.012481747880000005
0.012475015999999998
0.01246835486
0.012461763359999998
0.012455243600000004
0.01244879312
0.012442412949999999
0.01243610058
0.01242985705
0.012423681489999998
0.01241757175
0.012411528630000002
0.012405552990000002
0.012399642780000003
0.012393797490000002
0.01238801582
0.012382299639999999
0.012376646379999998
0.01237105516
0.012365527740000002
0.012360063719999998
0.01235465881
0.012349317319999997
0.012344037129999999
0.01233881804
0.012333659639999996
0.012328559990000001
0.01232352046
0.012318539959999994
0.012313618049999999
0.01230875274
0.01230394613
0.01229919607
0.012294502760000003
0.012289865470000001
0.012285284150000002
0.012280758559999995
0.012276289159999995
0.01227187185
0.012267509120000006
0.012263200120000005
0.012258945819999999
0.012254743890000004
0.01225059414
0.01224649766
0.012242452559999999
0.012238460140000004
0.012234517350000005
0.01223062544
0.012226783550000002
0.012222990529999995
0.012219249269999996
0.01221555523
0.012211910439999998
0.012208313830000001
0.012204764050000004
0.012201263780000002
0.012197809560000002
0.01219440313
0.012191043190000002
0.012187729489999998
0.01218446068
0.012181238819999997
0.01217806171
0.012174928529999995
0.012171839290000002
0.012168794439999998
0.012165793569999998
0.012162834429999998
0.012159919389999998
0.012157046670000003
0.012154217109999997
0.012151427329999997
0.012148681399999995
0.012145976119999995
0.012143311950000004
0.012140687189999999
0.012138103430000002
0.01213556107
0.01213305686
0.012130592630000001
0.01212816703
0.012125779879999998
0.012123432469999997
0.012121122429999999
0.012118850040000002
0.012116615069999998
0.012114418519999998
0.012112256529999999
0.012110133350000002
0.012108044460000002
0.0121059933
0.012103977079999996
0.01210199682
0.012100052309999998
0.012098141520000001
0.012096265799999999
0.012094423730000003
0.012092615769999997
0.012090842010000002
0.012089099069999998
0.012087390400000004
0.012085713390000004
0.01208406948
0.01208245905
0.012080878659999999
0.01207933208
0.012077816299999999
0.012076331269999997
0.012074877910000002
0.012073454890000002
0.01207206213
0.012070699919999999
0.012069367099999997
0.01206806383
0.01206679076
0.012065546539999994
0.012064331259999997
0.012063143780000002
0.01206198541
0.012060854119999995
0.012059752180000004
0.01205867785
0.012057629989999995
0.01205660997
0.012055616259999999
0.012054649989999994
0.012053708449999999
0.012052794809999998
0.012051906120000002
0.012051044110000003
0.012050206529999996
0.012049395289999995
0.012048606799999997
0.01204784492
0.012047106460000003
0.012046392810000004
0.012045704230000003
0.012045038799999998
0.01204439689
0.012043779429999998
0.012043185159999999
0.012042613170000003
0.012042064419999998
0.012041538980000002
0.012041036380000002
0.01204055587
0.012040096359999995
0.01203966028
0.012039243660000002
0.012038850620000001
0.012038476959999994
0.01203812533
0.012037794440000001
0.01203748472
0.012037195859999999
0.012036927149999996
0.012036677580000004
0.012036446559999999
0.012036238770000002
0.01203604839
0.012035877660000001
0.012035725830000002
0.012035593350000002
0.012035480090000002
0.012035385559999999
0.012035309600000002
0.012035252659999995
0.012035212770000001
0.012035190400000005
0.012035186739999999
0.012035199269999996
0.012035229339999998
0.012035276640000002
0.012035341110000004
0.012035422360000003
0.012035520169999998
0.012035635519999999
0.01203576617
0.012035915210000001
0.012036079509999999
0.012036260659999999
0.012036455650000007
0.012036666459999998
0.01203689209
0.01203713383
0.01203739205
0.012037664370000005
0.012037952840000001
0.01203825467
0.012038571109999998
0.012038901659999999
0.012039246940000003
0.012039606429999999
0.012039979749999999
0.012040366460000002
0.012040768280000003
0.012041182910000002
0.01204161171
0.01204205344
0.012042508479999998
0.012042977160000003
0.012043457999999996
0.01204395128
0.01204445649
0.012044975270000001
0.012045506700000002
0.012046049779999998
0.0120466057
0.012047173840000003
0.012047752729999998
0.012048344760000003
0.012048948299999997
0.012049563089999998
0.01205018919
0.012050827500000002
0.012051475329999997
0.01205213477
0.012052805650000005
0.012053486499999998
0.012054179169999997
0.012054882049999998
0.012055595
0.01205631848
0.012057052789999996
0.012057798280000002
0.012058552510000004
0.012059316929999998
0.01206009099
0.012060875749999998
0.012061670039999996
0.012062474620000001
0.012063288459999998
0.012064110690000003
0.012064942860000004
0.012065784350000002
0.012066634479999998
0.012067492939999995
0.012068360469999997
0.012069236729999998
0.01207012211
0.01207101565
0.012071917140000006
0.012072828430000002
0.012073748580000002
0.012074676389999999
0.012075612180000004
0.01207655635
0.012077506760000002
0.012078466979999997
0.012079433380000004
0.012080409789999998
0.012081392059999998
0.012082383250000005
0.01208338036
0.012084385420000001
0.012085397260000004
0.012086416719999998
0.012087442970000003
0.01208847696
0.012089517780000003
0.012090564090000002
0.01209161785
0.012092677639999999
0.01209374572
0.012094820070000002
0.012095901160000002
0.01209698855
0.012098082
0.012099181050000001
0.01210028714
0.01210139882
0.012102517990000004
0.012103642939999998
0.012104773129999993
0.012105908850000003
0.01210704982
0.01210819757
0.012109350190000001
0.012110508930000001
0.012111672529999997
0.012112842080000004
0.012114018070000001
0.01211519754
0.012116384110000003
0.012117575349999998
0.012118772799999995
0.01211997305
0.012121180149999997
0.012122391940000003
0.01212360867
0.012124830249999998
0.012126056889999999
0.01212728722
0.012128523550000003
0.012129764019999996
0.012131008539999997
0.012132258639999999
0.012133512079999997
0.012134771810000002
0.0121360339
0.012137301530000004
0.012138573200000002
0.012139850320000001
0.012141129979999997
0.012142414899999999
0.012143703109999997
0.012144996220000004
0.012146292490000002
0.012147594369999999
0.01214889652
0.01215020415
0.012151515779999997
0.012152830200000003
0.012154148829999998
0.012155471530000002
0.01215679705
0.012158128080000004
0.012159461980000003
0.012160798499999998
0.012162138479999998
0.012163482620000004
0.012164830049999997
0.01216618086
0.012167535830000003
0.012168891920000001
0.012170251629999997
0.012171614669999999
0.012172979479999997
0.012174349020000001
0.012175720620000002
0.012177095099999997
0.012178474190000002
0.012179855249999998
0.012181239310000001
0.01218262572
0.01218401608
0.012185409119999997
0.012186805619999998
0.012188202940000004
0.012189603490000001
0.01219100803
0.012192413859999996
0.012193821839999999
0.012195231520000007
0.012196645160000002
0.01219806178
0.012199479559999999
0.012200901129999999
0.012202324689999999
0.012203750479999996
0.012205178299999994
0.012206607269999998
0.012208038609999992
0.01220947307
0.012210908980000004
0.012212347229999998
0.012213786169999997
0.012215227350000002
0.012216670480000002
0.012218116849999995
0.012219564870000003
0.012221014889999998
0.01222246673
0.012223919409999999
0.012225374680000003
0.01222683243
0.012228291550000001
0.012229751760000001
0.012231213939999996
0.01223267859
0.012234143299999998
0.012235611199999998
0.012237080130000001
0.012238551690000002
0.012240024379999999
0.012241496689999997
0.012242973
0.012244449330000004
0.01224592718
0.012247407570000002
0.012248888639999997
0.012250371199999993
0.012251855750000006
0.012253342300000001
0.012254829779999999
0.012256318189999999
0.012257807809999998
0.01225929877
0.012260790150000003
0.012262282779999998
0.012263777440000003
0.012265272760000001
0.012266770220000002
0.012268268770000005
0.012269768019999999
0.012271268039999998
0.012272769040000003
0.012274270770000005
0.01227577421
0.012277278769999997
0.012278783499999996
0.01228028962
0.012281797379999997
0.01228330548
0.012284814460000005
0.012286324389999997
0.012287834149999996
0.01228934552
0.012290859330000006
0.01229237218
0.012293887149999998
0.012295402090000001
0.01229691862
0.012298435480000001
0.012299951840000005
0.012301470830000001
0.012302989299999997
0.012304510069999995
0.012306030169999996
0.01230755025
0.012309072990000001
0.012310596299999999
0.01231211934
0.012313643549999996
0.012315167879999993
0.012316692229999999
0.012318217339999998
0.012319742799999998
0.012321268570000002
0.01232279578
0.012324322750000005
0.012325851739999998
0.012327380220000001
0.012328908619999999
0.012330438649999997
0.012331968459999999
0.012333498540000003
0.01233502919
0.01233655773
0.01233808923
0.01233962097
0.012341153300000003
0.012342684829999999
0.012344218709999999
0.012345751120000003
0.012347285219999999
0.012348818829999997
0.012350353540000004
0.01235188722
0.012353421659999999
0.012354956870000003
0.01235649259
0.012358029159999997
0.012359565159999999
0.012361101329999999
0.012362636820000002
0.01236417381
0.012365710079999998
0.012367246530000002
0.012368785059999998
0.01237032268
0.012371858819999996
0.012373396380000002
0.012374934700000001
0.012376471419999997
0.012378009749999995
0.0123795476
0.012381085479999996
0.01238262277
0.012384160900000002
0.01238569909
0.01238723856
0.012388776239999994
0.012390314359999998
0.012391851970000001
0.012393389829999999
0.012394927779999999
0.012396465789999998
0.01239800433
0.012399541569999995
0.012401080249999998
0.012402618439999995
0.012404156670000001
0.01240569476
0.012407232990000001
0.012408770769999999
0.01241030753
0.012411844959999998
0.012413381269999997
0.012414918530000001
0.012416455679999999
0.012417993680000001
0.0124195308
0.01242106903
0.012422606619999998
0.012424143349999996
0.012425679679999998
0.01242721656
0.012428751620000004
0.012430288240000002
0.012431823540000003
0.01243335814
0.01243489336
0.012436428900000003
0.01243796296
0.012439497439999997
0.012441031260000004
0.012442565259999996
0.012444100070000002
0.01244563418
0.01244716811
0.012448701290000001
0.012450234840000003
0.012451768360000002
0.012453299749999997
0.012454831409999999
0.012456363799999998
0.012457894809999998
0.01245942586
0.012460956030000003
0.012462486640000003
0.012464016999999999
0.01246554677
0.012467076900000002
0.01246860645
0.012470135680000001
0.01247166454
0.012473193570000003
0.012474721790000002
0.012476249830000001
