0.09669108117999999
0.07083479743999999
0.061929123880000006
0.05508138205999998
0.04922227990000001
0.044289059580000005
0.040220358479999996
0.03690775826
0.03422308776
0.032042373580000005
0.030258356099999998
0.028784755039999995
0.027554409500000005
0.026514165019999994
0.025621413180000007
0.02484273842
0.024152712380000003
0.02353233974
0.022967502060000006
0.022447684839999996
0.021965012580000005
0.021513543080000003
0.02108874706
0.020687144579999997
0.020306021619999996
0.019943242360000005
0.019597107440000004
0.019266239119999994
0.018949508100000005
0.0186459769
0.018354849219999997
0.018075452260000003
0.01780719579999999
0.01754956104
0.017302090739999998
0.01706436681
0.016836009069999998
0.01661666974
0.01640602318
0.016203766
0.016009612370000002
0.01582328983
0.015644538289999992
0.01547311099
0.015308769750000001
0.015151284010000004
0.015000432359999998
0.014855999519999996
0.014717778190000004
0.014585563830000004
0.014459157119999996
0.014338366560000003
0.014223005579999996
0.014112890559999997
0.01400783759
0.013907676560000002
0.013812233539999998
0.01372134143
0.01363483661
0.013552561759999996
0.013474360120000004
0.01340007413
0.013329562300000002
0.013262678000000005
0.013199278569999999
0.0131392255
0.013082387249999996
0.013028633950000004
0.012977835219999996
0.012929869719999995
0.012884620210000005
0.01284196869
0.012801802740000002
0.012764017550000005
0.01272850281
0.012695162610000007
0.012663895699999999
0.012634609669999996
0.012607214389999996
0.0125816223
0.012557750349999999
0.012535518429999998
0.012514850359999996
0.012495671800000002
0.012477911460000001
0.012461503579999998
0.012446379989999999
0.012432482069999997
0.012419749039999999
0.012408125
0.01239755693
0.012387992419999999
0.012379382100000003
0.012371679159999998
0.012364839370000002
0.01235881915
0.012353579840000002
0.012349081419999996
0.01234528743
0.012342158899999997
0.012339668089999995
0.012337779529999999
0.012336465540000001
0.012335693519999998
0.012335439260000003
0.012335674239999997
0.012336373869999999
0.012337515679999996
0.012339076630000001
0.01234103292
0.012343367610000005
0.012346058129999999
0.01234908799
0.012352439909999997
0.012356095039999999
0.012360037589999998
0.012364256190000002
0.012368731599999998
0.01237345276
0.012378403690000001
0.01238357598
0.012388955200000001
0.01239453222
0.012400295249999997
0.012406233670000006
0.01241233743
0.012418599639999996
0.01242500896
0.012431559479999998
0.012438242510000001
0.012445049460000001
0.012451974519999999
0.012459011059999999
0.012466152389999995
0.012473391980000003
0.012480723530000005
0.01248814368
0.012495645030000002
0.01250322444
0.012510875449999993
0.012518593869999997
0.01252637715
0.012534219950000003
0.012542117399999999
0.012550066539999998
0.012558065269999997
0.012566107809999998
0.01257419371
0.012582316529999997
0.012590478209999995
0.012598672169999998
0.012606896450000002
0.012615149289999999
0.012623427620000002
0.012631729200000002
0.012640053310000001
0.012648396110000001
0.012656758099999998
0.012665133890000003
0.012673524810000001
0.012681927899999999
0.012690340800000003
0.012698763310000003
0.01270719446
0.01271563081
0.012724073770000002
0.01273251996
0.012740967300000003
0.01274941661
0.01275786736
0.012766317820000001
0.01277476433
0.012783210880000005
0.012791651250000001
0.012800089249999997
0.01280852219
0.012816947170000002
0.012825367369999998
0.012833778979999998
0.012842183620000005
0.012850578520000003
0.012858965069999999
0.012867341010000002
0.012875706310000002
0.012884060369999999
0.012892404290000001
0.012900735249999996
0.012909053180000005
0.012917358470000005
0.012925649830000002
0.012933927509999998
0.012942192000000002
0.012950441509999997
0.012958675929999998
0.012966894829999999
0.012975099119999998
0.012983287629999993
0.012991458550000001
0.012999614540000003
0.013007753229999999
0.013015875499999998
0.013023979439999998
0.01303206539
0.01304013375
0.013048185979999998
0.01305621865
0.013064233460000001
0.013072229369999995
0.013080208640000002
0.013088168499999995
0.01309610815
0.013104029380000003
0.013111931000000004
0.013119813449999995
0.01312767666
0.013135520859999996
0.01314334399
0.01315114756
0.013158930919999996
0.013166695050000001
0.013174438049999994
0.01318216254
0.013189866859999996
0.013197548300000002
0.013205209789999998
0.01321285295
0.013220473730000001
0.013228074170000001
0.01323565318
0.013243212839999997
0.013250751000000003
0.013258268290000002
0.013265765200000003
0.013273241360000005
0.01328069447
0.013288128709999998
0.013295543060000001
0.013302934599999997
0.013310305259999999
0.013317655989999996
0.013324983699999998
0.0133322908
0.0133395777
0.01334684292
0.0133540873
0.01336131021
0.013368512330000004
0.013375692370000001
0.013382853109999999
0.01338999139
0.013397107929999999
0.013404204590000001
0.013411279750000005
0.013418332799999998
0.013425368389999996
0.013432379999999996
0.01343937087
0.013446340969999996
0.013453289930000003
0.013460218740000003
0.013467125230000002
0.013474011809999997
0.01348087793
0.013487723010000006
0.01349454731
0.013501350870000001
0.013508133359999999
0.013514894669999998
0.013521635199999993
0.013528355410000002
0.013535055450000002
0.013541734429999997
0.013548393709999997
0.01355503269
0.013561650710000005
0.013568248369999997
0.013574825669999995
0.013581382430000004
0.013587919260000001
0.013594435069999997
0.013600930570000001
0.01360740593
0.013613862980000002
0.013620298090000005
0.013626713839999997
0.013633109939999999
0.0136394858
0.013645841410000002
0.013652177930000002
0.013658494020000002
0.013664790820000003
0.01367106912
0.013677326710000003
0.013683564069999996
0.01368978173
0.013695980469999997
0.01370216147
0.013708321179999993
0.0137144621
0.013720583899999994
0.013726685969999996
0.013732768240000004
0.013738832830000002
0.013744878709999998
0.013750906249999995
0.01375691237
0.013762900990000002
0.013768872060000001
0.013774823629999997
0.013780756049999995
0.01378666871
0.01379256526
0.013798443479999999
0.013804300380000002
0.013810141069999999
0.01381596363
0.013821765659999999
0.013827551890000003
0.01383331817
0.013839067419999995
0.013844798220000001
0.01385051021
0.013856205570000004
0.013861883129999999
0.013867543289999998
0.01387318404
0.013878808669999996
0.01388441566
0.01389000388
0.013895575690000002
0.013901129540000001
0.0139066665
0.013912185720000001
0.01391768722
0.013923172649999996
0.013928639230000001
0.013934089519999996
0.013939523129999996
0.013944939330000001
0.013950338200000006
0.013955720499999996
0.013961086979999999
0.013966435570000001
0.0139717683
0.013977084820000001
0.013982383609999998
0.01398766586
0.013992931899999997
0.013998180499999997
0.014003413570000001
0.014008630840000003
0.014013831040000002
0.014019015340000001
0.014024183579999995
0.01402933517
0.014034472010000005
0.014039591790000005
0.01404469618
0.014049784469999995
0.014054857420000002
0.014059914540000003
0.014064955819999997
0.014069981400000004
0.014074990039999999
0.014079984969999997
0.01408496456
0.01408992794
0.014094876150000001
0.014099809520000001
0.01410472766
0.014109629959999996
0.014114517590000002
0.014119387870000001
0.014124245790000005
0.014129088139999997
0.014133915170000002
0.01413872868
0.014143526209999997
0.014148307529999994
0.014153075689999994
0.014157828660000003
0.014162567659999998
0.014167290819999998
0.014171999820000001
0.01417669492
0.01418137536
0.014186041910000004
0.014190691999999998
0.014195330650000003
0.014199951239999993
0.014204561099999995
0.01420915675
0.01421373793
0.01421830466
0.014222856959999999
0.01422739502
0.014231920650000002
0.01423643135
0.014240926760000001
0.014245410339999993
0.0142498793
0.014254334389999996
0.014258777339999997
0.01426320682
0.01426762261
0.014272023299999999
0.014276412720000003
0.014280787729999996
0.014285148059999999
0.014289496680000003
0.014293832479999997
0.014298153759999998
0.014302462340000004
0.014306757399999996
0.014311039010000002
0.014315308729999998
0.014319564570000004
0.014323807829999997
0.014328040229999998
0.014332257159999999
0.014336462619999997
0.014340654589999996
0.014344833080000001
0.014349001569999999
0.014353155989999998
0.01435729603
0.01436142568
0.01436554103
0.01436964614
0.014373738739999998
0.014377817190000001
0.014381883639999999
0.01438593929
0.01438998238
0.014394012210000003
0.014398030009999998
0.014402036449999997
0.014406028569999998
0.014410010719999998
0.014413979120000002
0.014417937560000003
0.014421883079999998
0.014425815950000006
0.014429738630000005
0.014433648509999997
0.014437546689999995
0.014441432899999997
0.014445306690000001
0.014449170709999999
0.014453022210000001
0.01445686243
0.014460690540000003
0.014464508299999998
0.01446831285
0.014472108
0.014475892050000008
0.014479664009999997
0.014483423190000002
0.014487170970000005
0.014490908750000005
0.01449463495
0.014498349930000003
0.014502055080000003
0.01450574697
0.014509429229999997
0.014513099559999996
0.014516760459999995
0.01452040898
0.01452404737
0.014527674450000002
0.01453129086
0.014534897480000001
0.014538489480000001
0.014542074060000004
0.014545646280000005
0.014549207259999999
0.014552759040000005
0.014556301280000001
0.01455983198
0.014563351850000001
0.014566859190000003
0.014570358030000003
0.01457384719
0.014577325350000008
0.01458079402
0.014584251059999996
0.014587699999999999
0.014591135459999995
0.014594562400000009
0.014597978720000002
0.014601386599999997
0.014604783539999997
0.014608169939999997
0.01461154536
0.014614912070000003
0.014618268810000001
0.014621614930000002
0.014624950219999995
0.014628276939999995
0.014631593769999996
0.014634899409999996
0.014638195299999998
0.0146414825
0.0146447599
0.014648027950000005
0.014651286169999998
0.014654533940000006
0.01465777233
0.014661001029999995
0.014664220160000008
0.014667431279999999
0.014670631459999996
0.014673822139999994
0.014677005280000002
0.014680176930000002
0.014683338649999999
0.014686492720000001
0.014689635570000003
0.014692771129999999
0.014695896620000003
0.014699012370000007
0.01470211902
0.014705217449999997
0.014708304960000005
0.014711385300000001
0.014714454659999994
0.0147175169
0.014720568719999999
0.014723611780000001
0.01472664714
0.01472967178
0.0147326891
0.01473569594
0.014738693859999999
0.014741682770000002
0.014744665639999998
0.014747638169999999
0.014750600769999995
0.014753555759999998
0.014756499989999998
0.014759438050000004
0.01476236744
0.014765287650000004
0.014768198179999999
0.014771102070000004
0.0147739973
0.014776882729999996
0.014779761399999997
0.014782630270000003
0.01478549022
0.014788343909999994
0.01479118732
0.014794023080000005
0.014796851049999993
0.014799669220000002
0.014802479590000002
0.014805283610000003
0.014808077219999998
0.014810864900000005
0.014813641160000002
0.014816412079999994
0.014819174240000005
0.0148219276
0.014824673169999995
0.01482741177
0.014830140700000001
0.014832862609999999
0.014835575440000004
0.014838282190000001
0.014840980180000001
0.014843669579999998
0.014846351489999994
0.014849025360000004
0.014851692089999995
0.014854351270000002
0.014857002759999998
0.014859644890000002
0.014862281020000003
0.014864909299999998
0.014867528610000003
0.01487014113
0.014872746489999998
0.01487534396
0.014877934160000002
0.014880516599999997
0.014883091599999999
0.014885659199999998
0.014888219940000003
0.014890771919999997
0.01489331719
0.01489585428
0.01489838356
0.01490090666
0.014903422590000001
0.014905930769999997
0.014908430770000002
0.014910924500000002
0.0149134103
0.014915890939999996
0.014918363499999998
0.014920828899999993
0.01492328586
0.014925735779999994
0.014928181390000007
0.014930618100000001
0.014933046860000004
0.014935469019999998
0.014937883429999996
0.014940292340000005
0.014942694509999997
0.0149450893
0.014947476280000005
0.014949857580000003
0.014952230490000001
0.014954597379999999
0.014956956529999996
0.014959310769999998
0.014961657339999998
0.01496399661
0.014966328759999998
0.014968654799999998
0.014970974690000003
0.014973287550000006
0.01497559315
0.014977894990000008
0.014980188640000005
0.014982475539999995
0.014984754550000002
0.014987027199999997
0.01498929333
0.014991553860000001
0.014993807319999998
0.014996055809999999
0.014998295819999998
0.015000529850000001
0.01500275867
0.015004981079999993
0.015007195410000002
0.015009404639999996
0.015011607350000001
0.015013803540000002
0.015015994050000002
0.015018176989999998
0.015020353990000002
0.015022526150000002
0.015024691290000001
0.015026848869999998
0.015029001549999997
0.015031146699999996
0.015033286400000002
0.015035419940000001
0.0150375488
0.01503967116
0.01504178573
0.015043895879999993
0.015045999890000002
0.015048097799999998
0.015050190210000002
0.015052274800000003
0.015054354680000001
0.015056428319999997
0.015058497820000002
0.015060559579999999
0.015062615729999998
0.015064664689999998
0.015066709910000002
0.01506874806
0.015070780959999999
0.015072809560000004
0.015074831589999997
0.015076848320000003
0.015078856909999999
0.015080861160000004
0.015082860540000003
0.01508485372
0.015086841509999999
0.01508882278
0.015090799160000001
0.015092768820000005
0.015094734169999999
0.01509669467
0.01509864784
0.015100596190000004
0.015102540260000002
0.015104477179999999
0.015106410099999993
0.015108337400000003
0.015110258199999997
0.01511217395
0.015114083770000002
0.015115988019999997
0.015117887510000004
0.015119780910000002
0.015121669310000006
0.015123551410000002
0.015125430180000005
0.015127303950000002
0.01512917255
0.015131035630000001
0.01513289221
0.015134743630000001
0.015136591439999998
0.015138432370000005
0.015140268000000002
0.015142098539999998
0.015143924229999996
0.015145747190000001
0.01514756218
0.015149372820000001
0.015151178039999998
0.015152978350000002
0.015154773970000004
0.01515656414
0.01515834917
0.015160130239999998
0.015161904119999998
0.015163674519999996
0.01516544127
0.015167202400000001
0.015168959419999994
0.015170710579999998
0.015172457399999999
0.0151741975
0.015175933569999998
0.015177666770000002
0.01517939379
0.015181114799999998
0.015182831900000002
0.015184543290000001
0.015186251470000005
0.015187954439999998
0.01518965289
0.015191347840000001
0.01519303737
0.015194720769999996
0.015196400980000004
0.015198075600000003
0.015199746239999999
0.015201411540000005
0.01520307207
0.015204730009999999
0.015206382429999998
0.015208029770000006
0.015209673940000001
0.015211312049999998
0.015212947620000002
0.015214575589999996
0.015216200209999997
0.015217819989999997
0.01521943672
0.015221047849999997
0.01522265598
0.015224258989999996
0.015225859060000003
0.015227453289999996
0.015229042799999997
0.015230629069999996
0.015232209850000001
0.015233786150000005
0.015235359789999998
0.01523692956
0.015238492919999997
0.015240051840000005
0.015241607390000005
0.015243158400000003
0.015244706389999996
0.015246249270000001
0.015247788279999999
0.015249322219999998
0.015250851889999997
0.015252378899999999
0.015253901519999995
0.015255421540000001
0.015256935809999997
0.015258445939999999
0.015259950259999995
0.01526145228
0.015262950150000003
0.015264442429999999
0.015265932020000005
0.015267418250000006
0.015268901080000001
0.015270378560000002
0.01527185256
0.015273321559999999
0.015274787430000002
0.015276248540000002
0.015277707310000005
0.015279161379999996
0.01528061161
0.015282057740000004
0.015283499040000002
0.015284937509999996
0.01528637303
0.015287803900000002
0.015289231460000004
0.015290655269999995
0.015292072720000001
0.015293489190000004
0.015294899760000001
0.015296308190000002
0.01529771202
0.015299112969999995
0.015300509779999995
0.01530190309
0.01530329211
0.01530467879
0.015306061279999998
0.015307440669999998
0.01530881788
0.015310187780000005
0.015311555999999999
0.015312919159999999
0.015314278400000006
0.015315636499999999
0.015316990600000002
0.01531834176
0.015319686930000003
0.015321029659999999
0.015322369100000002
0.01532370469
0.015325036319999999
0.015326365470000002
0.01532769043
0.015329012189999996
0.015330329679999994
0.015331644389999996
0.015332956590000004
0.015334263970000005
0.015335569459999997
0.015336870239999996
0.015338166709999998
0.015339460830000005
0.015340752930000003
0.015342039319999999
0.01534332441
0.015344604460000001
0.015345881479999997
0.015347155860000003
0.01534842741
0.015349695570000002
0.015350961269999998
0.015352223529999997
0.015353482120000001
0.01535473842
0.015355990550000002
0.015357239699999999
0.015358486060000003
0.015359728390000002
0.015360968820000003
0.015362202960000002
0.015363436199999995
0.01536466407
0.015365890560000005
0.015367114540000002
0.0153683343
0.015369551479999998
0.015370765930000006
0.015371975209999998
0.015373183640000003
0.015374388359999998
0.015375589339999995
0.015376789010000008
0.015377984209999999
0.015379177489999996
0.015380367869999998
0.015381556260000002
0.015382739070000005
0.015383918889999992
0.015385096849999995
0.01538627118
0.015387442160000004
0.015388610270000005
0.015389775600000004
0.015390938449999997
0.015392097989999999
0.015393256109999996
0.015394409919999998
0.015395561830000005
0.015396709790000001
0.015397856079999996
0.015398999220000003
0.01540013827
0.015401276229999993
0.015402410709999995
0.015403542749999999
0.015404670350000003
0.01540579596
0.015406919029999992
0.01540803996
0.015409157059999998
0.015410272470000003
0.01541138338
0.015412491929999996
0.015413598880000004
0.015414703299999999
0.0154158028
0.015416902009999995
0.015417996359999997
0.015419087739999999
0.015420178109999995
0.015421265629999998
0.015422350750000001
0.01542343287
0.015424511950000004
0.015425588849999998
0.01542666236
0.015427733830000002
0.015428804229999999
0.015429869260000001
0.015430934069999997
0.015431995419999995
0.015433054789999994
0.015434111090000003
0.015435166369999998
0.01543621844
0.01543726807
0.01543831389
0.015439356340000002
0.015440397300000006
0.015441436530000005
0.015442471920000004
0.015443506369999997
0.015444539719999999
0.01544556766
0.0154465935
0.015447618000000002
0.015448639519999996
0.015449659299999998
0.015450675230000002
0.01545169144
0.015452703430000003
0.015453712359999998
0.015454720129999999
0.015455724870000005
0.01545672862
0.0154577294
0.015458728159999997
0.015459724099999995
0.015460718039999998
0.015461708460000001
0.01546269719
0.015463683640000002
0.015464667729999998
0.015465649889999999
0.015466629230000003
0.015467605389999998
0.015468580439999999
0.015469552649999998
0.015470522120000002
0.015471491579999998
0.015472455939999996
0.015473420870000002
0.01547438149
0.015475340830000003
0.01547629851
0.015477254119999995
0.015478205390000001
0.015479157800000002
0.015480106890000006
0.01548105282
0.015481995359999999
0.015482938799999998
0.015483877279999995
0.015484814820000001
0.015485749649999998
0.015486683099999999
0.015487613909999998
0.015488544000000003
0.015489470930000004
0.01549039597
0.015491318580000003
0.01549223872
0.015493155909999999
0.015494072670000001
0.015494986309999993
0.015495898569999998
0.015496809279999997
0.015497717879999994
0.015498623669999994
0.015499528380000006
0.015500429730000004
0.015501330370000002
0.01550222794
0.015503124
0.01550401878
0.01550491179
0.015505802089999994
0.015506690349999998
0.015507576609999997
0.01550846086
0.015509344669999996
0.015510224649999998
0.015511102460000002
0.015511978910000002
0.015512854960000006
0.015513727710000001
0.015514598940000004
0.015515468929999996
0.015516336330000002
0.015517200980000003
