0.10650751808
0.04562860210000001
0.03198387996
0.026538567740000005
0.023702244719999998
0.02179568288
0.02032208036
0.019104838359999998
0.018069338100000002
0.01717843622
0.016410085940000003
0.01574873821
0.015181834610000002
0.014698392099999997
0.014288456900000001
0.01394292001
0.013653473439999998
0.013412596529999998
0.013213558419999995
0.013050401019999998
0.012917913779999998
0.012811574929999998
0.012727478969999999
0.01266227947
0.01261310057
0.0125774798
0.012553301009999995
0.012538766049999999
0.012532326770000005
0.012532668159999996
0.01253866636
0.012549368940000001
0.01256396581
0.012581772980000003
0.012602212989999998
0.012624797259999997
0.01264911908
0.012674832910000003
0.012701651100000004
0.012729336420000004
0.012757685029999999
0.012786530890000003
0.012815735519999998
0.01284518233
0.012874775380000002
0.012904436220000003
0.01293409725
0.012963705050000001
0.012993215539999997
0.013022588879999998
0.013051797099999995
0.01308081344
0.013109619630000005
0.01313819662
0.01316653097
0.013194612179999995
0.013222432939999999
0.013249984050000002
0.013277259939999998
0.013304258839999998
0.01333097473
0.01335740674
0.01338355365
0.013409414630000005
0.013434988080000002
0.013460274780000002
0.013485275780000002
0.013509994030000002
0.013534426029999996
0.01355857681
0.013582445079999998
0.013606036660000003
0.013629350200000001
0.013652389990000005
0.013675157420000004
0.01369765551
0.013719883939999997
0.013741848819999998
0.013763551859999999
0.013784995160000004
0.01380618197
0.013827114469999997
0.013847797300000003
0.013868230470000003
0.01388841819
0.0139083641
0.013928070799999996
0.013947540290000003
0.013966775480000002
0.013985780040000001
0.014004556440000007
0.014023107209999998
0.014041437619999996
0.014059545700000002
0.0140774384
0.01409511617
0.014112583219999995
0.01412984128
0.01414689345
0.01416374328
0.014180392350000001
0.014196842520000004
0.014213098769999996
0.014229161030000003
0.014245034
0.01426071885
0.014276217539999995
0.014291535580000004
0.014306672250000001
0.014321630339999997
0.014336413610000003
0.01435102297
0.014365460819999998
0.01437973142
0.014393836100000003
0.014407775289999996
0.014421552139999995
0.014435171010000001
0.014448630379999999
0.01446193371
0.014475083770000003
0.014488082889999998
0.014500933239999996
0.014513634130000003
0.014526191050000003
0.014538603340000003
0.014550872999999997
0.014563004080000002
0.014574996310000003
0.014586853019999999
0.014598574069999995
0.014610163149999997
0.014621621170000005
0.014632950979999998
0.014644152370000002
0.014655227420000002
0.014666179350000001
0.014677007309999998
0.014687715259999998
0.01469830313
0.014708773479999994
0.014719128190000003
0.014729366450000003
0.014739492260000004
0.014749506010000002
0.014759409149999998
0.014769203370000001
0.01477888972
0.014788471019999997
0.014797944669999997
0.014807316389999998
0.014816585979999998
0.014825754999999998
0.014834823539999997
0.014843794020000002
0.01485266661
0.014861443619999996
0.014870126400000001
0.01487871474
0.014887211140000002
0.014895617060000003
0.01490393314
0.014912157859999999
0.0149202958
0.014928347360000005
0.014936313770000004
0.014944194
0.014951990870000003
0.014959706119999997
0.01496733796
0.014974891150000003
0.014982363969999997
0.014989756570000004
0.014997072040000002
0.015004311789999995
0.015011475480000001
0.015018563889999996
0.015025578820000001
0.015032519839999994
0.015039388329999999
0.015046185290000003
0.015052911699999998
0.015059569029999999
0.015066158480000001
0.015072677819999996
0.015079131019999999
0.015085517159999997
0.015091837949999999
0.015098092820000002
0.015104284160000002
0.01511041064
0.015116475670000002
0.015122479430000002
0.01512842047
0.015134303190000002
0.015140123170000002
0.015145885410000002
0.015151588739999994
0.01515723494
0.015162823330000002
0.015168355789999997
0.0151738325
0.015179253000000002
0.01518462124
0.015189934499999997
0.015195193099999995
0.015200398830000003
0.015205554620000006
0.015210657489999994
0.01521570995
0.015220712190000001
0.015225664899999998
0.015230567149999999
0.015235420469999997
0.015240228260000002
0.015244986550000004
0.01524969856
0.015254363790000001
0.015258981609999995
0.01526355645
0.015268084970000002
0.015272569979999998
0.015277009780000001
0.01528140594
0.015285760409999998
0.015290071930000003
0.015294341419999998
0.015298570109999996
0.015302757749999996
0.015306903339999997
0.01531100954
0.015315075949999996
0.015319103309999997
0.015323089949999997
0.015327040259999997
0.01533095335
0.01533482602
0.015338661939999996
0.015342462899999996
0.015346226059999999
0.015349952510000002
0.01535364492
0.015357300940000002
0.015360923220000006
0.015364509989999997
0.015368063359999996
0.015371582850000001
0.015375070070000002
0.015378521949999996
0.01538194286
0.015385331199999998
0.01538868648
0.015392011999999997
0.015395304459999998
0.015398565940000003
0.015401797810000001
0.01540499839
0.015408169530000002
0.015411311680000006
0.01541442252
0.01541750676
0.015420560809999997
0.01542358774
0.015426585639999997
0.01542955637
0.015432498030000002
0.015435413290000002
0.015438302420000003
0.01544116306
0.015443998669999997
0.015446805980000007
0.015449589679999995
0.015452347059999998
0.015455079880000002
0.015457787130000003
0.015460469970000003
0.015463128079999994
0.015465761009999997
0.015468370139999998
0.015470954310000002
0.01547351824
0.015476056149999995
0.015478572750000004
0.015481065230000006
0.015483533889999995
0.015485982469999998
0.015488406689999998
0.01549081156
0.015493193670000006
0.015495553569999996
0.015497894189999998
0.015500212939999997
0.015502511190000002
0.015504787889999998
0.015507043690000005
0.015509280970000004
0.015511497679999996
0.015513694549999998
0.015515873599999997
0.015518031859999998
0.015520170730000003
0.015522291409999993
0.015524393069999998
0.015526476589999998
0.015528541650000003
0.015530587919999998
0.015532616449999995
0.015534628289999996
0.015536622239999999
0.015538598510000006
0.01554055882
0.015542500430000003
0.015544425339999996
0.015546335690000001
0.015548228260000001
0.01555010481
0.015551964940000001
0.015553810590000001
0.01555564057
0.015557453879999994
0.01555925286
0.015561035700000003
0.01556280339
0.015564559520000004
0.01556629877
0.01556802442
0.015569733910000001
0.01557143243
0.01557311566
0.015574784419999996
0.015576440059999997
0.015578083050000002
0.015579711569999998
0.015581328639999996
0.015582931360000003
0.015584522859999998
0.015586100550000002
0.015587666379999999
0.015589219679999995
0.015590761129999998
0.015592291890000004
0.015593808459999999
0.015595314850000007
0.015596811350000003
0.015598294420000002
0.015599767819999999
0.015601229160000002
0.015602680090000003
0.015604120130000003
0.01560555022
0.015606970549999998
0.015608379920000002
0.01560977906
0.015611169130000005
0.015612549319999997
0.015613920319999997
0.01561528016
0.015616633430000002
0.015617974920000001
0.01561930965
0.01562063393
0.01562195083
0.015623259370000002
0.01562455846
0.015625850020000002
0.015627132519999996
0.015628409410000006
0.01562967675000001
0.015630936380000002
0.015632187799999996
0.01563343401
0.015634671289999992
0.015635902239999996
0.015637126329999994
0.01563834293
0.015639552940000002
0.015640757380000002
0.01564195503
0.01564314445
0.01564432919
0.01564550767
0.015646680310000004
0.015647847079999996
0.015649008900000008
0.015650165719999994
0.015651314849999997
0.015652460599999998
0.015653599579999997
0.01565473512
0.0156558652
0.01565699106
0.01565811117
0.01565922758
0.01566033994
0.01566144817
0.015662551429999994
0.01566365229
0.01566474788
0.015665838440000003
0.015666926749999997
0.015668010830000002
0.015669091959999996
0.015670170569999996
0.01567124545
0.0156723164
0.015673385579999997
0.015674451739999998
0.015675513789999998
0.015676574710000005
0.01567763173
0.01567868735
0.01567974104
0.01568079185
0.015681840719999993
0.015682887149999998
0.015683931980000003
0.015684976130000004
0.015686017540000003
0.015687057949999993
0.015688096840000002
0.01568913277
0.015690169030000006
0.015691203829999997
0.015692237939999992
0.01569327003
0.015694301880000004
0.01569533431
0.01569636344
0.015697393189999995
0.015698421420000004
0.015699450259999997
0.015700477980000002
0.01570150683
0.01570253391
0.01570356206
0.015704590070000003
0.01570561826
0.01570664685
0.015707674969999995
0.01570870391
0.01570973406
0.015710762759999997
0.015711793289999998
0.015712824209999997
0.01571385684
0.015714889670000003
0.01571592223
0.01571695896
0.015717993919999996
0.015719030159999998
0.015720069
0.015721107630000005
0.015722150190000006
0.015723191990000007
0.015724235520000004
0.01572528085
0.01572632903
0.01572737742
0.015728430010000002
0.015729481729999998
0.015730536880000003
0.015731594160000008
0.015732652500000003
0.015733713540000003
0.01573477722
0.015735843440000005
0.015736910440000005
0.015737981339999995
0.015739054489999994
0.01574013042
0.01574120884
0.01574228855
0.015743371139999997
0.01574445819
0.01574554786
0.01574663926
0.015747734039999996
0.015748831920000005
0.01574993403999999
0.015751038119999995
0.015752145140000003
0.015753254940000003
0.01575436802
0.01575548442
0.01575660568
0.01575773002
0.015758856169999988
0.01575998764
0.01576112198
0.015762259580000007
0.01576340113
0.015764546850000002
0.01576569553
0.015766848589999997
0.015768005809999996
0.015769165689999996
0.0157703311
0.015771498689999993
0.015772671260000003
0.015773848400000002
0.015775027480000002
0.015776212860000003
0.01577740053
0.0157785941
0.01577979215
0.0157809936
0.01578219938
0.015783409260000006
0.01578462432
0.01578584311
0.01578706712
0.015788294520000003
0.0157895272
0.015790764519999997
0.015792006350000002
0.015793250950000007
0.015794503769999996
0.01579575779
0.015797018139999997
0.015798282819999995
0.015799553050000005
0.01580082732
0.015802106290000003
0.015803389559999995
0.015804679600000003
0.015805972919999994
0.01580727174
0.01580857474
0.01580988171
0.01581119697
0.015812515689999994
0.015813839080000006
0.015815166449999998
0.01581650093
0.01581783866
0.01581918124
0.01582053013
0.01582188391
0.015823242700000004
0.01582460685
0.015825975410000002
0.01582734944
0.015828729920000003
0.015830115420000002
0.015831505569999998
0.01583289913
0.015834300140000004
0.0158357075
0.015837117310000003
0.01583853304
0.0158399543
0.015841380600000003
0.015842812989999996
0.015844250899999995
0.015845693
0.015847140520000004
0.01584859538
0.01585005285
0.015851517760000003
0.015852987849999996
0.015854462890000004
0.015855943949999996
0.015857430720000003
0.01585892207
0.01586041781
0.01586192
0.015863427269999997
0.015864941109999996
0.015866458109999995
0.01586798231
0.01586951215
0.01587104575
0.015872586279999996
0.01587413167
0.01587568405
0.015877240980000002
0.01587880294
0.01588036949
0.01588194336
0.015883520109999997
0.015885103320000003
0.01588669275
0.01588828724
0.015889887880000002
0.015891492680000008
0.01589310253
0.01589471937
0.01589634165
0.015897969989999997
0.015899601429999997
0.015901240670000004
0.015902881900000002
0.015904531679999997
0.0159061853
0.015907844680000005
0.015909510229999996
0.01591118225
0.01591285948
0.015914539320000004
0.015916226619999994
0.015917919200000002
0.015919615680000002
0.015921317899999995
0.015923027559999994
0.015924741389999997
0.015926460910000006
0.01592818485
0.01592991498
0.015931649219999997
0.015933389819999998
0.015935136099999997
0.015936886409999997
0.015938641470000004
0.015940403949999994
0.015942169699999998
0.015943942210000003
0.015945720030000003
0.015947503140000003
0.01594929044
0.015951084389999995
0.015952880949999998
0.01595468379
0.015956492670000003
0.015958306659999998
0.01596012446
0.015961948120000003
0.015963777160000005
0.015965610819999997
0.015967450969999998
0.015969294340000006
0.015971144660000002
0.015972999430000002
0.015974858770000003
0.015976726050000004
0.01597859312
0.01598046843000001
0.01598234816
0.01598423249
0.01598612178
0.015988017370000003
0.015989917069999998
0.015991821690000005
0.015993730650000003
0.01599564513
0.01599756466
0.015999488800000003
0.01600141802
0.016003352369999994
0.016005289779999998
0.01600723291
0.016009179959999998
0.016011132829999997
0.01601309166
0.01601505409
0.01601702178
0.016018994439999996
0.016020971819999997
0.01602295287
0.01602493922
0.016026929840000002
0.016028926290000002
0.01603092546
0.0160329313
0.016034940200000004
0.016036953850000008
0.016038972180000003
0.016040994210000006
0.016043021619999993
0.01604505403
0.01604709152
0.016049132870000003
0.01605117785
0.01605322753
0.016055282040000004
0.016057341860000005
0.016059404819999998
0.016061473170000003
0.01606354443
0.016065620479999997
0.016067701820000006
0.016069786220000003
0.016071877020000003
0.016073969500000004
0.016076066789999996
0.01607816953
0.016080275399999996
0.016082385979999995
0.01608450056
0.016086618410000003
0.016088742200000002
0.016090868079999997
0.016093000859999998
0.0160951364
0.016097273940000004
0.01609941726
0.01610156495
0.01610371612
0.01610587075
0.01610802762
0.016110191720000003
0.01611235858
0.01611452836
0.016116705099999993
0.01611888301
0.016121065130000008
0.016123250869999998
0.016125441699999996
0.0161276354
0.016129833219999997
0.01613203348
0.016134238999999998
0.01613644781
0.016138661880000002
0.01614087535
0.016143097060000004
0.016145321420000004
0.01614754827
0.016149779410000002
0.016152013309999998
0.016154251280000004
0.01615649356
0.016158738279999994
0.016160986760000003
0.016163237929999998
0.01616549274
0.01616775094
0.016170013639999994
0.016172278619999998
0.01617454722
0.01617681885
0.0161790946
0.0161813741
0.016183655709999998
0.016185941859999997
0.01618823128
0.016190523160000008
0.016192818320000003
0.01619511564
0.01619741706
0.016199721169999997
0.016202028500000007
0.016204339109999997
0.016206652620000005
0.016208967819999996
0.016211288039999997
0.016213610720000007
0.01621593657
0.016218263580000003
0.016220595160000004
0.016222928830000007
0.01622526664
0.01622760726
0.01622994952
0.01623229469
0.016234642720000005
0.01623699577
0.016239350160000002
0.01624170748
0.016244066730000003
0.016246428339999994
0.016248794899999995
0.016251162389999997
0.01625353252
0.016255906220000005
0.0162582801
0.016260658770000002
0.01626303914
0.016265422099999996
0.016267806410000002
0.01627019434
0.01627258467
0.016274978130000003
0.016277373359999996
0.01627977187
0.016282169920000006
0.016284571380000005
0.016286975280000004
0.016289382550000002
0.01629179132
0.01629420188
0.016296615400000002
0.016299030809999997
0.01630144755
0.01630386682
0.0163062884
0.016308712740000002
0.016311138970000007
0.016313566539999998
0.0163159953
0.016318426940000005
0.01632086031
0.016323295700000004
0.016325733199999998
0.016328173419999998
0.01633061492
0.016333057419999998
0.016335502029999994
0.01633794816
0.01634039849
0.016342849020000005
0.01634530136
0.016347755109999997
0.016350210750000004
0.01635266682
0.016355125459999998
0.01635758507
0.0163600461
0.01636250922
0.01636497346
0.01636744064999999
0.016369907560000004
0.016372376799999998
0.016374846540000005
0.01637731851
0.016379792940000006
0.016382266410000002
0.016384741989999996
0.016387217909999998
0.01638969698
0.01639217504
0.01639465672
0.016397138420000002
0.016399621520000005
0.01640210512
0.01640458887
0.016407075489999996
0.0164095639
0.016412052509999994
0.0164145422
0.01641703256
0.016419523299999995
0.016422014659999998
0.016424507730000003
0.016427002460000003
0.01642949799
0.016431992580000002
0.01643448974
0.016436987299999997
0.016439485939999995
0.01644198506
0.016444483049999997
0.016446982859999997
0.01644948257
0.016451984780000005
0.01645448512
0.016456988019999997
0.01645949136
0.016461995079999993
0.01646449964
0.016467005120000006
0.01646951102
0.016472015899999998
0.01647452318
0.016477028639999995
0.016479534540000004
0.016482041439999994
0.01648454954
0.01648705684
0.016489563999999998
0.01649207225
0.016494580700000004
0.01649708972
0.01649959918
0.016502107499999998
0.01650461757
0.016507125919999997
0.016509636619999997
0.01651214625999999
0.01651465434
0.0165171638
0.01651967224
0.0165221815
0.01652469136
0.016527201039999998
0.0165297097
0.016532220039999997
0.016534728420000006
0.0165372342
0.0165397436
0.01654225186
0.016544759620000002
0.01654726778
0.01654977467
0.0165522836
0.01655479006
0.016557295799999996
0.016559801460000002
0.01656230763
0.016564813440000003
0.01656731813
0.016569822899999996
0.01657232683
0.01657483006
0.01657733263
0.01657983609
0.01658233765
0.016584838909999997
0.016587339859999998
0.016589840010000002
0.0165923385
0.01659483728
0.01659733498
0.01659983284
0.01660233003
0.01660482533
0.016607320679999992
0.01660981654
0.016612311450000004
0.016614804160000007
0.016617297280000005
0.01661978934
0.016622280439999998
0.016624770600000005
0.016627260940000003
0.016629748229999998
0.01663223624
0.016634722620000004
0.01663720741
0.016639691390000003
0.016642173979999998
0.01664465754
0.016647139350000003
0.016649619590000008
0.016652099500000003
0.01665457731
0.016657056040000014
0.01665953186
0.016662007800000003
0.016664481939999996
0.016666954659999997
0.016669427120000004
0.016671898740000003
0.01667436859
0.016676837589999993
0.016679305440000004
0.01668177198
0.016684237830000007
0.016686701340000006
0.016689163969999997
0.016691626230000006
0.016694086999999996
0.016696546810000008
0.016699006640000003
0.01670146386
0.01670391918
0.016706372759999998
0.01670882596
0.01671127828
0.01671372892
0.016716178680000006
0.016718626439999995
0.016721074669999995
0.016723517959999996
0.016725962039999997
0.0167284054
0.01673084629
0.01673328712
0.016735724360000002
0.01673816052
0.016740596159999996
0.01674303076
0.016745461840000003
0.016747893500000003
0.016750322090000005
0.01675275019
0.01675517654
0.0167576015
0.016760025339999998
0.01676244764
0.016764866139999998
0.01676728531
0.016769704260000004
0.016772120620000008
0.016774533899999996
0.016776947620000003
0.016779358789999997
0.016781769260000003
0.016784177549999994
0.016786584550000004
0.01678899017
0.016791394759999998
0.01679379549
0.016796195889999997
0.0167985951
0.016800990400000004
0.016803385100000002
0.01680577984
0.016808170620000003
0.0168105612
0.016812950119999993
0.016815336400000002
0.016817721580000004
0.016820104820000004
0.016822486880000008
0.01682486786
0.016827247579999996
0.016829626120000003
0.0168320012
0.016834376280000004
0.016836748319999997
0.016839118639999998
