0.10727753228
0.08246084036
0.07126375098
0.06487811602000002
0.059961194860000025
0.05580581376000002
0.05218886446
0.04901775485999999
0.046231859460000004
0.043781518520000014
0.04162376322
0.039720939579999996
0.038039924899999994
0.03655161358000001
0.03523052398000001
0.03405440866
0.03300393334
0.03206234352
0.031215174860000007
0.030449954359999993
0.029755954519999996
0.029123951559999996
0.028546023139999998
0.028015360680000007
0.027526111099999997
0.027073240040000005
0.02665240912
0.026259878799999997
0.02589241474
0.02554722252
0.025221875140000006
0.024914264100000003
0.02462255188
0.024345142280000003
0.02408062884
0.02382778746
0.02358554158
0.02335294232
0.02312915202
0.022913430420000002
0.022705121300000002
0.02250364328
0.02230848152
0.02211917278
0.021935306619999997
0.021756512840000006
0.021582461779999996
0.021412856520000002
0.02124742876
0.02108594268
0.02092817646
0.020773930640000004
0.020623030299999998
0.020475311620000002
0.020330627639999994
0.0201888414
0.020049831460000004
0.01991348386
0.019779695259999997
0.01964837358
0.01951942614
0.01939277482
0.019268344079999992
0.019146063999999997
0.01902587286
0.018907706959999996
0.018791512189999995
0.018677236880000003
0.018564832700000002
0.018454252399999996
0.0183454528
0.018238393569999997
0.018133034569999994
0.018029343089999997
0.01792728122
0.017826819730000002
0.01772792308
0.017630566379999994
0.017534719709999997
0.017440353639999996
0.017347444000000004
0.017255964990000004
0.017165891229999997
0.01707720122999999
0.016989872179999997
0.016903881740000005
0.01681920842
0.01673583552
0.016653736810000003
0.016572893989999997
0.016493292179999997
0.016414911
0.01633773194
0.016261738209999998
0.01618691237
0.01611323737
0.01604069688
0.015969275339999995
0.015898956239999998
0.01582972396
0.01576156528
0.015694460879999993
0.0156284032
0.015563370330000001
0.015499350649999995
0.015436331039999997
0.015374297309999998
0.015313236220000003
0.015253133689999998
0.015193978289999995
0.01513575453
0.015078450880000004
0.015022054420000003
0.014966556129999998
0.014911938669999998
0.014858191219999997
0.01480530376
0.014753262789999997
0.014702057479999999
0.01465167688000001
0.01460210918
0.01455334295
0.014505368110000002
0.014458172679999997
0.014411748810000007
0.014366082419999995
0.014321165919999998
0.01427698766
0.014233535639999996
0.01419080331
0.01414878022
0.014107454169999999
0.014066817770000007
0.014026861570000002
0.013987575529999997
0.013948950259999999
0.01391097723000001
0.013873647819999994
0.013836951940000007
0.013800881809999999
0.01376542784
0.013730582050000002
0.013696336570000002
0.013662681949999995
0.013629610679999994
0.01359711533
0.013565186319999999
0.01353381787000001
0.01350299938
0.013472725399999998
0.01344298641
0.013413776660000001
0.013385087009999996
0.013356913040000005
0.013329243510000002
0.013302074370000002
0.013275398529999998
0.013249206930000002
0.013223494639999998
0.013198251789999995
0.013173474600000002
0.01314915605
0.01312529022
0.013101868660000002
0.013078884709999999
0.01305633471
0.013034209569999997
0.013012506119999998
0.01299121517
0.01297033072
0.012949851449999996
0.012929766570000003
0.01291007198
0.012890761950000005
0.01287183032
0.012853272689999997
0.012835083399999997
0.012817255379999996
0.012799784730000001
0.012782664410000002
0.012765890189999997
0.012749458060000003
0.012733361450000005
0.0127175941
0.01270215381
0.012687034389999997
0.012672231689999997
0.01265773849
0.012643550830000003
0.012629667689999997
0.012616080350000003
0.01260278533
0.012589778569999998
0.012577055250000007
0.012564610969999999
0.01255244214
0.01254054291
0.01252890896
0.012517538509999999
0.0125064258
0.012495568370000003
0.012484959440000006
0.012474594810000001
0.01246447491
0.012454592779999997
0.012444944280000002
0.012435526309999998
0.012426335679999997
0.012417369509999996
0.012408621969999995
0.012400091370000001
0.012391773350000001
0.012383664810000002
0.012375760999999999
0.012368062940000004
0.012360562280000001
0.012353257930000002
0.01234614622
0.01233922385
0.012332488349999995
0.012325937959999998
0.012319567110000002
0.01231337405
0.01230735568
0.01230150915
0.012295830540000002
0.012290318580000001
0.012284971709999998
0.012279784880000002
0.01227475506
0.01226988213
0.012265160370000002
0.01226059011
0.01225616729
0.012251888590000004
0.012247753289999998
0.012243759530000004
0.01223990317
0.012236182850000004
0.012232594799999998
0.012229140190000001
0.012225812199999998
0.012222610940000005
0.012219535419999997
0.01221658041
0.012213746729999999
0.01221103123
0.01220843231
0.012205945089999996
0.012203572359999996
0.012201310599999994
0.01219915536
0.012197107129999994
0.01219516278
0.012193321489999997
0.012191582820000005
0.012189941739999998
0.012188397509999999
0.012186949869999998
0.01218559564
0.012184333370000001
0.012183162369999999
0.01218208089
0.01218108532
0.012180177069999997
0.012179350970000002
0.012178609579999998
0.012177949750000002
0.012177368709999999
0.012176865660000003
0.012176441250000001
0.012176091339999999
0.012175815440000005
0.0121756137
0.012175482649999998
0.012175420000000003
0.01217542881
0.012175503569999994
0.012175646000000007
0.012175852349999995
0.012176121809999997
0.012176455
0.012176850080000001
0.012177304929999997
0.012177817049999998
0.01217838982
0.01217901892
0.01217970397
0.012180444009999998
0.012181237420000001
0.012182083770000001
0.012182981499999997
0.01218393015
0.012184927869999996
0.012185974370000003
0.012187068559999998
0.012188210750000001
0.012189397769999997
0.012190631100000005
0.01219190758
0.01219322684
0.012194589820000004
0.012195993230000002
0.012197437869999996
0.01219892354
0.012200448420000003
0.012202011039999995
0.01220360943
0.01220524537
0.012206919530000002
0.012208627629999998
0.01221036975
0.012212145790000002
0.012213954100000002
0.012215796680000002
0.012217669450000003
0.012219575210000005
0.01222151043
0.012223475130000001
0.01222546955
0.012227492480000001
0.012229543090000001
0.012231621120000001
0.012233726070000004
0.0122358587
0.012238016309999997
0.012240199719999997
0.012242406390000002
0.01224463833
0.01224689323
0.01224916863
0.012251469800000001
0.012253792289999996
0.01225613702
0.012258501840000002
0.012260886960000003
0.012263292169999995
0.012265718030000004
0.01226816232
0.012270626
0.012273107619999996
0.012275606930000005
0.012278123950000002
0.012280658909999999
0.012283209430000004
0.01228577686
0.012288360049999994
0.012290958489999998
0.012293573460000002
0.012296200959999996
0.012298845019999997
0.012301501559999999
0.012304173349999998
0.012306858030000001
0.012309554859999995
0.01231226475
0.012314988099999997
0.012317723179999997
0.012320469890000001
0.012323228519999998
0.012325997870000004
0.012328778480000002
0.012331570739999997
0.012334373050000003
0.01233718447
0.012340006150000003
0.012342838069999997
0.012345678480000004
0.012348529050000001
0.01235138685
0.012354255249999996
0.012357129929999999
0.012360012809999998
0.012362904349999999
0.01236580488
0.012368710629999996
0.012371625749999999
0.01237454571
0.0123774745
0.012380408620000005
0.01238334955
0.01238629684
0.01238924965
0.012392209109999998
0.012395175119999999
0.01239814427
0.0124011184
0.01240409967
0.01240708509
0.012410075200000002
0.01241306914
0.012416069190000004
0.012419072769999998
0.012422080890000003
0.012425091600000002
0.012428106820000001
0.01243112618
0.012434150320000002
0.012437175530000002
0.012440205650000003
0.012443237649999994
0.01244627405
0.012449311900000004
0.01245235478
0.012455397230000003
0.012458444240000002
0.012461493819999997
0.012464544100000004
0.012467598009999999
0.012470652589999997
0.012473709720000004
0.01247676932
0.012479829460000001
0.012482892970000001
0.01248595794
0.012489021999999999
0.012492089430000002
0.012495159039999997
0.012498227869999998
0.012501298949999996
0.012504370400000003
0.012507443039999996
0.012510514609999999
0.012513589120000002
0.012516663559999999
0.012519738510000003
0.01252281428
0.01252588947
0.012528965400000003
0.012532043100000001
0.012535120379999997
0.012538196810000003
0.012541273469999998
0.012544349660000004
0.012547425609999998
0.012550502100000006
0.0125535768
0.012556653170000001
0.012559728920000002
0.012562803559999997
0.012565877629999994
0.012568952609999996
0.012572025620000003
0.012575100419999999
0.012578172000000004
0.012581244109999999
0.01258431511
0.012587384419999998
0.012590452799999999
0.012593519640000002
0.012596585320000003
0.012599652260000004
0.012602716139999996
0.012605779479999994
0.012608841650000003
0.012611901639999996
0.012614962289999998
0.012618019820000008
0.012621077489999999
0.01262413245
0.012627187050000002
0.012630240280000003
0.012633291589999998
0.012636341170000003
0.012639389400000001
0.012642436010000003
0.012645480979999998
0.012648525129999998
0.012651565489999999
0.01265460626
0.012657644030000002
0.012660680599999998
0.012663714860000003
0.012666747929999998
0.012669778440000007
0.012672807410000002
0.012675834579999998
0.012678858750000004
0.01268188095
0.01268490181
0.012687920909999997
0.012690936589999997
0.01269395235
0.012696963330000003
0.012699974509999995
0.0127029824
0.01270598879
0.012708992979999998
0.012711994379999998
0.01271499345
0.012717991250000003
0.01272098669
0.01272397903
0.012726968470000002
0.012729955859999998
0.01273294267
0.012735925399999999
0.012738905629999998
0.01274188375
0.01274485965
0.012747833140000005
0.01275080368
0.01275377307
0.012756739039999998
0.012759702999999997
0.0127626639
0.012765622869999995
0.01276857855
0.012771532100000003
0.012774483060000003
0.012777432109999997
0.01278037861
0.012783321539999996
0.012786261810000003
0.012789201049999997
0.012792137260000001
0.012795069259999996
0.012798001300000002
0.012800927719999997
0.012803853279999998
0.012806775809999999
0.012809695049999998
0.012812611839999996
0.012815526679999996
0.01281843768
0.012821346770000004
0.012824252750000003
0.012827156089999998
0.012830057580000004
0.012832955249999995
0.01283585128
0.012838742399999999
0.012841632980000002
0.012844519899999997
0.012847403580000003
0.012850285279999998
0.012853164180000005
0.012856039310000003
0.012858912689999995
0.01286178328
0.01286464906
0.01286751378
0.012870376169999998
0.012873234820000003
0.012876090369999997
0.01287894385
0.012881795080000001
0.012884642790000003
0.012887486999999998
0.012890327979999998
0.012893168560000001
0.012896004829999998
0.01289883765
0.012901667879999999
0.01290449511
0.012907319859999997
0.012910142260000002
0.01291296283
0.01291577747
0.012918590580000002
0.012921401720000001
0.012924208870000002
0.012927012889999999
0.01292981541
0.012932614070000008
0.012935409970000002
0.012938202639999997
0.012940992709999995
0.01294378028
0.01294656493
0.01294934541
0.012952124789999998
0.012954900580000001
0.012957672819999998
0.012960442320000003
0.012963211009999998
0.012965973309999998
0.01296873381
0.012971491430000006
0.012974247049999998
0.012976999119999997
0.012979747760000002
0.012982493990000003
0.01298523634
0.012987976090000004
0.012990714339999997
0.012993449710000002
0.012996181919999999
0.012998910080000006
0.013001636749999998
0.013004359339999999
0.013007079750000008
0.013009796060000002
0.013012511389999998
0.013015222270000001
0.013017930199999998
0.013020636169999995
0.013023339429999994
0.013026039190000003
0.013028734690000002
0.013031428800000001
0.013034120070000002
0.01303680714
0.0130394936
0.013042174960000001
0.013044855440000003
0.013047532959999998
0.01305020576
0.013052877889999998
0.013055544289999998
0.013058208809999998
0.013060870149999997
0.013063529600000002
0.013066184790000001
0.013068839059999999
0.01307148833
0.01307413592
0.01307678073
0.013079422319999996
0.013082060789999999
0.013084696520000003
0.01308732878
0.013089958789999998
0.013092585430000001
0.013095209129999997
0.013097830900000003
0.013100448119999998
0.01310306392
0.01310567715
0.013108285450000003
0.013110891190000003
0.013113495070000002
0.013116095570000002
0.013118694039999998
0.013121289000000005
0.013123880020000001
0.013126470109999996
0.013129057010000002
0.013131639069999996
0.013134219349999999
0.013136796889999998
0.013139372649999998
0.01314194448
0.01314451402
0.013147078849999995
0.013149641450000003
0.013152202160000006
0.013154759469999997
0.013157313950000003
0.01315986548
0.01316241377
0.013164960139999998
0.013167503939999999
0.013170044529999994
0.013172581189999998
0.013175116429999998
0.013177646509999991
0.013180175259999998
0.013182701579999996
0.013185224760000003
0.013187745540000002
0.013190264069999999
0.013192778249999995
0.013195290279999999
0.01319779914
0.013200305040000002
0.013202808800000005
0.013205308780000003
0.013207806970000003
0.013210301399999999
0.013212793830000003
0.013215282940000002
0.013217770890000001
0.01322025447
0.01322273456
0.013225212509999999
0.013227686270000004
0.013230157029999998
0.01323262752
0.013235093979999996
0.013237558790000003
0.01324001907
0.013242477439999997
0.01324493321
0.013247386019999998
0.013249835779999995
0.013252283379999997
0.01325472779
0.013257170329999998
0.01325960807
0.013262043479999996
0.013264475760000003
0.01326690754
0.01326933394
0.013271759830000006
0.013274181539999999
0.01327660036
0.013279016049999995
0.013281430430000005
0.01328384084
0.01328624864
0.013288654300000006
0.013291057020000002
0.013293456170000006
0.01329585312
0.013298246840000003
0.013300638529999997
0.013303027730000003
0.01330541503
0.013307797949999998
0.013310178459999997
0.013312557209999997
0.013314932080000001
0.013317304830000003
0.013319674979999998
0.013322040389999998
0.013324404989999997
0.013326766529999999
0.013329124690000001
0.01333148056
0.013333834289999996
0.013336185190000002
0.013338532949999992
0.013340877070000002
0.013343219530000004
0.013345559540000001
0.013347895910000001
0.013350230330000004
0.013352563249999998
0.01335489277
0.013357218289999997
0.013359541460000006
0.013361860699999999
0.0133641795
0.01336649471
0.013368808350000004
0.013371118610000001
0.013373425630000001
0.013375728570000002
0.013378031360000002
0.013380330089999996
0.013382627099999997
0.013384921029999998
0.013387211709999996
0.013389500420000002
0.013391787519999998
0.013394072899999996
0.013396353720000002
0.013398632910000001
0.013400909319999998
0.013403182260000002
0.013405452279999997
0.013407720880000005
0.013409984409999999
0.013412246200000002
0.013414505129999999
0.013416762460000004
0.013419016390000003
0.013421268600000001
0.01342351832
0.013425763989999997
0.013428008370000001
0.013430249320000006
0.01343248807
0.01343472339
0.013436956520000001
0.013439186949999994
0.01344141406
0.013443640420000003
0.013445863969999996
0.01344808341
0.013450301669999998
0.013452517010000003
0.013454730030000002
0.01345694006
0.013459147530000002
0.013461352299999998
0.013463554569999998
0.013465755020000003
0.01346795254999999
0.013470145949999996
0.013472338610000002
0.013474528990000005
0.013476716269999998
0.01347890172
0.013481082919999996
0.013483261529999997
0.013485439480000002
0.01348761363
0.013489785279999994
0.013491954270000004
0.013494120670000005
0.013496284139999998
0.013498444869999997
0.013500603799999997
0.013502760580000004
0.013504913139999998
0.013507065320000003
0.01350921379
0.013511359219999996
0.013513502859999997
0.013515644040000004
0.01351778178
0.013519918469999998
0.013522052279999995
0.01352418382
0.013526312059999997
0.013528439259999999
0.01353056239
0.01353268386
0.013534803200000002
0.013536920000000003
0.013539033070000001
0.013541145010000002
0.013543252560000003
0.013545358739999997
0.01354746353
0.01354956477
0.01355166318
0.013553759879999999
0.0135558541
0.013557944849999996
0.01356003329
0.013562119899999996
0.013564204160000004
0.013566286090000004
0.013568364810000004
0.013570440469999999
0.013572514580000004
0.013574586739999998
0.013576656579999999
0.013578724249999997
0.013580789520000002
0.013582852000000008
0.013584911249999996
0.013586968139999999
0.013589022649999996
0.013591075619999997
0.013593124909999994
0.013595174639999999
0.013597219280000001
0.013599261889999999
0.013601302180000004
0.013603340109999995
0.013605375409999995
0.01360740866
0.01360943926
0.013611467400000004
0.013613493760000001
0.01361551696
0.013617537889999996
0.013619557119999999
0.013621573299999998
0.01362358778
0.013625599979999998
0.013627609850000002
0.013629617230000002
0.013631621500000001
0.013633623300000003
0.01363562378
0.013637620639999999
0.013639615520000004
0.013641608070000002
0.013643599370000002
0.013645587729999997
0.01364757269
0.013649557110000004
0.013651537719999997
0.013653516840000005
0.01365549351
0.013657467669999996
0.01365944018
0.01366141076
0.01366337872
0.01366534444
0.013667306559999998
0.013669266780000001
0.013671224599999999
0.013673181699999998
0.01367513424
0.013677084929999996
0.013679034390000002
0.013680981809999994
0.013682926110000004
0.013684867350000001
0.013686807429999996
0.013688744050000002
0.013690679170000004
0.013692612640000008
0.013694544020000001
0.01369647145
0.013698395629999997
0.013700320160000001
0.01370224124
0.013704159600000002
0.013706077130000008
0.013707990559999996
0.013709903289999999
0.01371181451
0.013713722959999997
0.01371562867
0.013717531129999998
0.013719431780000003
0.013721329919999999
0.013723226900000001
0.013725120620000005
0.013727012739999997
0.01372890293
0.013730789620000003
0.01373267486
0.013734559560000002
0.013736440599999997
0.013738319520000004
0.013740196539999996
0.013742071420000003
0.013743943360000002
0.013745813430000002
0.013747681049999998
0.01374954758
0.01375141073
0.01375327249
0.01375513236
0.013756987880000005
0.013758843749999996
0.013760697069999996
0.013762546610000002
0.013764394499999999
0.013766241179999996
0.013768085020000001
0.013769927049999998
0.01377176654
0.01377360397
0.013775439099999998
0.013777272460000005
0.013779103190000004
0.013780932189999998
0.013782759160000001
0.01378458225
0.013786404160000003
0.013788224449999999
0.013790042729999999
0.013791859409999996
0.01379367305
0.01379548387
0.013797293339999999
0.013799100709999998
0.01380090606
0.01380270853
0.013804509250000001
0.013806308109999998
0.013808104520000001
0.013809899359999997
0.013811691910000002
0.01381348203
0.01381527061
0.013817056790000002
0.013818840309999999
0.013820622139999999
0.013822401719999999
0.013824179019999999
0.013825954779999998
0.01382772804000001
0.013829499010000001
0.01383126967
0.01383303691
0.013834802620000005
0.0138365649
0.013838325950000003
0.013840084899999999
0.01384184144
0.01384359679
0.013845350260000002
0.013847100089999998
0.01384884902
0.013850597260000003
0.013852340709999996
0.013854084200000004
0.0138558246
0.01385756316
0.013859298549999996
0.013861032950000003
0.01386276416
0.013864495380000003
0.013866223530000001
0.013867949860000001
0.013869673690000002
0.013871395989999997
0.013873116080000003
0.013874833770000001
0.013876549
0.013878262500000002
0.013879975129999994
0.013881685499999998
0.013883393470000005
0.01388509857
0.013886803520000001
0.01388850456
0.013890204609999998
0.013891902570000003
0.013893598810000003
0.0138952934
