0.10522292784000001
0.08384670043999998
0.07272126200000002
0.06707582001999998
0.06298435206
0.05940597188
0.05616046962000002
0.053200874
0.05050185654000001
0.04804316147999999
0.045806538339999994
0.04377483058000001
0.04193160343999999
0.04026102163999999
0.038747873520000004
0.03737761168
0.036136470960000014
0.03501151262
0.03399073178000001
0.03306305015999999
0.03221836658000001
0.0314475176
0.030742257139999996
0.03009521434
0.029499827559999994
0.02895027609999999
0.02844142166
0.027968742439999996
0.027528247900000004
0.02711644209999999
0.026730252799999996
0.026366979920000005
0.026024254700000006
0.02569998846
0.025392356
0.025099736959999997
0.024820710859999994
0.024554023959999994
0.02429855936
0.0240533344
0.023817477420000014
0.023590216719999998
0.02337085450000001
0.023158777060000003
0.02295343762
0.022754340619999994
0.022561047860000003
0.022373159459999993
0.022190323379999998
0.022012219619999995
0.021838554079999996
0.02166907106
0.021503529919999997
0.021341718139999997
0.021183439560000003
0.021028521059999992
0.02087679574
0.02072811866
0.02058235492
0.02043938262
0.02029908676
0.0201613652
0.0200261201
0.019893265179999998
0.019762720079999994
0.0196344088
0.019508260920000003
0.019384213900000002
0.01926220278
0.019142179000000002
0.0190240865
0.018907873100000007
0.018793497660000005
0.0186809165
0.018570089960000005
0.01846098102
0.018353550139999997
0.01824776606
0.0181435974
0.01804101027
0.017939978909999998
0.0178404775
0.017742474649999996
0.0176459488
0.01755087438
0.017457228459999998
0.017364987520000007
0.017274131800000002
0.017184638960000005
0.017096490790000002
0.017009664610000003
0.016924143150000005
0.01683990742
0.016756938199999995
0.01667522038
0.016594736159999998
0.016515467600000003
0.01643739576
0.016360507920000003
0.016284786830000002
0.016210217420000003
0.016136784469999995
0.016064472079999996
0.015993264119999996
0.015923148180000003
0.015854108689999997
0.015786129779999998
0.015719201560000003
0.0156533056
0.015588432789999997
0.01552456208
0.015461685589999998
0.015399789930000001
0.0153388609
0.015278886479999998
0.015219852649999997
0.015161747600000003
0.015104558570000004
0.015048273599999995
0.01499288038
0.014938367239999995
0.014884719079999999
0.014831929160000002
0.01477998427
0.014728869529999997
0.014678578660000005
0.014629097940000002
0.01458041653
0.01453252181
0.014485406779999998
0.014439057029999997
0.0143934667
0.01434862109
0.014304512140000001
0.014261129779999998
0.0142184634
0.014176502410000005
0.01413523827
0.014094660519999998
0.014054759460000005
0.014015528599999995
0.013976955649999998
0.013939031389999999
0.013901747919999999
0.013865098120000008
0.013829068580000001
0.013793653499999996
0.013758845600000007
0.01372463451
0.013691011559999997
0.013657969579999993
0.01362550006
0.013593593109999998
0.013562242370000002
0.013531441729999998
0.013501179360000006
0.013471454430000003
0.01344225294
0.01341356818
0.013385396649999994
0.013357725970000001
0.013330551239999997
0.01330386538
0.013277662259999998
0.013251933220000001
0.01322667516
0.013201874350000002
0.013177531589999998
0.01315363721
0.013130182449999996
0.013107164629999996
0.013084575219999998
0.013062408039999997
0.013040656989999996
0.013019316819999998
0.01299837945
0.01297784181
0.01295769489
0.01293793641
0.012918557669999997
0.012899553480000003
0.012880920010000003
0.01286265148
0.01284474078
0.012827182869999999
0.012809972999999999
0.01279310563
0.012776576080000004
0.01276037879
0.01274450817
0.012728960269999999
0.01271372969
0.012698812070000001
0.012684201840000003
0.012669895229999999
0.012655888139999998
0.012642174459999999
0.012628749549999999
0.012615610639999999
0.01260275209
0.012590168609999997
0.01257785712
0.01256581374
0.012554031839999997
0.012542512090000003
0.012531246869999998
0.012520232669999997
0.012509466639999998
0.01249894272
0.01248865768
0.01247861064
0.012468795490000004
0.012459206260000001
0.01244984435
0.012440702399999998
0.01243177874
0.012423068610000006
0.012414569500000004
0.012406276999999999
0.012398190009999999
0.012390303109999995
0.012382613209999997
0.01237511709
0.01236781207
0.012360696640000002
0.01235376546
0.012347017109999995
0.012340447780000003
0.012334053050000005
0.012327832510000004
0.012321781459999997
0.012315896890000002
0.012310178370000003
0.012304621800000002
0.012299223179999999
0.012293982940000003
0.012288895959999999
0.012283959319999998
0.012279172870000004
0.012274533809999998
0.012270036860000005
0.012265681129999997
0.01226146757
0.012257388969999998
0.012253446130000003
0.01224963267
0.012245951599999997
0.012242396889999998
0.0122389675
0.012235662009999999
0.012232477480000004
0.01222941214
0.012226465209999999
0.012223633599999997
0.012220914729999997
0.01221830478
0.012215806860000004
0.012213415330000001
0.012211128910000002
0.0122089485
0.012206868659999998
0.012204890340000003
0.012203007690000003
0.01220122233
0.012199532459999997
0.012197935989999999
0.012196431449999996
0.01219501689
0.012193690700000004
0.012192450940000002
0.012191297120000001
0.012190226070000003
0.012189238409999999
0.012188331289999998
0.012187503269999997
0.012186753509999997
0.01218607863
0.012185480769999996
0.012184955490000003
0.012184502790000001
0.012184122379999997
0.012183811769999999
0.01218357016
0.012183395240000004
0.012183285379999995
0.01218324106
0.012183259759999995
0.01218334226
0.012183485669999996
0.012183690170000004
0.012183953090000001
0.012184273189999999
0.012184650969999999
0.012185084970000003
0.012185573900000001
0.012186116239999998
0.01218671015
0.012187358089999996
0.012188055180000004
0.01218880344
0.01218959978
0.012190444049999995
0.012191335820000005
0.01219227282
0.012193255730000001
0.012194283479999998
0.012195355129999997
0.01219646942
0.012197624789999997
0.012198822250000001
0.012200059919999999
0.01220133777
0.012202653379999998
0.012204008150000003
0.01220539741
0.012206825289999999
0.012208288980000002
0.012209787299999997
0.012211320030000002
0.012212887640000001
0.012214487740000002
0.01221611997
0.012217784249999999
0.012219479509999999
0.012221206149999999
0.012222962039999997
0.0122247475
0.012226561599999996
0.012228403880000002
0.012230272970000003
0.012232170019999997
0.01223409341
0.01223604149
0.012238015960000001
0.012240014830000001
0.012242039310000001
0.012244085259999999
0.012246155339999995
0.012248248889999995
0.0122503646
0.012252501920000006
0.012254661439999997
0.012256841330000004
0.012259041689999998
0.012261262149999999
0.012263502829999997
0.01226576369
0.01226804195
0.012270339590000004
0.012272654770000002
0.012274986919999994
0.01227733755
0.01227970458
0.012282088590000002
0.012284487450000001
0.012286901900000001
0.01228933428
0.01229177971
0.012294239789999996
0.012296715379999996
0.01229920306
0.012301706869999998
0.012304222530000002
0.01230675136
0.01230929369
0.012311848189999997
0.01231441473
0.012316994590000003
0.012319584709999998
0.012322187310000001
0.012324801229999998
0.01232742594
0.012330061209999998
0.012332706499999999
0.012335361759999995
0.01233802667
0.01234070098
0.012343385519999998
0.01234607851
0.012348780550000002
0.012351492220000003
0.012354210720000001
0.012356938250000005
0.012359674390000002
0.012362416950000005
0.012365168670000003
0.012367926829999997
0.012370692419999997
0.012373465160000001
0.01237624308
0.01237902985
0.012381823330000007
0.012384622399999996
0.012387426810000001
0.01239023784
0.012393054720000003
0.012395877330000003
0.01239870505
0.0124015388
0.012404376359999995
0.012407220359999997
0.01241006818
0.012412921520000002
0.012415779439999998
0.012418641029999997
0.01242150763
0.012424378199999999
0.012427253300000003
0.01243013048
0.012433013149999998
0.012435897450000002
0.01243878593
0.012441677339999995
0.012444572239999998
0.012447471319999999
0.012450373679999998
0.012453277159999998
0.012456184409999998
0.012459094240000001
0.012462007379999997
0.012464920610000008
0.012467837520000002
0.01247075651
0.012473677090000001
0.012476601720000001
0.01247952561
0.012482453760000001
0.01248538248
0.012488313559999999
0.012491245830000003
0.01249417841
0.012497113809999998
0.012500051029999992
0.0125029896
0.012505928279999998
0.01250887014
0.012511809620000001
0.012514752289999997
0.012517695720000006
0.012520639290000003
0.012523584170000001
0.012526528700000001
0.012529474570000003
0.01253242069
0.01253536876
0.012538316539999999
0.012541264670000002
0.012544211770000004
0.012547160259999994
0.01255010842
0.012553058019999999
0.01255600684
0.012558954319999998
0.012561903959999995
0.012564852209999998
0.01256780047
0.012570748689999998
0.012573695630000006
0.012576643349999998
0.01257959186
0.0125825384
0.012585485930000005
0.012588431150000003
0.01259137725
0.012594321040000002
0.012597265950000002
0.01260020951
0.012603151919999998
0.01260609281
0.012609033950000001
0.012611974149999998
0.012614913219999994
0.012617851700000002
0.012620789689999997
0.012623726079999998
0.012626661380000001
0.012629596279999999
0.012632530099999999
0.01263546314
0.012638393849999999
0.01264132435
0.012644253299999996
0.012647182649999998
0.012650109339999995
0.012653034639999998
0.012655959009999997
0.01265888129
0.01266180305
0.012664723600000007
0.012667641779999999
0.012670558859999993
0.0126734736
0.012676386979999999
0.012679299700000002
0.012682210840000001
0.012685119260000004
0.012688028249999999
0.01269093453
0.01269383913
0.012696741779999998
0.012699644079999994
0.012702542950000005
0.012705441869999999
0.012708338239999997
0.012711231860000003
0.012714125079999994
0.01271701484
0.012719903920000003
0.012722790990000002
0.0127256769
0.012728560119999996
0.01273144234
0.012734322579999999
0.012737201120000001
0.012740076890000002
0.012742950199999999
0.012745823369999998
0.012748693370000001
0.012751560780000002
0.012754427370000003
0.012757292009999997
0.01276015433
0.012763014229999998
0.012765871389999999
0.01276872764
0.0127715816
0.01277443441
0.012777285320000003
0.012780133339999998
0.012782979210000003
0.012785822310000004
0.01278866454
0.012791503659999997
0.012794341260000001
0.012797175940000002
0.012800008580000001
0.012802839770000003
0.012805668329999999
0.012808494719999997
0.012811319910000006
0.012814141270000003
0.012816961130000002
0.012819779020000002
0.012822594830000002
0.012825408060000001
0.012828218169999996
0.012831026090000001
0.012833831749999998
0.01283663747
0.012839438769999998
0.012842238119999998
0.012845034600000001
0.012847830809999995
0.012850622480000004
0.012853412900000001
0.012856200480000001
0.0128589863
0.012861770549999995
0.012864552040000006
0.012867330359999998
0.01287010524
0.012872878800000001
0.012875650919999997
0.012878419550000002
0.012881186669999998
0.012883951829999997
0.01288671386
0.012889473029999998
0.01289223067
0.01289498586
0.01289773884
0.012900490019999997
0.012903237679999999
0.012905982560000003
0.012908725880000003
0.012911466329999994
0.012914204739999999
0.012916940240000003
0.01291967264
0.012922404540000001
0.012925131250000001
0.012927858789999998
0.012930581079999998
0.012933302629999997
0.012936018640000001
0.012938734590000006
0.012941447750000001
0.01294416075
0.012946869689999998
0.012949577330000002
0.012952281400000003
0.012954982209999992
0.0129576817
0.012960378720000004
0.01296307358
0.012965766789999998
0.012968456119999998
0.012971142790000003
0.01297382893
0.012976511410000002
0.012979191119999995
0.012981867059999999
0.012984540499999992
0.012987213059999997
0.012989881910000002
0.01299254892
0.012995213620000003
0.012997876270000002
0.01300053483
0.013003192250000004
0.01300584599
0.013008497809999998
0.013011147579999998
0.013013794579999993
0.013016439830000004
0.013019081399999998
0.01302172175
0.01302435915
0.013026993699999998
0.01302962485
0.013032254169999997
0.013034881949999999
0.01303750689
0.013040129310000002
0.013042749630000003
0.013045367430000001
0.013047981040000003
0.013050594270000002
0.013053204029999998
0.013055811059999999
0.0130584159
0.013061019039999996
0.013063618959999999
0.01306621594
0.013068810839999999
0.01307140349
0.013073992089999997
0.013076579909999999
0.013079164020000004
0.013081746610000002
0.013084327859999998
0.01308690635
0.01308948084
0.013092054200000003
0.013094624700000002
0.013097192049999998
0.013099757229999998
0.0131023205
0.013104879809999996
0.013107437540000003
0.013109992930000001
0.013112545409999994
0.01311509561
0.013117643450000003
0.013120188949999998
0.013122732090000002
0.01312527307
0.013127810729999993
0.013130345140000005
0.013132877980000002
0.013135408870000002
0.01313793622
0.013140460999999999
0.013142983609999997
0.013145503570000003
0.01314802264
0.013150538059999996
0.013153050500000001
0.013155561119999997
0.013158069069999995
0.01316057421
0.013163076739999996
0.013165576930000008
0.013168075529999998
0.013170572359999999
0.013173065869999995
0.013175556229999998
0.013178043200000005
0.013180530599999995
0.013183013960000003
0.013185494750000004
0.01318797304
0.013190449609999995
0.013192922959999995
0.01319539526
0.013197863469999994
0.013200329689999995
0.013202793769999999
0.013205254099999994
0.013207713690000001
0.013210170490000001
0.013212624650000004
0.013215076130000003
0.01321752583
0.01321997058
0.013222415849999995
0.013224855530000006
0.013227294870000001
0.013229731980000003
0.01323216593
0.013234597909999996
0.013237027660000001
0.013239453959999998
0.013241878690000004
0.01324430062
0.013246720290000003
0.01324913724
0.013251551339999999
0.013253962980000002
0.013256372849999998
0.013258778489999996
0.013261184080000002
0.013263585400000001
0.01326598489
0.01326838227
0.013270776979999996
0.013273169749999996
0.013275559400000001
0.013277946500000004
0.013280332199999996
0.013282715619999998
0.013285095220000001
0.013287473460000001
0.013289849869999999
0.013292223409999996
0.01329459449
0.01329696264
0.013299328749999999
0.01330169248
0.013304053190000003
0.013306411950000001
0.01330876961
0.01331112304
0.013313474749999998
0.013315823599999999
0.013318169630000003
0.013320514259999996
0.013322856119999997
0.01332519573
0.01332753396
0.013329868580000005
0.013332201010000004
0.013334531100000001
0.013336857919999999
0.013339183030000003
0.013341505310000001
0.013343826170000003
0.013346144390000002
0.013348460150000001
0.0133507741
0.01335308612
0.013355394260000002
0.013357701590000002
0.013360005860000001
0.01336230727
0.013364605210000005
0.013366902349999998
0.013369196379999998
0.0133714884
0.013373777139999998
0.013376064149999999
0.01337834856
0.013380632259999994
0.013382911820000001
0.013385190430000004
0.013387466450000001
0.013389740239999996
0.013392010139999999
0.013394278700000007
0.01339654576
0.013398810360000003
0.013401071480000002
0.013403330339999995
0.01340558578
0.013407840029999996
0.013410091229999999
0.013412341600000002
0.01341458778
0.013416831999999998
0.013419075639999995
0.013421315409999999
0.013423554280000003
0.013425791610000001
0.01342802408
0.013430256130000002
0.01343248501
0.013434711250000002
0.01343693576
0.013439158689999998
0.01344137861
0.013443594859999998
0.013445810100000002
0.013448022199999998
0.013450231969999997
0.0134524403
0.013454646399999999
0.013456851050000001
0.013459052469999996
0.01346125137
0.013463448000000005
0.01346564308
0.013467834390000002
0.0134700255
0.01347221308
0.01347439885
0.013476582350000002
0.013478763449999997
0.013480942740000003
0.01348311864
0.013485293619999998
0.013487464150000007
0.013489633219999995
0.013491799429999993
0.013493965200000005
0.013496127450000001
0.013498287909999997
0.013500446479999999
0.013502602320000001
0.013504755289999996
0.013506907000000002
0.013509055259999998
0.01351120246
0.013513346780000001
0.013515488190000001
0.01351762911
0.013519766220000005
0.013521902430000001
0.013524036729999998
0.013526168249999996
0.013528296950000001
0.013530423850000002
0.01353254838
0.013534671299999993
0.013536791100000006
0.013538908250000002
0.01354102425
0.01354313713
0.013545248099999994
0.013547356749999994
0.013549463029999995
0.013551567
0.013553669349999997
0.01355576875
0.01355786682
0.013559964030000003
0.013562056740000003
0.013564148349999998
0.013566237560000003
0.013568324959999996
0.013570409920000002
0.013572492490000001
0.013574572209999998
0.013576649739999997
0.013578726440000001
0.013580800089999996
0.013582871380000002
0.013584940540000002
0.01358700757
0.013589072849999995
0.013591135090000001
0.013593194980000002
0.013595254170000001
0.01359731015
0.013599365730000009
0.01360141754
0.01360346543
0.013605514110000001
0.013607559989999997
0.013609603429999997
0.01361164548
0.01361368331
0.01361571915
0.013617753609999998
0.013619785499999995
0.01362181491
0.013623844389999999
0.013625870870000003
0.013627894929999997
0.01362991674
0.013631936379999997
0.01363395404
0.013635969219999999
0.013637982950000007
0.013639992679999997
0.013642002559999993
0.013644010160000003
0.01364601417
0.013648015689999998
0.013650015130000002
0.013652014059999995
0.013654009670000005
0.013656004639999997
0.01365799668
0.013659988070000007
0.01366197635
0.01366396338
0.013665947070000004
0.013667928540000006
0.013669908459999998
0.01367188648
0.013673862480000003
0.013675836260000001
0.013677806329999995
0.013679775599999998
0.01368174354
0.013683707199999999
0.01368566974
0.01368763019
0.013689588469999993
0.013691544880000007
0.01369349987
0.013695451680000005
0.013697401520000003
0.013699350349999997
0.013701295630000004
0.013703239380000004
0.013705180669999997
0.013707121849999997
0.0137090588
0.01371099515
0.013712929620000001
0.01371486123
0.013716790719999997
0.013718718399999998
0.01372064471
0.013722569319999997
0.013724490230000002
0.013726408679999993
0.013728326570000003
0.01373024206
0.01373215537
0.013734066239999993
0.013735975210000003
0.013737882370000003
0.01373978849
0.013741691510000001
0.013743593379999997
0.013745492220000004
0.013747388480000003
0.013749283460000001
0.0137511763
0.013753067399999996
0.01375495676
0.013756845230000007
0.013758729769999999
0.01376061296
0.013762493999999997
0.01376437354
0.013766250079999995
0.013768125189999997
0.013769998230000004
0.013771869949999994
0.013773739719999997
0.013775606789999999
0.013777472289999997
0.01377933728
0.013781198439999993
0.013783056710000002
0.013784914170000002
0.013786769409999997
0.01378862272
0.013790474060000002
0.01379232459
0.013794172620000003
0.01379601871
0.013797860960000002
0.013799702629999999
0.01380154238
0.013803381049999999
0.013805217620000003
0.013807050410000004
0.013808883950000002
0.013810714209999997
0.013812542320000003
0.013814369140000005
0.013816192760000002
0.01381801604
0.013819835010000005
0.013821652899999998
0.013823469269999994
0.013825283149999994
0.013827096369999996
0.013828907840000002
0.013830717279999998
0.013832524389999996
0.013834329170000007
0.01383613196
0.01383793327
0.013839733269999994
0.013841530060000001
0.013843325409999998
0.01384511873
0.013846909900000003
0.013848700069999999
0.01385048805
0.013852272289999999
0.013854056739999994
0.013855838600000002
0.013857618900000004
0.013859397869999995
0.013861175399999995
