(0.08787207 0.08562015 0.08376396 0.08224523 0.081000514 0.07996998 0.07910228
 0.07835583 0.07769841 0.077105895 0.07656035 0.07604867 0.07556149 0.07509186
 0.07463478 0.074186586 0.07374445 0.073306404 0.07287078 0.0724364 0.07200218
 0.07156745 0.071131505 0.07069386 0.07025402 0.06981164 0.069366425
 0.068918034 0.06846634 0.068011105 0.06755221 0.06708953 0.06662292 0.06615243
 0.065677896 0.065199405 0.06471694 0.064230576 0.06374032 0.06324635 0.0627486
 0.062247407 0.06174281 0.061234966 0.06072417 0.06021055 0.0596944 0.059175905
 0.0586554 0.058133144 0.057609387 0.057084475 0.05655873 0.056032524
 0.055506118 0.054979846 0.054454137 0.053929236 0.053405605 0.05288352
 0.052363332 0.05184545 0.051330075 0.05081767 0.05030853 0.049802933
 0.049301237 0.04880367 0.04831053 0.047822125 0.047338653 0.046860386
 0.046387546 0.045920305 0.045458894 0.045003448 0.044554155 0.04411116
 0.04367456 0.043244477 0.042820994 0.042404216 0.04199421 0.041591004
 0.04119462 0.040805135 0.040422518 0.04004679 0.039677914 0.039315864
 0.038960677 0.03861222 0.038270503 0.037935443 0.037607007 0.037285063
 0.036969595 0.0366605 0.036357686 0.03606108 0.035770554 0.03548603
 0.035207417 0.0349346 0.03466748 0.034405958 0.034149908 0.033899214
 0.033653803 0.03341351 0.033178285 0.032947987 0.032722533 0.032501787
 0.032285653 0.03207403 0.031866796 0.03166387 0.031465117 0.03127046
 0.031079814 0.030893061 0.030710109 0.030530864 0.030355232 0.030183133
 0.030014463 0.02984913 0.029687071 0.02952819 0.029372424 0.029219681
 0.029069863 0.028922927 0.028778784 0.028637355 0.028498577 0.028362392
 0.02822871 0.028097486 0.027968649 0.027842127 0.027717875 0.027595848
 0.027475959 0.027358176 0.027242437 0.02712868 0.027016858 0.026906932
 0.026798844 0.026692549 0.02658802 0.026485179 0.02638401 0.026284458
 0.026186481 0.02609006 0.025995124 0.025901673 0.025809646 0.025719004
 0.02562973 0.025541792 0.025455123 0.025369726 0.025285577 0.025202604
 0.025120813 0.025040189 0.024960661 0.024882216 0.024804836 0.024728505
 0.02465319 0.024578864 0.024505518 0.024433112 0.02436165 0.024291087
 0.0242214 0.024152596 0.024084615 0.024017457 0.023951117 0.023885569
 0.02382079 0.023756746 0.023693455 0.023630891 0.023569038 0.023507856
 0.023447366 0.023387533 0.023328362 0.023269795 0.023211874 0.023154557
 0.023097845 0.023041697 0.022986135 0.022931123 0.022876658 0.022822736
 0.022769334 0.022716453 0.022664074 0.022612201 0.022560807 0.022509888
 0.02245945 0.02240947 0.022359924 0.022310821 0.022262156 0.022213923
 0.022166101 0.022118682 0.022071665 0.022025045 0.021978818 0.021932954
 0.021887505 0.021842398 0.02179763 0.021753248 0.021709198 0.021665495
 0.021622123 0.021579083 0.021536373 0.021493975 0.021451904 0.021410126
 0.021368654 0.021327488 0.021286612 0.021246027 0.02120573 0.021165704
 0.021125961 0.021086482 0.02104727 0.021008324 0.020969627 0.02093119
 0.020893004 0.020855067 0.020817358 0.020779898 0.020742659 0.020705666
 0.02066891 0.020632362 0.02059606 0.020559946 0.020524066 0.020488394
 0.020452926 0.020417688 0.020382628 0.020347783 0.020313129 0.020278687
 0.02024442 0.020210356 0.020176476 0.020142779 0.02010928 0.020075941
 0.02004279 0.020009821 0.019977024 0.019944401 0.019911936 0.019879648
 0.01984753 0.019815592 0.019783791 0.019752156 0.01972068 0.01968938
 0.019658212 0.019627208 0.019596344 0.019565627 0.019535068 0.019504644
 0.019474374 0.019444235 0.019414255 0.019384408 0.0193547 0.019325135
 0.019295689 0.019266406 0.019237228 0.0192082 0.019179286 0.019150516
 0.019121867 0.019093331 0.019064939 0.019036653 0.0190085 0.018980479
 0.018952573 0.018924784 0.018897122 0.018869575 0.018842146 0.018814838
 0.018787634 0.01876054 0.018733565 0.01870669 0.018679932 0.018653283
 0.018626744 0.018600302 0.01857397 0.018547751 0.018521639 0.018495632
 0.018469723 0.018443923 0.01841822 0.018392617 0.018367123 0.01834172
 0.018316414 0.018291209 0.018266104 0.018241083 0.018216167 0.018191341
 0.018166615 0.018141976 0.018117439 0.018092982 0.01806863 0.018044356
 0.01802018 0.017996088 0.017972087 0.01794817 0.01792435 0.017900612
 0.017876955 0.017853394 0.017829917 0.017806517 0.017783219 0.017759988
 0.017736854 0.017713794 0.017690819 0.017667927 0.01764511 0.017622383
 0.017599724 0.01757715 0.017554658 0.017532252 0.017509911 0.017487658
 0.017465478 0.017443372 0.017421344 0.017399393 0.017377527 0.01735573
 0.017334001 0.017312359 0.017290784 0.01726929 0.017247856 0.017226506
 0.01720523 0.017184021 0.017162891 0.017141823 0.017120834 0.01709991
 0.017079057 0.01705828 0.01703757 0.017016925 0.016996348 0.016975855
 0.01695542 0.016935058 0.016914757 0.016894534 0.016874377 0.01685428
 0.016834242 0.016814282 0.016794376 0.016774544 0.016754778 0.016735086
 0.016715448 0.016695883 0.016676376 0.016656935 0.016637566 0.016618265
 0.016599001 0.016579816 0.01656069 0.01654163 0.016522631 0.01650369
 0.016484812 0.016466003 0.016447244 0.016428554 0.01640992 0.016391352
 0.016372833 0.016354382 0.01633599 0.016317645 0.016299376 0.01628115
 0.016262999 0.016244898 0.016226858 0.016208874 0.016190957 0.016173078
 0.016155263 0.016137518 0.01611983 0.016102184 0.0160846 0.016067069
 0.016049596 0.016032184 0.016014818 0.015997512 0.01598026 0.01596306
 0.015945923 0.015928838 0.01591182 0.015894847 0.01587793 0.015861066
 0.01584425 0.015827488 0.015810795 0.015794141 0.015777543 0.015760992
 0.015744492 0.015728055 0.01571167 0.01569533 0.015679043 0.015662814
 0.01564663 0.0156305 0.015614422 0.0155984 0.015582426 0.015566501 0.01555063
 0.015534807 0.015519036 0.015503311 0.01548765 0.015472017 0.015456451
 0.015440933 0.015425463 0.015410043 0.015394665 0.015379341 0.015364071
 0.01534884 0.015333673 0.015318539 0.015303466 0.0152884405 0.015273447
 0.015258514 0.015243627 0.015228787 0.0152140055 0.015199255 0.015184555
 0.0151699 0.015155297 0.015140733 0.015126223 0.01511175 0.015097339
 0.015082965 0.015068645 0.015054363 0.015040121 0.015025923 0.015011774
 0.014997678 0.01498363 0.014969613 0.01495565 0.014941733 0.014927858
 0.01491402 0.014900239 0.0148864975 0.014872813 0.014859164 0.014845555
 0.014831987 0.014818462 0.014804988 0.014791568 0.014778179 0.014764827
 0.014751525 0.014738253 0.014725031 0.014711845 0.014698712 0.014685608
 0.014672548 0.014659537 0.014646561 0.01463363 0.014620745 0.014607882
 0.014595071 0.01458231 0.014569587 0.01455691 0.014544272 0.0145316785
 0.014519128 0.014506627 0.014494157 0.014481724 0.014469336 0.014456992
 0.014444679 0.014432413 0.014420189 0.014408003 0.0143958675 0.014383758
 0.014371699 0.014359665 0.014347676 0.014335726 0.014323815 0.014311947
 0.014300118 0.014288332 0.014276577 0.014264865 0.014253191 0.014241563
 0.014229954 0.014218396 0.014206879 0.014195394 0.014183949 0.014172541
 0.014161172 0.014149843 0.014138557 0.014127303 0.0141160935 0.014104921
 0.01409378 0.014082684 0.014071617 0.014060587 0.014049599 0.0140386345
 0.014027719 0.014016836 0.014005995 0.013995184 0.013984416 0.013973676
 0.013962976 0.013952319 0.013941699 0.01393111 0.013920562 0.013910045
 0.013899561 0.0138891125 0.013878711 0.01386834 0.013858012 0.013847707
 0.013837444 0.013827213 0.013817022 0.013806856 0.013796734 0.013786642
 0.013776587 0.01376656 0.013756573 0.013746624 0.013736707 0.013726816
 0.013716974 0.01370716 0.013697385 0.013687633 0.013677917 0.013668238
 0.013658598 0.013648988 0.013639403 0.013629862 0.013620347 0.01361087
 0.01360143 0.013592021 0.013582645 0.0135733 0.013563992 0.013554707
 0.013545467 0.013536252 0.013527075 0.013517932 0.013508815 0.013499735
 0.013490693 0.013481672 0.01347269 0.013463744 0.0134548275 0.013445946
 0.013437098 0.013428274 0.013419486 0.013410735 0.013402011 0.01339332
 0.013384652 0.013376027 0.013367435 0.013358869 0.013350336 0.01334183
 0.0133333495 0.013324908 0.01331649 0.013308105 0.0132997595 0.013291448
 0.013283159 0.013274895 0.013266669 0.013258469 0.013250303 0.013242163
 0.013234061 0.013225996 0.013217948 0.013209941 0.013201966 0.013194011
 0.013186084 0.013178189 0.013170317 0.013162485 0.013154684 0.013146913
 0.013139157 0.013131439 0.013123761 0.013116111 0.013108478 0.013100889
 0.013093319 0.013085787 0.013078285 0.013070798 0.01306335 0.013055919
 0.013048527 0.013041158 0.01303383 0.0130265225 0.013019248 0.013011996
 0.013004767 0.012997579 0.012990404 0.012983266 0.0129761575 0.012969068
 0.012962022 0.012954988 0.012947986 0.01294101 0.012934071 0.012927142
 0.0129202595 0.012913406 0.012906572 0.012899764 0.012892984 0.012886235
 0.012879512 0.012872817 0.012866151 0.012859502 0.012852887 0.012846299
 0.012839728 0.012833196 0.012826694 0.012820213 0.012813763 0.012807334
 0.012800921 0.012794549 0.0127882045 0.012781872 0.012775574 0.012769302
 0.012763061 0.012756844 0.012750652 0.012744483 0.012738338 0.012732225
 0.01272613 0.01272007 0.012714021 0.012708007 0.0127020255 0.012696063
 0.01269012 0.01268421 0.012678329 0.012672471 0.012666636 0.012660824
 0.012655049 0.012649287 0.012643547 0.012637843 0.01263216 0.012626503
 0.012620867 0.012615254 0.012609677 0.0126041155 0.012598578 0.012593055
 0.012587565 0.0125821 0.012576654 0.012571237 0.012565837 0.012560473
 0.012555124 0.012549809 0.012544508 0.01253923 0.012533982 0.012528755
 0.012523545 0.012518364 0.01251321 0.012508075 0.012502976 0.012497897
 0.012492826 0.012487783 0.012482761 0.012477771 0.012472801 0.012467845
 0.01246292 0.012458005 0.012453122 0.012448268 0.012443432 0.012438616
 0.012433823 0.012429058 0.012424305 0.012419589 0.012414888 0.012410209
 0.012405546 0.012400916 0.012396303 0.01239171 0.012387142 0.012382595
 0.012378071 0.012373572 0.012369084 0.012364625 0.012360186 0.012355766
 0.012351372 0.012346994 0.012342643 0.0123383105 0.012333991 0.012329703
 0.012325429 0.01232118 0.012316955 0.01231274 0.012308551 0.012304386
 0.0123002445 0.012296118 0.012292018 0.012287936 0.012283871 0.012279827
 0.012275802 0.012271797 0.012267815 0.01226386 0.0122599155 0.012255987
 0.012252085 0.012248203 0.012244336 0.01224049 0.012236672 0.012232877
 0.012229102 0.012225342 0.012221602 0.012217877 0.012214172 0.012210481
 0.012206817 0.012203168 0.012199546 0.0121959355 0.012192353 0.012188785
 0.012185229 0.012181704 0.012178195 0.012174703 0.012171219 0.0121677555
 0.012164324 0.012160903 0.012157494 0.012154118 0.012150746 0.012147402
 0.012144077 0.012140761 0.012137473 0.012134195 0.012130939 0.012127704
 0.012124482 0.01212128 0.012118094 0.012114928 0.01211178 0.012108654
 0.012105538 0.0121024335 0.012099353 0.012096293 0.012093256 0.01209023
 0.012087216 0.012084227 0.012081254 0.012078292 0.012075362 0.0120724365
 0.012069532 0.0120666465 0.012063774 0.012060917 0.012058076 0.012055262
 0.012052452 0.012049661 0.012046893 0.012044135 0.012041401 0.0120386835
 0.012035973 0.012033283 0.012030607 0.012027947 0.0120253 0.012022677
 0.012020068 0.0120174745 0.012014897 0.012012331 0.0120097855 0.0120072495
 0.012004729 0.012002223 0.011999743 0.011997272 0.011994821 0.011992375
 0.011989953 0.0119875455 0.011985147 0.011982767 0.011980403 0.011978056
 0.011975724 0.011973404 0.011971105 0.0119688185 0.011966553 0.011964298
 0.011962049 0.011959821 0.011957613 0.011955407 0.011953225 0.011951052
 0.011948904 0.011946763 0.011944636 0.011942525 0.011940431 0.011938342
 0.011936285 0.011934221 0.011932179 0.011930143 0.01192813 0.01192613
 0.011924147 0.011922182 0.011920217 0.011918274 0.011916337 0.011914416
 0.011912504 0.011910608 0.011908731 0.011906854 0.011904997 0.011903158
 0.011901326 0.011899509 0.011897708 0.011895919 0.011894141 0.011892374
 0.01189063 0.011888894 0.011887175 0.011885455 0.011883763 0.011882078
 0.011880406 0.011878748 0.011877097 0.0118754655 0.01187384 0.011872231
 0.011870635 0.011869046 0.011867468 0.011865907 0.01186436 0.011862823
 0.011861298 0.011859789 0.011858288 0.011856802 0.011855326 0.011853859
 0.01185241 0.011850957 0.011849534 0.011848113 0.011846707 0.011845307
 0.011843928 0.01184255 0.011841188 0.01183984)