0.10861039114
0.059696669100000016
0.04618949509999999
0.03760928884
0.03229327674
0.028947918439999998
0.026712479320000003
0.025101898040000004
0.02385767556
0.022840800839999998
0.021973907279999996
0.021212173040000008
0.020528583640000004
0.019906225100000004
0.01933410994
0.018804814040000003
0.01831312362
0.01785521451
0.017428155860000002
0.017029614159999998
0.01665764218
0.01631057156
0.015986917229999998
0.01568533545
0.015404584130000001
0.015143502290000001
0.014900996169999998
0.014676026599999998
0.014467605959999996
0.014274792870000004
0.01409668494
0.013932425109999997
0.01378118714
0.01364218288
0.013514655689999997
0.01339788395
0.013291175850000001
0.013193873100000007
0.013105345329999995
0.013024998410000006
0.012952266259999996
0.012886614950000002
0.01282754186
0.012774570510000001
0.012727256559999997
0.012685180140000004
0.012647949539999996
0.012615196240000001
0.012586577790000003
0.012561774209999996
0.012540486019999998
0.01252243518
0.012507362990000003
0.012495027890000005
0.012485207679999999
0.012477697509999998
0.012472302480000001
0.01246884589
0.012467164210000003
0.012467107780000002
0.01246853227
0.012471313440000005
0.012475328260000003
0.012480467260000001
0.0124866319
0.012493727619999999
0.01250166935
0.01251037706
0.012519780100000006
0.012529810550000003
0.01254040996
0.012551520290000005
0.01256309181
0.012575075109999998
0.012587428779999998
0.012600116499999998
0.012613097810000005
0.012626342550000001
0.012639820970000002
0.01265350266
0.01266736701
0.01268138832
0.012695545990000001
0.012709821850000004
0.012724197680000002
0.01273865887
0.012753189160000001
0.01276777783
0.012782412529999995
0.012797080189999994
0.012811773630000002
0.01282648198
0.012841198069999999
0.012855912570000001
0.012870622470000004
0.012885317149999995
0.01289999379
0.012914646470000006
0.012929271870000002
0.012943864650000001
0.012958419189999997
0.012972936200000002
0.012987407550000002
0.013001833460000002
0.013016211080000001
0.013030537639999997
0.013044810769999996
0.013059027790000002
0.013073189300000001
0.013087291720000005
0.013101333809999999
0.013115314639999997
0.01312923353
0.0131430891
0.013156878780000002
0.013170603520000001
0.013184262959999997
0.013197856269999997
0.01321138196
0.013224838239999998
0.01323822679
0.013251547320000003
0.01326479865
0.01327798106
0.013291092140000007
0.013304135060000001
0.013317108289999997
0.013330010859999998
0.01334284338
0.013355604849999998
0.013368296670000003
0.01338091797
0.013393468550000008
0.013405948749999997
0.013418360759999996
0.013430700869999996
0.013442972259999996
0.013455173519999997
0.01346730327
0.013479364680000003
0.013491358229999997
0.013503280269999998
0.013515134490000002
0.013526920020000005
0.013538636689999994
0.01355028541
0.01356186531
0.013573378190000002
0.013584822399999997
0.013596200320000003
0.013607510379999998
0.01361875424
0.013629929799999998
0.013641040959999996
0.013652085920000001
0.013663064999999997
0.01367397954
0.013684827470000004
0.01369561225
0.01370633291
0.013716988999999999
0.013727580560000001
0.013738109049999997
0.013748574849999997
0.013758976709999999
0.01376931672
0.013779595209999995
0.013789811950000003
0.013799968189999998
0.013810062390000002
0.013820095670000001
0.013830069059999997
0.013839981670000003
0.01384983574
0.01385962987
0.013869365820000005
0.013879042880000001
0.01388866079
0.01389822031
0.01390772393
0.013917169759999999
0.01392655827
0.013935891380000004
0.013945167680000002
0.01395438876
0.013963554820000003
0.013972664079999995
0.01398171839
0.013990720360000002
0.013999667030000003
0.014008559159999994
0.014017398810000001
0.014026185719999999
0.01403491894
0.014043600350000003
0.014052229180000004
0.014060806779999999
0.01406933386
0.01407780917
0.014086233829999994
0.014094607309999993
0.014102931369999998
0.014111206839999996
0.01411943168
0.014127608130000004
0.014135735859999997
0.01414381417
0.014151845589999998
0.014159829949999998
0.01416776477
0.01417565314
0.014183494770000003
0.01419129002
0.01419903936
0.014206743299999998
0.014214401240000002
0.014222012370000004
0.014229580240000001
0.0142371032
0.014244581429999998
0.01425201475
0.014259406140000002
0.014266753740000002
0.01427405662
0.014281317380000002
0.014288536490000002
0.01429571261
0.014302846340000003
0.014309937799999995
0.01431698888
0.014323997609999996
0.014330967219999997
0.01433789398
0.014344781199999998
0.01435162892
0.01435843706
0.014365203729999996
0.014371933449999994
0.014378622620000002
0.01438527243
0.014391885220000003
0.014398459469999996
0.014404994609999994
0.01441149249
0.014417954090000002
0.014424376510000001
0.014430763899999997
0.014437113829999994
0.0144434274
0.014449703960000006
0.014455945670000001
0.014462149960000004
0.014468320899999998
0.014474454319999996
0.014480553409999996
0.014486618140000004
0.014492648230000002
0.014498644029999997
0.014504605219999996
0.014510531799999997
0.014516426140000004
0.014522286670000004
0.014528114980000001
0.014533907549999997
0.014539669149999997
0.014545396919999993
0.014551093910000002
0.014556758740000003
0.01456239061
0.014567992069999994
0.014573561099999998
0.014579098640000001
0.014584606620000004
0.014590083020000004
0.014595527880000004
0.014600943870000004
0.014606328839999995
0.014611682240000003
0.014617006809999994
0.014622303139999999
0.0146275687
0.014632805789999991
0.014638012780000001
0.014643191709999998
0.014648342650000002
0.014653463760000002
0.014658557130000005
0.014663622070000002
0.014668658709999997
0.01467366936
0.01467865079
0.014683606360000004
0.014688534040000001
0.014693434140000003
0.014698308799999997
0.014703157049999997
0.01470797699
0.01471277275
0.014717539419999997
0.014722283240000007
0.014726999679999998
0.014731690250000002
0.01473635621
0.014740996240000002
0.01474561443
0.014750204040000001
0.014754770399999999
0.014759311760000005
0.01476382903
0.014768321610000003
0.014772789820000003
0.01477723514
0.014781657359999999
0.01478605348
0.014790428439999998
0.014794779679999997
0.01479910687
0.014803411709999999
0.014807695230000004
0.014811953509999996
0.014816190299999999
0.014820404799999999
0.01482459782
0.014828766949999996
0.014832914280000003
0.014837041370000003
0.014841147340000001
0.014845230399999998
0.014849292760000004
0.01485333354
0.014857353560000007
0.014861351130000002
0.014865329209999998
0.014869285970000002
0.01487322458
0.01487714093
0.014881037319999998
0.014884913639999999
0.014888769470000002
0.01489260633
0.014896423259999998
0.01490021908
0.014903998999999996
0.014907757759999996
0.01491149673
0.014915216960000002
0.014918918779999998
0.01492260074
0.01492626553
0.014929910359999998
0.014933536950000006
0.014937146040000005
0.014940737409999998
0.014944310709999997
0.014947864719999995
0.014951399970000001
0.014954919670000002
0.014958420879999995
0.014961905849999999
0.01496537307
0.014968821939999996
0.014972252579999996
0.014975667500000003
0.014979066170000001
0.014982447419999996
0.014985812829999999
0.014989160400000002
0.014992491849999996
0.01499580787000001
0.014999107489999998
0.015002390479999994
0.015005657700000001
0.015008909099999993
0.015012142829999998
0.015015362829999997
0.01501856893
0.0150217568
0.01502492911
0.015028085680000003
0.015031228770000005
0.01503435632
0.015037468730000003
0.015040566129999997
0.015043649720000002
0.01504671618
0.015049769830000002
0.015052808690000006
0.015055832599999994
0.015058841330000001
0.015061839220000005
0.015064821290000004
0.015067788080000002
0.01507074214
0.015073681650000002
0.01507660651
0.015079518829999996
0.015082417379999997
0.015085302319999995
0.015088173889999995
0.015091031560000003
0.015093876730000002
0.015096709030000006
0.015099527619999999
0.015102333639999998
0.015105126189999998
0.015107905980000003
0.015110673739999995
0.015113428029999997
0.015116170100000001
0.015118899679999997
0.015121616610000001
0.015124321199999999
0.015127013100000001
0.015129693970000004
0.015132360939999995
0.015135017059999995
0.015137662300000005
0.015140293580000002
0.015142913380000003
0.015145521319999999
0.0151481194
0.015150704339999996
0.015153276799999995
0.01515584029
0.015158391590000002
0.015160931080000002
0.015163460229999998
0.015165976709999996
0.015168483590000004
0.015170978390000003
0.015173462600000005
0.015175935170000002
0.01517839825
0.015180850149999996
0.015183290800000004
0.015185721010000002
0.015188141299999998
0.015190550970000001
0.015192950420000002
0.015195338800000005
0.015197717690000003
0.015200085130000002
0.01520244433
0.015204792400000002
0.015207130200000004
0.015209458599999998
0.015211777310000002
0.015214085100000004
0.015216383270000002
0.015218672299999998
0.015220952230000011
0.015223220780000005
0.01522548096
0.015227732219999998
0.01522997412
0.015232206
0.015234427289999996
0.01523664047
0.01523884594
0.015241039999999997
0.015243225959999997
0.01524540196
0.015247570649999997
0.015249730229999998
0.015251880100000002
0.015254020650000002
0.015256153299999999
0.015258276170000003
0.015260391339999992
0.015262498060000004
0.015264596320000004
0.015266685679999998
0.015268766589999998
0.015270838180000003
0.0152729043
0.015274960030000001
0.015277007499999997
0.01527904722000001
0.0152810788
0.01528310236
0.01528511844
0.015287125819999995
0.01528912433
0.015291116290000002
0.01529309859
0.01529507454
0.015297043839999995
0.015299002960000004
0.015300956320000003
0.015302902419999997
0.015304838930000002
0.015306769230000001
0.015308691739999998
0.015310606440000003
0.015312514289999997
0.015314414679999997
0.015316308540000004
0.015318194590000006
0.015320072690000002
0.015321943860000005
0.01532380786
0.01532566704
0.015327516890000004
0.015329359939999999
0.015331195869999998
0.015333025690000003
0.015334847029999996
0.015336663450000001
0.015338472470000001
0.015340274529999998
0.01534206949
0.015343861019999993
0.015345642079999998
0.015347417080000002
0.015349185850000002
0.01535094811
0.015352703360000003
0.015354452660000007
0.015356195050000004
0.015357932269999996
0.015359663589999996
0.01536138637
0.01536310504
0.015364816019999998
0.015366520529999999
0.015368219430000002
0.01536991275
0.0153715991
0.01537327993
0.015374954350000003
0.015376623399999997
0.015378285699999996
0.015379943030000004
0.01538159353
0.015383239000000002
0.0153848776
0.015386511169999999
0.01538813889
0.015389760890000001
0.015391376360000004
0.015392987120000005
0.015394593100000003
0.0153961909
0.015397784090000009
0.015399373640000005
0.015400956829999996
0.015402532829999998
0.015404104410000001
0.015405671139999999
0.015407232699999995
0.015408787069999996
0.015410339350000002
0.015411883820000001
0.015413424390000001
0.015414957489999997
0.015416487760000003
0.015418012350000001
0.015419530809999995
0.015421045699999998
0.015422554390000004
0.015424057320000002
0.015425557619999997
0.01542705198
0.015428541510000005
0.015430025669999996
0.015431503960000004
0.015432979229999998
0.015434448209999996
0.01543591349
0.015437374109999999
0.015438828000000002
0.015440278319999995
0.015441724509999998
0.015443165650000003
0.015444602249999996
0.015446033750000001
0.015447460440000005
0.015448881990000001
0.015450300190000004
0.01545171506
0.015453123820000001
0.01545452826
0.015455928679999998
0.01545732349
0.01545871416
0.015460100049999995
0.015461482770000002
0.01546286086
0.015464234190000004
0.015465604610000001
0.0154669705
0.015468332939999996
0.01546968876
0.015471041139999999
0.01547239085
0.015473734449999998
0.015475073789999998
0.015476410210000003
0.015477741130000002
0.015479069409999997
0.015480393220000006
0.01548171359
0.015483028339999996
0.015484341670000004
0.015485649209999999
0.015486953360000002
0.015488253859999999
0.01548955131
0.015490843609999997
0.015492131109999994
0.015493416749999997
0.015494698169999998
0.015495976120000006
0.015497250160000002
0.015498519569999997
0.01549978635
0.015501048429999997
0.01550230789000001
0.015503562939999998
0.015504814699999996
0.015506062389999997
0.01550730734
0.01550854788
0.015509786589999998
0.015511021679999997
0.015512251100000003
0.015513479699999997
0.015514702839999997
0.01551592399
0.015517140560000007
0.015518353509999997
0.015519562879999997
0.015520771399999996
0.01552197294
0.015523173739999997
0.01552437085
0.0155255658
0.015526757109999994
0.015527943760000003
0.015529128309999998
0.015530309129999996
0.015531486650000004
0.015532661869999999
0.015533833500000004
0.015535002069999996
0.015536166790000005
0.015537330319999995
0.015538489020000006
0.015539646110000003
0.01554079877
0.015541948289999994
0.015543095310000001
0.01554424005
0.015545381339999999
0.015546519520000001
0.015547654229999996
0.015548787940000001
0.015549917709999996
0.015551044339999995
0.015552166839999998
0.015553288949999999
0.015554407180000005
0.015555522810000002
0.015556636640000003
0.015557746100000007
0.01555885436
0.0155599576
0.015561060300000002
0.015562160590000006
0.015563256269999999
0.01556435043
0.015565442000000002
0.01556652983
0.015567616360000001
0.015568699459999995
0.015569781410000004
0.015570861319999995
0.015571937780000003
0.015573011299999995
0.01557408395
0.015575153059999996
0.015576219989999997
0.015577284440000005
0.015578345629999997
0.015579404689999998
0.01558046227
0.015581516350000001
0.01558256902
0.015583618039999995
0.015584666959999995
0.015585712000000003
0.015586754280000004
0.01558779393
0.015588831979999995
0.015589868169999998
0.015590902510000003
0.015591933879999999
0.015592963830000004
0.015593990800000006
0.015595016270000001
0.0155960388
0.015597060559999995
0.01559808037
0.01559909657
0.01560011102
0.015601126179999997
0.015602135260000006
0.015603144489999993
0.01560415146
0.01560515667
0.015606159779999997
0.015607160060000003
0.015608159429999996
0.015609157480000002
0.015610153089999997
0.015611146220000004
0.015612139449999998
0.01561312756
0.01561411539
0.015615100040000001
0.01561608482
0.015617068009999999
0.01561804793
0.01561902699
0.015620004460000001
0.015620979679999996
0.015621953530000001
0.015622925160000002
0.01562389585
0.01562486351
0.015625829920000004
0.015626795980000004
0.01562776007
0.015628722249999998
0.01562968333
0.015630643129999993
0.01563160111
0.015632556439999994
0.015633510759999997
0.015634463840000005
0.01563541526
0.015636365539999995
0.015637314050000004
0.01563826075
0.01563920585
0.01564015054
0.015641093370000005
0.01564203572
0.01564297681
0.015643915069999997
0.015644852929999998
0.015645787119999997
0.0156467211
0.015647653900000003
0.015648584780000006
0.01564951483
0.01565044387
0.01565137247
0.015652298959999998
0.015653225660000006
0.01565414823000001
0.015655071870000002
0.015655992850000005
0.0156569139
0.01565783296
0.015658750959999995
0.015659666900000004
0.01566058212
0.015661497879999996
0.01566241124
0.015663322789999996
0.015664234889999996
0.01566514634
0.015666055859999996
0.01566696557999999
0.015667871840000003
0.015668776860000004
0.01566968269
0.015670586449999996
0.015671489769999998
0.015672393000000003
0.015673295169999997
0.015674195450000004
0.01567509344
0.015675992420000003
0.01567688976
0.015677787510000006
0.0156786839
0.01567957925
0.01568047363
0.015681366970000003
0.015682260950000002
0.01568315201
0.015684043449999997
0.01568493365
0.015685823410000004
0.01568671144
0.015687599360000005
0.015688486839999998
0.015689373249999996
0.015690258150000004
0.015691142720000006
0.01569202783
0.015692912630000003
0.015693795479999998
0.01569467619
0.015695557420000002
0.015696437840000004
0.015697317550000003
0.015698197370000003
0.01569907668
0.015699955050000002
0.01570083274
0.015701710270000002
0.01570258822
0.015703464740000003
0.01570434098
0.01570521652
0.015706092400000003
0.015706966589999996
0.015707839939999996
0.015708712910000002
0.015709586239999997
0.01571045977
0.01571133103
0.01571220268
0.015713074520000002
0.015713946099999997
0.01571481541
0.015715684160000003
0.015716553879999998
0.015717422260000002
0.015718291520000004
0.015719159490000002
0.015720028339999997
0.01572089446
0.015721763240000002
0.01572262995
0.015723497030000002
0.01572436443
0.015725230160000006
0.01572609524
0.015726962230000006
0.015727829350000003
0.015728695540000004
0.015729560559999998
0.015730426239999998
0.015731292669999997
0.015732156040000004
0.01573302095
0.015733883180000005
0.01573474831
0.015735611659999996
0.01573647443
0.01573733986
0.015738201960000003
0.01573906407
0.015739928029999996
0.015740791629999997
0.01574165583
0.015742518239999993
0.015743381219999998
0.015744245469999998
0.015745108790000007
0.01574597091
0.015746833949999997
0.015747696250000002
0.015748559339999996
0.01574942225
0.015750285380000003
0.015751148229999998
0.01575201025
0.01575287167
0.015753734599999993
0.015754597540000005
0.0157554599
0.015756323949999998
0.015757186030000002
0.015758049099999994
0.01575891082
0.015759774699999996
0.01576063709
0.0157615005
0.015762364159999997
0.015763227160000004
0.015764089989999997
0.015764954899999996
0.015765819520000005
0.015766683679999994
0.015767547790000003
0.01576841466
0.01576927957
0.015770144469999997
0.015771011090000005
0.01577187574
0.015772741709999996
0.01577360712
0.015774472699999997
0.015775339129999996
0.01577620619
0.01577707268
0.01577793887
0.01577880629
0.01577967424
0.015780542749999998
0.015781409229999998
0.015782277949999996
0.01578314547
0.01578401641
0.015784885739999997
0.015785754779999998
0.015786625039999995
0.01578749415
0.015788364870000005
0.01578923719
0.01579010681
0.015790979000000004
0.01579185113
0.015792723879999998
0.015793596200000003
0.01579446825
0.01579534219
0.015796214880000003
0.015797090089999997
0.01579796452
0.015798840590000002
0.015799715760000003
0.015800591390000004
0.01580146867
0.015802344710000003
0.01580322296
0.0158041003
0.015804979860000002
0.01580585827
0.01580673729
0.01580761653
0.01580849688
0.015809378639999996
0.015810260310000004
0.01581114178
0.015812025039999997
0.015812907140000002
0.015813789889999996
0.015814672700000008
0.015815556820000007
0.015816442839999997
0.015817328369999998
0.01581821253
0.01581909794
0.01581998499
0.015820872320000002
0.015821759479999996
0.015822648449999997
0.015823538520000003
0.01582442937
0.015825317400000004
0.015826208079999998
0.015827099540000004
0.015827991779999998
0.015828884170000005
0.015829777390000004
0.015830671069999996
0.01583156598
0.015832460490000002
0.015833357300000003
0.01583425359
0.015835149849999997
0.01583604804
0.015836946779999996
0.0158378456
0.015838745180000002
0.015839646860000004
0.015840548349999997
0.01584145047999999
0.01584235504
0.015843259300000002
0.015844163419999995
0.01584506878
0.01584597318
0.01584687978
0.01584778681
0.015848695280000002
0.01584960397
0.015850513060000005
0.01585142198
0.015852332310000005
0.0158532435
0.015854156939999992
0.01585506904
0.015855982989999993
0.015856898520000006
0.015857812779999998
0.015858728390000004
0.015859645850000003
0.015860564499999997
0.015861483920000002
0.01586240407
0.01586332424
0.015864244790000006
0.015865166320000002
0.01586608862
