0.08571217079999997
0.07203788655999999
0.06427139450000001
0.05640708132
0.04966831902000001
0.04439625548000001
0.039984635139999995
0.0363780413
0.03355448294
0.03139941443999999
0.02969944889999999
0.02829592576
0.027120675400000002
0.026148803309999993
0.025335228109999997
0.024636972989999995
0.02402188613
0.023470110269999997
0.022969145769999994
0.02250945116
0.02207950892999999
0.021649439119999996
0.021104262920000002
0.020543500340000007
0.020163620169999997
0.019863457890000005
0.019607818880000003
0.01938322651
0.019183221499999997
0.019004100179999994
0.018843388260000003
0.01869924641
0.018570213469999996
0.018455074730000007
0.018352783640000005
0.01826240325
0.01818304913
0.018113848509999995
0.01805392896
0.01800241932
0.01795846879
0.017921260359999996
0.017890030789999997
0.017864071390000003
0.017842749820000007
0.017825489529999995
0.01781178867
0.01780118757
0.017793294699999997
0.017787759650000002
0.01778427734
0.01778258164
0.01778243671
0.017783636190000004
0.017785998690000002
0.0177893672
0.017793594389999997
0.017798551989999998
0.017804118459999997
0.01781018255
0.01781662317
0.01782331852
0.017830134650000003
0.017836888219999993
0.01784334509
0.01784913598
0.017853649710000002
0.0178557472
0.017853003210000003
0.01783950432
0.01779886285
0.017696355219999998
0.017569864300000005
0.017511730760000004
0.017493740799999997
0.01749010337
0.01749182792
0.01749591378
0.01750132287
0.017507656889999997
0.01751472857
0.017522430519999993
0.01753069149
0.01753945023
0.01754865425
0.017558249950000004
0.017568185849999998
0.017578412480000007
0.017588879510000002
0.017599541770000008
0.017610354060000007
0.017621273049999997
0.017632264090000006
0.017643281860000002
0.017654290959999996
0.017665247939999996
0.017676111950000007
0.017686824539999996
0.017697322399999996
0.017707511939999997
0.017717260389999996
0.01772636797
0.017734494799999997
0.017741039500000003
0.017744810640000004
0.01774314358
0.017729165390000003
0.017682628420000002
0.017563516940000003
0.01744150244
0.017396913660000003
0.017384246370000002
0.017382455090000002
0.017385315690000007
0.017390517060000003
0.017397024369999996
0.017404309769999994
0.017412086819999995
0.017420184630000005
0.0174285
0.01743696042
0.017445509749999998
0.01745410665
0.017462709570000002
0.017471283759999998
0.01747978148
0.01748815525
0.01749633987
0.017504247
0.017511753889999995
0.0175186625
0.017524658760000006
0.01752918005
0.01753116085
0.01752834509
0.017515327869999996
0.017477527479999998
0.017381018889999992
0.017245093150000005
0.01717774256
0.017155983990000002
0.017149717329999994
0.017149442209999997
0.017152041229999998
0.01715628599
0.01716159669
0.017167651020000004
0.01717424992999999
0.01718125595
0.017188576760000008
0.017196145670000006
0.01720390541
0.017211817470000005
0.01721984967
0.01722797552
0.017236175689999987
0.017244431969999998
0.01725273147999999
0.017261064159999995
0.017269415
0.01727777838
0.01728614742
0.017294514119999996
0.017302871560000002
0.017311218589999997
0.017319549410000006
0.01732785931
0.017336146400000002
0.017344408119999998
0.017352641820000004
0.01736084452
0.017369013290000002
0.01737714943
0.017385250440000007
0.01739331405
0.017401339399999997
0.017409326779999998
0.01741727499
0.017425185510000003
0.017433050870000008
0.017440879290000003
0.017448663700000002
0.01745640794
0.01746410832
0.017471765790000003
0.017479382810000003
0.01748695598
0.017494486120000007
0.017501973429999998
0.017509419369999998
0.01751682267
0.017524179779999996
0.01753149726
0.017538771089999995
0.01754600296
0.01755319305
0.0175603399
0.017567444889999995
0.017574509020000004
0.017581529129999992
0.01758850651
0.017595444230000003
0.017602341419999997
0.01760919489
0.01761600995
0.017622782240000003
0.01762951667
0.01763620848
0.017642861999999995
0.017649472960000002
0.01765604504
0.017662576950000005
0.017669069160000005
0.01767552484
0.017681941110000002
0.017688318040000005
0.017694656830000002
0.01770095762
0.017707219270000008
0.017713444339999995
0.017719632089999993
0.017725782020000004
0.01773189547
0.017737971949999997
0.017744011889999994
0.01775001507
0.0177559801
0.017761910210000006
0.017767805669999998
0.017773664859999996
0.017779488790000002
0.017785277380000002
0.017791031279999998
0.017796749469999998
0.01780243524
0.017808082020000005
0.017813698599999997
0.01781928095
0.01782482933
0.01783034384
0.017835824799999997
0.01784127325
0.017846687360000005
0.017852069090000002
0.017857417100000002
0.017862735050000002
0.017868018700000002
0.017873271460000003
0.017878491379999997
0.017883680430000003
0.017888836079999994
0.01789396085
0.017899056240000006
0.017904119
0.017909149980000004
0.017914151419999996
0.01791912247999999
0.01792406418000001
0.017928976770000004
0.0179338566
0.01793870794
0.017943527049999998
0.01794831932
0.017953080270000005
0.017957813039999996
0.017962516430000002
0.017967191819999995
0.01797183605
0.01797645165
0.017981040430000005
0.01798560076
0.01799013198
0.017994634770000004
0.01799911005
0.01800355695
0.0180079764
0.018012367209999998
0.0180167298
0.018021066749999995
0.018025375599999997
0.018029656709999998
0.018033912189999998
0.018038140530000003
0.018042340990000003
0.01804651474
0.018050658229999995
0.01805477738
0.018058870529999996
0.018062934399999994
0.01806697308
0.01807098411
0.018074968650000002
0.018078924889999997
0.018082852250000003
0.018086757579999994
0.018090633500000005
0.018094480879999996
0.018098304489999998
0.018102097340000005
0.01810586205
0.01810959794
0.01811330687
0.01811698746
0.01812063767
0.018124257670000005
0.018127847239999998
0.01813140512
0.018134931510000004
0.018138424879999997
0.01814188042
0.01814530097
0.01814868215
0.018152026069999997
0.018155325139999998
0.018158576939999994
0.01816178191
0.018164928059999995
0.01816801536999999
0.018171033530000002
0.01817397434
0.01817682728000001
0.018179574979999998
0.01818219712
0.01818466872
0.01818695218
0.01818899886
0.01819073508
0.018192051489999993
0.01819278942
0.018192686
0.018191300910000003
0.018187839129999998
0.01818073006
0.018166515440000003
0.01813651084
0.018068028179999994
0.01794009574
0.017836467550000002
0.017791608480000002
0.017772022840000002
0.01776253051
0.017757645380000003
0.017755088509999996
0.01775382301
0.017753352969999997
0.017753415029999994
0.017753866139999994
0.01775461021
0.017755581360000005
0.017756735309999997
0.01775803261
0.017759443700000002
0.017760948489999998
0.017762524090000006
0.017764154619999993
0.01776582554
0.01776752237
0.01776923239
0.01777094419
0.01777264344
0.01777431767
0.01777594745
0.01777751491
0.01777899532
0.017780357360000006
0.01778156099
0.017782547279999998
0.017783230160000003
0.017783487640000005
0.017783123399999993
0.01778181378
0.017778978030000007
0.017773501739999996
0.017762988990000003
0.01774162362
0.017693813620000002
0.017587302419999992
0.017449230309999997
0.01737796866
0.017350207750000003
0.017337728799999997
0.017331454290000003
0.017328175299999995
0.01732652968
0.017325863920000004
0.017325831340000004
0.017326236420000002
0.01732696203
0.017327924749999994
0.017329073020000002
0.017330371669999997
0.017331783690000005
0.01733329176
0.017334876380000006
0.01733652492
0.01733822692
0.017339971419999996
0.017341751959999995
0.017343564490000005
0.017345402460000003
0.017347261439999997
0.017349138009999997
0.017351031160000002
0.017352935519999998
0.017354852129999994
0.01735677738
0.017358710929999997
0.01736064936999999
0.017362590449999996
0.0173645366
0.017366485479999992
0.017368435200000004
0.017370385699999998
0.01737233513
0.01737428571
0.01737623122
0.017378175509999996
0.01738011767
0.017382056730000005
0.01738398828
0.017385915779999997
0.017387836510000004
0.017389748750000003
0.017391654120000002
0.017393551419999997
0.01739544001
0.017397317930000007
0.01739918349
0.017401036070000007
0.017402874989999997
0.01740469824
0.01740650467
0.01740829225
0.01741005871
0.01741180352
0.017413518910000002
0.017415206420000006
0.017416857110000003
0.017418473140000005
0.01742004218
0.01742155849
0.017423013969999998
0.01742439419
0.017425687180000003
0.01742687147999999
0.01742792318
0.017428806430000006
0.017429474580000003
0.017429857360000005
0.01742985807
0.017429323120000003
0.017428015340000002
0.017425534100000008
0.017421156860000005
0.01741347782
0.017399422319999996
0.01737136569999999
0.017309096659999995
0.017184620570000003
0.01706972165999999
0.01701984318
0.016998192740000004
0.016987148639999998
0.01698096968999999
0.01697740111
0.016975367249999995
0.01697427562
0.016973775460000003
0.0169736585
0.01697379461
0.016974112
0.016974563570000004
0.01697512107
0.01697576833
0.016976491389999994
0.01697728217
0.01697813037
0.016979028930000004
0.0169799757
0.01698096275
0.01698198891
0.016983049230000002
0.016984139860000004
0.016985262980000006
0.01698641113
0.01698758336
0.016988779649999997
0.016989997969999997
0.016991235130000008
0.016992489630000007
0.01699376386
0.01699505425
0.016996359230000004
0.016997678010000003
0.016999010830000005
0.017000357330000004
0.01700171589
0.01700308644
0.01700446876
0.017005858849999996
0.017007260680000004
0.017008670519999998
0.017010092199999997
0.017011518809999997
0.017012954230000002
0.017014397230000002
0.01701584516
0.017017301069999997
0.017018761069999996
0.01702022794
0.017021698939999996
0.01702317494
0.01702465602
0.017026139559999997
0.01702762625
0.017029117360000002
0.017030609779999997
0.01703210483
0.017033601110000005
0.017035099669999998
0.017036600619999995
0.017038102260000004
0.01703960267
0.01704110401
0.017042603990000006
0.01704410398
0.017045604019999997
0.017047102629999998
0.017048598540000005
0.01705009459
0.01705158632
0.017053075019999996
0.017054559960000003
0.0170560434
0.01705752053
0.017058994450000003
0.017060462200000005
0.017061926669999998
0.017063380030000002
0.017064829210000007
0.017066271330000004
0.017067702949999996
0.01706912472
0.017070537480000002
0.01707193842
0.017073328710000002
0.017074702900000006
0.01707606343
0.01707740584
0.017078727199999998
0.017080027689999996
0.017081302109999995
0.017082550460000002
0.01708376854
0.017084949850000003
0.017086090290000005
0.017087181689999998
0.017088218470000003
0.01708918862
0.017090077490000005
0.017090872220000004
0.01709154986
0.01709208376
0.01709243714
0.017092552650000002
0.017092358419999995
0.017091744149999998
0.017090544380000003
0.017088490430000006
0.01708512867
0.01707964082
0.0170704049
0.01705381679
0.01702067903
0.016945221159999996
0.01679838778
0.016687545140000006
0.016644980990000006
0.01662656234
0.01661680821
0.016610753300000003
0.016606354580000003
0.01660256602
0.016598669849999997
0.01659396327
0.016587433780000004
0.01657718157
0.016558797189999995
0.016520010579999998
0.01642736049
0.01627565171
0.016180497450000005
0.016141838069999997
0.016124506240000003
0.01611569302
0.016110878050000003
0.016108188859999997
0.01610673285
0.016106045549999996
0.016105858810000002
0.01610601703
0.016106418390000002
0.016106999589999997
0.016107710300000005
0.01610852277
0.016109412929999997
0.016110363280000005
0.01611136338
0.01611240364
0.016113475380000002
0.01611457251999999
0.016115690100000003
0.016116827400000006
0.01611797795
0.01611913978
0.01612031249
0.016121493219999998
0.016122682510000007
0.01612387656
0.016125074649999998
0.01612627795
0.016127485430000005
0.016128696720000002
0.016129907670000002
0.01613112118
0.016132337270000005
0.016133551899999998
0.01613476559
0.016135980609999993
0.01613719398
0.016138404259999996
0.016139614729999998
0.016140822669999996
0.016142025919999997
0.016143226620000003
0.016144422009999996
0.016145612160000003
0.01614679639
0.016147972939999998
0.01614914248
0.016150302150000004
0.01615145377
0.01615259145
0.016153713820000005
0.016154822970000003
0.01615591534
0.01615698658
0.016158038669999996
0.016159064140000002
0.016160057669999995
0.016161019109999997
0.016161940429999997
0.01616281587
0.01616363264
0.01616438905
0.016165068530000003
0.016165652109999998
0.016166122829999997
0.016166452419999998
0.016166606619999996
0.01616653529
0.01616617403
0.016165423999999998
0.016164142159999995
0.01616210705
0.016158962469999996
0.01615408465
0.016146318669999996
0.016133275939999997
0.016109375530000004
0.016059763120000004
0.015949539760000006
0.015802584449999997
0.015735037509999997
0.01571072819
0.015699886679999994
0.015694383749999995
0.015691464059999997
0.01568996448
0.01568931329
0.015689206459999997
0.015689460420000002
0.015689965780000006
0.015690651690000005
0.01569146775
0.015692383679999998
0.015693370619999997
0.015694416609999994
0.015695507009999995
0.015696632770000003
0.015697787829999997
0.015698962910000003
0.01570015753
0.015701367009999995
0.015702589090000007
0.015703819990000006
0.01570506023
0.015706306339999997
0.015707557489999996
0.015708814140000003
0.015710074089999998
0.01571133696
0.015712604159999997
0.01571387509
0.01571514713
0.015716421430000002
0.01571769769
0.015718975859999998
0.015720255370000002
0.01572153492
0.0157228175
0.01572410145
0.0157253867
0.015726671640000002
0.01572796003
0.01572924756
0.01573053639
0.015731827189999995
0.01573311935
0.015734413710000002
0.01573570684000001
0.01573700296
0.015738300499999993
0.015739598809999998
0.01574089778
0.015742197620000002
0.015743500530000006
0.01574480377
0.015746108069999994
0.015747413940000003
0.015748720910000003
0.015750028359999998
0.015751337960000004
0.015752646999999998
0.015753958150000007
0.01575527033
0.01575658461
0.01575789928
0.015759215519999998
0.015760532580000004
0.01576185073
0.01576317057
0.01576449024
0.01576581285
0.015767137729999995
0.015768462190000002
0.0157697877
0.01577111367
0.01577244467
0.01577377485
0.015775106650000002
0.015776439409999996
0.015777773279999997
0.015779110470000003
0.01578044963
0.015781789119999997
0.015783128450000003
0.015784470829999994
0.015785814770000007
0.015787159720000003
0.015788505010000002
0.0157898535
0.015791203349999998
0.01579255479
0.015793908569999994
0.015795262740000003
0.01579661872
0.01579797731
0.01579933681
0.0158006985
0.01580206206
0.015803427480000007
0.015804795
0.015806163030000004
0.01580753338
0.01580890693
0.0158102823
0.015811659819999994
0.015813038390000003
0.01581442006
0.015815803269999994
0.01581718855
0.015818573920000002
0.015819964229999997
0.01582135654
0.015822751149999995
0.015824146969999998
0.015825546409999995
0.01582694598
0.01582834917
0.01582975396
0.01583116114
0.015832571040000003
0.015833984330000005
0.01583539904
0.015836814980000006
0.015838232429999998
0.01583965201
0.01584107396
0.01584249906
0.015843924200000005
0.0158453517
0.015846783340000004
0.0158482169
0.01584965125
0.015851086619999996
0.0158525244
0.015853964880000005
0.015855407199999994
0.01585685009
0.015858295160000004
0.01585974171
0.015861188779999997
0.01586263987
0.01586408989
0.015865542299999997
0.015866996790000004
0.015868451680000003
0.015869906689999998
0.015871363819999998
0.015872819800000004
0.015874278349999996
0.015875738339999997
0.01587719876
0.015878659530000002
0.015880121549999997
0.015881583189999996
0.015883045060000003
0.015884508760000006
0.01588597114
0.015887435329999998
0.015888897040000002
0.01589035954
0.01589182203
0.015893284009999998
0.01589474488
0.015896205019999998
0.015897663309999997
0.015899121690000004
0.015900580560000002
0.015902033790000006
0.015903487109999996
0.015904939070000002
0.015906388380000004
0.01590783511
0.015909278630000002
0.01591072024
0.015912157740000002
0.01591359198
0.015915022830000004
0.015916447109999995
0.015917866909999995
0.01591928318
0.015920692100000005
0.01592209548
0.01592349038
0.01592487779
0.01592625736
0.0159276268
0.015928987189999997
0.015930335320000003
0.01593167078
0.015932993319999998
0.015934301190000007
0.01593559085
0.015936864019999997
0.01593811609
0.01593934348
0.015940545690000002
0.01594171841
0.01594285731
0.015943958900000003
0.01594501547
0.01594602279
0.015946971159999993
0.01594784914
0.015948643560000003
0.015949340800000003
0.015949918480000002
0.015950350409999994
0.015950598080000003
0.015950615200000004
0.015950333800000008
0.015949653519999996
0.015948432010000003
0.015946440790000002
0.01594331937
0.015938432439999997
0.01593059587
0.0159173623
0.015893042090000004
0.015842866780000003
0.01573390707
0.015588199290000002
0.01551604372
0.015490359359999999
0.015479618830000003
0.015474627159999999
0.015472320819999998
0.015471439550000004
0.015471380520000005
0.015471825539999998
0.01547259352
0.01547357624
0.015474705600000003
0.015475934249999998
0.01547723477
0.015478583759999998
0.01547997073
0.015481384470000005
0.015482815320000001
0.015484259019999995
0.015485711999999999
0.01548717195
0.01548863492
0.015490100399999998
0.01549156662
0.015493031519999995
0.015494495649999997
0.015495959109999997
0.015497420579999999
0.015498880530000004
0.015500337450000002
0.015501790399999998
0.01550324137
0.015504688179999998
0.0155061324
0.015507574800000002
0.015509012490000003
0.015510447440000004
0.01551188046
0.015513309339999996
0.015514734840000004
0.01551615884
0.015517580720000004
0.015519000849999996
0.01552041716
0.015521831039999998
0.015523242159999999
0.015524652190000002
0.015526057170000001
0.015527462650000006
0.015528861670000007
0.015530261710000009
0.015531658419999999
0.015533053050000002
0.015534446089999996
0.015535836380000003
0.015537223999999999
0.015538611140000002
0.015539995959999997
0.015541378119999998
0.015542759319999995
0.015544137240000002
0.015545512769999999
0.015546886170000001
0.01554825985
0.01554962909
0.015550996369999999
0.01555236325
0.015553728349999997
0.015555091189999998
0.01555645046
0.015557810340000004
0.015559166739999998
0.015560520639999999
0.015561873829999996
0.015563224560000003
0.015564574340000002
0.015565922
0.015567267549999996
0.015568612829999997
0.015569953860000001
0.01557129373
0.015572632590000001
0.015573969190000004
0.015575303439999999
0.015576636319999998
0.015577968149999994
0.015579297250000004
0.01558062587
0.01558194901
0.015583274280000002
0.015584597050000005
0.01558591793
0.015587236600000004
0.015588553039999998
0.015589868110000007
0.01559118271
0.015592492609999998
0.015593803670000003
0.015595110339999996
0.015596417160000002
0.01559772088
0.015599022610000002
0.015600322440000003
0.015601620740000002
0.015602918169999997
0.015604213490000001
0.015605506990000002
0.015606798569999998
