0.10256064797999997
0.06592768710000001
0.05206706426000001
0.04310822964000001
0.037501901260000005
0.03364198701999999
0.030894654920000004
0.02886346868
0.027300936920000005
0.026052612639999993
0.025021105520000003
0.024143848319999998
0.023379726059999998
0.022701087719999995
0.022088915580000004
0.021529826939999993
0.021014226820000002
0.02053509252
0.020087187019999998
0.019666532300000008
0.01927005596
0.018895333019999995
0.018540417160000003
0.018203721739999998
0.017883922899999998
0.01757990024
0.01729068991
0.01701544839
0.016753424269999997
0.016503944660000006
0.016266394620000003
0.016040210569999994
0.01582486693
0.015619875040000002
0.01542477346
0.015239126120000003
0.015062522679999999
0.014894566419999998
0.014734885870000002
0.014583121680000003
0.014438931279999994
0.014301985339999998
0.0141719701
0.014048582970000001
0.013931534510000001
0.01382054908
0.013715360789999999
0.013615712350000007
0.01352136035
0.013432071660000005
0.01334761873
0.013267788120000002
0.01319237283
0.013121173339999999
0.013054001509999998
0.012990672230000005
0.012931014859999996
0.012874858819999996
0.012822045439999999
0.012772419809999998
0.0127258343
0.01268214688
0.012641224629999998
0.01260293563
0.012567154999999997
0.01253376424
0.012502649309999997
0.012473701149999999
0.012446814939999993
0.01242188937
0.012398829779999999
0.012377544980000002
0.012357945839999994
0.012339949489999997
0.012323474890000002
0.012308446030000005
0.012294791679999997
0.012282437709999998
0.012271320999999996
0.012261377189999999
0.01225254612
0.012244769299999998
0.01223799086
0.012232162039999996
0.012227228259999999
0.012223145080000003
0.01221986693
0.0122173498
0.01221555379
0.012214438439999998
0.012213969799999997
0.0122141093
0.012214826370000001
0.012216086079999999
0.01221786054
0.01222012159
0.012222841369999998
0.01222599232
0.012229552940000004
0.012233499499999996
0.012237808420000001
0.012242460509999999
0.01224743459
0.012252712620000002
0.012258277500000005
0.012264111349999997
0.01227019788
0.012276523409999997
0.012283073290000002
0.012289833969999997
0.012296792290000004
0.012303936669999998
0.012311254220000005
0.0123187352
0.012326370259999999
0.01233414686
0.012342057600000001
0.012350094429999998
0.012358248609999997
0.012366510920000002
0.012374876369999996
0.01238333468
0.012391882630000002
0.01240051184
0.012409217569999999
0.012417993379999999
0.012426835110000001
0.012435734420000004
0.01244469216
0.012453698820000001
0.012462752930000001
0.012471849289999998
0.012480983300000002
0.012490153830000001
0.012499355910000001
0.01250858517
0.012517840990000004
0.012527119240000002
0.012536416960000003
0.012545732109999996
0.01255506249
0.012564405019999997
0.012573757410000002
0.012583119480000002
0.012592486729999998
0.012601858790000002
0.01261123269
0.012620607729999995
0.01262998256
0.012639355139999997
0.012648724269999996
0.01265808869
0.012667447829999996
0.012676799170000001
0.012686142420000001
0.012695475219999999
0.012704797270000004
0.012714107939999997
0.01272340731
0.012732692569999997
0.012741964549999998
0.01275122164
0.01276046327
0.012769688310000003
0.012778896379999998
0.012788087940000003
0.012797260660000002
0.01280641456
0.012815549370000004
0.012824665119999999
0.012833759990000002
0.012842835430000003
0.012851887160000002
0.012860920560000003
0.012869931439999998
0.012878919470000003
0.012887885439999998
0.012896827659999999
0.012905748830000003
0.012914644869999999
0.012923517699999998
0.012932368300000002
0.012941193410000001
0.012949994469999998
0.012958770619999999
0.012967521839999998
0.012976249900000004
0.012984952210000001
0.012993628569999997
0.013002280420000003
0.013010906259999996
0.013019507909999997
0.013028083359999998
0.013036631869999999
0.013045153799999997
0.013053651050000004
0.01306212152
0.013070566650000002
0.01307898423
0.013087376540000003
0.013095741
0.013104080380000004
0.013112392640000008
0.013120676879999998
0.013128936499999999
0.013137169189999999
0.013145375070000003
0.013153553479999998
0.013161706900000004
0.013169831429999996
0.013177929649999998
0.013186001950000002
0.01319404675
0.013202065790000002
0.013210057559999997
0.01321802207
0.013225959490000001
0.01323387089
0.013241755449999996
0.013249612740000001
0.013257443910000001
0.013265248559999996
0.013273025340000001
0.01328077682
0.013288500419999995
0.013296197490000003
0.01330386929
0.01331151344
0.013319131090000002
0.013326722859999997
0.013334287910000004
0.01334182624
0.013349339000000002
0.013356824489999999
0.013364283929999997
0.013371717320000002
0.013379124820000001
0.013386505410000003
0.013393860649999999
0.01340119
0.013408492919999997
0.013415771029999999
0.01342302281
0.013430247650000003
0.01343744713
0.013444621769999998
0.01345177049
0.013458893849999995
0.01346599133
0.013473064160000003
0.013480111770000002
0.013487132150000001
0.013494129669999997
0.01350110068
0.013508046099999997
0.01351496706
0.013521863299999999
0.01352873481
0.01353558278
0.013542404730000004
0.013549201390000003
0.013555974509999997
0.013562722409999997
0.013569446649999997
0.013576145620000002
0.013582821769999998
0.013589471190000002
0.01359609839
0.01360270212
0.013609280029999999
0.013615835399999998
0.013622364910000002
0.01362887118
0.013635355779999995
0.013641815600000001
0.013648252259999995
0.0136546649
0.013661054239999996
0.013667420130000005
0.01367376225
0.01368008196
0.013686378189999997
0.013692651719999997
0.013698902379999999
0.013705129720000002
0.013711334600000005
0.013717516829999998
0.013723676410000005
0.013729814679999999
0.01373592923
0.013742021420000004
0.013748091500000002
0.013754140029999997
0.013760166040000006
0.013766169750000007
0.01377215166
0.013778111410000002
0.013784049349999996
0.01378996587
0.013795861270000003
0.01380173443
0.013807586640000003
0.013813417069999999
0.013819225649999997
0.013825013109999998
0.013830779399999995
0.01383652612
0.013842250980000002
0.013847953789999996
0.013853637240000001
0.013859297949999998
0.0138649384
0.013870559510000002
0.013876159029999996
0.01388173951
0.013887298980000004
0.013892839060000002
0.013898357509999999
0.0139038562
0.013909334499999997
0.013914793939999998
0.013920231169999998
0.013925650879999998
0.01393104868
0.013936429060000003
0.013941788500000002
0.01394712794
0.013952448479999996
0.013957749770000001
0.013963031939999999
0.013968294280000005
0.0139735384
0.013978763159999996
0.01398396887
0.013989155010000007
0.013994323260000004
0.013999471810000002
0.014004602190000002
0.014009713979999996
0.014014808159999996
0.0140198817
0.014024938560000002
0.014029977010000002
0.014034996039999996
0.014039999049999998
0.014044982380000001
0.014049948380000002
0.014054896330000002
0.014059826359999998
0.014064736860000003
0.01406963093
0.014074507710000001
0.014079366180000002
0.0140842071
0.014089031309999995
0.01409383705
0.014098627289999999
0.014103399449999996
0.014108153680000003
0.014112891179999998
0.014117610979999997
0.014122316289999999
0.014127001810000001
0.014131671049999999
0.01413632425
0.014140961980000004
0.01414558346
0.014150185589999998
0.014154772800000002
0.014159343509999998
0.01416389688
0.01416843461
0.014172955479999997
0.014177460770000006
0.014181950269999997
0.01418642284
0.014190879790000001
0.014195320569999996
0.014199746889999998
0.014204157050000004
0.01420855104
0.01421292924
0.014217292940000001
0.014221641270000003
0.014225972480000001
0.01423029019
0.01423459126
0.01423887786
0.014243147719999995
0.01424740408
0.014251644449999996
0.01425587064
0.014260081859999997
0.01426427771
0.014268458899999996
0.014272626210000004
0.014276777889999998
0.014280914569999999
0.014285036950000001
0.014289145699999999
0.014293239439999996
0.014297319989999996
0.014301385199999999
0.014305434919999997
0.014309472640000005
0.014313494330000004
0.01431750192
0.014321495610000005
0.014325476280000004
0.014329441840000004
0.014333394140000002
0.01433733371
0.01434125913
0.014345170409999998
0.014349067179999998
0.014352951779999996
0.014356822600000001
0.014360680059999997
0.014364522649999996
0.014368355239999998
0.014372172439999999
0.01437597591
0.01437976708
0.01438354416
0.014387309220000002
0.01439106145
0.014394798539999998
0.01439852484
0.014402236980000004
0.014405936900000003
0.014409624710000004
0.014413299550000001
0.014416961569999998
0.014420610999999998
0.014424247680000002
0.014427871280000002
0.014431483459999998
0.014435084399999996
0.014438671120000007
0.014442246220000001
0.014445809720000004
0.01444936069
0.014452898960000002
0.01445642709
0.014459942029999999
0.014463444139999998
0.01446693434
0.014470413730000003
0.01447388123
0.014477336909999992
0.014480780219999998
0.014484212569999997
0.014487632930000004
0.01449104197
0.014494439220000002
0.01449782532
0.01450120047
0.014504562909999998
0.014507915040000001
0.01451125572
0.01451458545
0.014517902449999998
0.014521210370000003
0.014524505489999999
0.014527790810000003
0.014531065069999998
0.014534328749999999
0.014537580859999996
0.014540821380000008
0.014544051420000004
0.01454727121
0.014550480579999999
0.014553677149999998
0.01455686582
0.014560042850000003
0.014563208240000004
0.014566363079999999
0.01456950964
0.014572645060000005
0.014575769980000004
0.014578884420000002
0.01458198657
0.014585082139999999
0.014588166369999999
0.014591239600000005
0.014594301539999997
0.014597354950000004
0.014600398789999995
0.014603431410000004
0.014606454809999996
0.014609468059999998
0.01461247221
0.01461546565
0.01461844898
0.014621422019999991
0.014624387899999997
0.014627342580000003
0.014630287669999997
0.014633224439999998
0.014636150320000003
0.014639067040000002
0.01464197455
0.0146448719
0.014647759969999999
0.014650638149999997
0.014653508080000002
0.014656368890000004
0.01465922011
0.014662061630000002
0.01466489456
0.014667717939999998
0.014670532940000001
0.014673338620000002
0.014676134969999999
0.0146789236
0.014681702019999996
0.014684471920000004
0.014687232809999992
0.014689986480000002
0.014692728539999998
0.014695463320000001
0.01469819025
0.01470090629
0.01470361467
0.014706316090000003
0.014709007260000002
0.014711689280000002
0.014714363530000003
0.01471702995
0.014719687269999998
0.014722335990000003
0.014724976079999999
0.014727609179999998
0.014730233379999997
0.014732849639999998
0.014735457260000003
0.014738057589999999
0.014740648649999999
0.014743232129999997
0.014745808039999999
0.014748374980000003
0.01475093274
0.014753484990000003
0.014756026940000005
0.014758563249999997
0.014761091269999997
0.014763610359999997
0.014766120990000003
0.01476862526
0.01477112172
0.014773609849999998
0.014776090539999998
0.01477856357
0.014781028919999996
0.01478348701
0.014785937769999997
0.014788380520000002
0.014790814690000001
0.014793243539999994
0.014795661810000001
0.014798075320000001
0.014800480120000004
0.014802878540000002
0.014805270779999997
0.014807654050000006
0.01481003063
0.014812399430000003
0.014814759600000003
0.01481711577
0.01481946273
0.014821803189999996
0.014824135840000004
0.014826462369999995
0.014828781689999999
0.014831094379999998
0.014833399239999998
0.014835696970000001
0.01483798899
0.014840272840000003
0.014842550539999992
0.014844821329999997
0.014847085019999994
0.014849342369999997
0.014851592410000001
0.014853835729999994
0.014856073359999998
0.014858303070000007
0.014860526619999998
0.01486274374
0.01486495314
0.014867157360000003
0.014869354179999999
0.014871544050000001
0.014873729419999997
0.014875906069999995
0.014878077359999999
0.014880242230000002
0.014882400309999997
0.01488455248
0.014886696829999997
0.01488883649
0.014890969350000003
0.014893096119999998
0.014895216009999998
0.014897330659999996
0.014899438710000004
0.014901539890000004
0.014903635340000004
0.014905724770000007
0.01490780776
0.014909885940000001
0.014911956760000006
0.014914023139999996
0.014916081240000004
0.014918134699999997
0.01492018417
0.014922224739999997
0.014924259780000004
0.014926290330000003
0.0149283127
0.014930329989999998
0.01493234296
0.01493434833
0.014936348459999997
0.014938344400000001
0.01494033309
0.014942317570000006
0.014944294529999999
0.01494626588
0.014948232080000002
0.014950193199999996
0.014952148209999993
0.014954098019999999
0.014956042630000001
0.014957980619999998
0.014959912919999999
0.01496183976
0.014963761479999997
0.014965679290000002
0.01496758971
0.014969495599999995
0.014971395279999999
0.014973291239999997
0.014975179890000006
0.014977065089999998
0.014978944729999994
0.014980818140000001
0.01498268626
0.0149845505
0.014986407860000002
0.014988260079999998
0.014990106950000004
0.01499194858
0.014993786099999996
0.01499561709
0.014997445020000002
0.014999265749999997
0.01500108384
0.015002896009999996
0.015004701959999998
0.015006503180000002
0.015008299769999997
0.015010091790000008
0.01501187992
0.01501366146
0.015015439699999996
0.01501721151000001
0.015018979969999999
0.015020741829999995
0.01502250042
0.015024252919999996
0.015026001639999998
0.015027745199999998
0.015029485099999995
0.015031218229999999
0.015032946940000003
0.015034671950000002
0.01503639101
0.015038106609999997
0.015039816430000004
0.01504152226
0.01504322357
0.01504491985
0.015046612320000003
0.015048299529999998
0.015049982330000003
0.01505165964
0.015053333589999997
0.015055002449999997
0.015056668370000002
0.015058328650000006
0.01505998515
0.015061636559999998
0.015063283909999997
0.015064927750000004
0.015066565310000007
0.015068199809999999
0.015069828900000002
0.01507145492
0.015073075130000002
0.015074690990000007
0.015076302729999998
0.015077910640000004
0.015079513320000001
0.015081113440000002
0.015082708319999997
0.01508430037
0.015085885730000009
0.015087468540000008
0.015089048009999996
0.01509062234
0.01509219224
0.015093760399999994
0.01509532146
0.01509687921
0.015098433410000002
0.0150999834
0.01510152832
0.015103069519999998
0.01510460889
0.015106142349999997
0.01510767169
0.0151091975
0.015110719060000007
0.01511223751
0.015113751749999998
0.015115261200000002
0.015116768090000005
0.015118270220000002
0.015119768309999998
0.015121262850000008
0.015122753800000001
0.015124242429999999
0.01512572584
0.01512720529
0.015128681539999998
0.015130154279999995
0.015131622550000001
0.015133086949999994
0.015134547350000003
0.01513600459
0.015137457739999997
0.01513890792
0.015140354539999998
0.01514179812
0.015143236689999996
0.015144672919999998
0.01514610366
0.015147531089999998
0.015148955379999997
0.015150377230000005
0.015151794169999996
0.015153207599999998
0.015154617910000001
0.01515602413
0.015157428629999995
0.015158828180000004
0.015160223890000005
0.015161613950000001
0.015163003229999998
0.015164389990000002
0.015165771500000003
0.015167150439999999
0.015168525660000003
0.01516989809
0.015171266439999997
0.015172631200000002
0.015173993049999996
0.015175350209999995
0.01517670509
0.015178056140000002
0.015179404979999998
0.01518075048
0.01518209244
0.015183430500000001
0.01518476621
0.015186098849999998
0.015187427770000005
0.015188753210000001
0.015190073919999998
0.015191392609999996
0.015192709580000002
0.01519402193
0.015195330980000001
0.015196637689999994
0.015197940969999999
0.015199241169999997
0.015200539290000002
0.015201833340000004
0.015203124110000004
0.015204411820000001
0.015205695270000003
0.015206976170000002
0.01520825438
0.015209530699999996
0.015210803039999997
0.015212072740000004
0.015213337720000003
0.015214601280000002
0.015215860519999996
0.015217117319999997
0.015218371179999997
0.015219621910000002
0.015220871849999994
0.015222116509999996
0.015223359499999995
0.015224598460000002
0.015225833469999997
0.015227067749999997
0.015228297869999997
0.01522952587
0.01523075041
0.015231971649999999
0.015233190989999996
0.015234406490000003
0.015235620889999999
0.015236831190000005
0.015238038449999996
0.015239243340000002
0.015240444750000004
0.01524164345
0.015242840060000002
0.015244033840000004
0.015245223880000006
0.015246413410000003
0.015247598389999999
0.01524878218
0.015249962840000004
0.015251138860000004
0.01525231429
0.01525348563
0.015254656350000005
0.015255821639999993
0.01525698662
0.015258147569999993
0.015259305990000001
0.01526046155
0.015261616429999998
0.015262765490000002
0.015263912600000006
0.015265057969999997
0.015266200959999997
0.015267341100000003
0.015268478529999997
0.015269612579999996
0.015270745600000003
0.015271875799999996
0.01527300285
0.015274128110000002
0.015275251430000003
0.01527637129
0.01527748776
0.015278602759999997
0.01527971495
0.01528082612
0.015281931
0.015283035240000003
0.015284139129999996
0.01528524036
0.015286336649999996
0.01528743078
0.015288523400000002
0.0152896139
0.015290702930000002
0.015291787519999999
0.01529287022
0.015293949460000003
0.015295028250000002
0.015296103109999999
0.01529717656
0.01529824734
0.015299315859999997
0.01530038205
0.015301446540000003
0.015302507979999998
0.015303567680000003
0.01530462557
0.015305680290000002
0.015306733160000006
0.015307782849999996
0.01530883
0.015309875770000002
0.015310918250000001
0.015311959369999992
0.015312997500000003
0.015314034720000005
0.015315068649999996
0.01531610126
0.01531712979
0.015318158210000002
0.01531918305
0.015320206970000002
0.015321227250000003
0.015322244639999998
0.01532326282
0.015324276850000006
0.015325289129999997
0.015326298499999997
0.015327306110000001
0.015328312189999997
0.015329315010000002
0.015330317939999998
0.0153313167
0.015332314219999997
0.015333309510000002
0.015334301719999997
0.015335292719999997
0.015336280670000004
0.015337268259999998
0.015338252640000001
0.015339234660000003
0.015340215770000004
0.015341193489999995
0.015342169099999999
0.01534314336
0.015344115159999998
0.015345084850000001
0.015346052570000004
0.015347019070000007
0.015347983180000002
0.0153489451
0.01534990638
0.015350863299999996
0.01535182139
0.015352774570000003
0.015353725089999999
0.015354676040000008
0.015355623959999995
0.015356569339999999
0.015357512679999998
0.01535845546
0.015359396189999996
0.015360334749999998
0.01536126936
0.015362202859999998
0.015363136920000003
0.015364066639999998
0.015364994619999996
0.015365921500000001
0.01536684532
0.01536776766
0.015368688600000005
0.015369607279999998
0.01537052482
0.015371439070000001
0.01537235287
0.015373265059999999
0.0153741753
0.015375082399999995
0.015375988320000002
0.01537689256
0.015377795070000002
0.015378695870000004
0.01537959439
0.015380491889999993
0.015381387699999995
0.015382282039999999
0.015383173710000001
0.01538406366
0.0153849518
0.015385839059999996
0.015386723579999997
0.015387605890000003
0.015388487630000001
0.015389368379999999
0.015390245309999996
0.015391122179999996
0.015391995790000002
0.015392868680000003
0.015393738319999996
0.015394607450000004
0.015395475609999997
0.015396340850000002
0.015397205129999997
0.015398066359999997
0.015398926979999995
0.01539978622
0.015400643339999997
0.01540149979
0.015402352990000005
0.01540320547
0.01540405617
0.015404905100000003
0.015405751849999998
0.015406597300000002
0.015407441290000004
0.015408283530000002
0.015409124229999998
0.015409962780000001
0.015410800019999999
0.01541163523
0.01541247016
0.0154133027
0.015414132810000005
0.015414963380000006
0.015415790700000001
0.015416616429999998
0.015417440759999996
0.015418265330000003
0.015419087749999998
0.015419907580000005
