0.10945456906000002
0.10095855381999998
0.09332715272
0.08696929382
0.08195852923999998
0.07806267288
0.07496975402000002
0.07242473009999997
0.07025158918000002
0.06833528812
0.06660246248000001
0.06500701056
0.06351957772
0.06212057348000001
0.0607961315
0.059536101679999974
0.0583329635
0.05718113184000001
0.056076414760000005
0.05501560858000001
0.05399615070000001
0.05301589322
0.052072985320000015
0.05116575137999999
0.05029264426000002
0.049452213700000004
0.048643088279999996
0.04786394841999999
0.04711355654000001
0.04639070903999998
0.045694260580000014
0.045023116759999995
0.044376215399999995
0.04375256118
0.043151187640000005
0.04257117002000002
0.04201163308
0.04147172360000001
0.04095063904
0.040447604000000005
0.039961879299999996
0.039492754660000004
0.03903955112000001
0.03860162384
0.03817834721999999
0.037769125460000004
0.037373387800000005
0.036990589899999995
0.03662020486
0.036261743199999995
0.03591471428000001
0.03557865896
0.03525314032000001
0.03493773664
0.03463204556
0.0343356819
0.03404827010000001
0.0337694578
0.033498907939999996
0.033236290540000005
0.032981302399999995
0.03273364202
0.03249301888
0.03225916572
0.032031817360000006
0.031810725459999994
0.03159564636
0.031386354379999995
0.031182626140000003
0.03098425368
0.030791030900000006
0.030602768979999997
0.030419278080000004
0.030240382280000002
0.030065912279999996
0.02989570805999999
0.029729605400000005
0.029567463139999996
0.029409132779999996
0.029254478680000008
0.02910336673999999
0.028955672179999996
0.02881127899999999
0.028670060579999993
0.0285319107
0.028396724760000002
0.028264397840000007
0.028134831100000004
0.02800792917999999
0.027883605460000006
0.027761771000000005
0.027642340059999996
0.0275252382
0.02741038324
0.027297699300000006
0.027187120800000006
0.027078578119999995
0.026972002
0.026867337820000007
0.026764517120000005
0.026663483480000007
0.02656418095999999
0.026466555660000002
0.026370555599999995
0.02627613204
0.026183235439999997
0.026091821579999997
0.026001846279999987
0.02591326414
0.025826034920000004
0.025740118880000006
0.02565547948
0.025572077960000005
0.025489875560000007
0.025408843100000002
0.025328946819999996
0.025250150559999997
0.025172431239999998
0.025095753880000012
0.0250200925
0.02494541539999999
0.0248717009
0.024798921519999993
0.02472705192
0.02465606844000001
0.02458594786
0.024516666359999998
0.024448206200000003
0.024380542040000005
0.024313655839999993
0.02424753
0.024182143719999997
0.024117476279999998
0.024053516039999993
0.023990241580000012
0.023927636619999998
0.02386569084000001
0.023804376520000003
0.023743691560000002
0.023683614619999998
0.02362413446
0.0235652357
0.0235069077
0.023449132719999995
0.02339190608
0.02333521136
0.023279031899999997
0.023223366319999997
0.02316819566000001
0.02311351556
0.023059311659999998
0.02300557762
0.02295230126
0.02289947322
0.022847086560000004
0.02279513119999999
0.02274359746
0.022692479400000007
0.02264176808
0.022591453679999995
0.022541531240000006
0.02249199252
0.022442829959999994
0.022394037119999998
0.02234560846
0.022297533620000004
0.022249809099999997
0.02220242886
0.022155384920000003
0.022108678379999996
0.022062292780000006
0.02201622988000001
0.02197048236
0.021925044500000004
0.021879911559999993
0.021835080700000002
0.021790542839999996
0.02174629454
0.021702334039999997
0.02165865396
0.02161525062
0.021572120499999993
0.02152925838
0.02148666242
0.021444326100000004
0.0214022479
0.021360422639999998
0.021318844920000003
0.0212775156
0.0212364288
0.0211955808
0.021154969500000002
0.021114588540000003
0.021074439799999997
0.021034515499999996
0.020994816700000002
0.02095533768
0.020916076219999996
0.020877031640000005
0.02083820096
0.0207995771
0.020761161500000003
0.020722950960000004
0.020684943339999998
0.020647135799999997
0.02060952614
0.02057211132
0.020534889660000003
0.02049785946
0.020461016099999996
0.02042436082
0.020387890840000006
0.0203516026
0.02031549494
0.02027956494
0.02024381351999999
0.0202082352
0.020172830299999996
0.02013759736
0.02010253606000001
0.02006763876
0.020032911219999994
0.01999834694
0.0199639468
0.01992970778
0.019895629580000004
0.019861707839999996
0.019827943940000002
0.019794333480000002
0.019760879959999998
0.01972757978
0.01969443013999999
0.01966143022
0.019628579580000003
0.01959587704
0.019563321060000003
0.019530912640000002
0.019498645659999998
0.019466520629999998
0.019434538079999997
0.019402696200000003
0.019370995920000002
0.01933943266
0.019308005920000003
0.019276715080000003
0.019245561260000002
0.01921454187999999
0.019183654080000005
0.01915290014
0.019122275859999996
0.0190917824
0.01906141638
0.019031181780000007
0.019001074840000003
0.018971094180000002
0.018941239210000002
0.018911509719999994
0.01888190214
0.018852419140000003
0.018823058840000004
0.018793818819999995
0.018764700739999998
0.018735705580000005
0.01870682742
0.018678067479999998
0.01864942544
0.018620900939999997
0.018592492340000003
0.01856419842
0.018536021659999995
0.01850795808
0.01848000908
0.018452172279999998
0.01842444802
0.01839683436
0.018369333539999998
0.01834194192
0.018314659900000002
0.018287488800000005
0.018260424499999997
0.018233468590000006
0.01820661986
0.018179879549999996
0.018153243680000004
0.018126714219999996
0.01810029032
0.01807397055
0.018047755580000005
0.018021641400000007
0.01799563386
0.01796972804
0.01794392254
0.017918220779999997
0.017892619460000005
0.017867117559999996
0.017841715600000002
0.017816412799999994
0.01779120787
0.017766102919999995
0.01774109694
0.01771618812
0.017691375139999993
0.017666658280000004
0.017642041159999997
0.01761751652
0.01759308866
0.01756875811
0.017544518499999995
0.017520373430000003
0.017496321009999996
0.017472363410000004
0.017448496230000003
0.017424723740000005
0.017401043169999998
0.01737745286
0.01735395457
0.017330546639999996
0.01730722962
0.01728400372
0.017260866840000003
0.017237818380000002
0.01721485864
0.01719199054
0.017169207449999998
0.017146514340000002
0.01712390618000001
0.01710138689
0.017078954559999998
0.01705660752
0.017034346479999997
0.017012170990000002
0.01699008066
0.016968077359999997
0.01694615884
0.016924321899999997
0.01690257036
0.016880902869999995
0.016859318800000002
0.016837818839999998
0.01681639963
0.016795064440000004
0.016773810020000005
0.016752639499999996
0.016731549079999998
0.016710539589999997
0.016689610489999996
0.016668763229999998
0.01664799715
0.016627309830000006
0.016606701479999996
0.016586172690000008
0.016565721749999998
0.01654535051
0.016525058920000002
0.016504845200000003
0.0164847086
0.016464649779999996
0.016444667319999995
0.01642476425
0.016404935980000004
0.016385184070000003
0.01636551068
0.016345911919999997
0.016326388680000005
0.016306939290000003
0.016287566150000002
0.01626826943
0.01624904528
0.01622989698
0.01621082128
0.016191821800000002
0.016172894499999996
0.016154039949999997
0.01613525868
0.01611655057
0.016097914119999994
0.01607935022
0.016060858539999997
0.01604243706
0.016024087429999997
0.01600580909
0.015987602160000003
0.0159694667
0.015951400789999994
0.015933404090000002
0.015915478799999997
0.01589762313
0.015879837940000002
0.015862120839999997
0.01584447362
0.015826895419999997
0.01580938684999999
0.015791947169999997
0.015774572629999994
0.015757266800000003
0.015740029649999997
0.015722857939999998
0.01570575515
0.0156887185
0.0156717493
0.015654845279999996
0.015638008949999994
0.01562123812
0.015604531899999998
0.01558789152
0.015571316610000005
0.015554807060000002
0.01553836325
0.015521982430000001
0.015505667799999998
0.015489416990000003
0.015473229769999996
0.01545710656
0.015441047330000006
0.01542505188
0.015409119300000003
0.015393249180000002
0.015377443440000003
0.0153617004
0.01534601877
0.015330399580000001
0.01531484326000001
0.015299347540000006
0.015283914230000003
0.015268540530000001
0.01525322714
0.015237976630000006
0.015222785749999997
0.01520765564
0.01519258603
0.015177576180000003
0.015162625069999996
0.015147734340000003
0.01513290447
0.01511813367
0.01510342118
0.015088768990000003
0.015074174600000005
0.01505963829
0.015045161279999998
0.015030741849999998
0.015016380400000005
0.015002076479999998
0.014987829749999999
0.014973640229999998
0.014959508260000006
0.014945433579999999
0.014931414580000002
0.01491745153
0.014903548150000001
0.014889698460000003
0.014875905610000004
0.014862167560000005
0.014848485389999997
0.014834859410000002
0.01482128675
0.014807771239999996
0.014794308799999998
0.014780903999999994
0.014767552749999992
0.014754255310000004
0.014741011740000002
0.014727820949999996
0.01471468494
0.014701602720000002
0.014688572640000001
0.01467559825
0.014662676060000006
0.014649805700000003
0.014636989349999997
0.014624224129999999
0.014611511679999998
0.014598854299999997
0.014586246490000001
0.014573690769999996
0.01456118568
0.014548733319999996
0.014536331859999996
0.014523981090000004
0.014511683300000001
0.014499433209999997
0.01448723719
0.014475089550000002
0.014462993789999998
0.014450947429999996
0.014438949989999998
0.014427003320000003
0.014415106330000003
0.014403259029999999
0.014391460249999996
0.014379711629999998
0.014368010440000002
0.01435635736
0.014344753199999997
0.014333198760000004
0.01432169236
0.01431023387
0.014298824629999995
0.014287460410000003
0.014276145510000003
0.01426487706
0.014253656539999998
0.014242483520000002
0.014231357970000004
0.01422028013
0.014209247930000007
0.014198261839999999
0.014187322889999998
0.014176428299999997
0.01416558113
0.014154778370000004
0.014144022970000003
0.014133312729999997
0.014122648080000001
0.014112027280000003
0.014101453000000003
0.014090924209999993
0.014080439690000002
0.014069998939999996
0.014059603629999997
0.01404924959
0.014038942860000004
0.014028679370000002
0.014018460409999997
0.014008285609999997
0.013998153990000001
0.013988065500000002
0.013978020089999994
0.013968017340000003
0.013958058250000002
0.013948142770000003
0.013938269100000003
0.013928438710000001
0.013918649689999998
0.013908905029999998
0.013899200320000004
0.013889538909999999
0.013879919939999999
0.013870340779999999
0.013860803209999996
0.0138513091
0.013841853539999997
0.013832441870000003
0.013823068950000003
0.01381373845
0.013804447570000005
0.013795198220000004
0.01378598872
0.013776820999999995
0.013767691289999995
0.013758603320000002
0.01374955497
0.013740546410000005
0.013731576710000002
0.013722646580000003
0.013713755519999999
0.013704904840000006
0.013696092480000002
0.013687319380000002
0.01367858319
0.013669885730000003
0.013661228150000003
0.013652608490000002
0.013644026249999996
0.01363548124
0.013626975389999992
0.013618506689999999
0.013610076019999997
0.013601681950000001
0.013593326150000003
0.01358500848
0.013576727900000004
0.013568484129999997
0.013560276270000003
0.013552107219999996
0.013543974410000001
0.013535877910000004
0.013527817789999999
0.013519792769999999
0.013511804170000004
0.013503852520000002
0.013495935389999998
0.013488056470000002
0.0134802107
0.013472401749999998
0.01346462874
0.013456890019999999
0.013449186300000002
0.013441516789999998
0.013433881780000006
0.013426282129999998
0.013418716789999997
0.01341118743
0.013403692120000003
0.013396231210000005
0.013388804680000001
0.013381410810000003
0.013374051909999997
0.013366727800000004
0.013359436390000003
0.013352177300000006
0.013344952940000003
0.013337761199999996
0.01333060253
0.013323478610000002
0.013316386879999996
0.013309327709999999
0.013302300580000002
0.013295306929999995
0.013288346179999999
0.01328141638
0.01327451873
0.013267653749999997
0.013260820049999997
0.013254019839999995
0.013247249050000003
0.013240511080000001
0.013233804330000001
0.013227129089999996
0.013220485299999998
0.013213871980000003
0.013207290370000003
0.01320074159
0.013194222079999998
0.0131877345
0.013181276979999997
0.01317484834
0.013168451860000001
0.013162086370000001
0.013155749190000003
0.013149442210000004
0.013143166829999997
0.0131369204
0.013130703949999998
0.013124516549999996
0.013118359470000006
0.013112229919999998
0.013106130960000002
0.01310006047
0.013094020010000002
0.013088007019999999
0.013082025110000001
0.013076070650000004
0.013070146149999996
0.013064250119999999
0.01305838265
0.013052543369999997
0.013046732240000001
0.013040948290000005
0.013035191439999993
0.01302946364
0.013023765299999998
0.013018094199999997
0.013012450169999993
0.013006833540000005
0.01300124481
0.012995682840000002
0.012990147880000002
0.012984640600000001
0.012979160959999998
0.012973707020000003
0.01296827959
0.012962879649999998
0.012957506960000002
0.012952160539999997
0.012946840209999994
0.012941547349999995
0.012936278699999996
0.01293103598
0.012925819679999999
0.012920629329999999
0.012915466020000002
0.012910328449999998
0.01290521549
0.012900128280000003
0.012895067180000002
0.012890032009999998
0.012885020259999998
0.01288003552
0.012875075310000001
0.012870140629999997
0.012865229790000004
0.012860344200000002
0.012855482960000003
0.012850647169999998
0.012845833720000007
0.012841045380000003
0.0128362829
0.012831544299999997
0.012826830439999999
0.01282213928
0.012817472440000002
0.012812829799999998
0.012808211019999998
0.01280361674
0.012799046390000002
0.012794499630000003
0.012789975350000003
0.012785474689999996
0.012780996339999996
0.012776543310000001
0.012772111560000004
0.012767703640000001
0.012763318860000001
0.012758955240000003
0.01275461583
0.012750298390000003
0.012746003369999998
0.012741729529999999
0.01273747879
0.01273325057
0.012729044550000006
0.01272486089
0.012720700340000002
0.012716560339999999
0.012712443189999999
0.012708347929999999
0.01270427374
0.01270022069
0.012696189980000001
0.012692180569999998
0.012688192489999996
0.012684225629999995
0.012680280330000002
0.012676355959999991
0.012672452430000002
0.01266856957
0.012664706809999999
0.012660865859999999
0.012657045459999992
0.012653246259999995
0.012649468480000002
0.01264571039
0.012641971080000003
0.012638253660000001
0.012634556970000004
0.012630881109999992
0.012627224140000004
0.012623588090000002
0.012619970210000005
0.012616372530000001
0.012612795910000004
0.01260923708
0.012605698779999999
0.012602179969999995
0.012598681519999997
0.012595201670000002
0.012591741210000002
0.012588299960000004
0.012584877009999997
0.01258147411
0.012578088520000004
0.012574724050000007
0.012571377219999999
0.012568049700000002
0.012564741849999997
0.01256145179
0.01255818088
0.0125549266
0.012551691650000004
0.01254847585
0.0125452769
0.012542096619999998
0.01253893417
0.01253579096
0.012532665509999995
0.012529558399999998
0.012526468479999999
0.012523396580000002
0.012520342069999999
0.012517305349999999
0.0125142857
0.012511282890000001
0.01250829754
0.012505330509999997
0.012502379920000002
0.012499447619999998
0.012496531979999998
0.012493634290000005
0.012490753269999998
0.012487889240000001
0.012485041669999999
0.012482210329999998
0.01247939637
0.012476599589999996
0.012473819350000002
0.012471054669999999
0.012468305420000002
0.012465574810000005
0.01246285947
0.012460159480000002
0.01245747736
0.012454811329999996
0.012452160249999997
0.012449525319999998
0.01244690683
0.012444303969999994
0.012441717159999999
0.01243914647
0.01243659155
0.012434050750000003
0.01243152697
0.01242901832
0.012426525270000002
0.012424047090000001
0.012421583669999996
0.01241913724
0.01241670359
0.012414286940000002
0.012411884310000003
0.01240949635
0.01240712354
0.012404766039999997
0.012402422150000002
0.01240009328
0.012397781770000003
0.012395482780000001
0.01239319899
0.01239092909
0.012388674969999992
0.012386434969999997
0.012384209200000003
0.012381997979999997
0.012379800589999998
0.01237761607
0.012375447159999995
0.012373292259999997
0.01237115108
0.01236902338
0.012366907929999999
0.01236480767
0.01236272024
0.012360647680000001
0.01235858817
0.012356541810000001
0.012354510249999999
0.012352491280000003
0.012350486590000001
0.012348495560000004
0.01234651787
0.012344552009999996
0.012342600229999999
0.01234066155
0.012338735740000006
0.012336822519999999
0.01233492242
0.012333035180000002
0.012331160410000002
0.012329299390000006
0.012327450520000003
0.01232561409
0.012323790690000001
0.012321980949999995
0.012320182190000003
0.012318395820000001
0.01231662209
0.012314860359999997
0.012313111920000001
0.012311374679999997
0.012309650439999997
0.012307937480000001
0.01230623732
0.012304548320000002
0.012302873159999998
0.01230120937
0.0122995557
0.012297916280000005
0.01229628685
0.012294670579999998
0.012293064999999997
0.012291471919999996
0.01228989046
0.012288321920000001
0.012286763139999999
0.012285215820000002
0.012283680860000002
0.012282155440000003
0.012280642899999998
0.01227913963
0.012277647460000003
0.012276168819999999
0.01227470036
0.012273242560000001
0.0122717956
0.012270361069999996
0.01226893621
0.012267522840000005
0.012266120109999999
0.012264727040000003
0.012263346059999996
0.012261975889999997
0.01226061635
0.012259266809999997
0.012257927970000002
0.01225660029
0.012255282440000001
0.012253974510000005
0.01225267782
0.012251390299999998
0.01225011372
0.012248846839999996
0.012247589949999995
0.012246344379999998
0.012245107970000004
0.01224388277
0.01224266773
0.01224146198
0.01224026649
0.012239080910000002
0.012237905519999996
0.012236739649999996
0.012235582959999996
0.01223443661
0.012233300019999995
0.01223217285
0.012231054779999999
0.012229945840000003
0.012228846659999999
0.012227756690000001
0.012226675590000003
0.012225604309999997
0.012224542579999997
0.012223491529999997
0.012222448790000002
0.012221414830000001
0.012220391140000002
0.012219376330000002
0.012218371299999998
0.012217375669999997
0.012216388359999997
0.012215409570000002
0.01221444029
0.012213480550000003
0.012212529559999998
0.01221158682
0.01221065252
0.012209726730000002
0.012208810550000003
0.012207903380000003
0.01220700423
0.012206112909999995
0.012205229349999997
0.012204355879999997
0.012203489409999997
0.012202632579999997
0.01220178331
0.01220094297
0.012200111989999998
0.012199288620000004
0.01219847389
0.012197667000000002
0.01219686808
0.012196076829999998
0.012195293859999996
0.012194520000000002
0.012193753090000004
0.0121929946
0.012192244299999997
0.012191501960000002
0.012190767269999998
0.01219003973
0.012189321040000001
0.012188608969999999
0.01218790543
0.012187210699999996
0.012186521600000005
0.012185840890000004
0.01218516744
0.01218450143
0.012183843510000004
0.012183193100000003
0.012182549889999998
0.012181914960000007
0.01218128629
0.01218066627
0.012180052879999998
0.012179447520000003
0.012178849549999997
0.01217825796
0.012177673119999996
0.01217709601
0.012176526859999998
0.012175963090000002
0.012175406500000001
0.012174858390000001
0.012174315989999995
0.012173780930000003
0.01217325237
0.012172731069999996
0.01217221615
0.012171708469999997
0.01217120873
0.012170715249999997
0.012170229160000006
0.012169749529999998
0.01216927652
0.012168810409999994
0.012168348820000001
0.012167895990000002
0.012167448849999995
0.01216701019
