0.108217494
0.07908766532
0.06761115276000002
0.06150519549999999
0.05700689702000001
0.05326393470000001
0.050045081179999985
0.04724719488000001
0.04480037901999998
0.04264979609999999
0.040750842139999986
0.039066885700000005
0.03756767372000001
0.03622806659999999
0.03502701982000001
0.033946769960000005
0.03297216882
0.03209018846
0.031289540420000005
0.03056039567999999
0.029894162380000013
0.029283318519999994
0.0287212814
0.028202287979999997
0.02772129965999999
0.027273926520000002
0.026856332299999997
0.026465174539999997
0.026097543159999993
0.0257508975
0.02542302346
0.025111990140000002
0.024816108720000004
0.024533904499999995
0.024264084600000003
0.024005511019999995
0.02375718532
0.023518226660000002
0.023287860660000007
0.0230653977
0.022850229
0.02264181404
0.022439669820000004
0.02224336578
0.022052517259999998
0.021866783519999995
0.021685848880000004
0.0215094359
0.02133729936
0.0211692032
0.021004942880000002
0.02084433824
0.02068721286
0.020533414499999996
0.020382800139999997
0.02023523864
0.020090612100000006
0.019948811240000003
0.019809733340000003
0.019673287320000003
0.019539384959999996
0.01940794668
0.019278896640000008
0.01915216542
0.019027688619999997
0.018905404820000006
0.018785254999999997
0.01866718668
0.0185511479
0.01843709292
0.01832497451
0.018214748800000003
0.01810637784
0.01799982067
0.017895038399999997
0.01779199792
0.017690662379999996
0.017591001370000005
0.01749298298
0.01739657506
0.01730175121
0.017208484169999993
0.0171167431
0.01702650266
0.016937736679999996
0.016850420879999998
0.016764534229999996
0.016680047139999998
0.016596941489999992
0.016515192619999997
0.016434780499999992
0.01635568436
0.01627788071
0.01620135082
0.01612607572
0.016052035049999996
0.015979209050000005
0.01590758177
0.015837130779999996
0.015767840540000005
0.015699694209999993
0.01563267505
0.015566763240000002
0.01550194405
0.015438202390000003
0.015375518
0.015313878620000006
0.01525326828
0.015193670800000003
0.015135072000000001
0.015077454909999996
0.015020808339999995
0.014965115070000005
0.01491036312
0.014856536739999997
0.014803623450000001
0.01475160679
0.014700478470000002
0.01465022017
0.014600823409999998
0.014552273639999997
0.01450455762
0.01445766295
0.014411580799999999
0.014366295749999997
0.01432179493
0.01427806905
0.01423510763
0.014192897690000005
0.01415142728
0.014110687010000001
0.01407066491
0.014031351699999996
0.01399273544
0.013954804820000001
0.013917552969999998
0.013880967739999998
0.01384503842
0.01380975681
0.01377511026
0.013741092750000001
0.013707692719999996
0.013674901119999998
0.01364270918
0.013611108919999998
0.013580089779999997
0.013549644349999999
0.013519762500000001
0.013490436230000003
0.01346165554
0.01343341536
0.013405705829999996
0.013378519400000002
0.013351847640000001
0.013325681530000005
0.01330001436
0.013274840370000002
0.01325014809
0.013225934870000003
0.013202188380000002
0.013178904739999997
0.013156075620000002
0.013133693699999997
0.01311175346
0.013090246869999997
0.01306916733
0.013048509420000003
0.013028265479999999
0.013008427569999998
0.012988992570000002
0.012969951239999998
0.012951300399999999
0.012933029400000002
0.012915135839999998
0.012897613079999998
0.012880455180000002
0.01286365694
0.012847211059999999
0.012831112770000003
0.012815356600000001
0.012799937979999999
0.012784851260000002
0.012770090160000002
0.012755648809999999
0.012741523890000002
0.012727708100000004
0.012714199540000004
0.01270099229
0.012688078469999997
0.012675458260000005
0.012663122500000004
0.01265106706
0.012639291520000002
0.01262778494
0.012616548809999994
0.012605575389999998
0.012594860700000002
0.012584402720000004
0.012574192120000001
0.0125642289
0.012554509859999998
0.01254502794
0.012535780610000002
0.012526764760000001
0.012517975759999998
0.012509408729999996
0.012501061249999999
0.012492928869999998
0.012485007999999995
0.012477295040000001
0.012469786580000001
0.012462479909999996
0.012455370720000003
0.012448456760000002
0.012441732600000002
0.012435196919999995
0.012428845109999998
0.012422674170000002
0.012416683200000002
0.012410866769999999
0.012405221309999994
0.012399747669999999
0.012394437670000001
0.01238929092
0.012384306640000002
0.012379478369999999
0.012374806480000002
0.012370285640000001
0.012365915199999996
0.01236168958
0.012357609829999998
0.012353670240000001
0.01234987195
0.012346209759999996
0.0123426814
0.012339284939999999
0.01233601882
0.012332879590000003
0.012329865460000002
0.012326973850000002
0.012324202569999998
0.012321548329999998
0.01231901041
0.01231658777
0.01231427654
0.012312075309999997
0.012309983149999999
0.012307995569999999
0.01230611285
0.012304332089999998
0.012302651539999997
0.01230106942
0.012299584270000002
0.012298194010000003
0.012296895500000002
0.012295688389999997
0.012294571129999996
0.012293541839999998
0.012292600380000001
0.012291741070000002
0.0122909657
0.01229027184
0.012289659260000004
0.012289124069999999
0.012288666380000002
0.012288283979999998
0.01228797539
0.012287739719999998
0.012287574609999997
0.012287479949999998
0.012287454620000002
0.012287496149999999
0.012287604290000002
0.012287777129999995
0.012288013320000003
0.012288310739999999
0.01228866943
0.01228908908
0.012289567819999998
0.012290103839999997
0.01229069476
0.012291343559999996
0.012292045779999998
0.012292800799999996
0.012293607489999999
0.01229446556
0.012295373729999996
0.012296332620000001
0.012297339769999997
0.01229839371
0.012299492030000001
0.012300637719999999
0.012301826360000004
0.012303059240000002
0.01230433566
0.012305653770000001
0.012307012899999999
0.012308412129999996
0.012309850380000003
0.012311327010000001
0.012312841870000002
0.012314393929999995
0.012315981410000001
0.012317604309999997
0.012319263040000002
0.012320956459999999
0.012322680159999998
0.012324439920000001
0.012326229220000002
0.01232805194
0.012329905019999999
0.012331787919999998
0.01233370013
0.012335641109999997
0.012337610849999998
0.01233960664
0.012341631099999997
0.012343681629999999
0.012345757160000005
0.012347858950000002
0.012349985279999998
0.012352135839999999
0.01235430939
0.012356507519999995
0.012358729210000006
0.012360972060000001
0.012363236319999997
0.012365522670000002
0.01236782923
0.012370156639999996
0.01237250418
0.01237487033
0.01237725599
0.01237966096
0.012382084710000003
0.012384524499999999
0.012386982099999999
0.01238945815
0.012391948480000001
0.012394456499999998
0.012396980129999997
0.012399518609999998
0.012402072850000001
0.01240464243
0.012407224809999999
0.012409821799999998
0.012412432329999999
0.012415058599999997
0.012417695409999995
0.012420347309999994
0.012423009100000002
0.01242568493
0.012428371919999993
0.012431069199999999
0.012433780370000001
0.012436501750000002
0.012439234180000001
0.012441976249999995
0.012444729140000001
0.012447492409999997
0.012450264580000004
0.012453045369999997
0.0124558371
0.01245863737
0.012461447
0.01246426335
0.012467089150000001
0.012469922720000002
0.012472763620000004
0.012475614299999998
0.012478472000000003
0.012481335910000004
0.012484207810000002
0.012487085980000003
0.012489970110000005
0.01249286094
0.012495757340000002
0.01249866178
0.012501571650000001
0.012504485990000003
0.012507406169999997
0.012510331869999995
0.012513262670000002
0.012516199520000002
0.012519140930000004
0.012522086310000003
0.012525037360000001
0.012527991980000003
0.012530950869999996
0.012533913749999997
0.012536880750000002
0.01253985132
0.012542825780000004
0.012545805519999993
0.012548786249999994
0.012551772430000002
0.012554761139999999
0.012557751990000003
0.01256074592
0.012563743209999995
0.01256674337
0.012569746029999997
0.012572750810000002
0.012575757090000006
0.01257876679
0.01258177828
0.01258479137
0.012587808409999998
0.012590825860000002
0.012593844579999998
0.012596865409999998
0.012599887329999995
0.012602910140000001
0.01260593588
0.012608961679999996
0.01261198877
0.012615017730000004
0.012618047009999998
0.012621077480000003
0.012624109619999999
0.012627141089999998
0.012630175119999996
0.012633207959999995
0.0126362426
0.012639277189999997
0.012642311409999997
0.0126453464
0.012648381760000002
0.012651417719999997
0.01265445396
0.012657489469999998
0.012660525849999995
0.012663561470000003
0.012666597679999997
0.012669632769999996
0.012672667229999999
0.012675703340000002
0.012678737180000002
0.012681771179999999
0.01268480492
0.012687837539999998
0.012690870640000003
0.0126939019
0.012696932109999998
0.012699962229999997
0.012702990899999999
0.012706018659999995
0.01270904751
0.01271207373
0.012715099310000002
0.012718124669999997
0.012721147989999999
0.012724171059999997
0.012727191660000001
0.01273021198
0.012733230060000003
0.012736247839999998
0.01273926253
0.012742277099999994
0.01274529085
0.012748303280000005
0.012751313990000004
0.01275432211
0.01275732944
0.012760336379999999
0.012763340520000001
0.01276634383
0.01276934389
0.012772342590000003
0.012775339769999998
0.012778336219999999
0.012781330019999999
0.01278432184
0.012787312169999999
0.012790301410000003
0.012793287559999998
0.012796271879999998
0.012799253370000001
0.01280223484
0.012805212929999994
0.012808190470000001
0.012811165580000004
0.012814138249999997
0.012817108530000001
0.012820076219999999
0.012823041740000003
0.0128260058
0.01282896692
0.012831927439999996
0.012834884910000002
0.01283783936
0.012840792059999996
0.012843743070000002
0.012846691789999996
0.0128496373
0.01285258071
0.012855522290000001
0.012858460939999998
0.012861397850000001
0.01286433181
0.012867262930000003
0.012870193309999998
0.012873120379999997
0.012876044519999998
0.0128789668
0.01288188548
0.012884803059999997
0.012887716819999999
0.012890628150000001
0.01289353655
0.012896443479999997
0.0128993473
0.012902248079999998
0.01290514787
0.012908043250000003
0.01291093692
0.01291382873
0.012916716060000001
0.012919601840000001
0.012922485049999998
0.012925364720000004
0.012928242139999997
0.01293111672
0.012933988639999998
0.0129368584
0.012939725140000002
0.01294258902
0.012945450839999999
0.012948308900000007
0.012951163940000001
0.012954015970000005
0.012956865909999999
0.012959713240000004
0.012962556780000002
0.012965399440000004
0.012968237900000002
0.012971073790000003
0.012973907100000001
0.012976737760000003
0.01297956571
0.012982389930000003
0.012985211820000002
0.012988030800000001
0.01299084699
0.012993660450000005
0.012996472139999998
0.012999278509999998
0.013002083800000003
0.01300488636
0.013007686429999998
0.013010482010000001
0.013013275329999997
0.013016066169999998
0.013018853770000005
0.013021638700000003
0.013024419659999995
0.013027197829999998
0.013029974269999998
0.013032746600000002
0.013035517150000002
0.013038283689999996
0.013041048300000002
0.013043810169999993
0.01304656812
0.013049323849999996
0.01305207628
0.013054824679999999
0.013057570770000004
0.013060314439999996
0.013063055520000002
0.013065793139999999
0.013068527679999999
0.013071258750000002
0.013073987910000003
0.01307671391
0.013079437309999999
0.01308215678
0.013084872039999999
0.013087585130000001
0.013090295849999998
0.013093003470000001
0.013095708559999999
0.013098409890000003
0.013101107189999999
0.01310380368
0.013106496360000002
0.0131091851
0.01311187307
0.01311455719
0.013117237240000001
0.01311991412
0.013122589130000003
0.013125260900000005
0.013127930349999999
0.013130595310000003
0.01313325929
0.013135918759999999
0.013138575619999997
0.013141230299999999
0.013143880899999998
0.01314652836
0.01314917273
0.01315181525
0.01315445333
0.013157088310000002
0.013159719969999997
0.01316235048
0.013164976559999996
0.013167600080000001
0.013170220439999998
0.013172836529999996
0.013175451999999999
0.013178062389999998
0.013180670360000002
0.013183277010000001
0.01318587979
0.013188479439999998
0.013191075349999996
0.01319366896
0.013196259960000001
0.013198847130000002
0.013201431309999996
0.01320401292
0.013206591649999998
0.013209166740000005
0.013211739120000003
0.013214307959999998
0.013216874589999997
0.01321943753
0.013221998720000008
0.013224556239999997
0.01322711027
0.013229662019999998
0.01323221035
0.013234755439999997
0.013237297939999998
0.013239836460000005
0.013242371519999997
0.01324490626
0.013247436169999998
0.013249964359999998
0.013252488960000001
0.013255011000000006
0.013257529130000003
0.01326004408
0.013262555629999999
0.013265065349999999
0.013267572129999995
0.013270075650000004
0.013272576599999997
0.013275074050000002
0.013277568370000001
0.013280059499999997
0.01328254879
0.013285034540000002
0.01328751698
0.013289997770000004
0.013292474700000001
0.013294947749999998
0.013297418769999998
0.01329988669
0.013302351300000004
0.01330481393
0.013307273120000003
0.013309728630000003
0.01331218204
0.013314632619999999
0.013317079790000002
0.0133195247
0.013321967269999997
0.013324406250000002
0.013326841380000001
0.013329274560000002
0.013331704579999997
0.013334131599999997
0.013336554989999997
0.01333897603
0.013341393779999999
0.013343809540000003
0.01334622068
0.01334862954
0.013351035739999996
0.013353439389999998
0.01335583912
0.013358236679999995
0.013360631609999998
0.013363024570000001
0.013365412869999996
0.0133677995
0.013370182210000001
0.013372562409999997
0.013374939979999998
0.013377313580000001
0.01337968509
0.013382054819999998
0.013384420529999995
0.013386783110000005
0.013389143539999997
0.013391502160000002
0.013393856089999996
0.01339620733
0.01339855554
0.01340090203
0.013403244749999998
0.013405584519999996
0.013407922680000002
0.013410256609999999
0.013412588440000001
0.013414916830000005
0.013417242590000005
0.013419566499999997
0.013421886149999998
0.01342420311
0.01342651785
0.013428828609999999
0.013431137140000004
0.013433442859999999
0.013435747509999998
0.013438046319999999
0.013440344609999998
0.013442638929999997
0.013444931259999997
0.013447220199999999
0.013449504690000003
0.013451788740000005
0.013454070700000008
0.013456348019999998
0.013458623290000003
0.01346089525
0.013463165019999999
0.013465431489999999
0.013467695150000007
0.013469956139999992
0.013472215369999999
0.013474470520000002
0.013476722840000002
0.013478972509999998
0.013481220949999994
0.013483464710000002
0.013485706530000004
0.013487944989999995
0.013490181330000002
0.01349241408
0.013494644990000002
0.013496873280000002
0.013499098349999999
0.013501321460000002
0.013503541140000002
0.013505758299999998
0.013507972110000004
0.013510184450000002
0.013512393709999999
0.01351459999
0.013516802700000002
0.013519003960000003
0.013521200980000004
0.01352339629
0.013525586970000003
0.013527777580000002
0.013529963550000001
0.013532148149999989
0.013534329699999998
0.013536509160000001
0.013538683749999995
0.013540857699999997
0.013543028969999999
0.013545196370000002
0.013547362669999998
0.01354952484
0.013551684589999996
0.013553841699999996
0.013555996329999997
0.013558149010000003
0.013560297699999996
0.01356244509
0.01356458888
0.013566730819999998
0.013568870190000006
0.01357100698
0.01357314103
0.01357527301
0.013577401849999999
0.013579528910000003
0.013581651680000003
0.01358377248
0.013585890090000004
0.01358800721
0.013590118960000001
0.013592228969999995
0.01359433711
0.013596442170000002
0.013598545359999997
0.013600644169999999
0.01360274164
0.013604836629999997
0.013606929009999992
0.013609017690000003
0.013611103679999993
0.01361318829
0.01361526953
0.013617349179999995
0.013619425299999996
0.013621499899999999
0.013623570520000001
0.013625638789999997
0.013627705669999999
0.01362976923
0.013631830690000003
0.013633889170000002
0.013635945639999997
0.013637998969999999
0.013640048939999998
0.01364209746
0.013644144780000004
0.013646187680000001
0.013648228059999998
0.013650266920000001
0.01365230371
0.01365433639
0.013656368249999997
0.01365839676
0.01366042403
0.01366244704
0.013664468100000002
0.013666487339999998
0.013668502220000005
0.013670516449999998
0.013672526679999998
0.013674536359999998
0.01367654157
0.013678545040000005
0.013680546909999996
0.013682544839999995
0.01368453991
0.013686532960000003
0.01368852472
0.013690514199999998
0.013692500820000002
0.013694483889999998
0.013696464180000001
0.013698441399999999
0.013700418400000003
0.013702392430000003
0.013704365090000004
0.013706333460000004
0.01370830097
0.013710264280000004
0.013712226699999995
0.013714185080000002
0.01371614162
0.013718096400000004
0.01372004821
0.013721998460000004
0.013723944950000002
0.013725890479999997
0.013727832189999997
0.013729771659999996
0.013731709180000001
0.013733644579999997
0.013735576429999998
0.01373750715
0.013739434459999995
0.013741360709999994
0.013743284169999996
0.013745205069999999
0.013747124349999999
0.01374904039
0.013750953049999997
0.013752865109999998
0.013754774120000006
0.01375667946
0.01375858388
0.01376048567
0.01376238516
0.013764282919999996
0.013766178010000003
0.01376807102
0.013769960980000004
0.013771848599999996
0.01377373496
0.013775618029999999
0.013777497789999997
0.0137793762
0.01378125321
0.013783126770000003
0.013784998590000003
0.013786867350000002
0.013788736230000003
0.013790601109999997
0.013792463680000002
0.013794323970000005
0.01379618118
0.013798036850000002
0.013799890590000006
0.013801741780000003
0.013803590159999999
0.013805436519999999
0.01380728097
0.013809123170000001
0.01381096362
0.013812801230000003
0.013814637380000005
0.013816469650000003
0.013818300450000003
0.013820128000000004
0.013821953199999999
0.013823777649999995
0.01382559881
0.01382741818
0.013829236560000003
0.013831051980000002
0.01383286488
0.013834676650000004
0.013836484649999998
0.01383829146
0.013840096220000002
0.01384189747
0.013843697930000003
0.013845495670000003
0.013847290470000002
0.013849083900000001
0.01385087508
0.01385266357
0.013854451330000003
0.013856234129999999
0.013858018369999997
0.013859797370000003
0.013861575510000007
0.013863350949999999
0.01386512447
0.013866896200000001
0.013868664400000001
0.013870432629999995
0.013872196820000002
0.013873958910000001
0.013875717960000004
0.013877476989999995
0.013879232540000003
0.013880985840000004
0.013882737909999996
0.013884487559999993
0.01388623518
0.013887980099999997
0.01388972341
0.013891463880000001
0.01389320284
0.013894939609999999
0.013896673529999999
0.01389840637
0.013900137360000002
0.013901865129999998
0.013903590849999998
0.013905315199999997
0.013907037189999997
0.013908757479999999
0.013910475830000001
0.013912191630000001
0.013913905260000001
0.013915616790000007
0.013917327349999998
0.013919034489999997
0.013920739849999997
0.01392244379
0.013924144610000005
0.013925843919999993
0.013927541089999995
0.013929236950000005
0.01393092983
0.013932621320000005
0.013934310160000001
0.013935996819999998
0.013937682930000004
0.013939365700000001
0.013941046609999999
0.01394272522
0.013944401269999997
0.01394607644
0.013947747899999996
0.01394941809
0.0139510873
0.013952753949999997
0.01395441772
0.013956080650000003
0.013957741079999997
0.013959399530000001
0.013961054550000004
0.013962709059999998
0.01396436117
0.013966012350000001
0.013967659109999997
0.013969306479999999
0.013970950130000001
0.013972592479999997
0.0139742328
0.013975871879999999
0.013977507830000003
0.01397914307
0.013980775470000005
0.013982405899999993
0.013984033020000002
0.013985658560000004
