0.09424089516000002
0.05693200686000001
0.041244660480000014
0.03198155482000001
0.027204520860000005
0.02443753178
0.0225437542
0.02108541284
0.019882080040000003
0.018852096660000005
0.017954307450000005
0.017165408320000002
0.016470664969999996
0.015859601850000002
0.015323821630000001
0.014855991559999997
0.014449386459999996
0.01409771037
0.013795035090000003
0.013535824490000006
0.013314970539999997
0.01312782905
0.01297024223
0.012838536969999998
0.012729506389999999
0.01264036605
0.01256869647
0.012512367330000001
0.012469469979999998
0.012438264289999999
0.012417161080000001
0.012404713479999998
0.01239963083
0.012400771199999999
0.012407141100000001
0.012417876809999999
0.012432243229999999
0.012449607280000002
0.01246943582
0.012491276979999999
0.012514745380000001
0.012539522310000004
0.012565334860000001
0.012591956150000002
0.01261919687
0.012646897999999993
0.01267492547
0.012703170030000002
0.012731538989999997
0.012759956930000003
0.012788359100000004
0.012816695849999999
0.012844923369999997
0.01287300627
0.012900917619999997
0.012928631860000001
0.012956130380000002
0.012983399330000001
0.013010423740000004
0.013037196160000004
0.01306370746
0.01308995312
0.013115927069999998
0.013141625180000003
0.01316704722
0.013192190329999997
0.013217054760000003
0.013241639630000001
0.013265943249999999
0.013289969530000001
0.01331371851
0.01333719108
0.013360388679999996
0.013383314690000004
0.01340596976
0.0134283558
0.013450477700000001
0.013472334890000003
0.013493933109999998
0.013515270890000002
0.01353635412
0.013557187219999996
0.013577770560000002
0.013598105640000002
0.01361819825
0.01363805023
0.013657665299999996
0.01367704751
0.013696197439999997
0.013715119749999996
0.013733816169999998
0.013752292129999994
0.013770548439999999
0.013788589440000004
0.013806416460000004
0.013824033930000002
0.013841444189999991
0.01385865232
0.013875658530000001
0.013892466800000001
0.013909078660000003
0.013925499280000002
0.01394172872
0.01395777285
0.013973630030000003
0.013989308379999999
0.014004806910000002
0.014020127810000005
0.014035276099999999
0.014050251449999995
0.014065056900000001
0.01407969813
0.01409417439
0.014108486819999998
0.014122639840000001
0.014136636050000005
0.014150476219999996
0.014164164029999997
0.014177699819999999
0.01419108614
0.014204324879999997
0.014217419380000002
0.014230370750000006
0.014243180759999998
0.014255851300000006
0.014268383170000001
0.01428077991
0.01429304225
0.014305173069999996
0.014317173400000003
0.01432904471
0.014340788839999999
0.014352408060000005
0.01436390117
0.01437527342
0.014386522760000003
0.014397655290000002
0.014408668509999998
0.01441956635
0.014430347349999997
0.014441015590000002
0.01445156981
0.014462016049999997
0.014472350050000003
0.014482577489999999
0.014492696500000003
0.01450271087
0.014512619689999997
0.014522425880000002
0.014532129800000002
0.014541732759999997
0.014551235630000001
0.014560640520000003
0.014569947720000002
0.0145791586
0.014588273970000001
0.014597294979999993
0.014606223660000002
0.014615061990000002
0.01462380721
0.01463246444
0.01464103144
0.014649509339999995
0.01465790268
0.01466620858
0.014674432020000001
0.014682567570000003
0.01469062229
0.014698594410000003
0.014706484260000003
0.01471429587
0.014722024910000003
0.014729679189999997
0.014737253660000005
0.014744751619999996
0.014752172829999997
0.014759517429999997
0.014766789530000001
0.014773987469999998
0.014781112820000004
0.014788165939999997
0.014795148170000001
0.014802059569999994
0.014808900489999999
0.01481567486
0.014822378290000002
0.014829014310000005
0.014835586969999998
0.0148420884
0.01484852797
0.014854902529999997
0.014861212409999993
0.014867458000000005
0.014873642909999993
0.014879764110000004
0.014885825379999997
0.014891823960000005
0.01489776453
0.014903644700000001
0.014909467010000002
0.014915231029999998
0.0149209363
0.01492658619
0.014932178649999999
0.01493771487
0.01494319744
0.014948624769999997
0.01495399787
0.014959318110000001
0.014964584699999998
0.014969799680000001
0.01497496298
0.014980073940000005
0.014985136119999999
0.014990148200000004
0.014995108690000002
0.015000021289999997
0.015004884150000003
0.015009700949999998
0.015014469450000002
0.015019190970000006
0.0150238653
0.015028492410000005
0.015033076740000002
0.015037615449999996
0.015042109380000002
0.015046558830000003
0.015050965069999995
0.015055327140000003
0.015059647620000003
0.015063926879999998
0.015068163509999996
0.015072357160000004
0.015076512220000005
0.015080625870000005
0.01508469856
0.015088734000000001
0.0150927284
0.015096684980000004
0.015100603139999997
0.015104483089999995
0.01510832706
0.015112132580000003
0.01511590296
0.015119635389999997
0.01512333373
0.015126996329999998
0.015130623500000004
0.015134216049999998
0.015137773470000003
0.015141299070000003
0.01514479101
0.015148250130000008
0.015151675529999997
0.015155069410000005
0.015158430330000002
0.015161759929999997
0.015165059660000004
0.015168327110000001
0.015171564100000002
0.0151747708
0.015177948650000004
0.01518109601
0.015184216570000002
0.015187305710000001
0.0151903668
0.015193401020000006
0.015196406010000002
0.015199383930000003
0.015202334839999996
0.01520525967
0.015208156899999999
0.01521102923
0.015213875609999998
0.01521669534
0.015219492389999999
0.015222261070000003
0.015225007050000003
0.015227727189999995
0.015230424619999993
0.01523309708
0.015235746579999997
0.015238372439999998
0.015240975849999998
0.015243556399999999
0.015246114459999995
0.015248650199999996
0.01525116437
0.015253657809999996
0.015256129010000003
0.015258579690000001
0.01526100872
0.015263418310000004
0.015265806940000001
0.015268174620000002
0.015270525229999998
0.015272854649999995
0.015275164679999998
0.015277455439999997
0.015279727570000004
0.01528198217
0.01528421671
0.015286435429999998
0.015288634970000001
0.01529081742
0.015292982609999999
0.015295129029999995
0.015297260970000002
0.015299373289999996
0.01530147031
0.01530355171
0.015305614020000002
0.015307665270000001
0.015309695689999996
0.015311712900000001
0.01531371523
0.01531570147
0.015317673770000005
0.01531963279
0.015321574520000002
0.01532350297
0.01532541653
0.015327318120000004
0.015329205670000002
0.01533107786
0.015332938749999999
0.015334785140000003
0.015336619480000003
0.015338441010000006
0.01534024887
0.015342045449999998
0.015343828570000002
0.01534559928
0.015347360070000003
0.0153491079
0.015350843720000002
0.015352568760000003
0.015354280760000004
0.015355983180000001
0.01535767421
0.01535935418
0.015361024710000004
0.015362683280000003
0.0153643312
0.015365968669999997
0.015367596240000002
0.015369215979999996
0.015370824140000001
0.01537242314
0.015374012799999998
0.015375593739999993
0.015377164569999999
0.015378726570000001
0.015380278450000002
0.01538182326
0.015383358049999997
0.015384884659999995
0.015386403830000001
0.015387914760000005
0.015389414980000002
0.015390909700000004
0.015392395880000005
0.015393873390000003
0.01539534516
0.015396807890000001
0.015398264810000005
0.015399712200000004
0.015401154250000004
0.01540258939
0.015404017430000003
0.015405438090000001
0.015406852310000003
0.01540826097
0.0154096619
0.015411057289999997
0.015412445989999999
0.01541382803
0.015415205759999996
0.015416576929999997
0.015417942500000002
0.015419301870000002
0.01542065602
0.01542200333
0.015423348699999997
0.015424687059999997
0.01542602075
0.01542734927
0.015428673240000001
0.0154299902
0.015431304750000006
0.015432612450000003
0.01543391905
0.015435219110000007
0.01543651568
0.015437807339999996
0.015439094759999999
0.01544037822
0.015441658789999995
0.015442934699999996
0.015444206169999997
0.015445473790000004
0.015446737930000001
0.015448001279999998
0.015449258949999998
0.0154505149
0.015451766280000003
0.015453015420000002
0.015454261150000004
0.015455503270000002
0.015456742939999997
0.015457980880000001
0.015459216639999997
0.01546044973
0.015461679959999999
0.01546290748
0.015464131900000004
0.015465353259999998
0.01546657452
0.015467793050000001
0.015469008829999997
0.01547022352
0.015471436449999995
0.01547264892
0.015473856619999995
0.01547506573
0.01547627135
0.015477477880000002
0.015478681460000001
0.015479883890000004
0.015481084689999995
0.015482283610000005
0.015483483609999998
0.015484680749999995
0.015485878210000003
0.015487074500000001
0.015488270190000002
0.015489463609999997
0.015490658780000001
0.015491852579999998
0.015493045499999998
0.015494238830000001
0.01549543065
0.015496622460000003
0.015497815189999996
0.015499007910000005
0.015500198749999996
0.015501390900000002
0.015502581329999997
0.015503774209999998
0.015504965269999999
0.015506157989999998
0.015507349660000001
0.01550854291
0.015509735990000004
0.01551093181
0.015512128239999999
0.01551332097
0.01551451733
0.015515713649999999
0.015516910690000002
0.01551810825
0.015519307610000001
0.015520509199999994
0.015521709969999997
0.015522912160000003
0.015524115610000005
0.015525320099999997
0.015526526150000006
0.01552773304
0.015528942010000006
0.01553015214
0.015531363690000001
0.015532577820000002
0.015533790609999995
0.015535007460000003
0.015536223429999997
0.01553744278
0.015538663719999998
0.015539886919999997
0.015541111040000001
0.015542338380000003
0.01554356618
0.01554479656
0.015546029460000001
0.015547264150000002
0.015548500440000003
0.01554974121
0.015550981579999991
0.015552225639999997
0.015553470940000001
0.015554718539999998
0.015555970099999998
0.0155572225
0.015558476760000002
0.01555973622
0.01556099481
0.01556225689
0.015563524219999998
0.015564792859999996
0.015566062989999997
0.015567336509999998
0.015568612360000005
0.015569891239999993
0.015571172330000002
0.015572458589999996
0.015573745840000002
0.015575037509999995
0.0155763313
0.015577628809999999
0.015578927860000003
0.015580230760000003
0.015581536199999994
0.015582845369999994
0.01558415613
0.015585472129999995
0.01558679005
0.015588111530000002
0.015589435809999998
0.01559076498
0.01559209621
0.015593432119999995
0.015594769129999998
0.015596109969999999
0.015597456120000004
0.015598804119999999
0.015600155430000002
0.015601510159999998
0.01560286817
0.015604231920000003
0.015605597409999998
0.015606965900000005
0.01560833862
0.015609715969999995
0.015611095949999996
0.015612481480000004
0.015613868969999998
0.01561526271
0.015616656799999995
0.015618056080000005
0.015619459359999999
0.015620866179999996
0.015622276799999996
0.015623691789999998
0.015625111219999994
0.015626533800000005
0.0156279597
0.01562938824
0.015630822229999997
0.015632262759999994
0.015633704380000002
0.015635149870000004
0.015636599629999998
0.01563805336
0.01563951142
0.015640973010000003
0.015642439740000003
0.015643909769999995
0.015645384289999998
0.01564686281
0.015648344979999996
0.015649830969999994
0.0156513228
0.015652815919999997
0.01565431359
0.01565581763
0.01565732393
0.01565883412
0.015660350109999995
0.015661870239999997
0.015663392619999997
0.01566492184
0.015666454229999998
0.015667990979999998
0.01566953158
0.015671076880000002
0.01567262654
0.015674179839999997
0.015675738440000003
0.015677300039999998
0.015678867080000002
0.015680438770000006
0.01568201429
0.01568359257
0.015685177409999997
0.015686765309999996
0.01568835851
0.015689956269999996
0.015691556920000002
0.01569316224
0.015694771910000002
0.015696387099999997
0.015698003229999997
0.015699626540000004
0.015701253609999997
0.015702883
0.01570452017
0.015706159120000007
0.01570780404
0.015709453480000003
0.015711106650000004
0.01571276265
0.015714423870000004
0.01571609093
0.015717760759999998
0.01571943644
0.01572111506
0.015722799090000003
0.01572448538
0.015726179120000003
0.015727875679999993
0.015729575820000005
0.015731282579999995
0.015732991739999997
0.015734705350000003
0.01573642387
0.01573814743
0.015739874629999994
0.01574160437
0.015743340599999996
0.015745081529999996
0.015746826079999998
0.015748574940000003
0.015750327310000003
0.01575208427
0.015753845149999997
0.01575560964
0.01575738021
0.015759155280000003
0.015760935030000003
0.015762716649999998
0.015764503960000002
0.01576629476
0.015768090399999997
0.01576989085
0.01577169359
0.015773503440000006
0.01577531537
0.015777131590000004
0.015778951859999998
0.015780776059999998
0.01578260386
0.015784438900000003
0.01578627652
0.015788117490000003
0.01578996274
0.01579181268
0.015793665590000006
0.015795523090000003
0.015797385319999996
0.01579925213000001
0.0158011215
0.015802995939999998
0.01580487479999999
0.015806758629999997
0.01580864416
0.01581053466999999
0.01581243001
0.015814328160000005
0.01581623102
0.015818138010000003
0.01582005049
0.015821964209999997
0.015823884419999996
0.015825806420000005
0.01582773328
0.01582966228
0.0158315977
0.01583353487
0.0158354778
0.015837423700000002
0.01583937465
0.01584133102
0.01584328759
0.0158452499
0.015847214890000003
0.01584918497
0.015851157379999998
0.015853135879999997
0.01585511637
0.01585710076
0.01585908852
0.015861082269999997
0.015863077930000004
0.01586507737
0.01586708088
0.01586908878
0.015871100800000003
0.015873115769999998
0.015875135170000002
0.015877157919999996
0.015879183120000008
0.015881212569999994
0.01588324695
0.015885284300000004
0.01588732465
0.01588936866
0.015891416809999993
0.015893469010000005
0.015895524619999993
0.015897584020000004
0.015899646459999996
0.015901712160000008
0.015903781559999993
0.015905854649999995
0.01590793036
0.015910011989999997
0.015912094970000002
0.015914183980000007
0.01591627473
0.015918369070000004
0.015920467490000003
0.015922569660000004
0.015924675499999996
0.01592678381
0.01592889708
0.015931013049999998
0.01593313242
0.015935255380000003
0.01593738298
0.01593951161
0.01594164436
0.015943780629999994
0.015945921910000004
0.015948064970000005
0.015950212809999996
0.015952362930000005
0.0159545169
0.015956674289999997
0.015958834200000004
0.015960998339999997
0.015963166219999998
0.015965335539999997
0.01596751072
0.0159696884
0.01597186916
0.015974053510000003
0.01597623988
0.01597843301
0.015980625429999996
0.015982822320000003
0.01598502234
0.01598722626
0.0159894324
0.015991643099999998
0.01599385754
0.015996073940000004
0.015998294519999998
0.016000517559999993
0.01600274342
0.016004972870000002
0.01600720661
0.016009443920000005
0.016011683479999997
0.016013927489999996
0.016016171760000003
0.01601842315
0.01602067489
0.016022932120000007
0.01602519254
0.0160274549
0.016029721139999998
0.016031989179999998
0.016034259129999996
0.01603653532
0.016038814140000003
0.016041094480000004
0.016043377720000005
0.016045666240000003
0.01604795616
0.016050249879999992
0.0160525464
0.016054846329999994
0.016057148519999998
0.016059456099999994
0.016061765899999997
0.016064076699999996
0.01606639077
0.01606871058
0.01607103056999999
0.0160733552
0.01607568251
0.016078011339999997
0.01608034499
0.01608268216
0.01608502154
0.016087363889999998
0.01608970999
0.01609205776
0.01609440872
0.01609676333
0.01609912
0.016101480300000002
0.01610384386
0.0161062086
0.01610857852
0.016110949670000003
0.016113325620000004
0.016115703460000002
0.016118084460000005
0.01612046848
0.016122855020000004
0.016125242689999996
0.016127636339999998
0.016130031430000004
0.016132429
0.016134830219999997
0.01613723278
0.0161396388
0.016142048939999997
0.016144460170000003
0.01614687498
0.016149290140000005
0.01615171087
0.016154132560000003
0.016156556340000003
0.016158984579999997
0.016161414490000005
0.016163847260000003
0.016166282580000003
0.0161687204
0.01617116079
0.016173605339999998
0.016176052010000008
0.01617850139
0.016180951989999998
0.016183405309999996
0.016185862340000003
0.01618832151
0.016190783880000004
0.01619324798
0.01619571477
0.016198182999999998
0.016200654370000005
0.016203128559999995
0.016205604959999998
0.016208084669999994
0.01621056644
0.016213050569999995
0.0162155362
0.016218023960000005
0.016220516090000005
0.01622300926
0.01622550374
0.016228001849999996
0.01623050206
0.01623300266
0.016235507140000004
0.016238014159999998
0.016240522330000003
0.01624303332
0.016245547060000004
0.01624806353000001
0.016250580740000003
0.016253101240000005
0.016255623170000004
0.016258147390000005
0.016260672319999996
0.01626320006
0.016265731419999995
0.01626826276
0.01627079758
0.01627333484
0.01627587284
0.016278412220000003
0.016280955320000002
0.01628349924
0.01628604437
0.016288593379999997
0.016291141799999995
0.016293692240000008
0.0162962461
0.0162988008
0.016301358789999994
0.01630391722
0.01630647944
0.016309040080000007
0.01631160524
0.016314171389999996
0.016316739440000002
0.0163193078
0.016321879909999993
0.016324450159999993
0.016327024180000003
0.01632959982
0.016332175270000006
0.016334755040000003
0.016337333969999996
0.0163399168
0.01634249903
0.016345083310000005
0.016347669810000003
0.016350255709999997
0.01635284499
0.01635543468
0.016358027270000006
0.01636062146
0.016363215469999998
0.016365811520000002
0.01636840946
0.01637100811
0.016373608140000002
0.01637620868
0.016378810469999998
0.01638141289
0.016384017929999998
0.016386624239999998
0.016389231340000004
0.016391838030000005
0.01639444721
0.01639705784
0.016399669020000004
0.016402282380000004
0.0164048967
0.01640751004
0.016410126190000002
0.01641274352
0.016415360040000004
0.016417980749999995
0.01642060008
0.016423219
0.016425840179999998
0.016428463699999993
0.016431086390000002
0.016433709399999993
0.016436335999999992
0.0164389633
0.016441589109999998
0.016444216619999997
0.016446845359999997
0.01644947632
0.016452106419999998
0.01645473654
0.016457368819999995
0.016460000250000006
0.016462633309999995
0.016465267839999995
0.016467902490000005
0.016470537379999997
0.01647317141
0.016475808590000002
0.016478444899999996
0.016481083509999998
0.016483720110000002
0.01648635973
0.0164889993
0.01649163814
0.016494277740000004
0.01649691846
0.016499559669999997
0.01650220147
0.01650484255
0.016507483939999994
0.016510126590000004
0.016512769200000003
0.016515412179999998
0.016518056800000007
0.01652069908
0.01652334246
0.01652598708
0.01652863218
0.016531277570000003
0.01653392202
0.01653656829
0.01653921533
0.016541860909999994
0.016544507759999997
0.016547153410000005
0.016549801180000004
0.01655245009
0.01655509646
0.016557745619999998
0.01656039266
0.01656304116
0.01656568911
0.01656833805
0.01657098439
0.016573634409999996
0.01657628354
0.01657893178
0.016581579620000002
0.016584229410000005
0.01658687965
0.016589527200000002
0.016592175880000004
0.01659482418
0.01659747334
0.016600122259999992
0.01660276895
0.016605417859999992
0.016608066599999995
0.016610715319999997
0.016613363970000003
0.01661601152
0.016618659369999997
0.01662130731
0.01662395478
0.01662660308
0.01662925039
0.01663189896
0.016634546920000007
0.01663719452
