0.10458275516
0.08545781991999998
0.07528251262000002
0.06975143394
0.06574457978000002
0.06230823894
0.05918268779999998
0.05629101962000002
0.05360560452
0.05111286347999999
0.048803387
0.04666888434000001
0.044701168720000004
0.042891716760000004
0.04123158843999999
0.03971144578000001
0.03832164162
0.03705240066
0.035893960079999995
0.0348367456
0.03387153781999999
0.03298957368
0.032182644159999996
0.03144315672
0.030764149319999996
0.030139294200000007
0.029562889220000003
0.029029808399999996
0.028535479719999993
0.02807583044
0.02764723003999999
0.027246473200000017
0.02687071216
0.026517423959999998
0.02618437385999999
0.025869588459999995
0.02557131131999999
0.02528798554
0.025018231399999993
0.024760825540000003
0.024514671039999998
0.024278797619999994
0.024052333199999994
0.023834509639999998
0.023624627600000007
0.023422066520000007
0.02322627012
0.023036736
0.022853013
0.02267469382
0.022501412699999997
0.02233284124
0.022168674119999995
0.022008641520000004
0.02185249374000001
0.021700010259999996
0.02155098392
0.021405226019999998
0.02126257102
0.02112286102
0.020985949199999996
0.020851712119999997
0.020720025580000002
0.020590776480000003
0.02046386722
0.020339202740000006
0.020216694319999996
0.020096265359999997
0.019977837899999996
0.019861341520000006
0.019746716500000004
0.019633901459999995
0.01952283858
0.01941347852
0.019305771500000003
0.019199670539999998
0.019095135100000004
0.01899212272
0.018890595280000002
0.018790519539999995
0.0186918591
0.018594583600000002
0.018498662300000003
0.018404067759999997
0.018310768629999998
0.01821874153
0.01812796263
0.018038406530000006
0.017950051519999996
0.017862876259999997
0.017776858359999995
0.017691982429999996
0.017608223710000002
0.01752556578
0.017443991580000002
0.01736348362
0.01728402501
0.017205602
0.017128198049999998
0.017051795830000008
0.01697638303
0.016901948220000004
0.016828473180000005
0.016755946559999995
0.016684356690000002
0.016613690429999998
0.016543934879999993
0.01647507942
0.016407109380000003
0.01634001826
0.016273792019999997
0.016208422200000003
0.016143895799999995
0.01608020472
0.016017335019999995
0.01595528017
0.015894033670000002
0.015833581239999995
0.015773913249999997
0.015715025210000007
0.015656904129999996
0.015599544769999998
0.01554293247
0.015487064530000006
0.015431929919999999
0.015377523030000005
0.015323832710000002
0.01527085358
0.01521857712
0.0151669959
0.01511610039
0.015065884410000003
0.015016341279999998
0.01496746404
0.014919243829999995
0.01487167646
0.014824753519999997
0.01477846729
0.014732813559999995
0.01468778195
0.014643367119999999
0.014599563989999995
0.014556367159999997
0.014513765520000001
0.01447175812
0.01443033523
0.014389493509999997
0.01434922436
0.014309521120000003
0.01427038023
0.014231794140000002
0.0141937576
0.01415626534
0.014119311340000005
0.014082889570000002
0.01404699452
0.014011619540000003
0.01397676219
0.013942413399999997
0.013908568809999996
0.013875224519999996
0.013842373529999997
0.013810010169999998
0.013778131879999997
0.013746731190000003
0.013715802539999999
0.013685342339999995
0.01365534382
0.013625803750000004
0.013596716249999996
0.013568076590000004
0.013539880620000007
0.0135121216
0.013484797129999997
0.01345789962
0.013431425159999996
0.013405370130000005
0.013379729100000001
0.013354498660000002
0.013329671609999998
0.013305245520000002
0.013281215019999994
0.013257575800000006
0.013234325310000001
0.013211455499999998
0.013188961790000004
0.013166842070000004
0.013145091369999997
0.013123707529999997
0.013102684259999997
0.01308201759
0.013061702230000001
0.013041735230000002
0.01302211072
0.013002826509999996
0.012983877199999995
0.012965262389999996
0.012946973070000005
0.012929009330000005
0.012911362509999998
0.01289403403
0.012877017350000002
0.012860307569999996
0.01284390169
0.012827797630000002
0.012811989959999997
0.012796475980000006
0.0127812533
0.012766314010000002
0.012751657549999995
0.01273728049
0.012723177390000001
0.012709346970000004
0.012695783260000005
0.012682484919999997
0.01266944788
0.012656669439999999
0.012644146329999996
0.01263187323
0.012619848310000004
0.012608067209999997
0.012596529860000004
0.012585229229999996
0.0125741637
0.012563329770000003
0.01255272523
0.012542345989999999
0.01253219001
0.01252225376
0.012512533840000001
0.01250302737
0.01249373356
0.012484646029999996
0.012475764490000001
0.012467083269999997
0.012458602909999998
0.01245031897
0.01244222817
0.012434328020000001
0.012426618810000003
0.012419094639999996
0.012411754309999998
0.012404592410000002
0.01239761129
0.01239080373
0.012384170289999998
0.012377706799999999
0.012371411850000005
0.012365281650000002
0.012359313939999996
0.012353507430000004
0.01234786084
0.012342369669999999
0.01233703089
0.012331844699999999
0.01232680967
0.012321919769999997
0.01231717444
0.01231257306
0.012308111279999995
0.012303789289999995
0.012299602070000002
0.012295549900000003
0.012291630280000004
0.012287841150000001
0.01228417941
0.01228064426
0.01227723193
0.012273945059999998
0.012270776570000004
0.012267726080000001
0.012264792370000005
0.012261973669999997
0.01225926796
0.012256672810000004
0.012254189329999998
0.012251812139999999
0.012249540570000002
0.012247373489999998
0.012245308660000002
0.012243344369999997
0.012241479689999996
0.012239712689999998
0.012238040980000007
0.01223646504
0.012234980610000001
0.01223358673
0.01223228361
0.01223106811
0.012229939949999998
0.012228897039999995
0.012227936949999995
0.01222705919
0.012226263529999996
0.012225547710000001
0.01222490958
0.012224348820000001
0.012223862520000002
0.012223450340000006
0.012223112360000005
0.012222845100000004
0.01222264881
0.012222521
0.012222461590000002
0.012222468999999998
0.012222540730000002
0.012222677910000004
0.012222877959999998
0.012223139000000001
0.012223460650000007
0.012223843319999993
0.012224284680000004
0.01222478263
0.012225338220000001
0.012225951040000002
0.012226616300000001
0.012227334570000003
0.012228107180000001
0.01222893113
0.012229806109999998
0.01223072972
0.012231702299999998
0.012232722660000004
0.01223378972
0.012234903380000002
0.012236062130000001
0.012237264860000001
0.01223851055
0.01223980015
0.012241130889999998
0.012242501680000002
0.012243915919999999
0.012245366669999997
0.012246857
0.012248385570000003
0.012249950580000002
0.012251552760000005
0.01225318916
0.012254861990000001
0.01225656925
0.012258309990000004
0.012260085250000002
0.012261890539999995
0.012263728169999998
0.01226559689
0.012267496529999998
0.012269425789999996
0.012271383559999998
0.012273370090000003
0.012275386000000004
0.012277429179999997
0.012279497809999998
0.01228159326
0.012283714620000002
0.012285861400000002
0.012288033389999998
0.012290229800000003
0.012292449579999998
0.01229469351
0.012296959200000002
0.012299248209999994
0.012301559
0.01230389076
0.012306243119999997
0.012308615360000002
0.01231100933
0.012313422170000001
0.01231585356
0.012318305239999995
0.012320774890000002
0.01232326227
0.012325767909999997
0.012328290050000003
0.012330829439999995
0.012333385140000007
0.012335956950000003
0.012338544499999998
0.012341147070000003
0.01234376586
0.012346399169999996
0.012349046630000002
0.01235170848
0.01235438288
0.01235707362
0.012359775849999994
0.01236249095
0.012365218249999997
0.012367957940000002
0.012370709179999996
0.012373473320000002
0.012376248200000002
0.012379034339999997
0.012381831000000001
0.01238463821
0.01238745652
0.012390285080000006
0.012393122470000002
0.012395969439999998
0.01239882681
0.012401692189999997
0.012404567920000003
0.012407452049999998
0.012410345360000003
0.012413246420000001
0.012416156360000001
0.012419072870000002
0.012421997040000006
0.012424929839999998
0.01242786828
0.012430815329999997
0.012433768110000003
0.012436727920000001
0.012439694909999998
0.012442667909999997
0.01244564698
0.012448631219999999
0.012451622979999999
0.012454619580000001
0.012457623390000006
0.012460631420000003
0.012463645140000004
0.01246666277
0.012469686070000001
0.012472713269999998
0.01247574691
0.01247878422
0.012481825649999998
0.01248487122
0.012487920449999992
0.012490974330000001
0.012494031690000003
0.012497094239999998
0.012500158470000002
0.01250322685
0.012506298499999997
0.01250937305
0.012512450870000002
0.012515532110000003
0.012518616529999997
0.012521704810000001
0.012524794830000002
0.012527888180000002
0.012530983550000006
0.012534080319999997
0.01253717992
0.01254028096
0.01254338546
0.012546491319999999
0.012549599609999997
0.01255270979
0.012555822579999997
0.012558937079999997
0.012562051320000003
0.012565168969999995
0.01256828803
0.01257140794
0.012574528199999999
0.012577651219999996
0.012580773429999996
0.01258389776
0.012587022549999998
0.01259014828
0.01259327519
0.012596403619999997
0.012599531709999999
0.01260266167
0.012605790510000003
0.012608922359999997
0.012612055049999998
0.012615186710000002
0.01261831944
0.012621452709999998
0.012624585269999999
0.012627720150000004
0.012630853570000003
0.012633987450000004
0.012637121999999999
0.012640255820000003
0.012643390650000004
0.012646524709999997
0.012649657409999994
0.012652791709999998
0.01265592569
0.012659058610000001
0.012662191840000002
0.012665324780000002
0.012668455750000003
0.012671587330000001
0.01267471931
0.012677849840000003
0.012680980730000005
0.012684111599999997
0.012687241680000001
0.012690371090000001
0.012693498619999997
0.012696626689999999
0.012699753329999999
0.01270288003
0.012706006010000001
0.012709130279999998
0.012712254109999996
0.012715377000000002
0.012718499359999998
0.012721619789999996
0.012724740949999997
0.012727860839999999
0.01273097816
0.012734095140000002
0.012737210910000001
0.012740325039999998
0.012743439229999997
0.012746552009999999
0.012749663560000004
0.012752774359999995
0.012755883280000001
0.012758990300000002
0.012762096110000001
0.012765201469999998
0.012768304770000008
0.012771408480000001
0.012774508009999996
0.01277760784
0.012780704450000003
0.012783801069999998
0.01278689686
0.012789989219999996
0.012793081580000002
0.012796172009999995
0.012799260709999993
0.012802347369999998
0.012805432709999998
0.012808516899999995
0.012811598390000001
0.012814678580000002
0.012817757729999999
0.012820834900000001
0.01282390968
0.01282698099
0.012830053320000003
0.012833123280000002
0.012836190190000003
0.01283925527
0.012842317759999998
0.01284538055
0.012848441159999996
0.012851498139999999
0.012854554029999996
0.01285760815
0.012860659739999995
0.01286370955
0.012866757170000003
0.012869801550000002
0.01287284544
0.012875885159999996
0.012878924169999997
0.012881960119999997
0.012884994979999998
0.012888027780000002
0.012891058880000002
0.012894086950000001
0.01289711146
0.01290013478
0.012903156470000005
0.0129061755
0.012909193240000004
0.01291220736
0.012915218580000004
0.012918227270000002
0.012921233480000006
0.012924238880000001
0.012927241190000003
0.012930240049999993
0.01293323756
0.012936232089999998
0.01293922387
0.012942213260000002
0.012945199620000005
0.012948184409999999
0.012951165850000002
0.012954145049999994
0.012957122099999998
0.012960096539999997
0.012963066859999997
0.012966036439999993
0.012969001480000002
0.012971963969999995
0.012974924870000001
0.012977882900000001
0.01298083915
0.012983792220000002
0.01298674129
0.012989687689999996
0.01299263226
0.01299557408
0.012998512880000002
0.01300144891
0.013004381500000002
0.01300731208
0.013010239689999998
0.01301316363
0.013016085830000006
0.013019004590000001
0.013021921349999998
0.013024834039999999
0.013027745109999999
0.0130306522
0.01303355652
0.01303645812
0.01303935568
0.013042251810000002
0.013045144790000003
0.013048034830000001
0.01305092165
0.013053805639999997
0.01305668627
0.01305956391
0.013062438920000004
0.013065309950000001
0.01306817843
0.013071043639999995
0.013073907679999998
0.013076766810000003
0.013079623919999998
0.01308247711
0.013085329259999999
0.013088177000000001
0.01309102114
0.013093863040000002
0.013096701430000003
0.013099536690000002
0.013102368360000003
0.01310519776
0.013108021969999994
0.013110844
0.01311366513
0.013116481490000003
0.013119294129999997
0.01312210499
0.013124912450000002
0.013127717059999999
0.013130517939999998
0.013133315400000003
0.013136109870000003
0.013138900799999997
0.013141688580000001
0.013144473300000004
0.013147255970000002
0.013150035069999996
0.013152809379999996
0.013155581649999996
0.013158350999999999
0.013161117000000002
0.013163879780000004
0.01316664022
0.013169397420000001
0.013172151399999997
0.013174902259999996
0.013177648680000001
0.013180392280000001
0.013183133990000002
0.01318587054
0.013188605159999998
0.013191336759999997
0.013194064080000002
0.0131967875
0.013199509940000003
0.013202227789999995
0.013204942590000004
0.013207654280000003
0.01321036431
0.013213069899999999
0.013215773340000004
0.01321847233
0.013221167169999997
0.013223859970000005
0.013226549629999996
0.013229235159999998
0.01323191933
0.01323459842
0.013237274949999999
0.013239948330000004
0.013242619339999994
0.01324528412
0.013247948870000003
0.01325060959
0.01325326687
0.01325592211
0.013258572670000007
0.013261220740000001
0.013263864460000004
0.013266506209999999
0.013269144229999998
0.013271778140000001
0.013274410060000002
0.013277038690000003
0.013279663780000004
0.013282286939999997
0.013284905319999998
0.013287520930000003
0.013290133229999994
0.013292743039999997
0.013295348970000002
0.01329795129
0.0133005504
0.013303147719999997
0.013305740820000002
0.013308331809999997
0.0133109187
0.013313501390000003
0.013316080289999999
0.013318656779999999
0.013321231130000005
0.013323801239999999
0.013326369219999998
0.013328932540000003
0.01333149532
0.013334053069999997
0.013336607569999999
0.013339160130000001
0.013341708440000004
0.013344253149999999
0.013346795520000001
0.013349335370000001
0.013351870259999999
0.013354403139999997
0.013356933690000003
0.013359458709999996
0.013361981619999996
0.013364501180000004
0.013367018009999999
0.013369532060000001
0.01337204253
0.013374550119999997
0.013377054580000002
0.013379555540000003
0.0133820523
0.013384546969999992
0.013387038839999999
0.013389527349999996
0.013392012319999997
0.013394493889999996
0.01339697355
0.013399449870000002
0.013401923079999996
0.013404394019999996
0.013406861190000001
0.013409325100000001
0.013411785589999997
0.01341424434
0.013416697719999999
0.013419150069999991
0.01342159832
0.013424041860000005
0.013426484400000003
0.013428923029999998
0.01343135807
0.013433791369999996
0.013436220990000003
0.01343864698
0.013441070650000003
0.013443490970000001
0.013445906970000001
0.013448320780000002
0.013450731340000004
0.013453140110000004
0.013455545259999997
0.013457946720000002
0.01346034536
0.01346274167
0.013465134129999999
0.013467523510000003
0.01346991099
0.013472295040000002
0.013474674570000003
0.01347705194
0.013479426679999996
0.013481795970000003
0.013484164380000004
0.013486528899999996
0.01348889125
0.013491250980000003
0.01349360732
0.01349596033
0.013498311350000005
0.013500658060000002
0.01350300218
0.013505343829999999
0.01350768236
0.013510016410000002
0.013512348579999998
0.013514678500000002
0.01351700564
0.013519328839999997
0.01352164891
0.013523965549999996
0.013526280880000003
0.013528593900000005
0.013530901860000007
0.013533207459999997
0.013535510820000003
0.013537810330000002
0.013540107030000002
0.013542400950000002
0.01354469329
0.013546979570000001
0.01354926573
0.01355154709
0.013553826989999995
0.013556102369999996
0.013558376159999998
0.013560644699999997
0.013562912530000002
0.013565175890000001
0.013567438020000004
0.013569696469999998
0.013571952700000002
0.013574205559999998
0.013576455509999998
0.013578703540000006
0.013580948169999997
0.013583188719999998
0.01358542731
0.013587663379999998
0.013589897229999991
0.013592127610000004
0.01359435555
0.013596581340000002
0.013598802749999998
0.013601022890000002
0.013603239209999998
0.013605452100000004
0.01360766349
0.013609871749999995
0.013612075780000002
0.013614277620000004
0.01361647652
0.013618672679999999
0.013620866029999994
0.01362305626999999
0.013625243169999999
0.013627428839999997
0.013629610889999992
0.013631792060000003
0.013633968490000004
0.013636142100000002
0.013638313060000004
0.013640481250000001
0.01364264599
0.013644809090000001
0.013646968639999996
0.013649125549999998
0.01365127923
0.013653430789999999
0.013655579700000002
0.013657726529999999
0.013659869230000005
0.013662009899999996
0.013664146899999998
0.013666282230000002
0.013668414399999995
0.013670544290000006
0.013672671300000001
0.013674794079999998
0.013676914850000004
0.013679033980000001
0.013681149439999998
0.013683262840000003
0.013685372629999996
0.01368748066
0.01368958465
0.013691687369999999
0.013693786509999997
0.013695882699999995
0.013697977420000002
0.013700068229999997
0.013702157560000004
0.013704242700000003
0.013706326879999998
0.01370840708
0.013710484719999994
0.013712560600000003
0.01371463349
0.013716704650000001
0.013718772489999996
0.013720834999999995
0.013722898310000004
0.01372495686
0.01372701402
0.013729068700000003
0.013731121489999998
0.013733170289999999
0.013735216820000002
0.013737260910000002
0.013739301830000002
0.01374134145
0.01374337652
0.013745410969999997
0.01374744177
0.013749470970000002
0.0137514957
0.013753518590000003
0.013755539470000005
0.013757556919999995
0.013759572000000005
0.01376158491
0.013763595700000004
0.013765602849999998
0.013767607610000003
0.013769610410000006
0.013771608769999999
0.01377360519
0.01377559922
0.013777590700000003
0.01377957906
0.013781566339999995
0.013783550139999998
0.013785531119999998
0.013787510709999999
0.013789487279999997
0.013791461270000001
0.013793432290000008
0.01379540149
0.013797367799999998
0.013799330250000002
0.013801292389999999
0.01380325148
0.013805207080000003
0.013807161469999997
0.013809112470000003
0.013811060609999997
0.013813006829999997
0.01381495073
0.01381689343
0.013818832289999998
0.013820768469999998
0.013822702289999997
0.013824633449999997
0.013826563029999999
0.013828489489999995
0.013830413339999998
0.01383233446
0.013834254380000001
0.013836170309999996
0.01383808446999999
0.01383999615
0.013841906240000004
0.013843813100000001
0.013845716969999994
0.013847618420000003
0.01384951835
0.0138514145
0.013853308840000005
0.013855201190000001
0.013857091480000002
0.013858978549999996
0.013860864220000005
0.01386274629
0.013864627779999996
0.01386650539
0.013868381039999999
0.013870254399999995
0.013872125610000001
0.013873992660000006
0.013875859330000002
0.013877724150000001
0.013879585189999998
0.013881443829999998
0.013883300390000004
0.01388515541
0.013887007390000004
0.01388885632
0.0138907038
0.013892548569999998
0.0138943916
0.013896232159999999
0.013898069869999996
0.01389990604
0.013901739540000006
0.013903570979999997
0.01390540069
0.013907227549999998
0.01390905135
0.013910872390000004
0.013912691540000001
0.013914508300000001
0.01391632325
0.013918136139999999
0.013919945789999997
0.013921753319999999
0.01392356056
0.013925363070000004
0.013927165189999995
0.01392896335
0.013930759029999995
0.01393255322
0.013934346209999999
0.013936134090000002
0.013937920880000003
0.01393970468
0.013941487820000003
0.013943268590000002
