0.09326686613999997
0.06803460694000002
0.05587502464
0.04456368428
0.0367562835
0.031848521539999994
0.028342087840000002
0.02587760014
0.02399813788
0.022372998500000008
0.02091747904
0.01961620298
0.01850572021
0.017536269179999998
0.016658990800000002
0.015958356620000003
0.015375388529999999
0.014874747509999998
0.01444186503
0.01406848869
0.013748031299999993
0.013474574619999999
0.013242715979999996
0.013047544570000005
0.012884612940000002
0.012749906159999998
0.012639826749999998
0.012551169790000004
0.012481090989999999
0.01242707106
0.012386885540000002
0.012358564890000001
0.012340374980000002
0.01233079142
0.012328485110000004
0.01233230473
0.012341262160000002
0.0123545119
0.01237133752
0.01239113007
0.012413367419999998
0.01243761632
0.012463501579999998
0.012490707580000003
0.012518965020000003
0.01254803608
0.012577727489999994
0.0126078678
0.012638313710000001
0.01266894209
0.01269965251
0.01273035849
0.012760989929999998
0.012791489939999996
0.012821810550000003
0.012851914309999999
0.012881771609999999
0.012911358020000001
0.012940655490000001
0.01296964914
0.012998328039999998
0.013026684689999997
0.01305471263
0.01308240824
0.0131097707
0.013136797490000005
0.01316349085
0.013189850559999994
0.013215878380000004
0.013241575210000002
0.013266945899999995
0.01329199195
0.013316718840000002
0.013341126799999999
0.013365222379999995
0.01338900872
0.013412489969999995
0.01343566865
0.01345855048
0.013481138489999999
0.013503438060000005
0.013525454039999996
0.013547187509999998
0.01356864567
0.01358983091
0.0136107482
0.013631401730000001
0.013651795009999997
0.013671932629999996
0.013691817799999997
0.01371145533
0.013730848010000005
0.01375000019
0.013768917269999998
0.013787600240000005
0.0138060549
0.013824282910000006
0.01384228843
0.013860076719999996
0.013877649110000001
0.01389500944
0.013912161210000001
0.013929107379999996
0.01394585145
0.01396239538
0.01397874492
0.013994899070000002
0.014010862949999996
0.014026640569999995
0.014042231990000003
0.014057642009999998
0.01407287263
0.014087926479999999
0.014102807140000001
0.01411751524
0.01413205362
0.01414642584
0.01416063466
0.014174679950000005
0.014188566129999993
0.014202294340000003
0.014215868709999998
0.014229289019999997
0.014242557939999996
0.01425567847
0.014268652480000001
0.01428148064
0.014294166530000003
0.0143067108
0.014319115360000002
0.014331383770000001
0.014343516010000001
0.014355515099999999
0.014367381510000004
0.01437911827
0.014390726789999997
0.014402209689999996
0.014413564560000001
0.01442479868
0.014435909649999999
0.014446900369999998
0.014457772070000003
0.014468526349999997
0.014479164570000001
0.014489689409999998
0.014500102269999999
0.014510402689999997
0.01452059372
0.014530674240000006
0.014540648980000001
0.0145505186
0.014560280230000002
0.014569941260000002
0.014579499939999997
0.014588957430000002
0.014598317009999999
0.014607577140000001
0.01461673963
0.014625807380000005
0.014634779770000002
0.014643659940000003
0.01465244724
0.01466114408
0.014669749199999997
0.014678266830000007
0.01468669461
0.014695038519999997
0.01470329293
0.014711465609999998
0.014719553179999997
0.01472755871
0.014735483690000002
0.014743326099999999
0.014751091019999997
0.014758776420000001
0.014766383459999997
0.014773913890000006
0.014781369670000002
0.014788749059999995
0.014796054030000004
0.01480328812
0.014810447210000006
0.014817537469999998
0.014824556219999998
0.014831504050000005
0.014838385220000003
0.01484519737
0.014851941810000002
0.014858620160000002
0.014865233050000003
0.014871780159999999
0.014878265650000005
0.014884686509999996
0.014891044709999997
0.014897342400000003
0.014903577339999998
0.014909752400000005
0.01491586776
0.014921925839999996
0.0149279252
0.014933865139999997
0.014939750509999999
0.014945578049999998
0.014951350270000002
0.01495706952
0.014962733170000004
0.014968344299999999
0.01497390263
0.014979408389999997
0.014984861729999998
0.014990265150000005
0.01499561794
0.015000919049999999
0.01500617202
0.015011376240000002
0.015016534090000004
0.015021643520000003
0.015026706029999998
0.015031720949999989
0.015036692579999997
0.015041615850000006
0.015046495790000001
0.015051332379999997
0.01505612374
0.015060873329999997
0.01506557974
0.0150702436
0.015074865050000002
0.015079444669999999
0.015083986380000004
0.015088485470000001
0.015092943980000002
0.015097365040000001
0.015101746499999997
0.015106090440000004
0.015110395800000002
0.015114664319999997
0.015118894859999994
0.015123089490000005
0.015127247799999998
0.015131369740000003
0.01513545813
0.01513950991
0.0151435274
0.015147512310000001
0.015151462689999999
0.015155378809999995
0.015159263260000005
0.015163114719999999
0.015166936189999997
0.01517072303
0.015174480330000002
0.015178204669999999
0.015181900669999995
0.015185566069999998
0.015189200330000001
0.015192805949999999
0.015196383259999996
0.015199929590000001
0.015203451869999997
0.015206943399999997
0.01521040916
0.015213844930000005
0.015217252930000003
0.015220637319999999
0.015223994490000005
0.015227323749999999
0.015230628210000001
0.015233908979999997
0.015237163210000002
0.01524039309
0.01524359846
0.015246779939999996
0.015249935960000002
0.015253070799999996
0.01525618119
0.015259269400000003
0.015262333609999998
0.01526537635
0.015268396589999997
0.01527139588
0.015274373180000005
0.015277328840000002
0.015280264689999996
0.01528317751
0.01528607183
0.01528894578
0.015291798999999997
0.015294633759999999
0.015297448109999999
0.0153002435
0.015303019369999997
0.015305776850000003
0.01530851724
0.015311239260000005
0.015313940499999998
0.015316626020000007
0.015319292809999998
0.015321942270000001
0.015324575130000004
0.015327191720000001
0.01532979181
0.015332375280000003
0.015334941519999996
0.015337494190000002
0.01534002806
0.015342547999999998
0.015345051629999997
0.01534753934
0.015350013199999998
0.015352470140000001
0.015354914189999999
0.015357342939999997
0.015359759340000001
0.01536215964
0.015364547039999996
0.01536691987
0.015369279319999995
0.015371626539999999
0.015373959429999999
0.015376280380000006
0.01537858673
0.015380880560000006
0.015383163819999999
0.015385432129999996
0.015387689059999998
0.015389931680000003
0.01539216465
0.015394384959999997
0.01539659247
0.015398791529999994
0.015400976389999998
0.01540315029
0.01540531536
0.015407466479999994
0.01540960739
0.015411739280000001
0.01541385918
0.015415968599999996
0.01541806723
0.015420155559999997
0.01542223584
0.01542430494
0.01542636319
0.015428412839999999
0.015430450670000002
0.015432480310000002
0.015434501779999997
0.015436509830000002
0.015438511630000002
0.015440503989999998
0.01544248668
0.015444461299999998
0.015446426030000002
0.015448382309999995
0.01545033033
0.015452269729999999
0.01545419996
0.015456121939999998
0.015458034919999999
0.015459941809999997
0.015461839660000002
0.0154637283
0.015465609279999999
0.015467482469999998
0.015469348249999999
0.015471206539999999
0.01547305678
0.015474898919999997
0.015476734169999997
0.01547856181
0.01548038171
0.015482193940000005
0.015484000639999997
0.015485798569999995
0.015487590860000002
0.01548937537
0.015491152290000003
0.015492924470000002
0.015494689189999997
0.015496446069999998
0.015498198419999998
0.01549994158
0.015501678750000003
0.015503411229999995
0.01550513516
0.015506853980000006
0.015508565979999998
0.01551027298
0.01551197071
0.0155136647
0.01551535228
0.015517033360000003
0.01551870665
0.01552037791
0.015522041210000002
0.0155236963
0.015525350399999995
0.015526996699999995
0.015528636820000004
0.015530272659999997
0.015531901120000002
0.015533523979999998
0.01553514405
0.01553675745
0.01553836406
0.015539967370000003
0.015541562000000004
0.015543155329999996
0.015544741829999995
0.015546323029999998
0.01554790157
0.015549473339999998
0.015551039309999994
0.015552601319999996
0.01555415746000001
0.015555710160000003
0.01555725653
0.01555879824
0.015560335929999997
0.015561869209999999
0.015563398269999995
0.015564921510000001
0.015566441510000011
0.015567956540000006
0.015569466690000002
0.015570972929999998
0.015572472959999998
0.015573969729999994
0.015575462830000003
0.01557695056
0.01557843485
0.01557991413
0.015581390710000007
0.01558286241
0.015584329990000001
0.015585793670000004
0.015587250940000002
0.015588705989999998
0.015590158709999998
0.015591605270000006
0.015593049700000002
0.015594488600000003
0.015595924599999995
0.015597356959999998
0.015598784240000003
0.015600208780000003
0.015601629359999997
0.015603048060000003
0.015604460889999998
0.015605869190000003
0.015607276260000002
0.015608677329999997
0.015610077749999998
0.015611475310000004
0.01561286714
0.01561425628
0.015615642530000003
0.015617026490000003
0.015618406250000003
0.015619781159999999
0.015621153190000004
0.015622524539999998
0.015623891020000003
0.015625254850000003
0.01562661479
0.01562797184
0.015629325759999993
0.0156306787
0.01563202636
0.015633372660000006
0.015634716679999997
0.015636055560000004
0.01563739379
0.01563872895
0.01564006061
0.015641390849999996
0.015642717470000005
0.01564404206
0.01564536324
0.015646682430000003
0.015647999029999998
0.015649311019999997
0.01565062333
0.015651933649999998
0.015653241070000004
0.015654545119999995
0.0156558463
0.01565714678
0.015658444080000004
0.01565973899
0.01566103217
0.0156623229
0.01566361185
0.015664897430000005
0.01566618249
0.015667464910000005
0.015668744249999998
0.01567002251
0.015671298159999993
0.01567257354
0.015673846559999996
0.015675117370000005
0.01567638562
0.015677652139999998
0.015678917549999997
0.015680179160000002
0.01568144193
0.015682701069999996
0.015683960340000004
0.015685217480000003
0.015686470369999997
0.015687724240000003
0.015688975880000004
0.01569022602
0.01569147703
0.015692723899999997
0.015693968849999997
0.015695213979999997
0.015696458070000006
0.015697698109999998
0.01569893891
0.01570017754
0.015701414830000003
0.0157026514
0.01570388752
0.01570512064
0.01570635375
0.015707583179999998
0.015708814670000005
0.01571004383
0.0157112724
0.01571249692
0.015713723199999995
0.015714947320000002
0.015716170889999995
0.01571739203
0.015718614229999997
0.015719834460000005
0.015721053180000003
0.01572226857
0.01572348735
0.015724704700000005
0.015725920179999995
0.01572713486
0.0157283484
0.015729561939999998
0.015730774630000003
0.015731987240000002
0.01573319739
0.01573440662
0.015735614420000002
0.015736823740000003
0.015738031720000004
0.015739237799999996
0.01574044423
0.015741648210000004
0.01574285418000001
0.015744056389999997
0.015745261180000004
0.015746464119999998
0.015747664950000004
0.015748865289999997
0.015750067060000005
0.015751266639999997
0.015752466469999997
0.015753666769999997
0.015754864119999996
0.015756063870000003
0.015757260800000002
0.015758458600000004
0.015759656099999998
0.01576085384
0.015762048490000007
0.015763245269999997
0.015764439000000005
0.01576563571
0.015766830949999998
0.015768026560000002
0.015769220719999998
0.015770415109999998
0.01577160845
0.015772801989999995
0.015773994810000004
0.015775188059999997
0.015776380870000002
0.015777573229999998
0.015778763910000004
0.015779953609999998
0.01578114303
0.015782334689999997
0.01578352553
0.01578471579
0.015785905989999998
0.015787095010000002
0.015788286470000006
0.01578947419
0.01579066369
0.015791855280000003
0.015793044559999997
0.015794233470000002
0.015795422620000003
0.015796611439999993
0.015797801400000002
0.01579898996
0.01580017841
0.015801366810000005
0.01580255563
0.01580374532
0.01580493229
0.015806123019999993
0.015807309999999998
0.015808499209999997
0.015809688159999998
0.015810876990000004
0.015812066039999996
0.01581325322
0.015814442750000005
0.015815630950000003
0.015816820280000005
0.01581800806
0.015819196379999994
0.01582038487
0.01582157665
0.015822766680000006
0.01582395715
0.01582514541
0.015826334549999998
0.01582752378
0.015828717010000003
0.015829905360000004
0.015831096589999996
0.015832287530000003
0.01583347994
0.01583467382
0.01583586523
0.015837057409999997
0.01583825098
0.01583944412
0.015840636630000002
0.01584183186
0.015843026769999997
0.01584422213
0.015845417860000002
0.01584661277
0.015847809089999994
0.0158490057
0.01585020353
0.015851399830000005
0.0158525968
0.015853796600000004
0.015854994939999995
0.01585619559
0.015857393939999995
0.015858595330000006
0.01585979637
0.015860999009999998
0.015862200110000002
0.01586340391
0.015864607699999998
0.01586581107
0.01586701522
0.015868221000000002
0.015869427600000006
0.015870634660000004
0.015871842089999998
0.01587305198
0.01587426072
0.01587547093
0.015876680959999997
0.01587789367
0.01587910586
0.01588031787
0.0158815315
0.015882746299999997
0.01588396244
0.01588517691
0.015886393419999995
0.0158876126
0.015888830599999994
0.01589004855
0.01589127028
0.015892492629999998
0.015893715240000002
0.01589493896
0.01589616294
0.01589738931
0.015898615349999996
0.0158998432
0.015901071169999996
0.015902301310000002
0.015903532149999997
0.015904764539999998
0.015905996929999996
0.01590723121
0.01590846623
0.015909703400000003
0.015910939619999998
0.015912178740000005
0.01591341927
0.01591466004
0.0159159009
0.01591714566
0.015918390309999995
0.01591963788
0.015920883349999998
0.01592213229
0.015923382319999995
0.01592463459
0.015925886869999996
0.015927139959999996
0.015928394880000002
0.01592965089
0.01593090975
0.01593216934
0.015933429940000007
0.01593469289
0.01593595608
0.015937219890000003
0.01593848699
0.015939755030000002
0.015941025870000004
0.015942295739999997
0.015943569340000005
0.01594484363
0.0159461183
0.015947395110000002
0.015948674859999998
0.01594995502999999
0.015951236990000003
0.01595251913
0.015953802200000006
0.015955086900000005
0.015956375700000004
0.015957664709999996
0.015958955909999996
0.015960248339999997
0.01596154261
0.015962837940000002
0.015964135900000002
0.015965436370000002
0.015966736559999993
0.015968039000000003
0.0159693421
0.015970647610000003
0.01597195606
0.01597326693
0.015974576070000003
0.015975888219999998
0.015977203220000003
0.01597851945
0.015979836900000002
0.015981154520000002
0.015982476060000004
0.01598379752
0.015985122400000006
0.015986447219999995
0.01598777574
0.015989104730000005
0.015990435600000002
0.015991770140000004
0.015993105270000002
0.015994441349999996
0.01599578048
0.015997120900000005
0.015998463250000004
0.015999807939999996
0.01600115338
0.016002501720000003
0.016003850110000002
0.016005202330000003
0.016006555340000003
0.016007911329999996
0.016009269740000002
0.016010626720000004
0.016011987519999996
0.01601335005
0.016014715430000003
0.01601608077
0.016017450790000002
0.016018820080000003
0.016020191710000003
0.016021567569999996
0.01602294271
0.01602432103
0.016025700029999996
0.016027081730000003
0.016028463439999998
0.016029847999999996
0.016031233630000006
0.016032622419999993
0.016034013130000004
0.016035405040000002
0.016036800899999995
0.016038194780000004
0.016039593350000002
0.016040994059999994
0.01604239527
0.0160437975
0.01604520376
0.016046609880000003
0.016048020820000005
0.016049430739999995
0.01605084306
0.01605225947
0.01605367599
0.01605509376
0.01605651466
0.016057937079999994
0.016059361489999997
0.016060787439999998
0.016062216750000004
0.01606364546
0.016065077540000004
0.016066509940000008
0.016067945550000004
0.016069384250000006
0.016070822860000004
0.016072265140000007
0.01607370713
0.016075150740000002
0.01607659685
0.01607804499
0.01607949605
0.016080947659999997
0.016082400309999998
0.01608385503
0.016085312279999996
0.01608677248
0.01608823264
0.016089696900000002
0.016091160309999998
0.016092628020000003
0.016094096060000004
0.01609556719
0.01609703806
0.01609851312
0.01609998851
0.01610146607
0.016102946129999997
0.01610442636
0.01610590836
0.016107393129999995
0.016108880479999997
0.01611036894
0.01611185874
0.0161133509
0.01611484382
0.01611633914
0.016117835589999997
0.01611933349
0.016120834120000004
0.016122337559999998
0.01612384125
0.016125347039999998
0.016126854939999994
0.01612836206
0.016129874809999997
0.01613138685
0.016132899459999996
0.01613441574
0.016135933919999998
0.016137453460000003
0.016138973530000003
0.0161404968
0.016142022679999993
0.01614354672
0.01614507598
0.016146604160000005
0.016148134270000006
0.01614966798
0.0161512027
0.01615273873
0.016154276339999992
0.016155816699999995
0.01615735762
0.016158899550000005
0.016160443980000005
0.01616198976
0.016163537189999997
0.016165086360000008
0.01616663750999999
0.0161681908
0.016169745639999997
0.01617130175
0.01617285962
0.0161744194
0.01617598094
0.01617754268
0.016179107020000003
0.016180672899999998
0.01618224018999999
0.016183809410000003
0.016185379869999995
0.01618695146
0.01618852521
0.01619009818
0.01619167622
0.01619325474
0.01619483298
0.01619641356
0.01619799726
0.01619958375
0.016201169899999996
0.016202758299999998
0.016204347490000003
0.01620593811
0.0162075305
0.01620912232
0.016210717830000002
0.01621231466
0.016213911359999996
0.01621551276
0.016217113330000008
0.0162187167
0.016220322100000004
0.016221926459999998
0.016223534389999995
0.016225145170000004
0.016226756490000004
0.01622836892
0.016229982039999993
0.01623159787
0.01623321401
0.016234831799999995
0.016236451779999998
0.016238070860000006
0.016239694050000003
0.016241317260000002
0.016242943099999997
0.016244570159999996
0.016246197620000003
0.01624782829
0.016249461239999995
0.016251091860000007
0.01625272691
0.01625436457
0.016256000910000006
0.016257641250000003
0.0162592808
0.016260923540000003
0.0162625671
0.01626421112
0.016265856239999998
0.016267505179999996
0.016269153899999996
0.016270804410000003
0.01627245538
0.016274109619999998
0.016275763019999997
0.016277418260000003
0.016279077959999996
0.01628073622
0.016282396410000004
0.016284058899999995
0.01628572282
0.016287387149999995
0.01628905302
0.01629072009
0.016292388690000003
0.016294058329999996
0.01629573006
0.016297404679999995
0.01629907904
0.016300756
0.016302435880000004
0.016304114980000003
0.016305794789999998
0.016307476640000002
0.016309160029999995
0.016310844659999997
0.01631253162
0.01631421996
0.016315907940000006
0.016317597679999997
0.016319290839999997
0.016320984139999998
0.0163226788
0.0163243754
0.016326074119999995
0.016327771810000006
0.016329472159999997
0.01633117124
0.016332874839999997
0.016334580680000002
0.016336286659999998
0.0163379929
0.016339702180000006
0.016341413679999996
0.01634312449
0.016344837650000003
0.01634655056
0.01634826814
0.016349984299999995
0.01635170458
0.01635342562
0.016355146199999997
0.016356868
0.016358593129999998
0.0163603191
0.016362045380000002
