0.09560036728000001
0.031352569239999996
0.023056911920000003
0.019875200909999995
0.0177660169
0.016225459129999998
0.015111080749999997
0.014324849040000002
0.013783832489999997
0.013423969400000003
0.013198141730000003
0.013071530470000002
0.013016181590000002
0.013008669260000001
0.013031421159999999
0.01307262104
0.013124683189999996
0.013182808219999998
0.013243984129999999
0.013306354579999999
0.013368784730000005
0.01343059175
0.013491369659999995
0.013550878119999998
0.013608980900000001
0.013665603779999995
0.013720711480000003
0.013774291040000004
0.01382634893
0.01387689986
0.01392596618
0.01397357842
0.014019765940000007
0.014064563110000004
0.01410800623
0.014150133490000001
0.014190978359999997
0.014230580930000004
0.014268977729999998
0.01430620609
0.01434230073
0.01437729801
0.014411233469999996
0.014444138289999997
0.014476045500000001
0.0145069901
0.014536996929999999
0.01456609976
0.014594325140000001
0.014621703820000007
0.014648259299999996
0.014674018529999994
0.014699006079999995
0.01472324868
0.014746765529999999
0.014769582109999999
0.014791720529999997
0.0148132013
0.014834044440000001
0.014854270480000004
0.01487389802
0.01489294713
0.014911435100000002
0.014929379099999997
0.01494679502
0.014963701970000003
0.014980113510000002
0.014996045230000003
0.015011512860000003
0.01502652916
0.015041108840000001
0.015055267499999999
0.015069013479999997
0.015082362749999996
0.015095326800000005
0.015107916999999997
0.01512014318
0.015132019569999997
0.015143553890000001
0.01515475754
0.015165640640000002
0.01517621242
0.015186481029999997
0.015196457899999995
0.015206150879999996
0.015215568079999995
0.015224717119999993
0.015233605410000002
0.015242243620000002
0.015250636440000005
0.01525879157
0.015266716739999998
0.015274419249999999
0.015281903619999999
0.015289180199999999
0.015296252690000005
0.015303126359999999
0.015309808999999999
0.01531630645
0.015322624169999997
0.015328767860000004
0.015334742679999996
0.015340554309999997
0.01534620887
0.015351707469999998
0.015357060539999997
0.015362271129999999
0.015367342279999996
0.01537228114
0.015377092810000001
0.015381778619999998
0.015386345049999996
0.015390796769999998
0.015395137969999995
0.015399372000000001
0.01540350468
0.015407537239999991
0.015411475520000002
0.015415324150000003
0.01541908558
0.015422764279999996
0.015426364050000004
0.015429888409999998
0.015433339669999999
0.015436723329999997
0.015440040849999996
0.015443297479999998
0.015446493700000001
0.01544963486
0.01545272204
0.015455761430000003
0.015458754420000003
0.0154617021
0.015464609460000006
0.0154674785
0.015470312199999996
0.015473112629999997
0.015475881819999999
0.015478624529999999
0.015481339850000005
0.0154840333
0.015486703010000005
0.01548935668
0.015491991060000002
0.015494612510000004
0.015497220090000001
0.015499816879999996
0.015502404580000002
0.015504985559999997
0.015507559820000003
0.01551013124
0.015512699330000001
0.015515267389999999
0.015517836090000004
0.015520407769999998
0.015522982349999997
0.015525562110000002
0.015528147799999994
0.01553074037
0.015533343790000001
0.015535954859999994
0.015538579290000005
0.01554121571
0.015543863559999998
0.01554652644
0.015549205300000004
0.015551899330000002
0.01555460977
0.015557337780000003
0.015560085219999999
0.015562852009999996
0.01556563951
0.015568447019999997
0.015571274470000007
0.01557412506
0.015576998909999999
0.015579896099999999
0.015582817450000001
0.015585763089999998
0.015588732819999998
0.015591728770000004
0.015594751510000003
0.015597797660000001
0.015600874840000003
0.015603978370000002
0.01560710888
0.01561026764
0.015613455349999998
0.01561667317
0.01561992035
0.01562319524
0.01562650225
0.01562983931
0.015633206540000003
0.01563660723
0.015640037470000007
0.01564349974
0.015646995179999998
0.015650522579999996
0.01565408328
0.015657675609999998
0.01566130335
0.015664963929999998
0.01566865979
0.01567238775
0.01567615082
0.015679950120000005
0.015683782759999997
0.015687650690000002
0.015691556670000002
0.015695497069999998
0.01569947436
0.015703486820000005
0.01570753655
0.015711623949999996
0.015715747189999997
0.015719908149999993
0.015724107120000008
0.015728342739999998
0.015732617870000007
0.015736929379999997
0.015741282760000003
0.01574567111
0.015750099660000003
0.015754566779999993
0.015759072689999997
0.015763619450000006
0.01576820505
0.01577282806
0.015777493750000003
0.0157821984
0.01578694284
0.01579172856
0.01579655306
0.015801419119999993
0.01580632503
0.01581127156
0.015816258159999996
0.015821287620000003
0.01582635704
0.01583146737
0.01583661782
0.015841810490000004
0.015847041790000002
0.015852314479999997
0.01585763
0.015862986
0.015868381610000003
0.015873818909999997
0.01587929813
0.015884816910000002
0.015890375290000005
0.01589597628
0.015901616539999996
0.015907297809999995
0.01591301956
0.015918781949999995
0.015924583280000005
0.015930424789999998
0.015936307830000003
0.015942229109999997
0.015948191129999997
0.015954192060000004
0.01596023414
0.015966312870000002
0.015972430529999998
0.015978588
0.015984783740000005
0.015991017320000002
0.015997289709999998
0.016003599919999997
0.016009947220000004
0.016016332330000004
0.016022756019999997
0.01602921322
0.01603570989
0.016042242779999997
0.016048811
0.01605541557
0.01606205457
0.01606873094
0.016075441279999998
0.016082185289999995
0.016088965509999994
0.016095779770000006
0.01610262679
0.0161095084
0.0161164236
0.01612337106
0.01613035186
0.01613736476
0.016144408970000003
0.01615148555
0.01615859392
0.01616573222
0.016172901579999996
0.016180101680000003
0.016187331019999994
0.01619459157
0.01620188051
0.016209198310000002
0.01621654591
0.01622391965
0.0162313228
0.01623875397
0.016246211299999994
0.01625369666
0.016261207150000002
0.016268744510000002
0.016276308080000006
0.016283897189999997
0.01629151111
0.016299149680000003
0.016306813520000005
0.016314499899999998
0.016322211260000004
0.01632994615
0.016337703319999994
0.016345484639999998
0.016353286209999998
0.016361109340000003
0.01636895688
0.016376823920000005
0.016384711599999997
0.01639262065
0.016400548320000003
0.0164084972
0.016416463810000007
0.016424450040000003
0.01643245636
0.0164404802
0.016448520759999998
0.01645658081
0.0164646567
0.016472751110000003
0.016480861
0.016488985620000004
0.016497128550000004
0.016505286209999998
0.01651345684
0.016521645110000004
0.01652984724
0.01653806256
0.0165462936
0.016554536989999997
0.0165627929
0.01657106246
0.016579343519999998
0.016587638029999997
0.01659594302
0.016604260399999998
0.016612588779999996
0.016620929980000004
0.01662927926
0.01663764006
0.016646011129999996
0.016654390740000004
0.01666278002
0.016671178600000003
0.016679586679999997
0.0166880021
0.0166964265
0.016704858319999995
0.016713298369999997
0.016721747880000002
0.01673019988
0.016738662440000007
0.016747130529999994
0.01675560494
0.016764083659999998
0.0167725694
0.01678106064
0.016789555720000002
0.01679805692
0.016806562690000006
0.016815073540000003
0.016823587440000006
0.01683210446
0.016840625699999993
0.016849149820000003
0.01685767808
0.016866209640000004
0.01687474089
0.016883276659999998
0.016891814850000002
0.016900353160000003
0.01690889339
0.016917434660000005
0.016925977159999998
0.016934521379999998
0.016943063749999997
0.016951609599999994
0.016960153279999994
0.01696869696
0.016977239460000005
0.01698578334
0.01699432384
0.017002865080000002
0.017011402559999996
0.017019940020000002
0.01702847578
0.017037009730000007
0.017045540539999997
0.01705406833000001
0.017062592900000003
0.017071116139999995
0.01707963588
0.01708815136
0.017096663019999996
0.017105171220000003
0.017113673600000004
0.017122174250000007
0.017130669100000002
0.017139158140000003
0.017147644160000006
0.01715612332
0.017164596919999997
0.017173066060000002
0.017181528459999998
0.017189983940000007
0.017198432719999993
0.017206876279999995
0.017215312059999998
0.01722374148
0.017232164619999994
0.017240579679999993
0.01724898642
0.017257388179999996
0.01726578068
0.017274167010000004
0.017282543039999997
0.017290912279999994
0.01729927118
0.017307621720000003
0.017315964139999997
0.01732429816
0.01733262286
0.01734093956
0.017349244959999996
0.017357541520000005
0.01736582954
0.01737410656
0.017382374620000002
0.017390631499999993
0.017398879160000002
0.017407115920000004
0.017415343740000002
0.017423559539999998
0.017431764500000002
0.017439959689999996
0.017448144059999997
0.017456317099999997
0.01746447928
0.01747263124
0.017480771380000003
0.01748889998
0.017497016620000003
0.0175051226
0.017513217460000004
0.01752130095
0.017529373399999996
0.017537432499999995
0.017545480500000002
0.017553516980000003
0.01756154062
0.017569553860000003
0.017577553119999992
0.01758554411999999
0.017593519220000003
0.017601484860000002
0.01760943618
0.01761737752
0.017625302940000004
0.017633217760000004
0.017641119500000003
0.017649008479999995
0.017656885449999996
0.01766474994
0.01767260199
0.017680440739999997
0.017688268320000002
0.01769608304
0.017703885160000002
0.017711674000000007
0.017719450239999997
0.01772721268
0.017734963219999997
0.017742699519999995
0.017750423839999998
0.017758135039999998
0.017765834679999995
0.017773519739999997
0.017781191980000003
0.017788850919999998
0.01779649732
0.017804130739999993
0.017811751649999995
0.017819359580000003
0.017826952420000004
0.017834533660000002
0.017842101239999998
0.01784965524
0.017857195359999994
0.01786472368
0.017872236780000005
0.01787973858
0.01788722704
0.017894701880000006
0.017902163439999997
0.017909612000000005
0.01791704738
0.017924467980000004
0.017931876739999998
0.017939271839999993
0.017946654159999995
0.017954022659999996
0.01796137798
0.01796871752
0.01797604568
0.017983361920000003
0.017990662960000004
0.01799795062
0.018005223360000003
0.018012484159999998
0.01801973104
0.018026964719999997
0.018034185100000003
0.01804139134
0.01804858466
0.018055763600000004
0.01806292912
0.01807008283
0.01807722204
0.01808434898
0.018091459339999998
0.018098557459999998
0.018105642499999998
0.018112712900000005
0.018119769959999997
0.018126815240000003
0.018133844460000006
0.01814086144
0.018147863999999996
0.018154854019999996
0.018161829799999994
0.018168792079999992
0.018175741530000008
0.01818267654
0.018189600339999997
0.018196507400000003
0.01820340236
0.018210283770000002
0.018217151919999997
0.018224006640000002
0.018230844600000004
0.018237670799999998
0.01824448338
0.01825128168
0.01825806847999999
0.01826484038
0.01827159862
0.018278341960000003
0.018285074060000003
0.018291790860000004
0.01829849638
0.01830518798
0.01831186494
0.018318528639999998
0.01832517619
0.018331813760000003
0.01833843646
0.018345045579999997
0.0183516411
0.01835822434
0.018364791840000002
0.018371346259999997
0.018377888079999998
0.018384415419999998
0.018390929900000002
0.018397429840000003
0.018403917699999998
0.018410391459999998
0.018416852360000003
0.018423299240000003
0.018429732100000002
0.018436153660000006
0.01844256142
0.01844895448
0.018455335939999998
0.01846170274
0.018468056019999998
0.018474394760000006
0.018480720239999998
0.018487034380000003
0.018493332680000002
0.018499618860000004
0.01850589096
0.0185121507
0.018518397
0.01852462976
0.018530848939999997
0.018537054379999994
0.01854324768
0.018549427099999998
0.018555594099999996
0.0185617458
0.018567886440000004
0.01857401238
0.018580125359999998
0.01858622560000001
0.018592311700000003
0.01859838558
0.01860444424
0.01861049164
0.01861652798
0.01862254806
0.018628555879999998
0.018634549880000004
0.01864053095
0.01864649976
0.0186524554
0.018658398219999994
0.018664326359999997
0.0186702438
0.018676147360000003
0.018682037400000004
0.018687913620000003
0.01869377898
0.01869962782
0.018705467199999992
0.018711292719999998
0.0187171078
0.018722906239999993
0.01872869394
0.0187344654
0.018740227060000007
0.018745974799999995
0.018751709819999997
0.018757433020000002
0.01876314092
0.018768836440000006
0.01877451878
0.018780190900000004
0.018785849079999997
0.018791493520000008
0.01879712552
0.018802745919999996
0.018808353680000004
0.01881394902
0.01881952942000001
0.018825099979999996
0.01883065602
0.01883619982
0.018841731400000002
0.0188472509
0.01885275619999999
0.01885825106
0.018863731860000007
0.01886919956
0.01887465428
0.01888009722
0.018885526859999998
0.01889094542
0.0188963527
0.018901745859999992
0.018907125499999997
0.018912494800000002
0.01891785128
0.01892319536
0.01892852658
0.018933845980000003
0.018939153080000003
0.01894444708
0.0189497297
0.01895499938
0.018960256459999995
0.018965501639999997
0.018970735619999998
0.018975957919999994
0.018981167059999998
0.01898636624
0.018991550040000003
0.01899672186
0.01900188404
0.019007033
0.019012171680000002
0.019017295219999994
0.01902240891999999
0.019027509700000004
0.019032599479999995
0.01903767552
0.01904274078
0.01904779498
0.019052836199999996
0.019057865859999995
0.0190628852
0.019067893179999997
0.019072887199999996
0.01907787064
0.019082844959999998
0.019087804619999996
0.019092754680000004
0.01909769014
0.0191026176
0.01910753168
0.019112435199999996
0.019117326040000004
0.019122207260000003
0.019127075099999998
0.01913193326
0.0191367814
0.01914161548
0.019146439279999997
0.019151254019999998
0.019156055299999995
0.019160846160000005
0.019165626880000005
0.019170397040000002
0.019175157859999993
0.0191799049
0.019184640339999993
0.01918936448
0.019194081920000005
0.019198786619999995
0.019203480479999997
0.01920816288
0.019212836419999997
0.01921749814
0.01922214871999999
0.019226789459999998
0.01923142116
0.019236041680000003
0.019240652520000002
0.01924525276
0.019249843259999996
0.019254422539999996
0.01925899184
0.019263552139999997
0.019268100139999994
0.019272640499999997
0.019277172059999997
0.019281689560000002
0.01928619925999999
0.019290699180000002
0.019295190179999998
0.01929967206000001
0.019304142019999998
0.019308602940000003
0.019313052419999994
0.01931749524000001
0.019321929160000004
0.01932635308
0.019330765799999997
0.01933516904
0.019339566199999995
0.0193439524
0.019348328700000004
0.019352697980000003
0.019357055020000003
0.01936140438
0.01936574372
0.01937007568
0.019374399259999994
0.01937871177999999
0.01938301682
0.019387311560000002
0.019391599479999997
0.019395879479999996
0.019400149280000004
0.01940441032
0.019408664279999998
0.019412906599999998
0.019417142120000005
0.019421369299999998
0.019425586459999995
0.01942979830000001
0.01943399876
0.019438193759999996
0.0194423794
0.01944655622
0.01945072616
0.019454888379999993
0.0194590392
0.019463185739999996
0.019467323439999996
0.0194714525
0.01947557372
0.01947969024
0.019483795559999996
0.0194878911
0.019491982539999998
0.01949606604
0.01950013972
0.019504207719999996
0.019508267499999992
0.019512320460000003
0.019516365759999998
0.01952040318
0.019524432419999994
0.01952845476
0.01953247034
0.019536478140000004
0.019540478119999993
0.019544472540000003
0.019548458120000004
0.01955243644
0.019556407300000002
0.019560371439999998
0.019564329619999998
0.019568279440000003
0.019572223340000007
0.019576160720000003
0.01958008984
0.019584012519999996
0.019587928459999997
0.019591837379999998
0.0195957406
0.019599635259999998
0.019603522019999996
0.019607404059999996
0.019611280239999994
0.019615148379999996
0.01961901082
0.019622867460000002
0.019626716639999993
0.01963055934000001
0.01963439518
0.01963822358
0.0196420471
0.0196458641
0.019649672200000003
0.01965347512
0.019657272740000002
0.019661063260000007
0.019664848619999998
0.019668626039999994
0.019672396840000005
0.01967616356
0.01967992418000001
0.019683677259999997
0.01968742512
0.01969116522
0.019694899360000007
0.019698628140000004
0.01970235028
0.01970606972
0.019709779459999997
0.019713484179999994
0.019717183599999997
0.019720877640000002
0.01972456382
0.019728243559999997
0.019731919499999997
0.01973558886
0.019739253079999998
0.019742909680000004
0.019746561179999993
0.01975020872
0.019753847300000002
0.019757484920000002
0.019761113400000002
0.019764735560000003
0.019768353400000004
0.0197719671
0.01977557236
0.019779173939999995
0.01978276976
0.0197863609
0.01978994468
0.019793522840000008
0.01979709648
0.01980066432
0.019804223420000003
0.0198077813
0.01981133314
0.019814878140000002
0.01981841762
0.019821951719999998
0.01982548072
0.019829006019999998
0.019832525939999998
0.019836038920000007
0.019839546480000005
0.01984304966
0.01984654642
0.019850038860000002
0.019853525179999998
0.01985700694
0.019860485320000006
0.0198639551
0.019867422179999997
0.019870883379999996
0.01987433882
0.019877791039999995
0.01988123768
0.019884678760000007
0.019888116080000004
0.019891548780000004
0.019894974120000006
0.01989839552
0.019901810960000002
0.019905222519999998
0.019908627160000004
0.01991202874
0.01991542512
0.01991881596
0.019922202220000004
0.01992558418
0.019928961900000004
0.01993233262
0.0199356992
0.019939060580000004
0.01994241656
0.019945769840000002
0.01994911618
0.019952458540000002
0.01995579718
0.019959128240000002
0.0199624542
0.019965777960000004
0.019969097240000008
0.019972409599999998
0.019975718120000003
0.019979020720000004
0.01998231882
0.01998561328
0.019988903119999995
0.01999218546
0.0199954662
0.01999874044
0.020002010660000007
0.02000527542
0.020008537780000005
0.02001179574
0.02001504706
0.02001829448
0.020021537939999993
0.02002477443999999
0.020028007759999994
0.020031237860000002
0.020034462220000004
0.020037682059999996
0.02004089618
0.02004410618
0.020047309859999998
0.0200505122
0.02005370934
0.020056900979999997
0.020060090880000003
0.02006327588
0.020066454679999998
0.020069629880000002
0.02007279788
0.020075964499999998
0.02007912476
0.020082281899999995
0.020085436159999998
0.020088583200000003
0.020091726959999993
0.0200948677
0.020098002460000007
0.02010113224
0.020104257039999997
0.020107379499999998
0.020110496940000003
0.020113608240000004
0.0201167184
0.020119822099999997
0.02012292266
0.020126019520000007
0.020129109719999996
0.020132197259999998
0.02013528102
0.020138358359999994
0.020141431640000006
0.020144502460000005
0.020147566439999997
0.020150626500000005
0.02015368476
0.020156737899999992
0.020159786520000004
0.02016282908
0.020165867060000005
0.020168903720000006
0.02017193506
0.020174961479999996
0.0201779838
0.02018100458
0.02018401963999999
0.020187031359999996
0.020190038100000002
0.02019304000000001
0.020196037979999994
0.020199034000000005
0.020202024100000004
0.020205010640000003
0.02020799364
0.0202109722
0.020213947359999998
0.02021691844
0.020219885460000003
