0.10635250848
0.05409320418
0.04107253421999999
0.034067743600000006
0.030016155599999997
0.027452757979999992
0.025665505619999997
0.02430755594
0.023205565559999992
0.02226866852
0.021446581819999998
0.020709986059999998
0.020040909180000007
0.01942777772000001
0.018862767599999997
0.0183403076
0.017856221520000003
0.017407228190000006
0.01699062294
0.01660409781
0.01624562343
0.015913360109999997
0.015605631839999998
0.015320872349999999
0.01505762275
0.01481450826
0.014590230349999997
0.01438356624
0.01419335657
0.014018506989999999
0.01385798813
0.013710828619999999
0.013576111560000001
0.013452976270000003
0.013340617139999997
0.013238276479999998
0.013145241350000001
0.013060846899999996
0.01298447005
0.012915527590000002
0.012853471689999998
0.012797795140000007
0.012748015989999998
0.012703691540000001
0.012664405920000002
0.012629770339999999
0.012599423479999998
0.012573031059999996
0.012550277339999995
0.012530874190000003
0.012514549299999997
0.012501053849999999
0.01249015706
0.012481641680000002
0.012475311779999998
0.012470982899999998
0.012468486420000001
0.012467664449999995
0.012468374509999996
0.0124704829
0.01247386906
0.012478420649999999
0.0124840315
0.01249060892
0.012498065399999998
0.012506320300000002
0.012515299199999998
0.012524936590000002
0.01253516932
0.01254594025
0.012557196040000001
0.01256889428
0.012580984410000001
0.01259343009
0.012606194389999999
0.012619244090000002
0.012632546260000006
0.01264607505
0.012659804499999996
0.01267370728
0.012687766919999996
0.01270196047
0.012716270879999996
0.012730680539999999
0.01274517644
0.012759743609999999
0.012774368790000004
0.01278904119
0.012803750019999997
0.01281848554
0.012833237910000002
0.012848000299999995
0.012862765040000002
0.012877526360000002
0.012892274689999993
0.012907007770000001
0.012921719080000003
0.012936404639999996
0.012951058049999997
0.01296567672
0.012980259110000001
0.012994798149999997
0.013009293120000001
0.013023741359999993
0.013038138900000003
0.013052485959999997
0.013066778169999998
0.01308101318
0.01309519167
0.013109310860000003
0.013123368909999997
0.01313736457
0.01315129801
0.013165168679999999
0.013178971829999999
0.013192709700000001
0.013206381159999997
0.013219986140000004
0.013233523090000001
0.013246990930000003
0.013260390729999998
0.01327372116
0.013286982910000002
0.0133001733
0.013313295749999999
0.01332634678
0.01333932726
0.013352237390000004
0.013365077139999997
0.01337784712
0.013390546679999999
0.013403175159999997
0.013415732979999997
0.013428220500000006
0.013440639099999999
0.013452985799999997
0.013465262639999996
0.013477470900000003
0.013489608039999998
0.013501676610000004
0.013513675860000001
0.013525606090000001
0.013537466969999998
0.013549259780000005
0.013560984219999999
0.0135726404
0.013584229100000001
0.013595750500000002
0.013607204040000001
0.013618591279999998
0.013629910159999994
0.013641163590000005
0.013652351149999999
0.013663473689999997
0.013674530819999997
0.013685521979999999
0.01369644959
0.013707311219999995
0.013718109430000005
0.013728843839999998
0.013739514839999998
0.013750124419999996
0.013760669369999996
0.01377115333
0.013781574199999995
0.0137919347
0.01380223331
0.013812471420000003
0.013822648990000002
0.013832765930000001
0.013842823020000004
0.013852821749999997
0.013862760279999999
0.013872640039999997
0.013882462679999995
0.013892225860000001
0.01390193193
0.013911581230000001
0.013921173140000005
0.013930708719999997
0.013940189640000003
0.013949613399999998
0.013958980909999998
0.013968295139999998
0.013977554020000003
0.013986758049999997
0.013995908080000003
0.014005004230000005
0.01401404678
0.014023037940000005
0.014031975500000002
0.014040860970000003
0.014049694919999996
0.014058477279999999
0.014067207190000002
0.0140758874
0.01408451688
0.014093095059999996
0.014101624779999997
0.01411010512
0.014118535970000002
0.014126915870000008
0.014135249300000001
0.014143534889999997
0.014151771210000002
0.01415996055
0.014168103040000001
0.014176199180000001
0.014184247879999999
0.014192250279999999
0.014200205459999999
0.01420811628
0.01421598328
0.014223803370000001
0.014231579309999999
0.014239311479999999
0.014246998080000002
0.01425464151
0.014262242330000001
0.014269798370000001
0.014277311700000003
0.014284783360000006
0.014292212490000006
0.014299600730000004
0.014306944799999999
0.014314249760000002
0.014321510780000001
0.01432873303
0.014335914829999996
0.014343055470000001
0.0143501551
0.014357216929999998
0.014364237759999999
0.014371221270000002
0.014378163430000004
0.01438506831
0.014391933960000006
0.014398761579999997
0.014405550959999998
0.014412304160000005
0.014419018540000005
0.014425695659999998
0.0144323368
0.014438940419999999
0.014445508340000001
0.014452038439999995
0.014458534189999997
0.01446499332
0.014471416510000003
0.014477805440000002
0.014484159720000002
0.014490478799999998
0.014496762779999995
0.014503011840000002
0.014509229209999999
0.014515410920000004
0.01452155957
0.014527673400000005
0.014533755779999998
0.014539804849999999
0.01454582085
0.01455180378
0.014557754230000003
0.014563673820000001
0.014569560119999997
0.01457541656
0.014581239770000006
0.014587032380000002
0.014592791959999995
0.014598522689999999
0.014604221959999998
0.014609891180000003
0.01461553002
0.014621138830000002
0.014626716709999998
0.014632266660000002
0.014637785579999998
0.014643274690000001
0.014648736070000003
0.0146541684
0.014659570630000002
0.014664945179999993
0.014670289529999997
0.014675608789999996
0.014680898399999996
0.014686158920000001
0.01469139275
0.014696600009999995
0.01470177752
0.014706929620000002
0.014712055069999999
0.01471715147
0.01472222221
0.01472726574
0.014732284449999999
0.014737275989999998
0.014742241419999995
0.01474718163
0.014752094829999998
0.0147569822
0.014761845450000002
0.01476668268
0.01477149482
0.014776282419999998
0.014781044040000002
0.014785782310000004
0.014790495820000003
0.01479518393
0.01479984749
0.014804487630000003
0.014809105180000002
0.014813697719999998
0.014818266859999995
0.01482281153
0.01482733411
0.014831833039999999
0.014836310030000001
0.014840761120000004
0.01484519184
0.014849598850000001
0.014853984249999997
0.014858347040000002
0.014862686460000003
0.014867004920000005
0.014871300990000001
0.014875575140000001
0.014879826230000002
0.01488405751
0.014888267179999996
0.014892454459999998
0.014896620709999997
0.014900767689999999
0.01490489261
0.014908995749999997
0.014913079769999999
0.014917141939999998
0.014921184950000001
0.014925207050000002
0.014929207810000001
0.014933189169999998
0.014937151660000005
0.014941094290000003
0.014945016659999994
0.01494891838
0.014952801819999997
0.01495666498
0.014960508679999998
0.014964334349999999
0.014968139809999996
0.014971927799999998
0.014975696169999999
0.014979446000000006
0.014983177079999997
0.01498688998
0.014990585229999999
0.014994260870000003
0.014997918470000003
0.015001559339999995
0.015005181959999997
0.015008786319999998
0.015012372490000004
0.015015940870000001
0.01501949279
0.01502302663
0.01502654309
0.015030043059999998
0.015033525190000003
0.015036991840000003
0.015040440190000002
0.015043872260000002
0.015047287420000001
0.015050687530000006
0.015054069489999995
0.01505743551
0.015060784359999994
0.01506411881
0.0150674366
0.01507073875
0.015074024770000001
0.015077293540000005
0.015080547849999997
0.015083786719999997
0.015087009260000001
0.015090217360000002
0.015093409880000002
0.015096587450000002
0.01509974873
0.015102894569999996
0.015106028170000002
0.0151091447
0.015112247760000004
0.01511533598
0.01511840881
0.015121467880000001
0.01512451178
0.015127542159999997
0.015130558330000002
0.015133559090000004
0.01513654587
0.015139520670000002
0.01514248015
0.015145425340000003
0.015148357469999995
0.015151276509999988
0.015154183080000001
0.015157074070000007
0.015159951369999997
0.01516281636
0.015165667660000002
0.015168505059999999
0.015171330239999998
0.015174143179999999
0.01517694156
0.015179728479999998
0.015182501020000001
0.015185262820000003
0.015188011760000002
0.01519074704
0.015193470449999994
0.015196181719999997
0.015198879360000004
0.015201566139999997
0.015204240740000001
0.015206903139999998
0.015209553699999998
0.015212190469999998
0.01521481713
0.015217431730000001
0.015220034450000001
0.015222624280000001
0.01522520401
0.015227770150000002
0.015230327380000002
0.015232872179999999
0.01523540689
0.015237929050000005
0.015240440169999996
0.015242939619999998
0.01524542862
0.015247906659999998
0.015250372530000002
0.015252829389999998
0.01525527376
0.015257709039999998
0.015260132800000001
0.015262545110000001
0.015264949360000002
0.01526734167
0.015269722620000004
0.015272094789999998
0.015274455640000002
0.015276808060000004
0.015279148019999998
0.015281478740000003
0.015283799550000003
0.015286109070000007
0.015288410460000002
0.015290700520000004
0.015292980769999997
0.0152952526
0.015297513510000001
0.015299765499999998
0.015302007859999998
0.015304240039999997
0.015306464949999994
0.01530867806
0.015310883120000006
0.015313077379999995
0.015315262859999994
0.015317441289999996
0.01531960896
0.015321767399999997
0.015323917300000003
0.015326057200000003
0.015328188899999998
0.015330311970000001
0.015332425830000001
0.015334528739999997
0.0153366253
0.015338712850000005
0.015340791650000005
0.015342860659999999
0.015344923750000001
0.01534697636
0.015349021730000006
0.015351059780000004
0.015353087549999998
0.015355106370000003
0.015357117709999996
0.01535912146
0.015361116850000007
0.01536310343
0.015365082320000003
0.015367054329999996
0.015369017809999996
0.015370971930000001
0.015372919339999996
0.01537485859
0.015376790029999999
0.01537871321
0.015380629960000001
0.01538253767
0.01538444109
0.015386333970000006
0.015388219350000001
0.015390098650000001
0.015391970980000003
0.015393834620000001
0.01539569007
0.015397538340000001
0.01539937987
0.015401214110000006
0.015403042659999993
0.01540486271
0.015406675210000003
0.015408480949999996
0.015410280050000003
0.015412071479999997
0.015413857510000002
0.01541563576
0.015417408050000005
0.015419172139999998
0.015420930240000005
0.015422681309999993
0.015424425099999998
0.01542616358
0.015427894720000003
0.0154296207
0.015431338489999996
0.01543304967
0.01543475448
0.015436452650000002
0.015438145440000002
0.015439831909999997
0.015441512
0.015443183940000002
0.01544485199
0.015446512539999999
0.01544816646
0.015449815490000001
0.015451457300000002
0.015453093360000003
0.01545472277
0.015456347899999995
0.015457967250000003
0.015459578360000002
0.015461186480000005
0.015462784969999997
0.015464380890000002
0.015465969339999998
0.01546755342
0.01546913057
0.01547070148
0.015472268079999997
0.015473829340000002
0.015475383870000001
0.015476934130000002
0.015478478220000001
0.015480017080000002
0.01548154998
0.01548307996
0.015484601089999996
0.015486116999999997
0.015487628560000001
0.01548913368
0.015490636839999994
0.015492131249999999
0.01549362231
0.01549510768
0.015496586709999996
0.01549806201
0.015499532549999997
0.01550099681
0.01550245663
0.015503913000000003
0.015505362119999994
0.015506806290000003
0.015508247079999999
0.015509683089999999
0.015511112979999998
0.015512539409999996
0.015513960480000007
0.015515375999999999
0.015516788149999995
0.015518193629999996
0.015519596469999997
0.015520993
0.015522386519999997
0.015523774440000002
0.015525157100000003
0.015526535610000003
0.01552791082
0.015529279870000006
0.015530645829999997
0.015532008190000004
0.015533363579999999
0.015534715839999998
0.015536063800000005
0.015537407319999997
0.01553874791
0.01554008237
0.015541412550000001
0.015542738330000003
0.015544061319999998
0.015545378949999997
0.01554669332
0.015548002350000001
0.015549308900000001
0.015550612289999998
0.015551907409999996
0.015553201739999996
0.015554490999999998
0.01555577696
0.015557058799999999
0.01555833668
0.015559611849999995
0.015560882540000003
0.015562148479999998
0.0155634107
0.01556466984
0.015565924890000003
0.015567176440000004
0.015568423649999994
0.015569666920000001
0.015570907819999997
0.015572143540000001
0.0155733777
0.0155746086
0.015575834739999999
0.015577058059999996
0.015578276520000005
0.01557949135
0.015580703230000003
0.015581912910000002
0.015583117450000003
0.0155843201
0.015585519530000001
0.015586715619999999
0.015587907190000003
0.015589094790000002
0.015590278680000003
0.015591460259999999
0.015592639230000004
0.015593815129999999
0.015594986539999998
0.01559615614
0.015597321649999997
0.015598485580000002
0.015599646440000003
0.015600802149999999
0.015601955050000003
0.015603106080000002
0.015604254270000001
0.015605397959999998
0.015606538770000003
0.015607679519999997
0.015608815359999997
0.015609947030000001
0.015611076990000004
0.01561220571
0.015613329889999996
0.015614452130000001
0.015615569609999998
0.015616685519999998
0.015617799879999998
0.01561890989
0.015620019030000001
0.015621124100000003
0.015622227840000003
0.015623327380000005
0.015624424520000003
0.015625519740000003
0.015626612029999997
0.015627701409999993
0.015628788119999994
0.01562987245
0.015630954429999996
0.015632033269999998
0.015633111229999996
0.0156341862
0.015635259420000002
0.0156363284
0.015637398099999998
0.01563846294
0.015639524429999996
0.015640585789999998
0.015641643700000003
0.015642700599999997
0.015643754019999997
0.01564480604
0.015645856010000004
0.01564690341
0.01564794832
0.01564899199
0.015650031870000004
0.01565107031
0.015652106240000005
0.01565314001
0.015654172409999997
0.015655201989999996
0.01565623032
0.015657256540000008
0.015658281599999997
0.015659303800000003
0.015660324359999995
0.015661344060000002
0.0156623599
0.015663374769999995
0.01566438713
0.01566539839
0.01566640725
0.015667415809999998
0.015668420040000002
0.015669424819999996
0.015670424359999997
0.015671426810000003
0.015672425159999996
0.015673423449999994
0.0156744168
0.01567541082
0.015676403089999996
0.015677392539999998
0.01567838089
0.015679368100000007
0.01568035372
0.0156813373
0.015682318700000003
0.01568330052
0.015684278259999997
0.015685256170000002
0.01568623239
0.015687207399999997
0.015688181250000002
0.01568915319
0.01569012316
0.01569109213
0.015692059949999997
0.015693026710000002
0.015693990919999998
0.015694954259999998
0.015695916740000003
0.01569687813
0.01569783767
0.01569879653
0.015699753749999993
0.015700710420000007
0.015701664949999996
0.015702618430000006
0.015703570339999997
0.015704522539999998
0.015705472930000006
0.015706422719999998
0.015707370239999997
0.015708317139999997
0.015709262760000002
0.01571020707
0.015711151009999997
0.015712093109999995
0.01571303435
0.015713976660000004
0.015714916839999996
0.015715853650000004
0.015716793699999995
0.015717729039999996
0.015718664850000005
0.01571959848
0.015720532340000003
0.015721465889999998
0.015722396579999996
0.01572332812
0.01572425898
0.01572518794
0.01572611739
0.01572704492
0.015727972550000004
0.01572889964
0.01572982558
0.015730749810000003
0.01573167336
0.015732597139999995
0.015733520250000008
0.015734442910000004
0.015735364560000003
0.01573628552
0.015737206840000004
0.01573812537
0.015739044659999996
0.01573996314
0.015740880769999997
0.015741799379999998
0.0157427162
0.01574363044
0.015744546329999998
0.01574546202
0.01574637598
0.015747289780000003
0.015748203319999998
0.015749115229999996
0.0157500297
0.015750940690000003
0.015751853160000003
0.015752765420000002
0.015753677129999998
0.015754587250000004
0.01575549728
0.0157564077
0.015757318569999998
0.015758227229999998
0.015759136800000004
0.015760046630000003
0.015760956240000002
0.01576186302
0.015762771730000003
0.01576368167
0.015764588119999996
0.015765495220000002
0.01576640182
0.0157673098
0.015768216840000005
0.015769122969999997
0.015770028419999995
0.01577093475
0.01577184106
0.015772747500000003
0.015773652989999998
0.01577455944
0.015775464830000002
0.01577636898
0.015777275030000003
0.01577818059
0.0157790866
0.015779991199999996
0.01578089622
0.015781801520000003
0.01578270672
0.015783612320000005
0.0157845194
0.015785424720000003
0.01578632947
0.015787235459999997
0.015788142299999995
0.015789047760000004
0.01578995285
0.01579085953
0.01579176422
0.01579267057
0.01579357702
0.015794485379999997
0.015795392640000003
0.015796296979999996
0.01579720204
0.015798110839999997
0.015799018829999997
0.01579992608
0.01580083362
0.015801741539999997
0.015802648600000004
0.015803557139999994
0.015804467440000004
0.015805374969999997
0.01580628382
0.015807192520000003
0.01580810244
0.01580901337
0.01580992443
0.01581083363
0.015811744010000003
0.015812655459999995
0.015813567770000002
0.01581447827
0.015815391310000003
0.0158163051
0.01581721822
0.015818132469999996
0.01581904636
0.015819960430000002
0.01582087588
0.015821791139999996
0.01582270506
0.01582362103
0.01582453841
0.01582545628
0.015826374199999996
0.01582729288
0.01582821073
0.01582912928
0.015830049939999993
0.015830968950000003
0.015831889339999995
0.015832810439999997
0.015833732269999998
0.015834654389999998
0.015835574360000004
0.015836498069999996
0.015837420750000004
0.015838345149999995
0.01583927044
0.01584019536000001
0.0158411215
0.01584204867
0.015842975970000003
0.015843903009999997
0.015844831339999997
0.01584576128
0.015846690919999996
0.0158476207
0.015848552559999996
0.0158494828
0.015850416460000006
0.015851349940000006
0.01585228337
0.015853217939999997
0.01585415351
0.01585508804
0.01585602523
0.01585696049
0.0158578992
0.01585883835
0.015859776559999997
0.01586071839
0.01586165795
0.01586259941
0.015863541620000005
0.01586448454
0.015865427450000004
0.0158663728
0.015867317340000006
0.015868263300000005
0.01586921085
0.01587015882
0.015871107360000004
0.01587205741
0.015873006000000002
0.015873958940000002
0.01587491048
0.01587586412
0.015876817040000005
0.01587777067
0.015878726830000002
0.015879683090000003
0.01588064069
0.01588159743
0.01588255642
0.015883516800000004
0.015884477960000008
0.015885438119999998
0.015886400569999997
0.015887363600000003
0.015888327630000004
0.01588929386
0.015890258399999996
0.015891224640000003
0.015892191689999998
0.015893159330000003
0.015894128700000006
0.015895098940000005
0.015896070440000007
0.015897043079999996
0.01589801672000001
0.01589898888
0.015899964050000003
0.015900940990000004
0.015901916640000003
0.015902893720000002
0.015903873880000002
0.01590485202
0.015905833099999996
0.01590681405
0.015907797069999997
0.015908780199999997
0.015909766340000003
0.0159107522
0.015911738140000006
0.015912726059999997
0.015913714199999995
0.015914703560000003
0.01591569384
0.0159166854
0.015917679359999996
0.015918673020000006
0.015919666590000003
0.015920663280000004
0.015921660600000002
0.015922658909999995
0.0159236574
0.015924658890000002
0.01592566046
0.015926661109999997
0.01592766472
0.015928668830000003
0.01592967201
0.01593067871
0.01593168519
0.015932692510000002
0.015933701480000003
0.01593471234
0.015935723120000002
0.0159367351
0.01593774832
0.015938762239999998
0.015939776469999997
