0.09991357017999998
0.029368006699999998
0.0230124141
0.0199963209
0.017880425719999996
0.016313765169999998
0.01517150123
0.014366638219999995
0.013823216880000003
0.013475983069999998
0.013270440100000001
0.013163307850000002
0.01312278347
0.01312629229
0.01315809245
0.013207428229999998
0.013267115350000004
0.01333246331
0.013400489720000004
0.01346933945
0.013537890560000002
0.013605481369999999
0.013671729679999996
0.013736430320000001
0.013799476509999997
0.013860817580000004
0.01392044353
0.013978357769999996
0.01403457757
0.014089125540000007
0.01414203215
0.014193327359999999
0.014243041579999997
0.014291211730000001
0.014337872290000003
0.014383058979999998
0.014426810379999995
0.014469161270000001
0.014510149219999999
0.01454981255
0.014588185839999997
0.01462530806
0.01466121424
0.01469594025
0.014729522909999999
0.014761992570000002
0.014793386740000003
0.014823738699999998
0.014853078580000002
0.014881438890000001
0.014908853060000003
0.014935349030000003
0.014960956119999997
0.01498570365
0.015009621099999997
0.015032733760000007
0.01505507016
0.015076652430000002
0.015097510940000005
0.015117665530000005
0.01513714105
0.01515596144
0.015174146860000005
0.015191721139999998
0.01520870262
0.015225111850000004
0.01524096841
0.015256291460000002
0.01527109897
0.015285408569999999
0.015299236609999996
0.015312599509999998
0.015325513519999995
0.015337993579999997
0.015350053350000004
0.01536171014
0.015372975209999997
0.015383862870000002
0.015394384819999996
0.015404555709999998
0.015414386740000003
0.01542388993
0.015433075570000001
0.015441955190000002
0.015450539120000004
0.015458840149999997
0.01546686446
0.015474625659999998
0.01548213087
0.015489389310000004
0.015496409389999997
0.015503200149999997
0.015509771370000001
0.015516128889999996
0.01552228153
0.015528237810000003
0.0155340038
0.015539586129999998
0.015544994709999992
0.015550232510000001
0.01555530825
0.015560226779999999
0.01556499547
0.015569620960000004
0.015574106240000002
0.01557845992
0.015582687209999996
0.015586790500000001
0.015590779260000005
0.01559465428
0.015598423729999998
0.015602089
0.015605656960000002
0.015609132439999998
0.01561251902
0.015615818620000005
0.015619038929999997
0.01562218181
0.01562525041
0.015628252429999996
0.01563118787
0.015634060989999997
0.015636876099999995
0.01563963484
0.01564234084
0.015644998610000002
0.015647611109999994
0.015650182050000003
0.015652712549999996
0.015655204619999998
0.015657664470000002
0.01566009156
0.01566249075
0.015664863099999995
0.015667210869999997
0.015669537299999998
0.015671845190000006
0.01567413436
0.015676409890000003
0.015678673570000003
0.01568092602
0.01568316941
0.015685405440000005
0.01568763812
0.015689866480000002
0.0156920944
0.015694321169999997
0.015696552510000003
0.0156987862
0.015701024240000003
0.015703269330000002
0.01570552304
0.01570778583
0.015710058619999988
0.015712343720000004
0.015714642380000005
0.015716955069999997
0.015719283389999998
0.015721627069999997
0.015723988990000003
0.01572636963
0.01572876956
0.0157311908
0.015733632699999996
0.015736097029999997
0.015738584560000005
0.0157410945
0.01574363141
0.01574619294
0.015748779049999998
0.01575139358
0.015754036059999997
0.01575670465
0.01575940186
0.01576212873
0.015764884459999996
0.015767670549999998
0.01577048798
0.015773335770000004
0.015776215160000003
0.01577912599
0.015782069699999998
0.015785047200000003
0.015788055660000005
0.015791099090000003
0.015794175249999997
0.015797285969999995
0.015800430119999993
0.015803609640000004
0.015806823520000002
0.015810072400000003
0.015813356469999998
0.0158166765
0.01582003251000001
0.01582342479
0.015826852869999998
0.01583031706
0.015833819750000006
0.0158373576
0.015840931250000002
0.015844542929999997
0.015848191390000002
0.015851878289999996
0.015855601150000002
0.015859360779999998
0.015863159980000006
0.015866996910000007
0.015870870180000003
0.01587478221999999
0.015878731069999995
0.01588271793
0.015886743140000003
0.015890806459999997
0.015894907360000002
0.015899045859999995
0.01590322281
0.01590743718
0.015911689399999998
0.015915979499999997
0.01592030738
0.0159246721
0.01592907515
0.01593351543
0.01593799404
0.01594250891
0.01594706202
0.015951651960000004
0.0159562794
0.015960943699999997
0.015965644190000006
0.015970380779999998
0.015975154300000002
0.015979964799999996
0.01598481109
0.01598969368
0.015994610689999997
0.015999565210000004
0.0160045537
0.016009577849999998
0.01601463712
0.01601973135
0.01602485988
0.01603002281
0.01603521947
0.016040448769999997
0.016045713020000005
0.01605101084
0.016056341249999998
0.016061705009999996
0.01606710118
0.016072528970000003
0.016077989480000002
0.01608348048
0.01608900342
0.01609455801
0.016100142579999997
0.016105758169999998
0.01611140411
0.016117078999999992
0.016122784940000003
0.01612851837
0.01613428252
0.01614007772
0.016145897160000006
0.016151746030000004
0.016157623340000003
0.016163526900000003
0.016169458619999993
0.016175416830000004
0.016181400369999998
0.016187410970000007
0.016193447780000002
0.0161995094
0.01620559683
0.01621170794
0.0162178435
0.01622400373
0.016230186299999994
0.016236393300000002
0.016242622989999997
0.016248876220000003
0.01625515008
0.016261447780000004
0.016267765320000002
0.016274105349999998
0.016280465200000004
0.01628684472
0.016293245100000003
0.01629966428
0.016306104680000003
0.016312563139999993
0.0163190388
0.016325533550000004
0.016332045739999995
0.016338574419999998
0.016345121520000002
0.01635168647
0.016358265129999997
0.01636486056
0.01637147185999999
0.01637809629
0.016384737509999997
0.016391392800000005
0.016398061700000008
0.01640474394
0.016411438940000002
0.01641814782
0.016424868559999996
0.01643160294
0.01643834545
0.016445101710000003
0.0164518697
0.01645864796
0.016465433919999994
0.016472232390000004
0.01647903923
0.01648585692
0.016492681619999998
0.016499516659999998
0.016506358650000004
0.01651320908
0.016520066800000004
0.016526930720000006
0.016533803929999997
0.016540683760000004
0.016547567859999994
0.016554458159999997
0.01656135468
0.01656825652
0.01657516308
0.016582073689999997
0.016588988449999995
0.016595907439999998
0.016602831499999998
0.01660975792
0.016616688220000002
0.016623620119999998
0.01663055513
0.016637493460000003
0.016644432359999996
0.016651373439999995
0.01665831678
0.016665262099999998
0.01667220675
0.016679152760000003
0.01668609967
0.016693047659999995
0.01669999496
0.016706942040000002
0.01671388864
0.01672083548
0.016727781599999998
0.016734724719999997
0.016741668859999993
0.016748611020000005
0.01675555084
0.01676248843999999
0.01676942518
0.0167763589
0.016783291130000003
0.01679022016
0.016797146989999998
0.016804068969999995
0.01681098862
0.016817905439999996
0.016824818710000005
0.016831728560000002
0.01683863439
0.016845535399999997
0.01685243263
0.01685932768
0.016866217200000005
0.016873101439999996
0.016879981500000002
0.016886855800000003
0.016893726220000002
0.01690059156
0.01690745174
0.01691430742
0.016921155400000002
0.016927999520000004
0.016934838799999997
0.016941670070000008
0.016948496120000003
0.016955318199999996
0.016962133699999996
0.01696894310000001
0.016975746479999998
0.016982542509999997
0.016989332140000004
0.016996115180000004
0.017002892699999998
0.017009663419999998
0.017016427320000006
0.017023182799999998
0.017029934259999997
0.01703667814
0.017043412819999996
0.01705014114
0.017056863040000002
0.017063577059999998
0.017070283199999994
0.017076985210000003
0.01708367746
0.017090360639999996
0.017097038760000002
0.017103708439999997
0.017110370879999996
0.01711702238
0.01712366938
0.017130307679999998
0.017136938729999995
0.01714356034
0.017150174819999996
0.017156779480000002
0.017163378139999998
0.017169966400000007
0.017176547660000003
0.01718312076
0.01718968402
0.017196240100000003
0.0172027884
0.01720932518
0.0172158551
0.0172223766
0.01722888774
0.01723539129
0.0172418848
0.017248372180000006
0.017254848300000004
0.0172613164
0.017267776439999997
0.017274224540000004
0.017280664120000004
0.01728709534
0.017293516719999995
0.017299930479999996
0.01730633428
0.017312727980000005
0.017319113060000006
0.01732548774
0.017331853140000002
0.017338209000000004
0.017344557619999996
0.017350893860000004
0.017357220140000004
0.01736353722
0.017369845580000005
0.01737614306
0.017382432119999996
0.017388710520000003
0.01739497791
0.01740123584
0.017407485099999998
0.0174137221
0.0174199495
0.017426167540000002
0.01743237438
0.01743857162
0.017444758780000003
0.0174509346
0.017457103360000004
0.01746325785
0.017469404740000007
0.017475540759999998
0.017481665520000002
0.01748778076
0.017493885199999993
0.017499977659999996
0.017506061400000005
0.01751213376
0.017518195839999997
0.01752424712
0.01753029006
0.017536320600000002
0.017542339440000006
0.017548349489999997
0.0175543483
0.017560335019999998
0.017566311579999997
0.01757227732
0.01757823196
0.017584175719999998
0.01759010896
0.01759603002
0.01760194341
0.017607841000000003
0.017613730460000004
0.01761960926
0.017625475289999998
0.017631330929999994
0.01763717622
0.017643011030000003
0.017648832330000003
0.017654644819999996
0.017660444240000003
0.017666233519999998
0.01767201044
0.017677778200000004
0.01768353348
0.017689277920000003
0.01769501174
0.01770073206
0.017706441780000005
0.017712141450000003
0.01771782778
0.017723505480000002
0.017729169359999998
0.01773482218
0.0177404646
0.017746095599999998
0.01775171338
0.01775732138
0.017762916939999998
0.017768499820000005
0.0177740735
0.01777963528
0.01778518606
0.01779072262
0.017796250599999997
0.017801766580000003
0.017807269999999997
0.01781276234
0.017818243440000003
0.01782371279
0.01782916868
0.017834614480000004
0.01784004768
0.017845470619999998
0.017850880900000005
0.01785628056
0.01786166748
0.017867044100000003
0.01787240634
0.017877760060000004
0.01788310082
0.01788843048
0.017893747440000003
0.0178990539
0.017904347999999997
0.017909630859999998
0.017914901120000003
0.017920160220000002
0.0179254062
0.017930644199999998
0.01793586846
0.0179410799
0.01794628102
0.0179514694
0.01795664714
0.017961811799999998
0.017966966799999998
0.017972109320000002
0.017977238399999998
0.017982356820000003
0.017987464779999997
0.017992562479999998
0.01799764546
0.018002717879999998
0.018007778679999996
0.018012828319999997
0.018017865119999997
0.01802288978
0.01802790379
0.01803290666
0.01803789724
0.01804287732
0.01804784466
0.01805280016
0.018057745140000005
0.01806267605999999
0.01806759798
0.0180725084
0.018077406660000003
0.0180822938
0.018087168839999997
0.018092034139999998
0.018096886159999995
0.018101727239999997
0.01810655646
0.018111374399999994
0.0181161816
0.018120975099999995
0.01812576064
0.018130531919999998
0.018135293639999998
0.01814004202
0.018144779499999993
0.01814950704
0.018154222179999995
0.018158925580000002
0.01816361770000001
0.018168299320000005
0.0181729683
0.0181776274
0.018182274660000004
0.01818691004
0.018191535039999998
0.018196147980000004
0.01820075074
0.018205341940000005
0.018209921120000007
0.018214489279999996
0.018219046859999994
0.01822359402
0.018228130320000004
0.018232653260000006
0.01823716562
0.01824166826
0.018246157979999997
0.018250638679999997
0.018255106999999996
0.018259564359999998
0.018264012380000003
0.018268448440000005
0.0182728742
0.018277289239999998
0.018281693619999997
0.018286084539999997
0.018290465899999997
0.018294837960000004
0.01829919902
0.01830354644
0.018307884620000006
0.01831221124
0.01831652844
0.018320835140000002
0.018325131860000007
0.0183294175
0.018333691599999997
0.01833795558
0.018342207859999998
0.018346449060000002
0.01835068007
0.018354901879999996
0.018359113360000002
0.01836331476
0.0183675037
0.01837168282
0.01837585248
0.01838001126
0.018384160219999997
0.01838829762
0.018392423480000003
0.01839654056
0.018400647199999995
0.018404742539999998
0.01840882958
0.018412903839999998
0.01841697114
0.018421025269999995
0.01842507114
0.01842910452
0.01843313058
0.01843714342
0.018441148459999994
0.018445142339999995
0.018449125059999995
0.01845310002
0.01845706414
0.01846101954
0.018464963980000002
0.018468898710000004
0.01847282256
0.018476735999999994
0.018480638700000003
0.018484535159999996
0.01848841996
0.018492293620000003
0.0184961595
0.018500013160000005
0.018503858059999996
0.018507692620000002
0.018511519500000004
0.01851533374
0.01851914112
0.018522937580000006
0.01852672564
0.018530503979999998
0.018534271680000002
0.018538030060000002
0.018541778739999997
0.01854552084
0.018549250829999996
0.01855297144
0.018556681279999994
0.01856038396
0.018564077820000004
0.018567760739999994
0.018571432280000005
0.01857509953
0.018578753030000006
0.018582399120000006
0.01858603526
0.018589663040000003
0.018593284239999997
0.01859689356
0.018600492679999997
0.018604083380000004
0.01860766554
0.018611241719999994
0.018614803840000006
0.018618358579999994
0.01862190338
0.018625442039999995
0.018628969439999997
0.018632486799999994
0.018635998020000002
0.01863949898
0.018642992940000002
0.018646476619999998
0.01864995154
0.0186534188
0.01865687758
0.018660325180000003
0.018663765979999997
0.01866719684
0.01867061936
0.01867403402
0.01867743778
0.01868083554
0.0186842224
0.01868760216
0.01869097428
0.018694337579999998
0.018697691580000005
0.018701039080000002
0.018704377400000007
0.01870770622
0.01871102722
0.018714339320000006
0.018717642700000005
0.018720939839999996
0.01872422775
0.01872750724
0.01873077968
0.018734042559999994
0.01873729806
0.018740545739999996
0.01874378328
0.018747014920000006
0.018750237739999998
0.018753453439999998
0.018756660319999997
0.018759858680000005
0.018763049239999992
0.0187662345
0.01876940938
0.01877257858000001
0.018775738760000004
0.018778890159999995
0.018782035260000003
0.01878517368
0.018788304379999995
0.018791424240000004
0.018794538689999998
0.018797644359999997
0.018800744559999995
0.018803836260000005
0.018806920590000005
0.018809998520000003
0.018813064719999998
0.01881612634
0.01881918124
0.0188222283
0.01882526766
0.018828299600000008
0.01883132502
0.018834342560000005
0.018837353
0.018840356800000003
0.0188433537
0.018846341800000003
0.01884932362
0.018852299430000004
0.01885526726
0.018858227239999997
0.018861178960000006
0.01886412586
0.018867066499999998
0.018869999140000003
0.018872924520000004
0.01887584408
0.01887875572
0.018881661399999992
0.018884561280000003
0.018887454939999996
0.018890340599999996
0.01889321916
0.01889609214
0.018898959080000003
0.018901817459999994
0.018904670280000008
0.018907515320000002
0.018910354379999994
0.01891318766
0.018916014899999996
0.018918833910000005
0.01892164702
0.018924454020000002
0.01892725492
0.018930051569999995
0.018932842079999998
0.01893562714
0.01893840467
0.018941174560000003
0.018943938760000004
0.01894669732
0.01894945144
0.01895219748
0.018954941
0.018957673200000004
0.018960401879999998
0.01896312472
0.01896584097
0.018968554399999997
0.0189712594
0.01897395878
0.018976652059999998
0.018979340240000003
0.018982024279999996
0.018984699859999996
0.01898737188
0.018990037960000004
0.018992697980000004
0.018995353299999997
0.018998003100000004
0.01900064472
0.01900328254
0.019005914160000005
0.019008541519999998
0.01901116348
0.01901377908
0.01901638966
0.019018997599999997
0.019021597059999996
0.019024193020000003
0.019026783759999995
0.019029368680000002
0.01903194952
0.019034522679999995
0.01903709126
0.019039656560000003
0.019042215720000005
0.01904476996
0.01904731905999999
0.019049862919999997
0.0190524033
0.019054939200000003
0.019057467879999998
0.01905999426
0.019062515019999993
0.01906503032
0.019067542400000005
0.019070048119999995
0.019072550839999994
0.019075047520000003
0.01907753968
0.019080027580000002
0.019082511260000004
0.019084989519999998
0.01908746446
0.01908993352
0.019092399039999996
0.019094859499999995
0.019097315539999996
0.019099766820000003
0.01910221508
0.019104658840000007
0.019107097320000002
0.019109529479999995
0.019111961820000002
0.01911438708
0.019116808539999995
0.019119226580000006
0.019121639720000003
0.019124048239999997
0.019126454199999993
0.0191288555
0.019131250740000008
0.019133643019999997
0.01913603114
0.0191384158
0.019140796600000006
0.019143172740000002
0.019145543480000003
0.01914791292
0.01915027612
0.019152635980000006
0.01915499436
0.019157346519999997
0.019159692960000002
0.019162039019999997
0.019164380940000003
0.019166716639999998
0.019169051080000003
0.01917138108
0.019173707379999995
0.01917602951999999
0.01917834714
0.01918066218
0.01918297298
0.01918528154
0.0191875848
0.019189886220000004
0.019192181839999996
0.019194475579999995
0.01919676552
0.01919904998000001
0.019201331319999997
0.0192036097
0.0192058832
0.019208156599999998
0.01921042558
0.019212690360000003
0.019214951279999996
0.019217208740000002
0.0192194639
0.019221715900000002
0.019223963279999996
0.019226207820000004
0.019228447500000002
0.0192306857
0.01923291988000001
0.019235149260000004
0.019237376560000005
0.019239598759999997
0.0192418212
0.01924403716
0.019246252000000002
0.01924846284
0.0192506711
0.01925287424
0.019255076880000003
0.01925727466
0.0192594706
0.019261661240000002
0.019263849220000004
0.019266035519999995
0.019268217700000007
0.01927039762
0.01927257378
0.01927474712
0.019276918119999997
0.019279086619999997
0.019281252419999995
0.019283413240000005
0.019285572920000004
0.01928772992
0.019289883160000004
0.019292033780000006
0.019294180600000002
0.019296325019999998
0.019298467219999997
0.0193006052
0.01930274338
0.019304876340000006
0.019307008460000007
0.01930913444
0.01931125756
0.019313380939999993
0.019315500780000005
0.019317616739999998
0.01931973054
0.019321841160000002
0.019323946480000007
0.019326051020000002
0.01932815334
0.019330250959999996
0.01933234837999999
0.0193344427
0.01933653432
0.01933862214
0.019340710599999998
0.019342794599999998
0.019344876820000002
0.01934695622
0.019349030019999998
0.019351103519999996
0.019353176079999996
0.019355242919999998
0.01935730766
0.019359369999999997
0.019361431560000003
0.01936348952
0.01936554504
0.01936759802
0.019369648119999996
0.019371696360000003
0.019373742899999994
0.019375785779999998
0.01937782778000001
0.019379865759999997
0.019381900660000003
0.01938393388
0.0193859644
0.019387992720000004
0.019390019459999998
0.019392044500000004
0.019394063819999995
0.019396083079999994
