0.09358255888
0.09053937514000003
0.08772556218000002
0.08514832737999999
0.08280956403999999
0.08070593998000002
0.07882834198000001
0.07716160266
0.07568537434
0.07437618414000002
0.07320978826
0.07216320478
0.07121580688
0.07034985853999999
0.06955051963999999
0.06880556615999998
0.06810502301999997
0.06744084071999999
0.06680650653999998
0.066196786
0.06560747087999999
0.06503515861999999
0.0644771212
0.0639311517
0.06339547543999999
0.06286865770000001
0.062349543899999985
0.06183719667999999
0.06133086636000001
0.06082994438000001
0.06033395107999999
0.059842499619999996
0.059355276540000015
0.058872044999999984
0.058392615
0.05791684463999999
0.057444635019999996
0.05697591345999999
0.05651062072
0.056048743120000015
0.05559026803999998
0.05513520357999999
0.054683565719999994
0.054235388919999995
0.05379071036000001
0.05334957852000002
0.05291204374
0.05247816682
0.05204800668000001
0.05162163217999998
0.05119909628000001
0.05078047286
0.05036583852
0.049955253799999995
0.049548790499999995
0.049146507039999995
0.04874848057999999
0.04835476903999998
0.047965438039999996
0.047580544880000006
0.04720014591999999
0.04682429764
0.04645303987999999
0.04608642842
0.04572448958
0.04536727268
0.04501479993999999
0.04466710054
0.04432419188
0.043986087759999994
0.04365279926000001
0.043324330339999995
0.04300067456
0.042681824439999995
0.042367777919999995
0.0420585086
0.04175399411999999
0.04145420978
0.04115912804
0.04086870536000001
0.04058290824
0.04030169376
0.04002501642
0.03975282124000001
0.039485065920000006
0.03922169442
0.038962649319999994
0.03870787047999999
0.038457301299999996
0.03821088243999999
0.03796854989999999
0.037730243099999984
0.03749589756000001
0.037265449159999985
0.03703883400000001
0.036815982700000006
0.036596836540000004
0.03638132468
0.03616939124
0.03596096044
0.03575597843999999
0.0355543768
0.03535609152
0.035161056639999994
0.03496921236
0.03478050095999999
0.034594856560000005
0.03441222302
0.034232534399999986
0.03405574066000001
0.03388177618
0.03371058785999999
0.03354212374000001
0.03337631574
0.03321312516000001
0.033052486459999995
0.03289434944
0.03273867009999999
0.03258538802000001
0.032434462020000006
0.03228583568
0.03213946468000001
0.03199530535999999
0.03185330701999999
0.03171342476
0.03157561708000001
0.03143984044000001
0.031306046179999984
0.031174200439999987
0.031044260399999996
0.030916182980000012
0.03078992966
0.03066546256000001
0.03054274738
0.030421743200000004
0.03030241472
0.030184733860000007
0.03006865557999999
0.02995415094
0.02984118785999999
0.029729736479999994
0.029619759279999994
0.029511235000000004
0.0294041282
0.029298412240000005
0.02919405716
0.02909103490000001
0.02898931858
0.02888888466000001
0.028789707220000002
0.028691758739999997
0.028595014079999998
0.028499455759999986
0.02840505904
0.02831179797999999
0.02821965412
0.02812860619999999
0.028038629279999994
0.027949711019999993
0.027861823020000002
0.027774950680000004
0.027689075040000007
0.027604174640000007
0.027520235799999994
0.027437233919999988
0.02735516156
0.027273993720000007
0.027193714639999995
0.02711430804
0.02703576528
0.026958060379999992
0.0268811833
0.026805115780000003
0.02672984816
0.026655355640000006
0.026581637120000005
0.026508665779999996
0.02643643586
0.026364931820000003
0.026294133859999992
0.026224036279999995
0.026154618979999995
0.026085874499999998
0.02601778582
0.025950345160000002
0.025883536240000008
0.02581734812
0.02575176614
0.02568677696
0.025622377880000005
0.025558548579999996
0.025495281920000012
0.025432565080000007
0.025370386879999998
0.02530873474
0.025247602879999994
0.025186975020000016
0.0251268465
0.025067205219999996
0.025008039859999998
0.024949341640000004
0.024891100180000004
0.024833309579999997
0.024775959000000007
0.024719037439999987
0.02466253904
0.024606453559999998
0.024550775219999994
0.02449549494
0.0244406042
0.024386098400000004
0.02433196568
0.024278199739999996
0.024224794280000007
0.024171745699999997
0.024119043999999992
0.024066685559999995
0.024014661099999998
0.023962968560000006
0.023911598819999998
0.02386055038000001
0.023809818080000003
0.023759391780000007
0.02370927184
0.02365945002
0.023609922140000003
0.023560688979999998
0.02351174124000001
0.02346307998
0.02341469653999999
0.023366590999999996
0.02331876062000001
0.02327119904
0.0232239074
0.023176882239999995
0.023130116119999992
0.023083610180000002
0.02303736075999999
0.022991366900000004
0.022945626179999998
0.022900138020000002
0.022854895019999995
0.022809900999999994
0.022765151119999997
0.022720642360000008
0.022676379460000003
0.0226323515
0.022588564919999995
0.022545012719999997
0.02250169234
0.02245860828
0.022415754120000006
0.022373130820000003
0.02233073541999999
0.022288567699999994
0.022246626660000008
0.02220490718
0.022163407799999993
0.02212212937999999
0.022081071200000003
0.02204022856
0.021999602099999994
0.021959191579999995
0.021918991319999998
0.021879002360000007
0.021839222560000007
0.021799650219999994
0.021760282980000004
0.021721118659999997
0.021682157339999997
0.021643396299999996
0.0216048347
0.021566469460000005
0.021528299999999997
0.02149032194
0.021452536359999996
0.021414943319999994
0.021377535500000003
0.02134031616000001
0.02130328036
0.02126642874
0.021229756840000006
0.021193265140000007
0.02115695212
0.021120814079999998
0.021084851779999997
0.02104906388
0.02101344696
0.02097799788
0.020942717639999994
0.020907605640000004
0.020872656800000004
0.020837870999999997
0.020803248800000004
0.020768786240000003
0.020734481659999995
0.020700334679999998
0.020666343760000004
0.02063250456
0.020598821740000006
0.02056528776
0.020531902879999998
0.02049866996
0.02046558254
0.020432641060000006
0.020399843159999997
0.02036718756
0.02033467422
0.0203023019
0.02027006752
0.02023797194
0.020206010559999998
0.020174187359999998
0.020142497019999997
0.020110937760000006
0.020079514640000004
0.02004822232
0.020017057120000004
0.019986020380000004
0.01995511072
0.019924327020000007
0.019893668799999997
0.019863135140000005
0.019832723920000003
0.019802436800000003
0.019772267499999992
0.01974222004
0.0197122918
0.019682483260000005
0.019652789000000007
0.019623212900000006
0.019593750360000002
0.01956440168
0.01953516574
0.019506043139999995
0.019477033320000007
0.019448132620000006
0.01941934422
0.01939066378
0.019362092100000002
0.0193336286
0.01930527076
0.01927702036
0.019248875279999994
0.01922083372
0.019192897599999995
0.019165065739999997
0.019137333739999998
0.01910970376
0.01908217604
0.0190547459
0.019027417740000007
0.019000187080000005
0.018973052000000004
0.018946018789999998
0.018919081340000005
0.01889223996
0.01886549436
0.018838843889999998
0.018812289479999997
0.018785828600000005
0.018759461779999997
0.018733186840000006
0.018707005199999998
0.01868091548
0.018654915640000005
0.018629006460000003
0.0186031889
0.01857745986
0.018551818629999998
0.018526268520000003
0.01850080589
0.018475433470000004
0.018450147060000005
0.018424949260000004
0.01839983706
0.018374809730000007
0.018349868579999998
0.01832501346
0.018300241210000002
0.01827555348
0.01825094971
0.018226429929999996
0.01820199253
0.018177640619999998
0.018153366440000006
0.018129176139999995
0.01810506546
0.018081038549999998
0.0180570906
0.01803322352
0.018009436139999998
0.017985726920000004
0.017962099029999998
0.017938549830000004
0.017915077170000005
0.017891685610000003
0.017868368889999993
0.017845131429999998
0.017821972220000003
0.017798887960000006
0.017775883629999992
0.017752952799999996
0.017730096940000002
0.017707318099999998
0.017684614310000003
0.017661985409999997
0.01763942998
0.01761695139
0.01759454419
0.01757221218
0.017549955400000004
0.017527768910000005
0.017505657690000006
0.01748361801
0.017461649370000006
0.017439754690000003
0.01741793286
0.017396181299999994
0.01737450298
0.017352893610000003
0.01733135482
0.01730988763
0.017288489809999995
0.01726716042
0.017245901610000006
0.01722471462
0.017203593500000003
0.017182543430000002
0.017161561929999996
0.0171406477
0.01711980227
0.017099024480000002
0.017078316839999996
0.017057675119999997
0.01703710163
0.01701659526
0.01699615615
0.01697578152
0.01695547598000001
0.01693523668
0.016915063039999997
0.016894954480000002
0.01687491284
0.016854936749999997
0.01683502559
0.016815180730000004
0.016795399569999994
0.016775682260000004
0.016756030289999998
0.016736442569999996
0.016716918209999997
0.016697457800000003
0.01667806184
0.016658727450000008
0.016639458370000002
0.016620252329999995
0.016601109359999998
0.016582029770000003
0.01656301198
0.01654405761
0.016525165050000002
0.016506332860000004
0.016487563910000006
0.01646885396
0.016450208490000003
0.01643162155
0.016413098689999996
0.01639463463
0.016376231269999996
0.016357889500000004
0.016339609050000002
0.016321386740000002
0.016303225259999995
0.01628512357
0.01626708206
0.016249100000000002
0.01623117546
0.016213310659999997
0.016195505019999997
0.016177757570000003
0.01616006688
0.016142437509999996
0.016124866409999997
0.016107355360000002
0.016089899249999998
0.016072502069999998
0.01605516265
0.01603788114
0.016020658219999998
0.0160034935
0.015986384469999993
0.01596933232
0.015952338570000005
0.015935402020000003
0.01591852086
0.015901695410000003
0.015884927750000003
0.015868215789999997
0.015851558419999995
0.015834958349999997
0.01581841384
0.015801925460000005
0.015785490390000004
0.015769110839999996
0.015752787370000004
0.015736517930000006
0.015720302709999998
0.01570414378
0.015688037729999996
0.015671987510000006
0.015655990780000004
0.01564004859
0.015624161469999998
0.015608326839999999
0.01559254564
0.015576818939999999
0.015561145350000003
0.015545525120000006
0.015529956929999998
0.015514441859999997
0.015498978589999999
0.01548356716
0.015468209339999999
0.015452903709999999
0.015437651720000006
0.01542245115
0.015407304119999996
0.015392206619999998
0.015377162370000001
0.015362167590000005
0.015347226829999998
0.015332337540000001
0.015317498359999994
0.015302708170000002
0.015287970529999998
0.015273284450000004
0.015258648770000008
0.015244063609999999
0.015229528879999999
0.015215043979999999
0.015200610960000005
0.015186226609999994
0.01517189205
0.01515760873
0.015143373620000001
0.01512918801
0.015115052100000002
0.015100963890000003
0.015086926559999997
0.015072938650000003
0.015058997399999996
0.01504510756
0.01503126567
0.015017471810000002
0.0150037272
0.014990031840000006
0.014976383029999995
0.014962781330000003
0.014949228990000006
0.014935724829999998
0.014922267789999999
0.014908857740000002
0.01489549469
0.01488217905
0.014868912259999994
0.014855690440000005
0.014842516460000002
0.014829387399999998
0.014816305609999999
0.014803269860000001
0.014790281459999999
0.014777339869999994
0.014764443520000005
0.014751591329999997
0.014738788329999999
0.014726029960000005
0.014713316919999997
0.014700648800000002
0.014688026389999996
0.014675449269999998
0.014662917809999995
0.014650431580000003
0.014637989999999998
0.014625593220000004
0.014613241990000001
0.014600933139999996
0.014588672089999997
0.01457645286
0.0145642776
0.014552147579999999
0.01454005986
0.014528017580000004
0.014516019790000003
0.014504065940000001
0.01449215345
0.014480287119999992
0.014468463089999994
0.014456680499999996
0.01444494307
0.01443324815
0.014421595990000001
0.014409986579999999
0.014398420079999998
0.014386895329999998
0.014375413969999999
0.014363973220000003
0.014352575290000003
0.014341219879999995
0.014329905830000007
0.014318633980000002
0.014307402280000001
0.014296212739999998
0.01428506512
0.01427395965
0.01426289541
0.01425187141
0.014240888620000005
0.014229944930000002
0.014219042760000002
0.014208181199999996
0.014197359869999992
0.014186580280000001
0.014175840989999997
0.014165142460000002
0.014154482469999998
0.01414386432
0.014133286379999997
0.014122747329999994
0.014112248139999999
0.014101787919999999
0.014091367450000003
0.014080986790000001
0.014070643860000003
0.01406034208
0.014050077950000003
0.014039853500000006
0.014029669569999993
0.014019523239999998
0.014009415990000001
0.013999346890000002
0.013989316599999998
0.013979323679999996
0.01396937003
0.01395945338
0.013949577029999995
0.01393973623
0.01392993261
0.013920168570000007
0.013910440559999999
0.01390075053
0.01389109792
0.013881481519999999
0.013871903479999996
0.01386236263
0.013852857750000001
0.01384339014
0.013833958840000004
0.013824564849999998
0.013815205929999998
0.013805884289999994
0.013796598680000001
0.01378735048
0.013778136080000003
0.013768960570000002
0.013759818339999999
0.013750713230000005
0.013741643799999998
0.01373260846
0.013723609179999995
0.013714644679999997
0.013705715220000001
0.013696822729999995
0.013687963750000002
0.013679141589999997
0.013670353089999998
0.013661599620000003
0.013652881159999996
0.01364419603
0.01363554609
0.01362693053
0.013618348780000001
0.013609801050000004
0.013601286559999997
0.013592805940000003
0.013584360519999998
0.013575948569999998
0.01356757112
0.0135592267
0.013550915769999998
0.013542638249999999
0.013534394290000003
0.01352618362
0.01351800468
0.01350985982
0.013501747310000001
0.013493667340000001
0.013485619250000004
0.013477603669999996
0.01346962098
0.013461668550000002
0.013453751390000004
0.01344586492
0.013438010889999998
0.013430187929999999
0.01342239814
0.013414639790000005
0.01340691317
0.013399219329999995
0.013391556529999994
0.013383923769999997
0.013376323360000003
0.013368755029999995
0.013361217209999998
0.013353709589999999
0.0133462324
0.013338785590000003
0.013331370410000001
0.013323985
0.013316631649999999
0.013309308319999998
0.013302014070000003
0.01329475175
0.013287518379999998
0.013280316130000004
0.013273143889999998
0.013265999029999998
0.01325888513
0.013251801810000002
0.013244747609999998
0.01323772462
0.013230730909999999
0.01322376601
0.013216829529999998
0.013209923490000003
0.013203045010000001
0.013196195470000003
0.01318937537
0.01318258275
0.013175818490000001
0.013169084100000006
0.013162377339999998
0.013155698430000003
0.013149047750000002
0.013142425360000001
0.013135833889999999
0.013129269149999998
0.013122732110000002
0.013116224
0.013109742780000003
0.013103288840000006
0.013096863910000003
0.013090465510000003
0.013084094159999997
0.01307775104
0.013071433610000002
0.013065145779999999
0.01305888344
0.013052648569999999
0.013046441660000001
0.0130402598
0.013034104959999999
0.013027978299999998
0.013021877600000004
0.013015802399999998
0.013009753449999996
0.013003733180000003
0.012997737209999995
0.012991767920000001
0.012985825940000004
0.012979910059999999
0.012974018769999995
0.012968152629999999
0.012962314359999998
0.012956499770000005
0.012950712149999996
0.01294495075
0.01293921228
0.012933500619999998
0.012927814940000002
0.012922153429999998
0.01291651712
0.01291090602
0.01290531985
0.01289975791
0.01289422089
0.012888707980000002
0.012883220279999998
0.01287775603
0.01287231752
0.012866903570000001
0.012861512380000004
0.012856146659999996
0.012850805340000002
0.012845487480000002
0.012840193580000001
0.0128349236
0.012829677829999999
0.012824456719999993
0.012819258520000001
0.01281408415
0.012808932779999997
0.012803805350000006
0.012798701140000004
0.012793619789999997
0.01278856199
0.012783526170000002
0.01277851477
0.012773525549999998
0.012768560629999998
0.012763617410000004
0.012758696850000004
0.012753798549999997
0.012748923660000005
0.012744071420000001
0.012739241660000001
0.01273443431
0.012729650329999998
0.012724886430000002
0.01272014608
0.012715428659999996
0.01271073189
0.01270605873
0.012701405909999998
0.012696774550000001
0.012692164659999996
0.01268757607
0.012683009349999998
0.01267846508
0.012673942680000001
0.012669441479999996
0.01266496149
0.01266050371
0.012656064600000001
0.012651647940000002
0.012647252650000001
0.01264287789
0.012638523530000001
0.01263418921
0.012629875650000002
0.012625583229999997
0.012621310999999994
0.012617059690000003
0.012612828760000002
0.012608618370000001
0.01260442883
0.01260026003
0.012596110830000007
0.012591982480000003
0.01258787414
0.01258378551
0.012579715949999999
0.012575665370000003
0.012571636549999996
0.01256762542
0.012563634820000004
0.012559665170000003
0.012555714519999999
0.012551782360000006
0.012547870879999994
0.012543977890000002
0.012540103640000001
0.01253624913
0.012532413820000001
0.012528597429999996
0.012524799110000002
0.012521019219999999
0.0125172584
0.012513516750000002
0.01250979408
0.012506088979999998
0.012502403980000003
0.012498737989999998
0.012495088990000004
0.012491458519999998
0.012487847180000003
0.01248425367
0.01248067866
0.012477121709999999
0.012473582000000004
0.012470060870000004
0.01246655827
0.01246307246
0.012459605409999998
0.012456156119999999
0.012452724870000001
0.012449311150000001
0.012445915309999998
0.012442536270000002
0.012439175339999995
0.01243583187
0.012432505359999997
0.012429195970000003
0.012425903210000002
0.012422629159999999
0.01241937212
0.012416133239999998
0.012412909859999996
0.0124097043
0.0124065139
0.01240334027
0.012400184429999999
0.012397044429999999
0.01239392233
0.012390816979999998
0.01238772625
0.012384653739999996
0.012381596269999993
0.012378555359999998
0.01237553163
0.01237252348
0.012369531770000003
0.012366556069999996
0.012363595950000002
0.01236065196
0.0123577228
0.012354811910000001
0.012351915869999999
0.012349034689999993
0.012346171049999998
0.012343322339999997
0.012340489550000002
0.01233767262
0.01233487048
0.012332084129999999
0.012329311550000001
0.012326554790000001
0.012323814570000001
0.01232109025
0.012318379750000002
0.012315684799999999
0.012313006429999997
0.01231034183
0.012307692849999996
0.0123050588
0.01230243891
0.01229983359
0.012297243549999998
0.012294666920000004
0.01229210637
0.012289559829999994
0.012287028260000001
0.012284512310000002
0.01228201013
0.01227952204
0.012277047699999996
0.012274586149999997
0.012272141270000002
0.01226970755
0.012267289439999997
0.012264886589999998
0.01226249748
0.012260122180000001
0.012257760380000005
0.012255412730000002
0.012253079100000001
0.012250759410000003
0.01224845406
0.01224616088
0.012243880719999998
0.012241615659999998
0.012239364590000001
0.012237126280000002
0.012234903039999993
0.012232690159999999
0.012230492310000007
0.012228306989999995
0.01222613583
0.01222397745
0.012221832880000004
0.0122197003
0.012217582110000003
0.012215476440000005
0.012213384350000002
0.01221130425
0.012209236280000004
0.01220718199
0.01220514063
0.012203111439999999
0.012201095790000003
0.012199093069999993
0.0121971022
0.01219512456
0.012193159799999999
0.012191206129999995
0.01218926637
0.012187338840000004
0.01218542359
0.012183520570000005
0.012181629279999997
0.01217975064
0.01217788275
0.012176027730000004
0.01217418484
0.012172351790000003
0.012170532570000003
0.012168724799999999
0.012166929529999999
0.012165145350000002
0.012163372929999998
0.012161613020000003
