0.11843051444000001
0.04708136634
0.03354762664
0.027802801599999993
0.0247793372
0.022831129779999997
0.021387211059999994
0.02022463104
0.019244146650000002
0.018395969619999997
0.01765214878
0.016995179190000004
0.016412912369999998
0.015896137750000004
0.015437406499999999
0.015030419800000005
0.014669717639999998
0.014350485210000003
0.014068444700000005
0.013819780189999999
0.013601064140000002
0.013409226770000005
0.01324150266
0.013095406439999997
0.012968692689999999
0.012859340739999997
0.012765522849999995
0.012685595779999996
0.012618073329999995
0.012561615239999999
0.01251501588
0.012477190979999997
0.01244716042
0.01242404385
0.012407054200000003
0.01239547966
0.01238868754
0.012386108179999999
0.012387232549999995
0.012391607199999996
0.01239882857
0.012408538789999994
0.01242041715
0.012434183230000001
0.012449583349999994
0.01246639756
0.012484431309999999
0.01250350976
0.012523479770000002
0.012544209639999996
0.01256557957
0.01258748386
0.012609834000000002
0.01263254822
0.012655556550000002
0.012678795050000002
0.012702211850000002
0.012725758929999999
0.012749393439999996
0.012773080829999995
0.0127967886
0.01282048845
0.012844157929999999
0.012867774339999994
0.012891320419999998
0.012914777970000004
0.01293813511
0.01296137933
0.01298450135
0.01300748927
0.013030337460000006
0.013053039819999999
0.013075588709999999
0.013097979910000007
0.01312020988
0.01314227426
0.013164171189999994
0.013185897130000002
0.01320745159
0.013228830569999999
0.01325003511
0.013271063840000001
0.013291915219999999
0.01331258826000001
0.013333083349999999
0.01335340069
0.013373541219999998
0.01339350311
0.013413289209999997
0.013432898020000002
0.013452329300000001
0.013471586680000003
0.013490668740000003
0.013509577640000001
0.01352831041
0.013546874349999998
0.013565266159999999
0.013583486809999998
0.013601538600000003
0.013619423479999998
0.01363714083
0.013654691839999995
0.013672079060000002
0.013689302880000006
0.013706366319999996
0.013723265090000002
0.01374000729
0.013756590699999995
0.013773016000000003
0.013789287220000002
0.013805403059999997
0.013821365629999997
0.013837176890000007
0.01385283846
0.013868350029999997
0.013883713100000002
0.013898932050000002
0.013914003680000002
0.013928932310000005
0.013943719199999998
0.013958364179999995
0.013972869430000003
0.013987237169999998
0.014001466800000003
0.014015562369999995
0.014029522160000004
0.014043348830000003
0.014057044860000001
0.01407061019
0.01408404511
0.014097353460000003
0.014110534240000002
0.014123591119999999
0.014136523999999998
0.014149332739999998
0.01416202125
0.0141745882
0.014187038219999996
0.014199369130000004
0.014211585550000001
0.01422368475
0.014235669889999995
0.014247543860000005
0.01425930408
0.014270956750000001
0.014282498070000007
0.014293931089999998
0.01430525748
0.0143164786
0.01432759455
0.014338607100000003
0.01434951735
0.014360325880000004
0.014371035480000002
0.014381644110000003
0.014392156109999998
0.014402570719999999
0.01441288879
0.014423112630000002
0.014433241990000002
0.01444327869
0.014453223329999997
0.014463078510000003
0.014472841219999998
0.014482516539999997
0.01449210384
0.014501604759999998
0.014511018879999997
0.014520349320000004
0.01452959379
0.014538756519999998
0.014547834370000004
0.0145568319
0.01456574953
0.014574586529999998
0.014583345620000004
0.014592026490000003
0.014600629440000004
0.014609156289999998
0.014617607739999998
0.014625983070000004
0.014634285969999999
0.014642515409999996
0.014650673429999999
0.014658759589999999
0.014666774230000006
0.014674718050000004
0.014682592449999999
0.014690401009999996
0.014698138490000005
0.014705810640000004
0.01471341539
0.014720954849999999
0.014728429210000003
0.014735838840000001
0.014743184779999995
0.014750468369999999
0.014757689989999998
0.01476484931
0.014771946819999994
0.01477898445
0.014785962310000001
0.014792881300000003
0.01479974156
0.014806543480000003
0.014813288139999993
0.014819976690000007
0.014826608110000004
0.014833183469999997
0.014839705880000005
0.014846172830000002
0.014852584910000001
0.014858944909999998
0.014865251469999998
0.014871506200000004
0.014877709419999998
0.01488385999
0.014889961079999998
0.014896012320000006
0.014902013069999998
0.014907964219999998
0.01491386735
0.014919721950000003
0.014925530040000001
0.014931289340000002
0.014937003259999996
0.014942670099999998
0.014948291480000002
0.01495386813
0.01495939876
0.014964886209999997
0.01497032768
0.014975726970000007
0.01498108318
0.014986394950000002
0.014991666729999999
0.014996895789999999
0.015002083089999996
0.01500722926
0.015012334680000001
0.015017398980000008
0.015022425630000003
0.01502741166
0.015032357499999998
0.015037267129999999
0.015042135620000003
0.015046966799999999
0.015051762239999999
0.0150565192
0.015061239100000004
0.01506592151
0.015070570409999994
0.015075180070000001
0.015079757329999997
0.015084298809999999
0.015088805539999998
0.015093277900000006
0.015097715079999996
0.01510211851
0.01510648796
0.015110825399999996
0.015115129209999998
0.01511940043
0.015123640889999991
0.015127848909999995
0.015132025720000003
0.015136170570000003
0.01514028385
0.015144367309999997
0.01514841955
0.015152441769999993
0.0151564352
0.01516039779
0.01516433264
0.01516823641
0.015172112320000004
0.015175960169999994
0.015179779490000003
0.01518357137
0.01518733632
0.015191072989999997
0.015194783170000004
0.015198464799999995
0.015202120899999996
0.015205750010000003
0.015209354279999998
0.015212931060000004
0.015216482619999997
0.015220009769999997
0.015223511340000004
0.015226987319999996
0.01523043888
0.015233865119999999
0.015237267629999995
0.01524064616
0.015244000870000001
0.01524733227
0.015250640420000001
0.015253923360000001
0.01525718634
0.015260424839999995
0.015263641180000002
0.015266835940000003
0.015270007740000001
0.015273157009999998
0.01527628509
0.015279390879999992
0.01528247786
0.015285540549999999
0.015288582459999995
0.015291604270000004
0.015294603980000003
0.015297585630000004
0.015300546289999996
0.015303487140000002
0.015306408459999999
0.015309309620000005
0.015312190369999996
0.015315052949999996
0.015317896230000003
0.0153207198
0.015323525500000004
0.015326311899999999
0.015329079680000003
0.015331829420000003
0.015334560930000001
0.015337273200000003
0.015339969929999997
0.015342647469999996
0.01534530694
0.015347950209999996
0.015350575769999994
0.015353183370000002
0.015355775319999997
0.015358349710000002
0.015360908040000003
0.015363450790000002
0.015365976859999997
0.015368484699999995
0.015370977949999998
0.015373455570000003
0.01537591645
0.015378361909999997
0.01538079167
0.01538320639
0.015385605679999999
0.015387989969999998
0.015390358200000002
0.01539271182
0.015395052650000003
0.01539737749
0.01539968813
0.015401983749999997
0.01540426554
0.015406533490000002
0.015408786670000002
0.015411026960000001
0.015413253620000001
0.015415465399999996
0.015417664809999995
0.015419848970000006
0.015422022060000005
0.015424180959999999
0.015426326240000001
0.015428459459999998
0.015430579510000004
0.01543268793
0.015434783030000001
0.0154368662
0.015438936389999996
0.015440995060000002
0.015443040800000004
0.015445073829999998
0.015447097319999999
0.015449106470000005
0.015451105500000001
0.015453092410000003
0.015455068659999998
0.015457031270000008
0.01545898574
0.015460925939999997
0.015462855789999994
0.015464776020000006
0.015466684070000004
0.015468581870000003
0.015470469589999996
0.015472345939999998
0.015474212450000004
0.015476068800000003
0.015477914390000005
0.015479750260000001
0.01548157614
0.015483391880000004
0.015485197529999996
0.015486993829999993
0.015488779140000004
0.015490556180000002
0.015492323380000004
0.01549408126
0.015495828709999998
0.015497569299999998
0.015499299679999998
0.015501020929999996
0.01550273269
0.015504436400000002
0.01550613116
0.015507817580000003
0.015509495869999994
0.01551116419
0.015512824799999998
0.015514477820000004
0.01551612114
0.015517758299999997
0.015519385719999999
0.015521005929999996
0.015522617649999999
0.01552422335
0.015525818900000004
0.015527406920000004
0.015528988799999999
0.015530562940000001
0.015532129959999997
0.015533689220000006
0.015535241200000008
0.015536786010000005
0.015538323259999997
0.015539855509999999
0.015541380620000003
0.01554289729
0.015544408269999997
0.015545911850000003
0.015547409700000004
0.015548901019999995
0.015550385960000001
0.01555186281
0.01555333528
0.015554800450000001
0.01555626109
0.015557716459999996
0.015559162850000004
0.015560605019999998
0.015562040699999996
0.015563471160000003
0.01556489604
0.015566315160000004
0.01556772844
0.015569137149999999
0.015570539449999999
0.01557193539
0.015573326660000004
0.015574715429999999
0.015576095889999992
0.015577473800000003
0.015578845099999994
0.015580212450000006
0.015581574139999999
0.0155829311
0.015584284000000006
0.015585631370000002
0.015586975119999999
0.015588313800000005
0.01558964717
0.015590977789999998
0.015592303809999996
0.01559362625
0.015594944229999998
0.01559625929
0.015597566989999995
0.015598872490000002
0.015600173360000002
0.015601471569999996
0.01560276519
0.015604054210000001
0.015605340579999998
0.015606623319999999
0.01560790272
0.015609177890000008
0.015610449949999996
0.015611718359999997
0.01561298316
0.01561424427
0.0156155027
0.01561675716
0.015618009859999999
0.015619258890000001
0.015620505219999994
0.015621749590000001
0.01562298887
0.015624225410000001
0.015625461269999998
0.01562669176
0.015627920160000003
0.01562914787
0.015630370940000003
0.015631592389999997
0.015632811160000003
0.015634027520000003
0.01563524044
0.015636452199999998
0.015637660920000004
0.015638867509999994
0.015640071739999997
0.01564127463
0.01564247336
0.015643672710000004
0.015644867929999997
0.01564606276000001
0.015647253899999995
0.01564844483
0.015649632529999992
0.01565081868
0.015652003720000005
0.015653186529999995
0.015654367950000005
0.015655547869999998
0.01565672498
0.01565790046
0.01565907331
0.015660248059999996
0.015661419139999997
0.015662590310000002
0.015663760470000003
0.01566492861
0.01566609323
0.01566725965
0.015668423780000006
0.015669588
0.015670747769999993
0.015671909539999994
0.015673069539999994
0.01567422809
0.015675386529999998
0.015676542089999995
0.01567769886
0.015678853809999997
0.01568000793
0.015681161439999997
0.01568231393
0.01568346553
0.015684616750000005
0.01568576788
0.015686917550000002
0.015688066800000004
0.015689216120000002
0.015690364959999994
0.01569151316
0.015692659400000003
0.015693805379999995
0.015694951470000006
0.015696097210000003
0.015697243089999997
0.01569838846
0.015699533170000002
0.015700677580000003
0.015701821459999998
0.01570296575
0.01570410996
0.01570525424
0.015706398009999997
0.01570754172
0.01570868508
0.015709828419999995
0.015710973390000004
0.015712115719999996
0.01571325949
0.015714402840000002
0.015715545980000002
0.015716689669999995
0.015717833500000007
0.015718978149999997
0.015720121639999994
0.015721266519999996
0.015722410060000004
0.015723555939999998
0.01572470208
0.01572584726
0.015726993709999998
0.015728139400000007
0.015729285799999996
0.015730433210000002
0.015731581310000003
0.015732728589999995
0.01573387684
0.0157350265
0.01573617477
0.01573732474
0.01573847505
0.015739626750000003
0.015740777949999996
0.015741929900000003
0.015743082509999996
0.01574423459
0.01574538883
0.015746542899999997
0.01574769736
0.015748853110000002
0.01575000983
0.015751165840000005
0.015752324090000002
0.015753481810000004
0.01575464323999999
0.01575580328
0.015756964860000004
0.01575812575
0.01575928729
0.015760450420000002
0.01576161598
0.01576278027
0.015763947429999994
0.015765114980000005
0.015766282850000007
0.015767451579999994
0.015768622609999998
0.01576979351
0.015770966320000003
0.015772139470000005
0.01577331301
0.015774487920000003
0.015775664090000002
0.015776841120000003
0.015778019009999998
0.01577919832
0.01578037805
0.015781559750000004
0.015782740579999996
0.015783925220000005
0.015785109220000003
0.01578629524
0.01578748136
0.01578866909
0.015789860200000005
0.015791048170000002
0.01579223983
0.01579343229
0.015794626559999997
0.015795821060000003
0.01579701654
0.015798212699999998
0.015799411969999996
0.015800610739999995
0.01580181088
0.015803014
0.015804217109999994
0.01580542018
0.0158066263
0.015807833120000003
0.01580904145
0.015810250980000003
0.01581146257
0.01581267352
0.015813886359999994
0.01581510098
0.01581631744
0.01581753304
0.015818752240000008
0.015819971609999997
0.015821192180000002
0.01582241424
0.01582363961
0.015824864349999995
0.01582609119
0.015827318389999998
0.015828547969999995
0.01582977795
0.01583100968
0.0158322444
0.015833478480000003
0.015834714260000004
0.015835952769999995
0.01583719165
0.015838431410000003
0.015839672920000002
0.0158409156
0.01584216095
0.01584340655
0.01584465366
0.015845902310000003
0.015847152310000005
0.015848404209999997
0.015849656729999998
0.015850910910000002
0.01585216572
0.015853423820000004
0.015854681610000004
0.01585594142
0.01585720374
0.015858465339999996
0.015859730000000002
0.01586099487
0.01586226226
0.015863529399999996
0.015864800059999996
0.015866071199999995
0.01586734388
0.015868617510000002
0.015869893829999995
0.015871170910000003
0.015872450589999997
0.01587373021
0.01587500997
0.01587629347
0.01587757799
0.01587886375
0.015880149989999995
0.015881438029999997
0.0158827274
0.01588401817
0.01588531162
0.01588660518
0.01588790032
0.015889196600000002
0.015890497160000003
0.015891797479999997
0.015893099259999998
0.01589440208
0.015895706669999995
0.015897013370000004
0.015898320299999998
0.015899629239999997
0.015900939589999996
0.01590225092
0.01590356405
0.01590487825
0.015906194920000002
0.015907512860000004
0.01590883254
0.015910153110000002
0.01591147533
0.015912798319999998
0.015914123949999998
0.01591544895
0.015916777300000004
0.015918106119999997
0.015919436280000004
0.01592076811
0.01592210135
0.015923436519999994
0.015924772530000002
0.015926110979999998
0.015927450259999996
0.015928790819999997
0.015930131860000002
0.015931477109999998
0.01593282236
0.01593416873
0.015935516200000003
0.01593686577999999
0.015938217350000002
0.015939571519999998
0.015940925849999996
0.015942279589999997
0.015943637520000005
0.015944994300000005
0.015946354660000005
0.015947714789999998
0.01594907719
0.015950441060000004
0.01595180544
0.015953171700000005
0.015954540779999995
0.015955910580000003
0.01595728113
0.015958653129999997
0.015960027019999996
0.01596140092
0.015962779300000004
0.0159641567
0.0159655365
0.015966917379999997
0.01596829955
0.015969682090000003
0.015971067590000002
0.015972453549999998
0.01597384206
0.015975230689999998
0.01597662166
0.015978013660000002
0.015979407620000004
0.015980801720000007
0.01598219752
0.01598359552
0.015984994930000003
0.01598639735
0.0159877982
0.015989201209999998
0.01599060475
0.01599201074
0.015993419560000003
0.015994827569999998
0.015996238299999996
0.015997649870000005
0.01599906226
0.016000477300000003
0.01600189317
0.016003309780000002
0.01600472853
0.016006148399999996
0.016007570529999994
0.016008991769999995
0.01601041638
0.016011841040000006
0.016013266699999994
0.016014695199999998
0.016016123679999994
0.01601755455
0.01601898729
0.016020420190000002
0.016021855189999996
0.01602329206
0.016024730369999997
0.01602616878
0.016027609040000005
0.016029051170000003
0.016030492959999997
0.016031937759999997
0.016033381870000002
0.01603482832
0.016036275399999998
0.016037724700000006
0.016039175349999997
0.016040627809999996
0.016042081430000004
0.016043536509999998
0.016044991569999997
0.016046449400000003
0.01604790864
0.016049366760000003
0.01605082692
0.01605228989
0.01605375415
0.016055217990000006
0.016056685529999996
0.01605815134
0.016059620779999995
0.016061090629999993
0.01606256212
0.01606403592
0.01606550979
0.01606698576
0.016068463289999998
0.0160699398
0.01607141852
0.016072899000000005
0.016074380590000003
0.016075863509999996
0.01607734721
0.01607883205
0.016080319580000006
0.01608180723
0.016083296410000003
0.016084786929999997
0.01608627855
0.016087771549999998
0.016089264799999992
0.016090760119999995
0.01609225714
0.016093755090000002
0.01609525347
0.016096754009999995
0.01609825491000001
0.016099758330000002
0.016101262409999997
0.01610276723000001
0.01610427274
0.016105780609999995
0.016107288859999996
0.016108798329999997
0.01611031004
0.016111821790000008
0.016113334919999996
0.016114850049999997
0.016116366440000002
0.016117881679999998
0.016119400480000004
0.016120919239999996
0.016122438489999998
0.0161239602
0.016125483239999995
0.01612700749
0.016128533250000007
0.016130059960000005
0.01613158634
0.01613311629
0.016134646479999997
0.01613617784
0.01613771039
0.016139242899999996
0.016140776889999996
0.016142312880000002
0.016143849030000004
0.0161453872
0.01614692808
0.016148467830000002
0.01615000869
0.01615154991
0.016153094080000003
0.016154638319999994
0.016156183409999997
0.016157730889999996
0.016159279519999993
0.01616082884
0.016162378679999995
0.01616393102
0.01616548172
0.016167035630000003
0.016168590119999996
0.016170145010000005
0.0161717011
0.016173258479999997
0.016174818469999998
0.01617637712
0.016177939319999998
0.016179499530000002
0.016181062299999997
0.01618262492
0.016184190570000003
0.01618575588
0.016187322989999996
0.01618889094
0.016190459049999998
0.01619202974
0.016193601050000003
0.016195173159999996
0.016196746959999998
0.016198322050000005
0.016199895659999998
0.016201473300000005
0.01620305049
0.016204628519999997
0.016206208019999998
0.016207788639999998
0.016209370350000002
0.016210953779999995
0.0162125374
0.01621412106
0.016215706669999993
0.016217294390000005
0.016218881360000003
0.016220469090000002
0.01622205804
0.01622364868
0.016225240910000004
0.016226832850000004
0.016228426169999994
0.016230020720000002
0.016231615370000004
0.016233211889999998
0.016234809599999997
0.0162364081
0.016238006260000003
0.016239606079999993
0.016241206310000006
0.016242809539999997
0.016244411499999997
0.016246015790000002
0.01624762096
0.016249225659999998
0.016250834350000003
0.01625244041
0.01625404844
0.016255658
0.016257268119999994
0.016258879020000002
0.016260490120000002
0.016262103819999995
0.01626371947
0.01626533341
0.01626694926
0.01626856576
0.016270183950000006
0.016271800569999998
0.01627341948
0.016275040060000003
0.01627666102
0.01627828329
0.01627990598
0.016281529700000002
0.016283154179999995
0.016284779859999998
0.016286405889999994
0.016288032889999998
0.0162896603
0.016291289449999996
0.016292918950000006
0.01629454986
0.016296180830000007
0.016297813829999997
0.016299446759999996
0.016301080909999998
0.016302716270000003
0.016304351860000007
0.01630598924
0.016307626720000003
0.01630926457000001
0.016310903979999996
0.01631254376
0.016314185019999997
0.01631582541
0.01631746856
0.0163191111
0.016320755099999997
