0.09615325866
0.05635024058000001
0.039964439399999996
0.03095093824
0.026325592120000005
0.02368282924000001
0.021896927080000003
0.020527704880000008
0.019397866290000003
0.018428306620000005
0.01758018625
0.016832742610000003
0.016173467809999998
0.015593506840000004
0.015085559729999998
0.01464301123
0.01425958815
0.01392930276
0.01364650705
0.013405987139999997
0.01320297658
0.013033147380000004
0.01289253789
0.012777509879999998
0.01268474732
0.012611248019999997
0.01255433547
0.012511644090000001
0.012481104330000001
0.012460921699999999
0.012449540910000003
0.01244562856
0.01244803871
0.012455785079999998
0.012468025999999998
0.01248403433
0.01250318838
0.012524952390000003
0.012548864540000003
0.012574529479999999
0.012601610049999996
0.012629814880000001
0.01265890252
0.012688665650000002
0.012718928009999996
0.01274954473
0.012780396059999997
0.01281137525
0.012842400659999996
0.012873399909999996
0.012904315499999994
0.012935098009999996
0.012965709099999998
0.012996113100000005
0.013026284819999998
0.013056202110000002
0.01308584847
0.013115207169999999
0.013144267740000003
0.013173021849999998
0.013201462799999997
0.013229585110000002
0.013257385980000001
0.01328486072
0.01331201084
0.013338834599999998
0.01336533379
0.013391505470000004
0.013417355939999997
0.013442884039999993
0.01346809398
0.013492987630000003
0.01351756577
0.013541835600000001
0.01356579674
0.013589454550000005
0.013612811319999998
0.013635872750000005
0.013658640760000005
0.013681118159999998
0.01370331118
0.013725224119999999
0.013746857209999998
0.013768216990000002
0.013789306749999999
0.013810130939999997
0.013830693009999999
0.013850996470000008
0.01387104519
0.013890843889999997
0.013910394760000005
0.013929702909999998
0.013948770850000004
0.013967602840000003
0.013986201439999998
0.014004572629999996
0.014022717639999998
0.014040640590000002
0.014058344650000004
0.014075832880000003
0.014093111210000004
0.014110179300000001
0.014127040260000003
0.014143701379999998
0.01416016174
0.01417642557
0.014192497020000002
0.014208377480000003
0.01422406906
0.01423957658
0.014254900890000002
0.014270047700000003
0.0142850166
0.014299811550000001
0.014314434080000007
0.014328887659999998
0.014343175619999999
0.014357297520000003
0.014371259240000003
0.014385060149999993
0.014398704719999999
0.01441219448
0.014425530889999996
0.014438717199999998
0.014451754970000001
0.014464645860000003
0.014477390949999995
0.014489995819999997
0.014502460820000002
0.014514785579999996
0.014526974210000003
0.014539029840000004
0.014550951030000004
0.014562742230000002
0.0145744046
0.014585938650000001
0.01459734748
0.014608632940000001
0.014619796299999996
0.014630837980000002
0.014641761930000002
0.014652566949999994
0.01466325782
0.01467383254
0.014684296400000001
0.014694647270000001
0.014704888869999998
0.014715022299999998
0.01472504815
0.014734968440000001
0.014744785809999996
0.014754500060000003
0.014764113339999997
0.014773625859999997
0.014783040129999998
0.01479235681
0.014801576440000002
0.014810701199999996
0.014819733429999999
0.014828671860000002
0.0148375182
0.014846275400000008
0.014854943359999997
0.014863524699999997
0.014872017999999997
0.014880425779999998
0.014888748030000001
0.014896987639999996
0.014905144220000001
0.014913219760000006
0.014921214220000001
0.014929130900000002
0.01493696892
0.014944729639999998
0.014952412759999999
0.014960022800000004
0.014967555560000002
0.014975016209999999
0.014982404219999993
0.014989720210000002
0.014996965579999999
0.015004140469999998
0.015011247449999997
0.01501828487
0.015025255469999997
0.015032160000000003
0.015038998080000001
0.015045771470000002
0.015052480229999998
0.015059128190000002
0.015065711699999998
0.015072234030000005
0.015078695579999992
0.015085096749999997
0.01509143803
0.015097720069999996
0.01510394472
0.015110113020000003
0.015116223049999997
0.015122279510000003
0.015128278390000003
0.015134223819999999
0.015140116459999995
0.015145955480000002
0.015151741399999998
0.01515747468
0.015163158219999999
0.015168790119999997
0.01517437303
0.015179905080000002
0.015185389799999999
0.01519082545
0.015196214189999996
0.01520155548
0.01520684911
0.015212097750000009
0.015217302040000002
0.01522246028
0.015227575799999997
0.015232645369999995
0.015237673430000001
0.015242659369999996
0.015247602249999997
0.015252503449999996
0.01525736359
0.015262183249999998
0.015266962720000004
0.015271701009999998
0.015276402270000003
0.015281064730000002
0.015285687539999992
0.01529027361
0.015294823019999997
0.01529933383
0.015303809480000001
0.015308249279999997
0.015312653230000002
0.015317022379999995
0.015321356790000002
0.015325655669999994
0.01532992223
0.015334154940000002
0.015338353809999998
0.015342520509999999
0.015346655470000008
0.015350757849999999
0.015354829729999997
0.015358870660000006
0.01536288055
0.015366858590000003
0.015370808549999998
0.015374726630000002
0.015378618140000005
0.015382479099999999
0.015386311569999998
0.01539011669
0.015393892430000002
0.015397642119999999
0.015401364050000001
0.015405058480000004
0.015408726390000002
0.015412369319999997
0.015415984049999996
0.015419574070000004
0.015423138650000001
0.015426677490000002
0.015430192439999999
0.015433684170000002
0.015437150350000001
0.015440592120000006
0.015444011720000001
0.015447405909999995
0.015450778109999999
0.015454127739999997
0.015457456579999996
0.015460761689999996
0.015464043389999994
0.01546730421
0.015470544210000001
0.015473761689999999
0.015476960099999998
0.015480136949999994
0.015483294140000001
0.015486429789999995
0.015489546709999994
0.015492643960000002
0.015495719879999998
0.015498776259999998
0.015501815789999998
0.015504835719999997
0.015507837500000003
0.015510820470000002
0.01551378514
0.015516732379999999
0.015519658019999995
0.015522570400000001
0.015525465419999995
0.01552834261
0.01553120309
0.015534045930000007
0.01553687321
0.01553968438
0.015542478540000002
0.015545256980000007
0.015548019
0.015550765459999998
0.0155534978
0.015556215499999996
0.01555891771
0.015561603810000001
0.015564276760000004
0.015566935350000003
0.01556957887
0.015572208519999997
0.01557482367
0.0155774268
0.015580014739999997
0.01558259075
0.015585152310000001
0.015587701619999998
0.01559023746
0.015592760580000005
0.015595270580000004
0.015597770340000006
0.015600256680000002
0.01560273058
0.015605193130000002
0.015607643660000003
0.015610081689999998
0.015612508550000001
0.015614924699999998
0.0156173294
0.015619722980000004
0.015622106230000005
0.015624477580000004
0.01562683985
0.01562919053
0.01563153282
0.01563386331
0.01563618244
0.015638492930000004
0.015640792720000005
0.01564308493
0.01564536484
0.015647638700000004
0.01564990070999999
0.01565215516
0.015654400330000005
0.015656635670000002
0.015658862010000003
0.015661081979999998
0.015663292629999995
0.01566549449
0.01566768773
0.0156698757
0.0156720535
0.015674222470000002
0.015676386179999998
0.015678541429999998
0.01568068741
0.015682828289999996
0.01568496073
0.01568708833
0.015689205930000005
0.015691317780000005
0.015693423600000003
0.01569552098
0.01569761459
0.01569970025
0.015701780459999995
0.01570385414
0.015705921329999997
0.015707982770000004
0.015710038180000007
0.015712088680000007
0.015714133260000002
0.01571617359
0.01571820649
0.01572023517
0.015722259460000002
0.015724278090000002
0.015726291889999997
0.01572830005
0.015730304719999998
0.015732304510000003
0.015734299599999998
0.015736289710000004
0.01573827504
0.015740258650000002
0.01574223604
0.015744210850000002
0.015746182130000005
0.015748150010000003
0.015750112220000004
0.01575207286
0.015754029470000003
0.015755982100000003
0.01575793244
0.015759880430000005
0.01576182494
0.015763764889999997
0.01576570287
0.01576763834
0.015769571100000004
0.015771501939999998
0.015773429740000004
0.01577535622
0.01577728096
0.01577920118
0.015781119890000004
0.0157830395
0.01578495503
0.01578686793
0.01578878024
0.01579069267
0.015792600990000003
0.01579450862
0.01579641713
0.015798322979999998
0.01580022611
0.015802130450000004
0.015804033539999998
0.01580593452
0.015807836219999996
0.015809735139999996
0.015811636179999998
0.015813535689999998
0.01581543364
0.01581733374
0.01581923221
0.015821130179999997
0.015823030030000004
0.01582492841
0.01582682649
0.015828725310000003
0.01583062426
0.015832523240000004
0.01583442475
0.01583632572
0.015838224609999996
0.015840127110000005
0.015842029680000008
0.015843934090000004
0.01584583899
0.015847743419999998
0.01584965023
0.015851559159999997
0.01585346851
0.015855378559999998
0.01585729024
0.015859205899999996
0.01586112047
0.01586303751
0.015864955219999997
0.015866876450000008
0.01586879797
0.01587072141
0.015872647839999997
0.015874576180000002
0.015876506150000004
0.015878438539999998
0.015880375329999995
0.015882311820000005
0.01588425133
0.015886194990000005
0.015888138689999994
0.015890086859999996
0.01589203597
0.0158939899
0.01589594595
0.015897902060000003
0.015899864999999992
0.01590182978
0.015903797940000002
0.015905768100000005
0.015907742620000002
0.01590971988
0.01591170069
0.01591368474
0.015915671980000004
0.01591766369
0.01591965868
0.015921657050000003
0.015923659630000007
0.01592566672
0.015927675220000003
0.015929689099999998
0.01593170691
0.015933727329999998
0.015935753689999995
0.015937782929999998
0.0159398159
0.01594185411
0.01594389715
0.015945943419999997
0.01594799466
0.015950049989999996
0.01595211065
0.01595417541
0.01595624396
0.015958319110000004
0.01596039620999999
0.015962480740000003
0.015964567340000003
0.015966659400000003
0.015968757039999996
0.01597085906
0.015972964709999996
0.015975075579999998
0.01597719339
0.015979315619999993
0.01598144293
0.015983574600000005
0.015985711860000005
0.015987855819999997
0.015990003640000004
0.015992156219999998
0.015994316849999995
0.015996481379999997
0.0159986497
0.01600082424
0.01600300461
0.016005191000000002
0.016007382450000003
0.01600957889
0.016011780769999998
0.016013987979999998
0.0160162016
0.01601842045
0.01602064489
0.0160228764
0.016025111760000002
0.016027353169999994
0.016029601799999998
0.016031854979999993
0.01603411494
0.016036379820000002
0.016038652170000004
0.016040927200000003
0.01604321045
0.01604549865
0.01604779384
0.01605009523
0.01605240167
0.016054713180000003
0.016057032420000002
0.016059355940000006
0.016061687510000006
0.01606402255
0.016066366119999998
0.01606871463
0.01607106989
0.016073430410000002
0.016075796509999997
0.01607817214
0.016080551480000004
0.016082936510000003
0.01608532841
0.01608772775
0.01609013236
0.01609254039
0.01609495792
0.016097380559999996
0.016099808219999998
0.016102243599999996
0.016104684520000002
0.01610713112
0.016109584210000007
0.01611204466
0.01611451146
0.01611698404
0.01611946163
0.01612194644
0.016124436920000002
0.016126934049999996
0.016129438339999996
0.01613194688
0.016134462689999993
0.016136984899999995
0.016139513350000002
0.01614204768
0.016144588169999998
0.01614713579
0.01614968812
0.01615224744
0.016154813179999995
0.01615738302
0.016159960799999998
0.016162542890000006
0.016165133700000004
0.016167729390000003
0.01617033108
0.016172939520000002
0.016175553320000004
0.016178173620000003
0.01618080078
0.01618343189
0.016186070860000002
0.01618871457
0.01619136528
0.01619402188
0.01619668446
0.016199351839999997
0.016202026489999997
0.016204707030000005
0.01620739366
0.016210085769999997
0.01621278438
0.016215489969999997
0.01621819972
0.016220915840000003
0.01622363757
0.016226364620000003
0.01622909842
0.01623183834
0.016234583759999994
0.016237334310000004
0.016240090429999996
0.01624285352
0.01624562044
0.016248395139999997
0.016251174960000003
0.016253959780000004
0.016256751280000002
0.016259548329999998
0.01626235066
0.016265159539999997
0.01626797316
0.01627079279
0.016273617400000003
0.016276449900000003
0.016279285209999998
0.016282127909999996
0.01628497403
0.016287827920000005
0.016290685749999992
0.01629355042
0.016296419200000002
0.016299294699999994
0.016302175459999995
0.016305059609999995
0.01630795141
0.016310847549999997
0.0163137496
0.016316655359999994
0.016319568219999997
0.016322484940000007
0.016325406860000002
0.01632833507
0.01633126902
0.016334206700000003
0.016337150550000002
0.016340099919999997
0.016343053790000003
0.01634601187
0.016348974100000004
0.016351943539999997
0.016354917709999996
0.016357897259999997
0.016360880839999994
0.01636386947999999
0.01636686502
0.01636986255
0.016372868250000002
0.01637587938
0.016378893180000003
0.016381912509999996
0.016384936179999997
0.016387964649999996
0.016390999179999997
0.01639403631
0.0163970784
0.016400125919999998
0.0164031787
0.01640623613
0.01640929678
0.016412363430000007
0.016415435180000004
0.0164185095
0.01642159011
0.01642467468
0.016427762440000004
0.016430856089999998
0.0164339556
0.016437057739999997
0.016440165139999997
0.016443275520000005
0.01644639152
0.016449512739999998
0.01645263748
0.016455766179999994
0.01645889896
0.016462035029999995
0.016465178300000004
0.01646832223
0.01647147335
0.01647462644
0.01647778568
0.01648094831
0.01648411348
0.016487284539999994
0.016490458660000002
0.016493637190000007
0.016496820750000002
0.016500006800000005
0.01650319931
0.016506394520000002
0.01650959225
0.016512795670000004
0.016516002720000002
0.0165192135
0.016522427690000004
0.016525645300000003
0.016528866819999998
0.016532091249999995
0.016535319979999994
0.016538553100000006
0.01654179076
0.016545029540000002
0.016548273439999997
0.016551520350000005
0.016554770700000002
0.0165580261
0.01656128392
0.01656454506
0.01656780948
0.016571077479999995
0.01657435023
0.01657762478
0.016580903640000002
0.016584185679999995
0.016587470569999995
0.01659075700999999
0.016594048299999994
0.016597343210000004
0.016600641679999997
0.01660394074
0.01660724523000001
0.016610552920000004
0.016613863679999997
0.016617177120000003
0.016620493830000003
0.01662381401
0.01662713612
0.01663046142
0.016633788190000005
0.016637119840000002
0.0166404531
0.01664378922
0.01664712878
0.016650472170000003
0.01665381678
0.016657165619999997
0.016660516879999997
0.01666387112
0.016667226139999998
0.016670584220000003
0.016673945540000002
0.01667730973000001
0.01668067651
0.01668404483
0.01668741668
0.01669079146
0.016694168639999996
0.016697546709999997
0.016700928079999997
0.01670431178
0.01670769803
0.016711087099999997
0.016714477499999995
0.016717870649999998
0.016721265430000007
0.01672466242
0.016728061519999993
0.016731464510000002
0.016734869240000002
0.016738272789999998
0.016741679280000005
0.016745089539999994
0.01674850094
0.016751914160000003
0.016755330349999997
0.01675874858
0.016762168259999998
0.01676558878
0.016769012780000002
0.016772438419999997
0.016775865240000003
0.01677929428
0.016782725840000002
0.016786157660000002
0.016789592020000004
0.016793028340000002
0.016796466480000005
0.0167999055
0.0168033459
0.016806788880000003
0.01681023172
0.0168136776
0.01681712578
0.016820574429999992
0.01682402642
0.016827477660000006
0.016830930379999994
0.01683438648
0.016837844020000003
0.01684130182
0.01684476046
0.016848221179999998
0.016851683759999996
0.016855146320000004
0.016858611
0.016862076789999996
0.01686554356
0.01686901096
0.016872479410000005
0.01687595138
0.016879422419999998
0.016882896060000003
0.016886371459999994
0.016889845580000003
0.016893322080000002
0.016896798740000003
0.016900278479999996
0.016903759489999996
0.016907240679999994
0.01691072274
0.016914205539999994
0.016917688340000004
0.0169211732
0.01692465982
0.016928145959999995
0.0169316337
0.01693512228
0.016938611839999992
0.016942101520000002
0.016945592960000002
0.01694908492
0.01695257734
0.0169560705
0.01695956598
0.01696305998
0.016966555120000004
0.01697005216
0.01697355049
0.01697704734
0.016980546699999998
0.01698404682
0.016987547960000002
0.016991049170000005
0.016994550640000005
0.01699805398
0.01700155611
0.017005058740000002
0.017008563719999998
0.017012067939999997
0.017015574119999998
0.017019079539999996
0.017022586840000003
0.017026094539999998
0.017029602089999995
0.01703311267999999
0.01703661868
0.01704012812
0.0170436363
0.017047148619999997
0.0170506581
0.017054169660000004
0.017057681909999997
0.017061193799999992
0.017064707600000003
0.017068220479999997
0.017071734519999996
0.017075246929999996
0.01707876128
0.01708227508
0.017085790060000005
0.017089305559999997
0.017092821040000008
0.017096338
0.017099854589999998
0.017103370900000005
0.01710688754
0.017110405
0.01711392254
0.017117439860000003
0.017120959520000003
0.0171244785
0.01712799716
0.017131517419999995
0.017135036560000004
0.017138556270000004
0.01714207568
0.017145595999999992
0.017149116479999997
0.017152636739999998
0.01715615744
0.017159678939999996
0.0171632
0.0171667217
0.0171702438
0.017173765720000008
0.017177288579999995
0.01718081058
0.017184333
0.017187856939999996
0.017191379080000003
0.017194901940000003
0.01719842666
0.01720195036
0.017205473960000002
0.017208996150000003
0.017212521239999997
0.01721604554000001
0.01721956936
0.0172230927
0.0172266157
0.017230140419999998
0.01723366358
0.01723718886
0.01724071328
0.01724423658
0.01724776078
0.01725128576
0.01725481062
0.017258332440000003
0.01726185754
0.017265380420000004
0.017268906439999995
0.01727242978
0.01727595304000001
0.0172794757
0.01728300138
0.0172865263
0.0172900504
0.01729357468
0.017297097779999996
0.01730062063
0.01730414342
0.017307666459999996
0.01731119154
0.01731471474
0.01731823772
0.01732176032
0.017325283159999996
0.017328806020000004
0.01733232862
0.01733585018
0.017339373799999995
0.0173428959
0.017346417559999997
0.01734994186
0.01735346348
0.0173569841
0.01736050672
0.017364027030000007
0.01736754956
0.017371070659999998
0.017374590999999995
0.01737811236000001
0.017381632879999998
0.017385153919999993
0.017388672140000002
0.01739219278
0.01739571286
0.017399231339999995
0.01740275042
0.01740626846
0.01740978732
0.017413303879999998
0.017416821260000003
0.017420339960000007
0.017423856940000003
0.01742737534
0.017430891520000005
0.017434407429999996
0.0174379244
0.01744144092
0.01744495568
0.017448470839999997
0.017451986199999995
0.017455500120000002
0.01745901352
0.017462528599999992
0.017466041039999994
0.01746955488
0.017473066520000007
0.01747657761000001
0.01748008788
0.017483599220000003
0.017487108980000002
0.01749061894
0.01749412812
0.01749763766
0.01750114716
0.01750465558
0.01750816426
0.017511671679999997
0.01751517886
0.017518684439999998
0.017522191709999996
