0.09370682796
0.07217853443999998
0.06395207882000001
0.05815172146000001
0.05320742879999999
0.04887443249999999
0.04508135108000001
0.041784441040000016
0.038941061420000006
0.03650486246000001
0.034426688100000005
0.03265691834
0.031148031340000007
0.029856751919999994
0.028745262140000002
0.02778150068
0.026938849479999995
0.026195491399999996
0.02553371212
0.024939188360000003
0.024400387020000004
0.02390801583999999
0.023454599619999995
0.02303410278
0.022641642239999992
0.022273260019999998
0.021925729080000008
0.0215964057
0.021283116939999992
0.020984073979999997
0.020697788150000004
0.02042301269
0.02015871456
0.019904008619999997
0.019658156280000002
0.01942051748
0.019190550380000008
0.018967783399999997
0.018751807560000007
0.01854226769
0.018338848149999996
0.018141272920000003
0.017949290980000004
0.017762681939999997
0.01758124533
0.017404798680000003
0.01723317426
0.017066223229999997
0.01690380167
0.01674577449
0.01659202273
0.01644242717
0.01629688086
0.016155275570000002
0.016017517050000003
0.0158835071
0.015753155799999998
0.015626372299999997
0.015503073499999997
0.015383176440000002
0.015266604909999995
0.01515327372
0.015043110900000004
0.014936042550000002
0.014831996379999999
0.014730902240000001
0.014632691490000002
0.01453729602
0.014444650290000001
0.01435468983
0.014267353869999997
0.01418257731
0.014100303039999998
0.014020471940000003
0.013943025920000001
0.01386790768
0.01379506165
0.013724434250000002
0.013655974979999994
0.01358962971
0.013525347870000003
0.013463082640000004
0.013402782430000003
0.01334439917
0.01328788942
0.013233205860000001
0.01318030520000001
0.013129144090000003
0.013079676259999997
0.013031866399999998
0.012985669819999998
0.012941048180000003
0.012897961279999998
0.01285637254
0.012816241500000006
0.012777533409999996
0.012740214360000002
0.01270424679
0.012669597259999998
0.01263622986
0.012604115300000003
0.012573220029999999
0.012543511770000002
0.012514959740000003
0.012487534469999999
0.01246120646
0.01243594503
0.012411722499999995
0.01238851143
0.012366283499999997
0.012345013039999998
0.01232467282
0.012305236759999994
0.012286683379999998
0.012268983319999998
0.012252114760000004
0.012236054639999999
0.012220777459999999
0.012206263080000003
0.01219248902
0.012179433680000002
0.012167074110000002
0.012155393900000004
0.012144368999999997
0.012133979499999998
0.012124208130000003
0.012115037050000001
0.012106445309999998
0.012098416579999998
0.012090932829999996
0.012083976710000005
0.012077532549999997
0.012071583360000002
0.012066115510000001
0.012061110370000003
0.012056554999999998
0.012052436120000004
0.012048737629999999
0.012045445000000002
0.012042548650000005
0.01204003101
0.012037881989999997
0.01203608994
0.012034641549999997
0.01203352676
0.012032731800000003
0.012032246710000001
0.01203206159
0.012032166060000005
0.012032548950000005
0.01203320263
0.0120341158
0.012035279149999998
0.012036685210000002
0.012038324910000002
0.012040188359999997
0.01204226853
0.012044558340000002
0.012047049720000001
0.012049734470000002
0.012052604220000006
0.012055654609999997
0.012058877059999999
0.01206226622
0.012065814679999998
0.012069516180000002
0.01207336644
0.012077358049999997
0.01208148629
0.012085744529999996
0.01209012907
0.012094634290000001
0.012099253639999998
0.012103985239999998
0.012108822080000003
0.0121137606
0.012118796889999998
0.012123927570000002
0.012129146090000003
0.012134450619999999
0.012139836060000004
0.012145299870000004
0.012150837380000003
0.012156445820000002
0.012162123880000002
0.012167865009999999
0.012173668599999994
0.012179531209999997
0.012185449520000002
0.012191420770000001
0.012197442120000002
0.01220351361
0.012209628060000003
0.012215785770000005
0.01222198639
0.012228224209999998
0.012234499070000002
0.01224080851
0.012247151329999999
0.01225352455
0.0122599269
0.012266357099999998
0.012272810620000001
0.012279291019999996
0.012285792290000002
0.01229231404
0.01229885501
0.01230541442
0.012311991129999995
0.01231858332
0.012325188680000005
0.012331807649999997
0.012338438479999997
0.012345078290000004
0.012351730330000001
0.01235838976
0.012365056279999995
0.012371730110000003
0.012378410229999996
0.012385095370000002
0.012391783969999997
0.012398476089999999
0.012405171789999996
0.012411868699999997
0.012418566570000003
0.012425265380000002
0.012431963809999997
0.012438661100000005
0.0124453562
0.012452049710000001
0.01245874154
0.012465428690000002
0.01247211318
0.012478793999999998
0.01248546878
0.012492139489999998
0.012498804399999997
0.012505462939999998
0.012512115400000001
0.01251876188
0.012525400550000001
0.012532031570000005
0.012538655400000001
0.01254527137
0.01255187822
0.012558476989999998
0.012565067119999997
0.012571648630000001
0.0125782192
0.01258477917
0.012591329509999995
0.012597871250000002
0.01260440174
0.012610921740000003
0.012617430169999997
0.012623928310000001
0.01263041544
0.01263688994
0.012643354460000002
0.012649806010000002
0.012656246340000002
0.012662672540000001
0.012669089609999996
0.01267549303
0.01268188538
0.012688264550000002
0.012694630350000003
0.012700983979999999
0.012707324499999999
0.012713652000000004
0.012719967870000001
0.012726268659999998
0.012732557320000004
0.012738832050000004
0.012745093410000003
0.012751342140000002
0.01275757733
0.012763798749999998
0.012770007479999996
0.012776202550000004
0.01278238364
0.01278855207
0.012794704640000001
0.012800843259999996
0.012806969580000003
0.012813080309999997
0.012819180009999997
0.012825263580000003
0.012831332059999994
0.012837388360000004
0.012843431140000002
0.012849458170000001
0.012855472430000006
0.012861473410000004
0.012867458109999999
0.012873429960000002
0.012879387810000002
0.012885331710000003
0.012891260440000003
0.01289717664
0.01290307841
0.01290896739
0.01291484167
0.012920699970000003
0.01292654455
0.01293237598
0.01293819506
0.012943996630000005
0.012949786399999996
0.012955561480000004
0.012961322959999999
0.012967070410000003
0.012972802740000006
0.012978521119999998
0.012984226009999997
0.012989918230000003
0.012995596159999998
0.013001259299999996
0.013006908950000002
0.013012544859999997
0.013018167709999997
0.013023774839999995
0.013029368840000001
0.013034949409999998
0.01304051587
0.01304606895
0.01305160686
0.013057132680000002
0.013062643290000004
0.013068142139999999
0.013073626940000001
0.013079098150000003
0.01308455563
0.013089998829999996
0.013095429269999998
0.01310084562
0.01310624931
0.013111639970000004
0.01311701613
0.01312237926
0.013127729960000003
0.013133066220000003
0.013138389299999996
0.013143698980000002
0.013148996539999997
0.013154280780000001
0.01315955126
0.013164808639999996
0.013170053370000004
0.013175285240000003
0.013180502929999997
0.013185707070000002
0.01319089935
0.013196078410000001
0.013201245870000005
0.01320639865
0.013211539500000003
0.013216666860000004
0.013221783070000001
0.013226885250000004
0.013231975669999996
0.013237051790000004
0.013242117569999998
0.0132471695
0.0132522078
0.01325723526
0.013262249520000005
0.013267250129999998
0.01327224042
0.01327721728
0.013282181789999998
0.01328713293
0.013292074290000004
0.013297001689999999
0.013301918230000001
0.013306820929999998
0.013311711780000002
0.01331659006
0.013321457650000004
0.013326312269999998
0.013331155090000001
0.01333598616
0.013340805490000003
0.013345613160000002
0.01335040851
0.013355191830000003
0.013359962809999997
0.01336472271
0.01336947023
0.013374206540000003
0.013378931059999998
0.013383645459999996
0.013388346219999996
0.013393035769999997
0.013397715230000003
0.01340238049
0.013407036590000001
0.013411679510000002
0.013416312700000004
0.01342093183
0.013425541739999998
0.013430140680000001
0.013434728040000002
0.01343930408
0.013443868100000003
0.013448419789999997
0.013452961860000001
0.013457494409999993
0.013462014920000001
0.013466524589999999
0.01347102329
0.013475510910000002
0.013479986729999999
0.013484452059999995
0.013488907229999996
0.013493351069999998
0.01349778386
0.01350220512
0.013506616119999997
0.01351101590000001
0.013515405050000002
0.013519783139999996
0.013524151729999998
0.0135285094
0.013532855899999996
0.013537193770000002
0.013541520659999999
0.013545836739999994
0.013550141919999996
0.013554436829999999
0.013558721820000001
0.013562996079999999
0.013567259690000001
0.01357151258
0.013575757289999995
0.013579989189999997
0.01358421202
0.013588424799999997
0.013592626600000005
0.013596818919999996
0.01360100104
0.013605173650000003
0.013609334969999998
0.013613487070000003
0.013617628230000001
0.0136217607
0.013625882079999995
0.01362999501
0.013634097979999997
0.013638190859999996
0.013642273369999998
0.013646347159999992
0.013650409900000007
0.013654464190000002
0.0136585079
0.01366254202
0.01366656678
0.013670581689999996
0.013674587009999996
0.013678582549999995
0.013682569989999999
0.013686547500000002
0.01369051494
0.01369447432
0.013698421470000005
0.01370236169
0.01370629209
0.013710212240000002
0.013714124400000001
0.013718025979999998
0.013721918969999991
0.013725802539999997
0.01372967802
0.01373354429
0.013737399799999996
0.013741247189999996
0.013745084880000003
0.013748914809999999
0.013752734140000002
0.013756545640000001
0.013760348039999998
0.013764139969999999
0.0137679247
0.013771699899999998
0.013775465849999995
0.01377922366
0.013782972929999995
0.013786713849999998
0.013790445029999997
0.013794167609999996
0.013797879809999998
0.01380158456
0.013805281310000006
0.013808968639999999
0.013812648520000002
0.013816318059999999
0.013819980239999998
0.013823632770000004
0.01382727761
0.013830913169999999
0.013834541860000002
0.0138381602
0.013841769769999995
0.013845373249999994
0.01384896663
0.013852553919999996
0.01385613077
0.013859700490000001
0.0138632608
0.01386681459
0.013870359970000001
0.013873895589999997
0.013877423800000004
0.013880944679999997
0.013884457369999997
0.013887960709999996
0.013891456889999997
0.013894943879999995
0.01389842164
0.013901892979999999
0.013905356000000002
0.013908811260000003
0.013912258670000004
0.013915698810000003
0.013919128239999997
0.013922551689999998
0.013925967220000002
0.013929374639999997
0.013932774939999998
0.013936167130000001
0.01393955113
0.013942928119999998
0.013946296049999998
0.013949656290000001
0.013953009690000004
0.013956355380000006
0.01395969305
0.013963023890000004
0.013966345410000004
0.01396966067
0.013972967870000002
0.01397626771
0.013979559050000003
0.013982843140000003
0.013986121829999996
0.013989390709999995
0.013992651559999998
0.01399590713
0.013999155090000003
0.014002392349999998
0.014005625309999997
0.014008850470000002
0.014012067659999999
0.014015278460000004
0.014018480060000003
0.014021676280000006
0.014024864290000001
0.01402804551
0.014031219559999997
0.014034384809999996
0.014037544290000006
0.014040697579999997
0.014043842839999997
0.014046980799999999
0.014050111589999999
0.014053235580000004
0.01405635099
0.014059460989999996
0.01406256253
0.01406565781
0.01406874746
0.014071828169999998
0.01407490293
0.014077971269999996
0.014081032039999998
0.01408408521
0.014087131189999998
0.014090171130000002
0.014093203049999998
0.0140962294
0.014099247850000001
0.014102259969999996
0.014105264580000004
0.01410826308
0.014111255650000003
0.014114241579999999
0.014117219379999999
0.014120189850000004
0.014123155010000004
0.014126112689999996
0.014129064649999998
0.014132010790000003
0.01413494811
0.014137880480000005
0.01414080653
0.014143724050000002
0.014146636090000003
0.014149540700000001
0.014152438659999995
0.01415533253
0.01415821902
0.01416109913
0.014163971419999997
0.01416683771
0.014169696870000003
0.014172549260000002
0.014175395509999997
0.01417823629
0.014181070729999997
0.014183898329999993
0.014186719939999998
0.014189534319999999
0.0141923434
0.014195146890000005
0.014197942449999999
0.014200732040000004
0.014203515009999999
0.014206292599999993
0.014209062820000002
0.014211827729999998
0.014214588220000005
0.014217341040000003
0.014220087490000002
0.014222826440000001
0.014225561039999996
0.01422828993
0.014231011240000003
0.014233727799999998
0.014236439120000001
0.01423914301
0.014241841140000003
0.01424453215
0.014247217920000001
0.014249897809999993
0.01425257122
0.014255239659999997
0.01425790322000001
0.01426055787
0.014263208670000005
0.014265852440000002
0.014268490330000001
0.014271123189999999
0.014273749800000003
0.014276371570000003
0.01427898687
0.014281595040000001
0.014284197589999999
0.014286795990000004
0.01428938755
0.014291972760000002
0.014294553150000002
0.01429712638
0.014299694709999998
0.014302256949999996
0.01430481322
0.01430736545
0.014309911980000003
0.01431245047
0.01431498566
0.014317514729999998
0.014320037849999996
0.014322555
0.01432506758
0.014327575070000004
0.014330075289999997
0.014332571639999998
0.014335060319999999
0.014337543439999998
0.014340023580000002
0.01434249571
0.014344963179999998
0.014347425539999998
0.014349882669999998
0.014352333909999997
0.014354780270000004
0.01435722207
0.014359656630000002
0.014362087059999999
0.014364511359999999
0.014366930929999999
0.014369343590000003
0.014371752429999997
0.01437415445
0.014376553470000003
0.014378945970000001
0.01438133144
0.014383714239999996
0.014386092010000004
0.014388464130000002
0.014390829759999994
0.014393191789999997
0.014395547849999994
0.014397898479999997
0.014400244999999999
0.01440258511
0.01440491958
0.014407248919999999
0.014409574619999997
0.014411895060000004
0.014414209000000002
0.01441651931
0.014418822920000003
0.01442112217
0.014423417120000002
0.014425707290000008
0.014427992150000003
0.014430270730000005
0.014432544139999998
0.014434813130000003
0.014437078289999995
0.014439338200000002
0.014441592320000004
0.01444384121
0.014446085459999996
0.014448323430000003
0.014450558940000004
0.014452788979999999
0.0144550134
0.014457233129999999
0.01445944876
0.014461659210000002
0.014463864900000001
0.014466064690000002
0.014468260590000004
0.01447045241
0.01447263747
0.014474818889999996
0.014476994370000001
0.01447916559
0.014481331779999997
0.014483493970000004
0.014485652000000002
0.014487803570000006
0.014489952030000005
0.01449209586
0.014494235090000003
0.01449636851
0.01449849682
0.01450062046
0.014502742330000002
0.014504857169999998
0.014506967269999999
0.014509072869999997
0.014511174319999997
0.01451327059
0.014515363659999994
0.01451745058
0.01451953274
0.01452161093
0.01452368386
0.014525753589999999
0.014527816960000006
0.01452987721
0.0145319332
0.01453398439
0.01453603088
0.014538073060000004
0.014540111819999996
0.014542145000000001
0.014544175309999997
0.014546198090000002
0.014548218629999998
0.014550233599999997
0.014552245349999994
0.0145542512
0.014556255819999999
0.014558253679999996
0.014560246239999998
0.014562235850000002
0.014564220609999996
0.014566200659999997
0.014568176850000001
0.014570148740000002
0.014572117000000006
0.01457408204
0.014576041610000003
0.014577996879999998
0.014579947969999998
0.014581894639999999
0.014583836859999994
0.014585774760000001
0.01458770901
0.014589639159999999
0.014591565039999999
0.014593486130000001
0.0145954032
0.01459731659
0.014599224410000002
0.014601128290000001
0.01460302955
0.01460492664
0.014606819310000001
0.014608707549999999
0.014610591370000005
0.014612472279999997
0.014614347719999997
0.014616218139999995
0.014618086329999995
0.014619950720000002
0.014621809559999999
0.014623665049999996
0.014625516549999995
0.014627363749999997
0.014629208220000002
0.014631047159999999
0.014632883439999998
0.014634715009999997
0.014636542399999997
0.014638366239999999
0.014640187329999999
0.014642002379999994
0.014643814560000003
0.014645620869999994
0.01464742571
0.014649225819999995
0.014651021729999996
0.014652815619999997
0.014654604170000004
0.014656389000000002
0.014658169519999995
0.014659946910000004
0.014661719809999998
0.01466348949
0.014665254769999999
0.014667016910000002
0.014668775650000004
0.01467052894
0.014672279309999998
0.014674026449999999
0.014675769469999997
0.014677507270000001
0.01467924248
0.014680974879999998
0.014682702180000002
0.01468442743
0.014686146660000001
0.014687862350000002
0.014689574900000002
0.014691283870000002
0.014692988119999997
0.01469469177
0.014696389099999999
0.014698083529999996
0.014699775190000004
0.0147014617
0.014703145469999998
0.014704825069999998
0.014706501579999996
0.014708175759999997
0.014709845979999999
0.014711511129999999
0.014713172949999999
0.014714832250000002
0.01471648632
0.01471813599
0.014719784459999998
0.014721428880000003
0.014723070170000001
0.01472470738
0.014726342140000001
0.014727972290000004
0.01472959881
0.014731222719999998
0.01473284334
0.014734458939999999
0.01473607181
0.014737681869999998
0.014739286980000002
0.014740890010000002
0.014742488970000002
0.01474408405
0.014745674879999998
0.014747264250000003
0.01474885111
0.014750433289999998
0.014752011419999999
0.01475358605
0.014755157609999998
0.014756726139999994
0.014758291040000005
0.014759853359999997
0.014761411490000001
0.01476296567
0.014764519349999996
0.014766067309999999
0.014767613500000006
0.014769154089999993
0.014770693369999994
0.014772228380000006
0.01477376084
0.01477528862
0.014776814409999997
0.014778335690000002
0.014779854189999997
0.01478137006
0.01478288281
0.014784392250000002
0.01478589947
0.014787400340000001
0.014788900059999997
0.014790396410000003
0.014791889760000001
0.014793380750000005
0.014794868059999997
0.014796352640000005
0.014797833140000004
0.014799309920000003
0.014800785619999994
0.01480225625
0.014803724190000003
0.014805188870000001
0.014806652359999997
0.014808111340000001
0.014809567349999999
0.014811020399999996
0.014812469539999998
0.014813915430000001
0.014815357530000002
0.014816797629999994
0.014818234889999999
0.014819669260000001
0.014821100980000002
0.014822528290000003
0.01482395476
0.014825375629999997
0.014826794479999994
0.01482820989
0.014829624019999998
0.014831034449999997
0.014832441720000004
0.01483384581
0.014835246909999999
0.01483664435
0.014838038719999997
0.014839430790000004
0.014840820489999997
0.014842205919999995
0.014843589509999998
0.014844969419999996
0.01484634684
0.014847721029999997
0.01484909184
0.01485046004
0.01485182586
0.014853189729999999
0.014854549419999998
0.014855907690000003
0.014857262209999994
0.014858612950000006
0.014859962619999993
0.014861307899999999
0.014862650619999997
0.01486399064
0.014865327910000004
0.014866662449999998
0.01486799547
0.014869323779999999
0.014870650400000001
0.014871973570000007
0.01487329391
0.014874610410000004
0.014875926039999997
0.01487723818
0.01487854813
0.014879854649999994
0.014881160109999996
0.014882461590000002
0.01488376117
0.01488505641
0.014886349389999998
0.014887640180000005
0.014888926770000002
0.014890212650000005
0.014891494790000005
0.014892774849999998
0.014894051230000004
0.014895325890000002
0.014896596939999998
0.014897865069999995
0.014899131589999996
0.014900395199999994
0.014901657049999996
0.014902914270000003
0.014904169489999997
0.014905421730000002
0.014906672819999996
0.014907921630000003
0.014909165130000002
0.014910406300000002
0.014911645390000004
0.014912882959999998
0.014914116709999996
0.014915348690000002
0.014916578379999995
0.014917805429999995
0.01491902762
0.014920249930000002
0.014921468890000001
0.014922686440000006
0.014923901789999998
0.014925112979999999
