0.09679506694000004
0.09274189915999999
0.08909519510000001
0.08586494136
0.083031948
0.08055570424000003
0.0783852114
0.07646975572000002
0.0747659417
0.07323936644000001
0.07186283389999999
0.07061377886000002
0.06947247562000003
0.0684213179
0.06744479462
0.06652958604
0.06566460348000001
0.06484086780000001
0.0640512416
0.06329014538
0.06255326166
0.06183725853999999
0.06113956653999999
0.060458204099999996
0.05979164485999999
0.059138686499999996
0.058498396839999994
0.057870030699999984
0.057252983819999985
0.05664677936
0.05605101036000001
0.05546532743999998
0.054889463160000006
0.054323153659999984
0.05376619088
0.05321837516
0.0526795282
0.05214949941999998
0.05162812505999999
0.05111527632000001
0.050610823699999995
0.050114636180000005
0.04962660155999999
0.04914659971999999
0.0486745258
0.04821027124000001
0.04775373344000001
0.04730481158
0.04686340359999999
0.04642941726000001
0.046002757259999985
0.045583329560000004
0.045171034620000015
0.04476578070000001
0.04436748420000001
0.043976050239999995
0.043591390919999994
0.04321340812
0.042842017639999994
0.04247713536
0.04211866656
0.041766520960000005
0.04142061735999998
0.041080862640000014
0.04074716748
0.040419450620000005
0.04009761702
0.03978158421999999
0.03947125354
0.03916655232000001
0.03886738522
0.03857366732
0.03828530770000001
0.03800222385999999
0.03772432933999998
0.03745153463999999
0.03718375204
0.03692089712
0.03666288718000001
0.03640963048
0.03616105186
0.03591705672
0.0356775668
0.03544250028
0.03521176926
0.034985294259999994
0.03476299536
0.03454479072
0.03433059904
0.03412034582000001
0.03391394801999999
0.033711330739999996
0.033512418419999995
0.03331714046
0.03312541197999999
0.03293716641999999
0.03275233445999999
0.032570841659999995
0.03239261541999999
0.032217593419999996
0.032045702100000004
0.031876878420000004
0.03171105749999999
0.031548172959999995
0.03138816298
0.031230960460000005
0.031076512419999997
0.030924757240000007
0.030775631359999996
0.030629084219999995
0.03048505288000001
0.030343486220000004
0.030204327719999993
0.030067525339999998
0.029933028360000002
0.02980078389999999
0.029670743539999992
0.029542856560000007
0.02941707496
0.029293350940000004
0.02917164414000001
0.029051903640000005
0.028934089079999996
0.028818153620000005
0.02870405829999999
0.028591762200000002
0.028481225240000005
0.028372404979999998
0.028265262019999987
0.02815976432
0.02805587316
0.02795355192
0.027852761579999993
0.0277534732
0.02765564564
0.02755925206
0.0274642602
0.027370636
0.027278352399999997
0.027187376479999997
0.027097679160000002
0.027009231019999996
0.02692200568
0.026835976980000002
0.026751115680000003
0.02666739568
0.02658479100000001
0.026503280480000006
0.026422836860000007
0.026343433919999996
0.026265052859999995
0.026187669120000003
0.0261112604
0.026035806960000005
0.025961283820000007
0.025887675900000007
0.025814957899999994
0.02574311534
0.0256721253
0.025601972300000008
0.02553263399999999
0.02546409318
0.02539633668
0.0253293482
0.02526310677999999
0.025197595160000003
0.0251328032
0.0250687122
0.025005308859999995
0.024942578300000004
0.024880505539999986
0.024819078879999998
0.024758280639999998
0.02469810138
0.02463852582
0.024579544539999998
0.024521143560000003
0.024463313379999997
0.024406039820000006
0.024349310500000013
0.02429311564000001
0.024237445699999992
0.024182288599999997
0.0241276365
0.02407347948
0.02401980386
0.02396660218
0.023913868140000002
0.02386158712
0.023809758180000005
0.023758365720000004
0.023707403400000004
0.023656867039999998
0.02360674134
0.023557024319999995
0.02350770942000001
0.023458782380000005
0.02341024048
0.023362075919999992
0.023314282219999996
0.02326685392
0.023219786439999997
0.023173067819999997
0.023126695200000002
0.023080660240000005
0.023034959100000005
0.02298958596
0.022944534939999994
0.022899798399999994
0.022855376300000004
0.022811257419999998
0.02276744128000001
0.022723920340000005
0.022680690999999996
0.022637745560000005
0.022595085960000004
0.022552700539999995
0.022510589440000003
0.022468745999999998
0.022427166400000004
0.022385845959999994
0.02234478156
0.022303967099999995
0.022263403460000008
0.0222230816
0.022183002659999996
0.022143161420000005
0.02210355434
0.02206417573999999
0.022025023600000006
0.021986094660000007
0.021947386320000005
0.021908896559999995
0.021870620860000006
0.021832555180000005
0.021794696940000004
0.021757043259999994
0.021719595500000008
0.021682345200000005
0.02164529147999999
0.021608434260000003
0.02157176672
0.021535289020000004
0.02149900040000001
0.021462894679999997
0.021426969720000005
0.021391227840000013
0.021355661639999995
0.021320270619999998
0.021285055259999998
0.021250009720000004
0.021215132680000005
0.02118042182
0.021145877240000003
0.021111495759999998
0.021077274519999998
0.02104321392
0.021009311500000006
0.020975565640000006
0.020941975140000003
0.020908535800000003
0.020875246860000002
0.020842108659999997
0.020809118900000003
0.02077627452
0.020743572439999997
0.02071101508
0.02067859912
0.020646321060000004
0.020614184159999997
0.020582182920000008
0.02055031814
0.0205185858
0.020486989
0.0204555247
0.020424189939999997
0.02039298456
0.020361906780000005
0.02033095544
0.020300130560000004
0.02026942997
0.020238855499999996
0.020208400499999998
0.020178067920000004
0.02014785416
0.02011775998
0.020087783789999997
0.02005792418
0.020028180599999997
0.01999855166000001
0.0199690377
0.01993963826
0.01991034863
0.0198811727
0.019852106659999997
0.01982315208
0.019794306259999995
0.01976556632
0.019736934520000003
0.01970840944
0.0196799897
0.019651675299999997
0.019623463479999995
0.019595356339999998
0.01956734964
0.019539445280000005
0.019511642719999996
0.01948393984000001
0.019456335339999995
0.01942882952
0.01940142194
0.019374114090000005
0.01934690206
0.019319785419999996
0.019292765880000003
0.019265839599999994
0.019239008659999994
0.019212269180000005
0.01918562503
0.019159072980000004
0.019132611920000007
0.019106245379999998
0.019079966060000002
0.01905377701
0.01902768013
0.019001670770000006
0.018975749540000003
0.018949919239999998
0.01892417408
0.01889851642
0.018872946640000002
0.018847463880000002
0.018822063540000003
0.018796748619999998
0.01877151948
0.01874637492
0.018721313120000006
0.01869633674
0.018671441379999997
0.01864662784
0.01862189904
0.018597250239999998
0.01857268153
0.018548194869999996
0.01852378820000001
0.018499462059999996
0.01847521338
0.0184510441
0.018426953739999998
0.018402943999999997
0.01837900966
0.018355155010000002
0.018331376769999998
0.018307674699999995
0.01828405002
0.018260500600000003
0.018237027240000002
0.018213630140000006
0.018190307660000002
0.018167059880000006
0.01814388695
0.01812078712
0.018097762139999994
0.01807480892
0.018051929820000003
0.018029125640000004
0.01800639212
0.01798373016
0.01796114209
0.017938624690000002
0.01791618025
0.017893805580000005
0.017871501509999995
0.01784926825
0.017827104660000002
0.017805010810000004
0.017782985559999992
0.017761030940000002
0.017739146510000005
0.01771732947
0.01769558279
0.017673903199999997
0.01765229093
0.01763074605
0.01760927319
0.017587863269999997
0.017566519920000002
0.017545242520000007
0.017524035149999995
0.017502891199999995
0.017481812529999998
0.017460800869999994
0.01743985442
0.017418972819999996
0.017398157520000002
0.017377407989999996
0.017356722779999997
0.01733610043
0.017315543540000006
0.017295049979999998
0.017274620150000003
0.01725425383
0.017233953059999998
0.017213713890000003
0.017193536960000002
0.017173422520000002
0.01715337099
0.017133381479999998
0.017113453689999995
0.017093589819999998
0.01707378937
0.01705404869
0.017034369560000002
0.017014750990000004
0.01699519287
0.016975695109999994
0.01695625958
0.016936884099999997
0.016917568879999997
0.01689831322
0.01687911893
0.016859983870000005
0.016840908429999996
0.01682189137
0.016802933670000002
0.016784034969999993
0.016765194849999995
0.01674641412
0.01672769024
0.016709024689999998
0.016690419230000003
0.01667187206
0.016653380070000008
0.01663494702
0.01661657158
0.016598251169999998
0.01657998847
0.0165617825
0.01654363317
0.016525542190000003
0.016507505789999998
0.01648952822
0.016471603520000006
0.01645373636
0.016435925079999997
0.016418170429999993
0.01640047011
0.01638282744
0.016365237430000002
0.016347704520000002
0.016330226870000006
0.016312803539999997
0.016295434440000003
0.016278119780000003
0.016260860659999998
0.016243653949999992
0.016226502079999996
0.01620940366
0.01619235996
0.01617537018
0.016158434870000002
0.01614155282
0.01612472261
0.01610794725
0.01609122366999999
0.016074552359999997
0.01605793516
0.01604137023
0.01602485779
0.016008398570000002
0.015991990200000004
0.0159756355
0.01595933188
0.015943079799999996
0.01592687925
0.01591073004
0.015894633219999996
0.015878588479999997
0.01586259294
0.01584665196
0.015830759110000002
0.015814917719999995
0.01579912703
0.015783386580000006
0.015767698129999994
0.01575205963
0.015736472169999998
0.015720932350000005
0.01570544459
0.015690004349999998
0.015674614949999995
0.01565927698
0.015643985999999995
0.015628746710000002
0.015613554260000002
0.015598411340000005
0.015583317959999999
0.015568272160000002
0.015553277300000001
0.015538330110000003
0.015523431100000006
0.015508581629999997
0.01549377893
0.015479023699999999
0.015464316919999997
0.01544965954
0.015435050559999998
0.01542049024
0.015405976609999998
0.01539151145
0.015377093460000005
0.015362722740000003
0.01534839857
0.015334122420000002
0.015319894389999995
0.01530571132
0.015291575430000003
0.01527748646
0.015263444419999996
0.015249449750000001
0.015235499689999996
0.015221596280000005
0.01520773892
0.015193928909999998
0.015180163730000005
0.015166444120000006
0.01515277115
0.01513914303
0.01512556013
0.015112022630000001
0.01509852935
0.015085082400000005
0.015071681289999998
0.01505832427
0.015045011840000002
0.015031744479999998
0.015018522599999999
0.015005343619999998
0.014992210090000005
0.014979121419999996
0.014966077739999998
0.014953076789999997
0.014940119830000004
0.014927208220000002
0.014914339200000001
0.01490151358
0.014888731239999998
0.014875992229999994
0.014863296800000005
0.01485064572
0.014838039360000005
0.014825475139999999
0.01481295169
0.014800473329999998
0.014788035360000005
0.014775641769999999
0.014763289670000002
0.014750980809999998
0.014738714650000007
0.01472648988
0.014714307989999998
0.014702167859999997
0.014690069770000001
0.014678014130000005
0.01466600065
0.014654028950000002
0.01464209858
0.014630209689999998
0.014618361869999996
0.014606557260000003
0.014594792720000003
0.014583069469999996
0.01457138442
0.014559741680000002
0.01454814047
0.014536579860000003
0.014525059080000003
0.014513579779999994
0.014502140709999995
0.014490743490000003
0.01447938451
0.01446806532
0.014456787070000006
0.014445548449999998
0.014434349340000003
0.01442319174
0.014412072220000002
0.014400992389999994
0.014389952839999998
0.01437895094
0.01436798993
0.014357066259999995
0.014346181849999997
0.01433533776
0.014324531790000004
0.01431376515
0.014303035880000002
0.01429234627
0.014281694180000002
0.014271082310000006
0.014260506309999999
0.014249969579999997
0.014239470849999993
0.01422900807
0.014218585319999998
0.014208200090000001
0.014197854040000003
0.014187544680000008
0.014177271920000001
0.01416703727
0.0141568391
0.014146678629999996
0.014136554969999998
0.014126469160000002
0.014116419780000002
0.01410640795
0.014096431340000002
0.014086494080000001
0.014076589449999996
0.01406672418
0.014056893920000004
0.014047099059999998
0.014037340090000003
0.014027619379999997
0.014017933729999996
0.014008282170000006
0.013998668750000005
0.0139890903
0.013979546090000006
0.013970039300000004
0.013960566159999998
0.013951129060000001
0.013941728090000004
0.013932362709999997
0.0139230323
0.013913736890000002
0.013904474179999994
0.013895247999999995
0.013886056020000002
0.01387689956
0.013867777470000004
0.013858688459999997
0.013849634810000004
0.013840614780000005
0.01383162885
0.013822676619999998
0.013813759350000001
0.013804875849999999
0.01379602676
0.01378721202
0.013778429339999995
0.013769680740000002
0.013760965679999999
0.013752283809999998
0.013743635490000001
0.013735020789999997
0.013726438689999999
0.013717889839999997
0.01370937317
0.01370088961
0.013692438429999999
0.013684019240000001
0.013675633470000002
0.01366728002
0.01365896004
0.01365067104
0.013642414370000001
0.013634190149999998
0.013625995619999998
0.013617835330000001
0.013609706490000005
0.01360160949
0.013593543540000001
0.013585508880000001
0.013577505909999999
0.013569534649999998
0.01356159443
0.013553686189999999
0.013545807930000002
0.013537961470000002
0.013530145819999995
0.013522361120000001
0.01351460638
0.013506882129999998
0.013499188379999997
0.013491527230000001
0.01348389531
0.013476293670000005
0.013468722370000004
0.01346118037
0.013453668889999998
0.013446188860000001
0.013438737220000004
0.013431315849999998
0.013423924240000003
0.013416562939999996
0.013409230159999997
0.013401927610000005
0.013394653819999998
0.013387409119999997
0.013380193729999998
0.013373006330000001
0.013365850180000001
0.013358721829999998
0.013351623210000002
0.013344551610000002
0.013337509399999998
0.01333049618
0.013323510649999997
0.013316553800000004
0.013309626480000003
0.013302726960000002
0.013295856370000001
0.013289014419999993
0.013282198879999992
0.013275412079999998
0.013268652480000006
0.01326192301
0.013255219040000004
0.013248543109999993
0.013241894649999999
0.013235272999999997
0.013228680799999996
0.013222114900000003
0.013215576690000001
0.013209065999999998
0.013202582800000003
0.013196125790000002
0.013189697300000002
0.013183294139999998
0.01317691815
0.013170568110000001
0.013164245309999998
0.01315794855
0.0131516791
0.013145435659999998
0.013139218579999999
0.01313302779
0.013126864699999997
0.013120725269999998
0.013114612990000002
0.013108527150000002
0.013102467270000005
0.013096431399999999
0.013090421960000001
0.013084438689999995
0.01307848004
0.013072546919999999
0.0130666389
0.013060755929999996
0.013054898220000005
0.013049067039999997
0.013043258389999996
0.013037476650000001
0.013031720009999996
0.01302598768
0.01302028138
0.013014598750000002
0.01300894077
0.013003307530000001
0.012997699340000004
0.012992115029999996
0.01298655408
0.012981018479999995
0.012975507559999998
0.012970021359999997
0.01296455886
0.012959120309999999
0.012953705050000002
0.01294831331
0.01294294445
0.01293759967
0.012932278180000001
0.012926980220000002
0.012921706049999999
0.01291645525
0.01291122747
0.012906023320000005
0.012900840949999999
0.012895682809999998
0.01289054762
0.012885434849999993
0.012880343620000003
0.01287527758
0.012870233510000002
0.01286521204
0.01286021269
0.0128552354
0.012850280910000001
0.012845349259999998
0.0128404414
0.012835553810000002
0.01283068831
0.012825845879999997
0.01282102477
0.012816225880000002
0.012811449119999995
0.012806694189999999
0.0128019609
0.012797249270000002
0.012792557359999998
0.01278788886
0.012783241829999998
0.012778615679999999
0.012774010879999999
0.01276942675
0.012764863800000002
0.012760323169999999
0.012755803529999998
0.01275130654
0.012746828589999998
0.01274237303
0.012737936770000005
0.01273352182
0.012729127430000002
0.01272475282
0.01272039835
0.01271606548
0.012711752040000001
0.01270745977
0.012703187440000001
0.012698934690000002
0.01269470283
0.012690490250000004
0.012686299949999997
0.012682127770000003
0.012677975449999998
0.01267384373
0.01266973147
0.012665638400000004
0.01266156443
0.012657509899999997
0.0126534748
0.012649458000000004
0.012645461150000004
0.012641484070000002
0.012637527260000002
0.01263358974
0.01262967126
0.01262577089
0.01262188961
0.01261802632
0.012614184119999998
0.012610358370000001
0.01260655091
0.012602764420000002
0.01259899582
0.012595244989999994
0.0125915129
0.012587798949999996
0.01258410252
0.012580426249999999
0.01257676568
0.0125731251
0.01256950199
0.012565896400000004
0.01256230964
0.01255873927
0.012555187640000003
0.012551653630000001
0.01254813826
0.012544639829999999
0.012541160049999998
0.01253769608
0.012534252359999998
0.012530824420000001
0.01252741557
0.012524022269999999
0.012520647750000002
0.012517291060000007
0.01251395082
0.012510627809999997
0.012507320689999999
0.01250403182
0.012500759090000004
0.012497502059999999
0.012494262140000005
0.012491040169999999
0.012487833420000004
0.01248464429
0.012481470240000004
0.012478314250000002
0.012475174300000001
0.01247204924
0.012468941909999998
0.012465849409999997
0.012462774689999997
0.012459716429999998
0.012456673980000006
0.012453648749999997
0.012450637110000003
0.012447643230000001
0.012444665559999998
0.012441703300000002
0.012438757779999997
0.012435826500000002
0.012432912320000003
0.012430013169999997
0.01242712939
0.012424261
0.012421407990000001
0.012418571710000006
0.012415749529999999
0.012412941970000004
0.012410151270000001
0.012407375059999998
0.012404613620000003
0.012401867489999998
0.012399136499999998
0.012396420200000003
0.01239371742
0.012391031489999997
0.012388358539999998
0.012385701689999997
0.012383059720000002
0.012380432119999998
0.012377818370000002
0.012375219160000001
0.01237263434
0.0123700646
0.012367508470000002
0.012364969410000003
0.012362442599999997
0.012359931809999995
0.012357434200000001
0.012354950330000001
0.012352480459999999
0.012350024589999998
0.01234758413
0.012345157580000002
0.012342742900000002
0.01234034331
0.012337957999999998
0.012335586340000003
0.012333227989999997
0.012330883140000002
0.012328553289999997
0.012326236039999999
0.01232393305
0.012321643570000002
0.01231936745
0.012317103349999995
0.01231485366
0.01231261737
0.01231039427
0.012308184639999999
0.012305988319999999
0.012303803399999997
0.01230163317
0.012299474979999996
0.012297329370000004
0.01229519685
0.012293076970000004
0.012290968990000005
0.0122888746
0.012286792500000001
0.012284722949999998
0.012282666660000002
0.012280623119999995
0.01227859238
0.012276573449999996
0.012274567600000001
0.01227257441
0.012270593380000003
0.012268624270000002
0.012266667500000003
0.012264723039999998
0.01226279051
0.01226087109
0.012258963020000005
0.012257067010000003
0.01225518457
0.012253312249999999
0.01225145244
0.012249603409999997
0.012247768010000002
0.01224594407
0.012244132279999997
0.012242330839999996
0.01224054199
0.012238764099999999
0.01223699863
0.01223524367
0.012233500569999998
0.012231768249999999
0.012230048970000004
0.012228339970000002
0.012226642680000002
0.012224956799999999
0.012223281959999999
0.012221617219999996
0.012219962600000002
0.012218320060000001
0.012216688869999999
0.012215069210000006
0.01221345967
0.012211861030000002
0.01221027511
0.01220869915
0.012207133560000005
0.01220557928
