0.09060504519999998
0.06167352986000002
0.04653929542000002
0.035921478359999995
0.029805344239999997
0.026237034899999997
0.023906071040000004
0.022192412739999997
0.020818946060000006
0.01965809911
0.01864807313
0.017757438969999997
0.016969137880000006
0.016272767980000005
0.01566081448
0.015126729880000002
0.014664009969999997
0.014265947079999999
0.013925815219999995
0.013637126990000003
0.01339382538
0.013190334369999996
0.013021583589999998
0.012882986200000002
0.012770430670000001
0.012680262399999998
0.012609260509999998
0.01255460906
0.012513858949999998
0.01248488657
0.01246586434
0.012455214420000003
0.012451591469999997
0.012453839210000001
0.012460978920000003
0.012472178220000003
0.012486735380000002
0.012504057030000001
0.012523642649999998
0.012545074009999997
0.012567999229999998
0.012592124260000002
0.012617202070000002
0.012643024249999997
0.012669422600000004
0.01269625276
0.012723395539999998
0.01275075086
0.012778235929999998
0.01280578396
0.012833337770000001
0.01286084888
0.012888279050000005
0.012915595359999999
0.01294277101
0.01296978336
0.012996615950000004
0.013023252569999998
0.0130496803
0.013075889890000001
0.01310187334
0.01312762316
0.01315313426
0.01317840333
0.01320342715
0.013228204109999999
0.013252730090000003
0.013277005400000002
0.013301032440000003
0.013324805609999995
0.013348327969999997
0.013371601649999999
0.0133946253
0.01341739876
0.013439925880000004
0.0134622072
0.013484245200000002
0.01350603888
0.013527592310000001
0.013548907899999995
0.013569985600000006
0.01359083032
0.013611440679999996
0.013631821839999995
0.013651975459999998
0.013671904310000003
0.013691609569999999
0.013711093519999997
0.013730360359999997
0.01374940954
0.013768247220000003
0.013786873029999997
0.013805291440000002
0.013823503430000003
0.013841511250000002
0.013859317089999998
0.013876926310000003
0.013894338389999997
0.013911556529999997
0.01392858182
0.013945419989999994
0.013962070850000003
0.013978538209999997
0.013994821850000005
0.014010927389999997
0.014026853940000002
0.014042604600000001
0.014058183619999998
0.014073592219999995
0.014088829439999997
0.014103902250000007
0.014118809330000004
0.014133553660000003
0.01414813801
0.014162565569999999
0.014176834870000002
0.014190948519999995
0.01420491132
0.014218722810000002
0.014232386620000004
0.014245902290000003
0.014259273050000004
0.014272500119999998
0.014285586870000002
0.014298533449999998
0.014311341980000005
0.01432401236
0.014336549400000008
0.014348953079999997
0.01436122633
0.014373370460000002
0.014385384390000004
0.01439727327
0.014409036909999999
0.014420677429999999
0.01443219399
0.01444359163
0.01445486865
0.0144660305
0.01447707451
0.014488005019999998
0.014498821649999995
0.014509527279999997
0.014520120279999995
0.014530605169999999
0.014540981459999998
0.01455125094
0.01456141654
0.014571476940000005
0.014581433769999999
0.01459128933
0.014601046069999997
0.014610702449999995
0.014620260439999998
0.01462972284
0.014639086309999999
0.01464835663
0.014657532949999998
0.014666618630000003
0.01467560992
0.014684513059999994
0.014693325259999994
0.014702050959999997
0.014710687420000005
0.014719238700000003
0.014727704690000001
0.014736085680000002
0.01474438425
0.01475259868
0.014760733049999999
0.014768785569999998
0.014776760089999999
0.014784655700000003
0.014792472320000003
0.01480021175
0.014807875280000004
0.014815463560000002
0.014822975570000002
0.014830416099999999
0.014837783049999997
0.014845078160000004
0.014852301569999997
0.014859455210000008
0.014866539479999998
0.014873552460000002
0.014880497369999997
0.014887375950000002
0.014894186849999996
0.014900932049999998
0.014907611889999992
0.014914225860000005
0.014920777319999997
0.014927264939999992
0.014933690130000005
0.014940051929999996
0.014946352090000002
0.014952592299999998
0.014958772519999995
0.014964894389999999
0.014970955760000001
0.01497695995
0.014982906339999998
0.014988793989999997
0.014994627820000002
0.015000404710000002
0.015006126549999999
0.015011791500000003
0.015017403720000004
0.015022964229999998
0.015028470629999999
0.01503392441
0.015039325739999998
0.015044675960000002
0.015049975030000006
0.015055222999999998
0.015060422930000008
0.015065571409999999
0.015070673419999998
0.01507572559
0.015080729140000004
0.01508568806
0.01509059713
0.01509545996
0.015100276969999998
0.015105050260000004
0.015109777790000002
0.015114460019999998
0.015119098590000001
0.015123692519999999
0.015128244340000001
0.015132754659999992
0.015137220439999993
0.015141645139999998
0.015146028899999995
0.015150371299999996
0.015154672189999996
0.015158933099999996
0.0151631548
0.015167337170000003
0.015171480139999997
0.015175584459999997
0.01517965025
0.01518367892
0.015187668489999997
0.015191625209999997
0.01519554083
0.015199421510000002
0.01520326852
0.015207077429999995
0.015210852630000004
0.015214589829999996
0.015218295149999998
0.015221966159999998
0.015225603130000001
0.015229204869999999
0.01523277487
0.015236311850000003
0.015239817609999994
0.015243290870000004
0.015246732590000001
0.015250142019999998
0.015253520689999998
0.015256869079999997
0.015260186689999997
0.015263473209999996
0.015266731429999998
0.015269959390000002
0.01527315809
0.01527632948
0.01527947106
0.015282584019999998
0.015285669280000002
0.01528872756
0.01529175696
0.015294759079999996
0.015297735100000003
0.015300685040000001
0.015303608870000002
0.015306506679999998
0.015309377610000001
0.015312224449999998
0.01531504457
0.01531784041999999
0.01532061339
0.015323360779999996
0.01532608348
0.015328783569999999
0.01533145919
0.015334112940000002
0.01533674276
0.0153393507
0.015341935249999999
0.01534449822
0.015347038009999998
0.015349557109999998
0.015352054839999997
0.015354530310000003
0.015356985040000003
0.01535942117
0.015361833999999996
0.015364228509999998
0.015366603029999999
0.015368955710000005
0.015371290919999996
0.01537360495
0.0153759005
0.015378177459999993
0.015380434749999996
0.015382675450000001
0.015384896070000001
0.015387101770000002
0.015389287029999999
0.015391457029999998
0.015393607160000003
0.01539574142
0.015397858519999998
0.015399958689999998
0.015402043509999996
0.0154041107
0.015406161190000003
0.015408197619999994
0.015410219719999998
0.01541222444
0.015414214580000004
0.015416189
0.015418148670000003
0.015420095469999999
0.015422024260000007
0.015423941710000005
0.01542584533
0.015427735939999996
0.015429609689999997
0.015431471320000006
0.015433320149999995
0.015435155989999998
0.015436979599999996
0.0154387886
0.01544058718
0.015442372579999997
0.015444146780000001
0.01544590668
0.01544765674
0.015449394130000002
0.015451119539999995
0.015452837469999998
0.015454541659999996
0.01545623445
0.015457916890000001
0.0154595916
0.015461255479999996
0.01546290622
0.015464548209999998
0.015466179459999996
0.015467802079999999
0.015469414870000005
0.015471016960000002
0.01547261008
0.015474196580000002
0.0154757723
0.015477339770000001
0.015478898869999997
0.015480450640000006
0.01548199503
0.015483529670000001
0.01548505843
0.01548657717
0.015488089229999997
0.015489593309999996
0.015491091879999995
0.0154925814
0.01549406563
0.015495541829999997
0.015497011630000002
0.015498475709999997
0.015499932139999997
0.015501383420000004
0.015502829260000002
0.0155042679
0.015505699700000004
0.015507127509999998
0.015508549100000005
0.015509964349999999
0.01551137606
0.01551278205
0.015514181489999999
0.015515576850000004
0.015516970100000003
0.015518355900000001
0.015519737290000002
0.015521114930000001
0.01552248809
0.015523856260000002
0.015525223749999999
0.015526584809999997
0.01552794334
0.015529299229999995
0.015530651259999998
0.015532000430000003
0.015533345459999997
0.01553468675
0.015536027380000006
0.01553736434
0.01553869819
0.01554002893
0.015541359809999997
0.015542685770000002
0.015544011969999999
0.015545336170000005
0.015546657199999994
0.015547975249999997
0.015549293669999997
0.015550609239999999
0.015551921950000002
0.015553235800000004
0.01555454691
0.01555585693
0.015557165569999998
0.015558472729999996
0.015559781429999999
0.01556108569
0.01556239076
0.01556369632
0.015564998709999998
0.01556630076
0.01556760308
0.01556890461
0.015570206359999996
0.015571507479999995
0.01557280858
0.01557410948
0.01557540985
0.015576709499999999
0.01557800856
0.015579310040000006
0.015580609399999999
0.01558191022
0.015583210850000003
0.0155845131
0.01558581274
0.015587113510000004
0.015588415049999995
0.015589717190000003
0.015591018380000002
0.01559231807
0.015593622269999998
0.015594925959999997
0.015596229330000004
0.015597531980000003
0.015598836660000002
0.015600140920000003
0.015601446869999997
0.015602752059999997
0.01560405879
0.015605365510000007
0.015606672980000005
0.01560797991
0.015609289400000004
0.015610599540000002
0.015611910599999999
0.01561322288
0.015614534140000002
0.01561584625
0.015617158619999998
0.015618472859999993
0.015619786410000001
0.01562110262
0.015622418089999996
0.01562373515
0.01562505245
0.0156263712
0.01562768969
0.01562901119
0.015630330930000005
0.015631653449999998
0.015632976950000002
0.01563430061
0.015635626110000002
0.015636952599999997
0.015638280159999997
0.015639607179999997
0.015640937089999998
0.01564226639
0.015643598360000004
0.015644931020000002
0.01564626549
0.015647598769999996
0.01564893506
0.015650271280000003
0.015651608809999995
0.015652945910000007
0.015654286130000007
0.015655625260000004
0.015656968169999994
0.015658313169999997
0.015659658259999997
0.015661003080000003
0.015662350820000007
0.01566369911
0.01566504831
0.01566639812
0.015667750690000003
0.01566910329
0.01567045803
0.015671813930000004
0.015673171889999993
0.015674533089999998
0.01567589302
0.015677254900000003
0.015678618760000002
0.015679982639999996
0.01568134907
0.015682716620000002
0.015684085440000006
0.015685457710000003
0.01568682978
0.01568820288
0.01568957835
0.015690955890000004
0.015692333510000003
0.015693712590000006
0.015695094340000004
0.015696476259999995
0.015697862509999997
0.0156992495
0.01570063801
0.01570203022
0.01570342214
0.01570481706
0.01570621403
0.015707610669999993
0.015709011210000002
0.015710412879999996
0.01571181812
0.01571322267
0.01571463131
0.015716040519999995
0.01571745188
0.015718866410000004
0.01572028304
0.015721701520000003
0.01572312108
0.015724544910000006
0.015725969090000003
0.01572739617
0.01572882425
0.015730255600000007
0.015731689099999998
0.015733124809999995
0.015734561820000003
0.015736002929999996
0.015737444649999998
0.01573889176
0.015740339290000002
0.015741789819999998
0.01574324171
0.015744696980000007
0.01574615322
0.01574761492
0.01574907928
0.015750544959999998
0.01575201222
0.0157534834
0.01575495759
0.015756433889999998
0.015757912580000005
0.0157593933
0.015760878489999998
0.015762365240000003
0.01576385508
0.015765346380000003
0.015766843239999998
0.0157683411
0.015769842299999996
0.015771346270000004
0.015772851889999998
0.015774364079999995
0.015775877350000002
0.015777394499999993
0.0157789132
0.01578043537
0.01578196129
0.01578349047
0.015785022510000003
0.015786558100000004
0.015788095599999993
0.015789637420000002
0.015791182440000006
0.01579272956
0.015794280759999998
0.01579583541
0.01579739361
0.01579895508
0.01580051839
0.015802086119999996
0.01580365968
0.015805233079999995
0.015806809800000002
0.015808392360000003
0.015809978239999998
0.015811567709999995
0.015813160549999997
0.015814755649999998
0.01581635448
0.015817958190000002
0.01581956436
0.015821174360000006
0.015822788740000003
0.015824405320000002
0.0158260271
0.01582764983
0.0158292784
0.01583091154
0.015832548120000005
0.015834186370000003
0.01583582947
0.015837477890000003
0.01583912996
0.015840785030000006
0.01584244283
0.015844106439999995
0.01584577328
0.015847442920000003
0.01584911736
0.015850797419999996
0.015852479680000003
0.0158541652
0.01585585645
0.015857551049999995
0.015859250880000002
0.015860953369999996
0.015862659879999998
0.015864372409999997
0.015866087419999998
0.015867806649999996
0.015869529200000003
0.015871256790000003
0.01587298702
0.01587472186
0.015876461279999997
0.015878203910000003
0.015879952759999996
0.01588170401
0.015883458930000004
0.015885219549999992
0.015886985640000004
0.015888753260000003
0.015890526329999998
0.01589230211
0.015894083389999994
0.015895869879999996
0.015897659449999994
0.015899452620000004
0.015901250399999997
0.015903051419999994
0.01590485955
0.01590667109
0.015908485080000007
0.01591030501
0.015912127490000004
0.015913955149999996
0.015915787180000005
0.01591762334
0.015919463630000005
0.015921308300000003
0.015923157840000004
0.01592501146
0.015926868559999998
0.01592872941
0.01593059609
0.015932467040000006
0.015934342709999997
0.015936221319999996
0.015938105559999992
0.015939994320000005
0.015941888209999998
0.015943783689999994
0.015945685050000005
0.01594759037
0.0159495
0.015951413140000002
0.015953332049999998
0.015955253830000002
0.015957179319999997
0.015959110010000003
0.015961045559999994
0.015962985319999998
0.015964928390000008
0.015966875700000004
0.01596882795
0.01597078419
0.015972746779999995
0.015974712800000002
0.015976681910000002
0.015978655789999997
0.01598063257
0.015982616339999995
0.01598460356
0.015986594580000003
0.015988590160000003
0.015990588709999996
0.01599259088
0.015994598829999998
0.01599660992
0.01599862662
0.016000645300000005
0.016002669400000006
0.016004698339999998
0.016006730780000002
0.01600876735
0.016010808529999997
0.01601285425
0.016014903580000003
0.01601695724
0.0160190169
0.01602107929
0.01602314533
0.016025214520000004
0.01602728914
0.016029366580000003
0.01603144957
0.016033535400000003
0.016035625880000008
0.0160377191
0.01603981735
0.01604192031
0.016044026790000002
0.016046135300000004
0.016048249219999998
0.016050366750000003
0.016052488130000007
0.0160546151
0.016056743050000006
0.016058877359999998
0.016061015149999996
0.016063157690000003
0.01606530296
0.016067453419999995
0.01606960552
0.01607176253
0.016073924219999994
0.016076089100000003
0.016078255650000005
0.016080427970000002
0.016082603980000002
0.016084783140000003
0.01608696633
0.016089152530000005
0.016091340949999998
0.016093534469999997
0.016095733870000004
0.016097934910000004
0.01610013994
0.016102347250000003
0.016104559249999997
0.016106772970000002
0.016108992229999997
0.016111216129999998
0.016113442619999998
0.01611567144
0.01611790425
0.016120140709999994
0.01612238204
0.01612462423
0.016126871359999996
0.01612912036
0.016131375040000003
0.01613363098
0.016135892019999997
0.016138154800000002
0.016140421850000006
0.01614269143
0.01614496584
0.01614724217
0.016149521759999997
0.01615180466
0.01615409072
0.01615638102
0.016158672959999995
0.01616096986
0.016163267340000006
0.016165567609999997
0.01616787167
0.016170178590000004
0.016172488789999998
0.016174802179999996
0.01617711874
0.01617943758
0.016181759410000003
0.016184084170000005
0.016186411310000003
0.016188740689999998
0.01619107584
0.016193411540000004
0.01619575074
0.01619809364
0.01620043807
0.016202786140000005
0.016205136150000004
0.016207489230000004
0.0162098447
0.01621220302
0.016214563570000003
0.016216926839999996
0.016219293719999993
0.01622166306
0.01622403505
0.016226408939999996
0.01622878474
0.016231164519999994
0.01623354588
0.01623592982000001
0.01623831648
0.016240705479999996
0.01624309715
0.01624549134
0.016247887840000003
0.01625028678
0.016252688879999998
0.016255092
0.01625749741
0.016259906749999997
0.016262315569999998
0.01626472763
0.016267141540000002
0.016269557639999998
0.016271976330000004
0.01627439635
0.016276820349999995
0.016279245379999998
0.016281671039999997
0.016284099449999995
0.016286530780000003
0.01628896584
0.016291399980000006
0.016293837260000003
0.0162962751
0.016298716229999996
0.016301159210000003
0.016303605160000005
0.016306051739999997
0.01630850001
0.016310951030000007
0.016313403219999998
0.01631585725
0.01631831186
0.01632077167
0.01632323028
0.016325691360000005
0.01632815319
0.01633061809
0.016333083140000003
0.016335551059999998
0.016338021430000002
0.016340492599999996
0.016342963579999998
0.016345439559999998
0.016347915169999994
0.016350392390000003
0.01635287094
0.016355353009999997
0.016357834410000004
0.016360317879999996
0.016362801419999996
0.016365288249999995
0.01636777545
0.016370265479999997
0.016372756480000004
0.01637524773
0.01637774151
0.016380236739999995
0.016382731459999997
0.016385228999999998
0.016387726179999996
0.0163902276
0.016392728300000003
0.01639523106
0.016397734240000003
0.01640023812
0.01640274441
0.01640525194
0.01640775898
0.0164102692
0.0164127794
0.01641529168
0.0164178038
0.016420316280000003
0.01642283004
0.016425347139999994
0.01642786252
0.016430380220000002
0.016432898050000002
0.01643541751000001
0.016437936490000003
0.016440458439999996
0.01644297967
0.01644550454
0.01644802943
0.01645055442
0.016453080340000006
0.01645560704
0.016458133559999998
0.01646066222
0.016463191659999998
0.01646571958
0.016468251139999997
0.016470783030000005
0.01647331548
0.016475849440000002
0.016478382720000004
0.016480915519999997
0.01648345273
0.01648598861
0.016488525830000003
0.016491062009999998
0.016493600060000006
0.016496139769999998
0.016498678540000002
0.016501217420000002
0.016503757820000003
0.01650629934
0.016508842099999997
0.016511382829999997
0.016513923750000003
0.016516467270000005
0.016519009799999998
0.016521554380000004
0.01652409765
0.016526642229999996
0.016529189429999994
0.016531734310000004
0.016534282100000002
0.0165368277
0.01653937582
0.01654192509
0.0165444727
0.016547023539999997
0.01654957155
0.016552120179999998
0.01655466791
0.016557218090000003
0.016559767660000006
0.01656231872
0.016564869179999994
0.016567419470000004
0.016569971329999995
0.016572522870000002
0.01657507503999999
0.01657762716
0.01658017858
0.016582731409999992
0.016585285400000004
0.01658783907
0.01659039307
0.01659294788
0.016595500439999997
0.016598055539999993
0.016600610399999997
0.01660316392
0.016605719200000008
0.01660827488
0.016610829959999997
0.016613384199999998
0.016615938979999998
0.01661849556
0.016621051210000005
0.016623606469999996
0.016626162959999996
0.0166287198
0.01663127609
0.016633832320000003
0.016636388939999996
0.01663894591
0.016641502080000002
0.016644058849999997
0.016646614419999997
0.016649170920000008
0.016651727879999998
0.01665428448
0.01665684148
0.016659398489999998
0.01666195588
0.01666451226
0.016667068240000003
0.016669623959999994
0.01667217977
0.016674735019999994
0.016677292410000003
0.016679849450000003
0.016682405739999996
0.016684960679999996
0.01668751701
0.016690073120000003
0.016692630150000002
0.016695186919999997
0.016697741980000003
0.016700298040000002
0.016702853840000004
0.016705409659999997
0.01670796504
0.016710521130000003
0.016713077660000002
