(0.11682333 0.107349 0.09930923 0.09276364 0.087573975 0.08350168 0.08029008
 0.07771203 0.075586595 0.07377898 0.07219257 0.07076026 0.06943611 0.06818928
 0.06699925 0.06585252 0.06474055 0.063657776 0.06260079 0.06156752 0.060556795
 0.05956792 0.058600526 0.057654414 0.056729496 0.055825677 0.054942917
 0.054081116 0.05324019 0.052419946 0.05162019 0.050840713 0.050081328
 0.049341764 0.048621714 0.047920886 0.047238957 0.046575602 0.045930464
 0.04530319 0.04469343 0.04410077 0.04352487 0.04296535 0.04242181 0.04189388
 0.041381095 0.04088313 0.040399622 0.039930083 0.039474178 0.039031543
 0.038601767 0.038184453 0.037779275 0.037385833 0.037003785 0.036632776
 0.036272425 0.035922438 0.035582438 0.03525215 0.03493121 0.034619328
 0.03431621 0.034021556 0.033735063 0.03345648 0.03318549 0.03292192
 0.032665443 0.032415863 0.032172892 0.031936355 0.031705987 0.031481605
 0.03126299 0.031049928 0.03084226 0.030639784 0.030442307 0.030249674
 0.030061722 0.029878287 0.029699204 0.029524324 0.029353516 0.02918664
 0.029023554 0.028864129 0.02870827 0.028555822 0.02840669 0.028260741
 0.028117914 0.027978089 0.02784113 0.02770701 0.027575564 0.02744677
 0.027320497 0.027196668 0.027075231 0.026956096 0.026839191 0.02672445
 0.02661179 0.02650118 0.026392533 0.026285794 0.026180904 0.026077796
 0.025976436 0.025876755 0.025778709 0.025682254 0.025587335 0.025493927
 0.02540198 0.025311455 0.025222316 0.025134481 0.025047963 0.024962703
 0.02487865 0.024795793 0.02471408 0.024633503 0.02455401 0.024475606
 0.024398245 0.024321912 0.024246536 0.024172142 0.024098678 0.02402613
 0.023954468 0.023883685 0.023813745 0.02374463 0.02367631 0.023608794
 0.023542026 0.023476005 0.023410723 0.023346147 0.023282282 0.023219086
 0.023156554 0.023094663 0.023033425 0.022972802 0.022912798 0.022853363
 0.022794535 0.022736268 0.022678556 0.022621386 0.022564774 0.022508662
 0.02245308 0.022398002 0.022343395 0.022289272 0.022235617 0.02218244
 0.022129705 0.022077434 0.022025565 0.02197415 0.021923142 0.021872547
 0.021822376 0.021772591 0.021723218 0.02167422 0.0216256 0.02157735
 0.021529457 0.02148194 0.021434767 0.021387918 0.021341441 0.021295277
 0.021249453 0.021203957 0.021158792 0.021113923 0.021069365 0.021025116
 0.020981168 0.020937508 0.020894151 0.020851087 0.020808296 0.020765798
 0.020723576 0.020681614 0.020639945 0.020598518 0.020557366 0.020516474
 0.020475838 0.020435432 0.020395288 0.020355396 0.020315725 0.020276297
 0.020237107 0.020198157 0.020159444 0.02012095 0.020082684 0.020044634
 0.020006819 0.019969216 0.019931817 0.019894639 0.019857673 0.01982091
 0.019784361 0.019748017 0.019711869 0.019675931 0.019640196 0.019604651
 0.019569298 0.019534145 0.019499164 0.01946438 0.019429792 0.019395398
 0.019361168 0.019327113 0.01929326 0.019259587 0.019226065 0.019192746
 0.019159576 0.019126588 0.019093774 0.01906113 0.019028652 0.018996352
 0.018964214 0.018932242 0.018900434 0.018868774 0.018837284 0.018805964
 0.01877478 0.018743755 0.018712899 0.018682184 0.018651633 0.018621232
 0.018590989 0.01856089 0.018530942 0.018501135 0.018471478 0.01844196
 0.018412592 0.018383382 0.018354299 0.018325375 0.018296592 0.018267931
 0.01823943 0.018211056 0.018182823 0.018154738 0.01812678 0.018098973
 0.018071292 0.018043753 0.018016346 0.017989071 0.017961929 0.017934926
 0.01790805 0.017881304 0.017854685 0.017828183 0.017801816 0.017775564
 0.017749446 0.017723458 0.017697588 0.017671838 0.017646225 0.01762072
 0.017595336 0.017570095 0.017544959 0.017519949 0.017495051 0.017470278
 0.017445624 0.017421082 0.017396655 0.017372342 0.01734815 0.017324073
 0.017300112 0.017276255 0.017252527 0.017228909 0.017205406 0.017182004
 0.017158719 0.017135551 0.017112484 0.017089538 0.017066699 0.017043961
 0.017021343 0.016998818 0.016976401 0.016954102 0.016931899 0.016909812
 0.016887821 0.016865933 0.016844163 0.016822487 0.016800912 0.016779443
 0.016758077 0.016736815 0.016715648 0.016694581 0.016673626 0.016652765
 0.016632002 0.016611323 0.016590757 0.016570287 0.01654992 0.01652965
 0.016509466 0.01648939 0.016469402 0.016449519 0.01642972 0.016410016
 0.01639041 0.016370893 0.016351474 0.016332148 0.016312916 0.01629379
 0.01627474 0.01625577 0.016236896 0.016218107 0.016199414 0.016180813
 0.016162284 0.016143858 0.016125517 0.016107265 0.0160891 0.016071033
 0.016053045 0.01603514 0.016017321 0.015999595 0.015981948 0.015964381
 0.015946899 0.015929507 0.015912198 0.015894974 0.015877832 0.01586076
 0.01584379 0.015826887 0.015810065 0.015793324 0.015776668 0.015760092
 0.015743595 0.015727175 0.015710833 0.015694594 0.015678408 0.015662316
 0.015646294 0.015630335 0.015614474 0.015598678 0.015582956 0.015567322
 0.015551744 0.015536262 0.015520849 0.0155055085 0.015490249 0.015475051
 0.015459923 0.01544488 0.015429913 0.0154150035 0.0154001815 0.015385434
 0.01537075 0.015356138 0.015341596 0.015327126 0.015312738 0.01529841
 0.015284143 0.015269959 0.015255839 0.015241802 0.015227817 0.015213913
 0.015200051 0.015186278 0.015172568 0.015158924 0.015145346 0.015131844
 0.0151184015 0.015105028 0.015091714 0.015078466 0.0150652975 0.01505218
 0.015039132 0.015026148 0.015013229 0.01500037 0.014987584 0.014974841
 0.0149621675 0.014949559 0.014937006 0.014924519 0.014912087 0.014899723
 0.014887412 0.014875167 0.014862988 0.014850861 0.014838805 0.014826807
 0.014814867 0.014802988 0.014791154 0.014779393 0.014767689 0.014756035
 0.014744439 0.014732901 0.014721423 0.014709999 0.0146986395 0.014687338
 0.01467609 0.014664913 0.014653779 0.014642704 0.014631668 0.014620694
 0.014609779 0.014598915 0.014588111 0.014577359 0.01456666 0.0145560065
 0.014545408 0.0145348655 0.014524373 0.014513931 0.014503542 0.014493222
 0.014482949 0.014472719 0.014462544 0.014452425 0.014442347 0.01443231
 0.014422338 0.014412425 0.01440255 0.014392716 0.014382932 0.014373212
 0.014363535 0.014353903 0.014344329 0.014334799 0.014325324 0.014315893
 0.014306502 0.014297166 0.014287869 0.014278623 0.0142694255 0.014260274
 0.014251165 0.014242104 0.01423309 0.014224123 0.014215196 0.014206322
 0.0141974855 0.0141887 0.014179958 0.014171257 0.014162592 0.01415398
 0.014145406 0.014136884 0.014128396 0.014119953 0.014111554 0.014103199
 0.014094889 0.014086622 0.014078405 0.014070225 0.014062085 0.014053982
 0.014045925 0.014037918 0.014029937 0.014022008 0.014014108 0.014006243
 0.013998443 0.013990671 0.013982938 0.013975237 0.013967579 0.013959962
 0.01395239 0.013944851 0.013937351 0.013929903 0.013922475 0.013915097
 0.013907746 0.0139004495 0.013893181 0.013885955 0.013878762 0.013871603
 0.013864487 0.013857404 0.013850366 0.013843359 0.013836391 0.013829451
 0.013822549 0.013815685 0.013808861 0.013802072 0.013795309 0.013788592
 0.0137819005 0.013775246 0.0137686385 0.013762065 0.013755505 0.013748986
 0.013742506 0.013736063 0.013729648 0.01372327 0.013716916 0.013710613
 0.013704342 0.013698084 0.013691879 0.013685709 0.013679563 0.013673438
 0.013667362 0.013661313 0.013655288 0.013649309 0.0136433495 0.013637421
 0.013631521 0.013625656 0.013619828 0.01361403 0.013608259 0.013602509
 0.013596802 0.013591118 0.013585465 0.013579839 0.013574256 0.013568677
 0.01356314 0.013557635 0.013552162 0.013546716 0.013541296 0.013535909
 0.013530562 0.01352523 0.013519911 0.013514652 0.013509397 0.013504179
 0.013498985 0.013493819 0.013488682 0.013483575 0.0134784905 0.013473448
 0.01346842 0.013463424 0.013458447 0.0134535 0.013448589 0.013443689
 0.013438826 0.013433981 0.0134291705 0.013424383 0.013419616 0.013414864
 0.013410147 0.013405462 0.013400797 0.01339616 0.013391546 0.013386953
 0.013382396 0.013377856 0.013373346 0.013368853 0.013364389 0.013359942
 0.013355518 0.01335113 0.013346765 0.013342422 0.013338101 0.013333801
 0.013329529 0.013325277 0.013321039 0.013316841 0.013312659 0.013308496
 0.013304358 0.013300244 0.013296152 0.013292086 0.013288037 0.013284018
 0.013280021 0.013276034 0.0132720815 0.013268136 0.013264212 0.013260318
 0.01325644 0.013252594 0.013248764 0.013244948 0.013241158 0.013237391
 0.01323365 0.013229926 0.013226227 0.013222542 0.013218879 0.01321523
 0.013211611 0.013207998 0.013204416 0.013200858 0.013197316 0.01319378
 0.013190276 0.013186783 0.013183318 0.013179873 0.013176439 0.013173018
 0.013169624 0.01316625 0.013162886 0.013159545 0.01315623 0.01315293
 0.013149656 0.013146395 0.013143159 0.013139938 0.0131367305 0.013133536
 0.013130365 0.013127213 0.013124079 0.013120952 0.013117847 0.013114768
 0.013111701 0.013108651 0.013105617 0.013102598 0.013099597 0.0130966185
 0.013093657 0.013090716 0.013087789 0.01308487 0.013081976 0.013079098
 0.013076245 0.0130733885 0.01307056 0.0130677335 0.013064937 0.013062155
 0.013059386 0.013056627 0.01305389 0.0130511625 0.013048457 0.013045761
 0.013043083 0.013040436 0.013037793 0.013035167 0.013032563 0.013029962
 0.013027376 0.013024811 0.01302226 0.013019723 0.013017201 0.01301469
 0.0130122 0.01300972 0.013007257 0.013004806 0.01300237 0.0129999565
 0.0129975425 0.012995152 0.012992775 0.012990409 0.012988059 0.012985731
 0.012983408 0.012981096 0.012978803 0.012976508 0.012974235 0.012971977
 0.012969728 0.012967494 0.012965278 0.012963068 0.012960869 0.012958687
 0.012956522 0.012954374 0.01295223 0.012950094 0.012947979 0.012945868
 0.012943775 0.012941695 0.012939628 0.012937575 0.012935533 0.012933501
 0.012931494 0.012929479 0.012927485 0.012925502 0.012923532 0.012921571
 0.012919622 0.012917685 0.012915771 0.01291386 0.0129119605 0.012910072
 0.0129082 0.012906338 0.012904484 0.012902635 0.01290081 0.012898991
 0.012897175 0.012895381 0.012893591 0.0128918225 0.012890058 0.012888296
 0.012886553 0.012884806 0.012883081 0.012881364 0.012879666 0.012877965
 0.012876288 0.01287462 0.012872951 0.012871295 0.012869651 0.012868024
 0.012866404 0.012864796 0.0128631955 0.012861608 0.012860033 0.012858462
 0.0128569 0.01285536 0.0128538245 0.012852293 0.012850781 0.012849269
 0.012847765 0.012846271 0.0128447935 0.01284332 0.012841854 0.012840401
 0.012838961 0.01283752 0.0128361005 0.012834684 0.012833281 0.0128318835
 0.012830483 0.012829098 0.012827728 0.012826367 0.012825006 0.012823661
 0.012822324 0.012820996 0.012819683 0.012818372 0.01281707 0.012815775
 0.012814484 0.012813205 0.012811931 0.012810664 0.012809411 0.0128081655
 0.012806931 0.0128057 0.012804483 0.01280328 0.012802065 0.012800873
 0.01279969 0.012798503 0.012797327 0.012796156 0.0127949985 0.012793851
 0.012792707 0.012791568 0.012790436 0.012789328 0.012788223 0.01278712
 0.012786028 0.012784939 0.012783865 0.012782792 0.012781731 0.012780673
 0.012779625 0.012778581 0.012777541 0.012776517 0.0127754845 0.012774475
 0.012773465 0.01277247 0.012771478 0.012770495 0.012769514 0.012768543
 0.012767577 0.012766617 0.012765676 0.012764728 0.012763794 0.012762867
 0.012761948 0.012761039 0.0127601335 0.012759235 0.012758337 0.012757448
 0.012756561 0.012755683 0.012754814 0.012753947 0.012753091 0.0127522275
 0.012751379 0.012750536 0.0127497045 0.012748872 0.012748057 0.012747233
 0.012746426 0.012745623 0.01274482 0.012744031 0.012743243 0.012742465
 0.01274169 0.012740924 0.012740162 0.012739404 0.012738652 0.012737909
 0.012737165 0.012736434 0.012735709 0.012734993 0.012734285 0.012733571
 0.012732869 0.01273217 0.012731479 0.01273079 0.01273012 0.0127294455
 0.012728783 0.012728128 0.012727469 0.012726826 0.012726179 0.012725541
 0.012724903 0.012724277 0.012723649 0.01272303 0.012722411 0.01272179
 0.012721186 0.012720578 0.01271998 0.012719387 0.012718799 0.012718214
 0.0127176335 0.012717072 0.0127165085 0.012715957 0.012715402 0.012714853
 0.012714305 0.012713762 0.01271322 0.012712694 0.012712159 0.012711631
 0.012711108 0.012710584 0.012710071 0.012709552 0.012709042 0.012708543
 0.012708042 0.012707541 0.012707052 0.012706573 0.0127061 0.01270562
 0.012705154 0.012704691 0.0127042355 0.012703778 0.012703329 0.012702892
 0.012702458 0.012702021 0.012701598 0.0127011705 0.012700751 0.012700336
 0.012699924 0.012699523 0.012699119 0.012698718 0.012698334 0.0126979435
 0.012697564)