0.08863054596
0.06401350251999997
0.051720394820000015
0.041689420319999976
0.034830752439999994
0.030457966660000002
0.027553927640000007
0.02549874885999999
0.02394503177999999
0.022693499279999994
0.021634169219999996
0.020705675700000002
0.019871448439999995
0.019105759690000005
0.018383663810000003
0.01768415248
0.017034223700000007
0.01646606681
0.015966503349999998
0.015520687220000001
0.015119787450000003
0.014758182959999998
0.014431942199999999
0.014138007449999997
0.01387376505
0.01363682649
0.013424948060000002
0.01323601869
0.01306806893
0.01291927876
0.012787978789999998
0.012672641980000001
0.012571874059999997
0.012484389850000005
0.012409007950000005
0.012344632400000005
0.012290247039999994
0.012244917059999997
0.01220778104
0.012178047219999998
0.012154993149999998
0.012137949709999998
0.01212630642
0.012119493769999998
0.012116987820000005
0.012118305869999998
0.012123002149999998
0.012130667709999998
0.012140926009999997
0.012153431269999997
0.01216787367
0.012183969989999998
0.012201464439999999
0.01222013514
0.012239783300000005
0.01226023923
0.012281352969999994
0.012303000500000001
0.012325068080000003
0.012347467020000004
0.012370116009999998
0.012392948800000001
0.0124159088
0.012438945960000001
0.012462018679999999
0.012485094959999997
0.01250814428
0.012531141969999998
0.01255406624
0.012576900059999997
0.012599629020000001
0.012622241870000002
0.01264472728
0.0126670761
0.012689281830000001
0.012711339669999995
0.012733245030000005
0.012754994009999996
0.012776581459999999
0.01279800794
0.012819270479999995
0.01284036919
0.0128613022
0.012882068719999999
0.01290267112
0.012923105870000002
0.012943375319999999
0.01296348082
0.012983421229999993
0.013003198869999996
0.01302281472
0.013042267809999999
0.01306156111
0.013080696309999997
0.013099673059999999
0.013118492559999997
0.013137158919999998
0.0131556706
0.013174030799999997
0.01319223907
0.013210299179999998
0.013228209089999998
0.0132459748
0.013263593329999998
0.01328106713
0.013298401339999998
0.013315593679999994
0.01333264625
0.01334956008
0.01336633815
0.013382979930000004
0.01339948923
0.013415866240000003
0.013432109940000003
0.013448226240000001
0.013464211280000004
0.01348007105
0.01349580282
0.013511411750000002
0.013526897550000002
0.013542259980000002
0.013557503229999998
0.013572625660000002
0.013587630120000003
0.013602516999999998
0.013617288169999998
0.013631943170000002
0.013646486849999999
0.013660916059999997
0.013675234170000003
0.013689443160000002
0.013703540300000006
0.01371753021
0.013731413620000004
0.01374519063
0.013758862589999997
0.013772431750000001
0.013785896090000001
0.013799258589999999
0.013812521520000003
0.01382568474
0.01383874711
0.013851712110000008
0.013864578970000001
0.013877349870000005
0.013890025529999999
0.013902606229999998
0.013915093749999996
0.013927489
0.013939792239999997
0.013952004290000007
0.013964125699999998
0.013976159209999998
0.013988103049999999
0.01399996088
0.01401172926
0.014023412190000003
0.014035011329999998
0.01404652471
0.014057955969999996
0.01406930273
0.014080566939999997
0.014091751389999997
0.014102853500000002
0.014113877189999995
0.014124820489999999
0.014135685200000005
0.014146472369999998
0.014157180410000001
0.014167813220000002
0.014178370680000002
0.01418885336
0.014199260640000004
0.014209593250000001
0.014219853509999996
0.014230039510000004
0.014240156179999994
0.014250200249999997
0.014260174529999996
0.014270077350000004
0.014279910440000002
0.014289674250000004
0.014299370909999998
0.014308997740000001
0.014318558750000005
0.014328054029999999
0.014337482519999998
0.014346845270000002
0.014356144320000002
0.014365377060000002
0.014374546939999996
0.014383653320000007
0.01439269651
0.014401676750000002
0.014410595539999994
0.014419452890000002
0.014428250830000003
0.014436986519999997
0.014445664409999996
0.014454281729999997
0.014462839889999997
0.014471340389999997
0.014479783149999998
0.014488167760000002
0.014496493619999997
0.014504765110000001
0.014512981749999997
0.014521140430000001
0.014529244720000003
0.014537294319999998
0.014545288609999998
0.014553229570000001
0.01456111647
0.014568949829999995
0.01457673234
0.014584461810000006
0.014592138789999997
0.014599764680000002
0.014607339579999998
0.014614863010000001
0.014622336610000002
0.014629759530000007
0.014637134559999996
0.014644458959999997
0.014651734059999998
0.014658961759999993
0.014666139040000001
0.014673272599999999
0.014680355909999998
0.01468739101
0.014694381090000003
0.014701324269999998
0.014708221100000005
0.014715072569999998
0.014721879619999998
0.014728640690000001
0.014735358050000001
0.014742029740000002
0.014748658389999995
0.014755242320000002
0.01476178215
0.014768279829999995
0.014774733340000002
0.014781145830000002
0.0147875155
0.014793841379999999
0.014800128619999998
0.01480637247
0.014812575209999998
0.014818738619999994
0.014824859419999998
0.01483093988
0.014836982219999996
0.01484298407
0.01484894919
0.014854870489999996
0.01486075525
0.01486660138
0.014872408500000005
0.014878176920000003
0.014883908949999995
0.01488960367
0.014895260570000003
0.014900879349999998
0.014906461779999998
0.01491200658
0.014917516499999998
0.01492299009
0.014928427840000003
0.01493383111
0.01493919799
0.01494453023
0.014949827030000003
0.014955089590000002
0.014960317700000001
0.014965511269999995
0.014970671079999996
0.014975798779999999
0.014980890889999996
0.01498595035
0.014990977679999996
0.01499597144
0.015000931810000001
0.015005861320000001
0.015010758849999998
0.01501562298
0.015020456359999995
0.015025258750000003
0.015030027180000006
0.015034768109999996
0.015039474269999997
0.015044151640000001
0.015048798939999998
0.01505341611
0.015058001560000001
0.015062559920000003
0.01506708719
0.015071585170000002
0.015076053779999998
0.015080493849999996
0.015084904050000004
0.015089285410000004
0.015093639639999996
0.015097965079999998
0.015102260699999998
0.0151065279
0.015110770469999995
0.01511498501
0.015119171889999998
0.015123333290000006
0.01512746588
0.015131572420000003
0.015135652720000002
0.015139704569999999
0.01514373174
0.015147734340000002
0.01515170881
0.015155658420000002
0.015159582869999997
0.015163481200000002
0.015167354180000002
0.01517120109
0.01517502636
0.015178823679999998
0.01518259947
0.015186349340000002
0.015190076110000004
0.015193779210000003
0.015197457039999996
0.015201110710000004
0.015204742369999998
0.01520835083
0.01521193549
0.01521549771
0.015219036679999994
0.015222554009999995
0.015226049210000002
0.01522952021
0.01523297061
0.015236397869999998
0.015239803789999997
0.015243187810000008
0.015246549890000002
0.015249892189999998
0.015253212580000002
0.015256512149999998
0.0152597898
0.015263047790000001
0.01526628289
0.015269500869999992
0.015272696159999998
0.015275872549999998
0.015279028499999998
0.01528216525
0.015285283160000001
0.015288379119999997
0.015291457690000001
0.015294515790000004
0.015297555690000002
0.015300575509999994
0.01530357739
0.015306561299999995
0.015309525320000003
0.01531247135
0.015315399969999999
0.01531831014
0.015321200129999995
0.015324074149999999
0.01532693084
0.015329768409999998
0.015332589079999999
0.015335393030000002
0.015338180139999998
0.015340950590000003
0.01534370151
0.015346438090000003
0.015349157550000006
0.015351859679999993
0.015354545569999996
0.015357214540000004
0.01535986759
0.015362506190000003
0.015365126829999996
0.015367731359999994
0.015370320910000004
0.01537289807
0.015375457819999999
0.015378002839999998
0.015380531390000006
0.015383044530000002
0.015385543960000001
0.015388028009999997
0.015390496679999999
0.015392951180000001
0.015395392270000006
0.01539781904
0.015400228640000005
0.015402627839999992
0.015405010739999994
0.015407377740000004
0.015409733979999996
0.015412075880000004
0.01541440225
0.01541671785
0.015419018869999994
0.015421308599999996
0.015423584159999998
0.015425845160000002
0.015428096340000001
0.015430331660000001
0.015432556969999997
0.015434766610000004
0.01543696497
0.015439149559999997
0.015441322819999999
0.015443484570000004
0.015445633229999998
0.015447770659999997
0.015449895850000001
0.015452009619999998
0.015454110250000007
0.015456201580000004
0.015458278389999998
0.015460346789999998
0.015462404389999997
0.015464447840000006
0.015466481050000001
0.015468503610000002
0.015470515619999991
0.01547251482
0.015474504830000005
0.01547648282
0.01547845188
0.015480409460000002
0.015482356460000003
0.015484294400000001
0.015486220030000004
0.015488136579999996
0.015490044430000002
0.01549194138
0.015493828879999998
0.01549570671
0.015497572660000005
0.01549942907
0.015501277800000005
0.015503117270000002
0.015504946900000005
0.015506767230000001
0.01550857671
0.015510378839999998
0.015512175310000001
0.01551395653
0.015515731949999998
0.01551749664
0.015519254939999996
0.015521005049999998
0.015522743979999998
0.015524474619999997
0.015526197509999997
0.015527911229999998
0.01552961864
0.015531319529999999
0.01553300962
0.015534692289999999
0.015536364629999999
0.01553803155
0.01553969143
0.015541341880000004
0.015542984610000001
0.015544621659999997
0.015546249840000003
0.015547872789999998
0.015549487120000005
0.015551093629999999
0.015552692800000004
0.015554284789999994
0.015555869859999998
0.015557448859999996
0.01555902075
0.015560584309999998
0.015562143579999998
0.01556369422
0.015565238369999998
0.015566776599999999
0.01556830858
0.01556983385
0.015571353490000002
0.015572865629999998
0.015574372219999997
0.015575873910000003
0.015577367759999999
0.0155788569
0.015580339369999998
0.015581815600000002
0.015583287390000002
0.015584752469999996
0.015586212939999995
0.015587668230000002
0.015589118359999998
0.015590563430000003
0.015592002399999996
0.015593436040000002
0.015594864010000003
0.015596288449999997
0.015597706249999989
0.015599120760000003
0.015600529899999998
0.015601933299999992
0.015603333549999997
0.015604728630000002
0.015606119229999998
0.01560750358
0.015608885949999993
0.015610263189999998
0.015611635530000001
0.015613004179999999
0.015614367590000003
0.015615725640000001
0.015617082360000001
0.01561843504
0.015619783160000001
0.015621127499999998
0.0156224683
0.015623803340000004
0.015625137340000008
0.01562646493
0.01562779189
0.015629114189999998
0.01563043112
0.015631747180000002
0.015633060000000008
0.01563436746
0.015635673609999998
0.01563697491
0.015638272279999997
0.015639569600000004
0.01564086183
0.01564215059
0.01564343649
0.015644720549999998
0.015646000820000002
0.01564727924
0.015648555560000003
0.015649829060000005
0.015651097319999998
0.015652366779999996
0.015653631430000002
0.015654894010000003
0.015656155539999998
0.01565741509
0.01565867102
0.0156599265
0.015661175830000002
0.01566242751
0.01566367314
0.01566491968
0.015666162459999994
0.015667405590000003
0.015668643719999997
0.01566988226
0.015671117569999997
0.015672351979999995
0.015673583680000002
0.015674813359999994
0.01567604441
0.015677273380000002
0.01567850027
0.015679725239999998
0.0156809482
0.015682169459999996
0.0156833908
0.0156846096
0.01568582821
0.015687043790000008
0.01568825935
0.015689474079999995
0.01569068508
0.015691897399999998
0.01569310852000001
0.01569431981
0.01569552718
0.015696737019999997
0.015697944020000007
0.015699150589999995
0.01570035633
0.015701561390000004
0.01570276689
0.015703971870000003
0.015705175549999995
0.015706378000000003
0.015707579920000003
0.015708780359999997
0.01570998094
0.01571117974
0.015712379460000002
0.015713578049999996
0.015714775960000003
0.015715975000000004
0.01571717309
0.01571837132
0.01571956833
0.015720765860000006
0.01572196304
0.01572315866
0.01572435572
0.015725552929999997
0.0157267479
0.015727944080000004
0.015729140589999996
0.0157303359
0.015731532550000003
0.015732728620000004
0.01573392363
0.01573511948
0.015736316709999996
0.015737514260000002
0.015738711260000003
0.01573991018
0.01574110568
0.01574230319
0.015743500320000003
0.015744697219999996
0.015745895880000006
0.015747094429999997
0.015748292340000004
0.01574948999
0.01575068972
0.015751888680000003
0.015753088689999993
0.015754288710000005
0.015755489770000002
0.015756691609999998
0.015757894520000003
0.01575909747
0.015760300169999998
0.015761504580000002
0.015762709379999996
0.015763912079999998
0.01576511828
0.015766325669999998
0.01576753316
0.015768740430000004
0.01576994821
0.01577115837
0.015772368170000006
0.015773579210000003
0.015774791479999998
0.01577600428
0.015777216429999998
0.015778432670000005
0.015779647270000002
0.015780862990000005
0.015782079410000004
0.01578329626
0.015784516410000005
0.01578573555
0.015786956
0.015788177690000002
0.01578939919
0.01579062326
0.015791848129999998
0.015793073749999994
0.01579429978
0.015795526159999997
0.01579675303
0.01579798316
0.0157992138
0.015800444730000005
0.01580167806
0.01580291309
0.0158041473
0.0158053812
0.01580661924
0.015807857329999998
0.015809096869999997
0.015810337780000006
0.015811579550000007
0.01581282192
0.015814067449999997
0.015815312570000004
0.015816559660000007
0.015817809049999996
0.01581905906000001
0.01582030942
0.01582156258
0.01582281579
0.015824069870000002
0.01582532653
0.015826584049999995
0.01582784301
0.015829104169999997
0.015830366080000005
0.01583162716
0.015832893290000004
0.01583415886
0.015835425759999997
0.015836693989999998
0.015837964110000005
0.015839234999999997
0.015840508790000003
0.01584178235
0.015843057799999997
0.015844336959999997
0.01584561541
0.015846896080000002
0.015848176160000005
0.01584945956
0.015850744700000002
0.01585203146
0.01585331806
0.015854607199999995
0.015855897950000003
0.015857189369999997
0.015858484300000003
0.015859779289999997
0.01586107642
0.015862371829999996
0.01586367248
0.01586497449
0.015866278139999995
0.015867581450000005
0.01586888887
0.015870196359999998
0.015871506319999996
0.0158728174
0.01587413084
0.015875445359999997
0.01587675987
0.01587807768
0.015879396440000002
0.015880718780000004
0.015882039949999996
0.01588336506
0.01588469074
0.015886017700000005
0.015887346400000002
0.01588867766
0.015890010299999997
0.015891344249999998
0.015892680769999997
0.01589401676
0.015895356519999994
0.01589669599
0.01589803926
0.015899382759999997
0.015900729070000005
0.015902076030000004
0.015903424819999998
0.015904776920000002
0.015906128180000007
0.015907482580000007
0.015908837
0.015910193760000003
0.015911552060000004
0.015912912220000002
0.015914275409999998
0.015915639180000003
0.015917005300000002
0.01591837205
0.0159197411
0.01592111086
0.01592248308
0.015923857000000003
0.015925232249999997
0.015926607800000003
0.01592798846
0.015929368099999997
0.015930749310000006
0.015932134169999997
0.01593351888
0.01593490729
0.01593629582
0.01593768812
0.01593908059
0.015940474540000003
0.015941868729999996
0.015943268809999998
0.015944668
0.015946067790000004
0.01594747138
0.01594887636
0.01595028187
0.01595168821
0.01595309714
0.01595450716
0.015955921289999994
0.015957334639999998
0.01595874965
0.015960168160000007
0.015961586539999996
0.015963005819999997
0.0159644273
0.015965850530000006
0.01596727668999999
0.01596870397
0.0159701327
0.01597156369
0.015972995269999995
0.015974429209999995
0.01597586495
0.015977301750000002
0.015978739999999995
0.015980181719999997
0.015981623009999998
0.015983066820000006
0.015984510939999995
0.01598595825000001
0.01598740667
0.01598885715
0.015990308879999998
0.015991762889999993
0.015993217780000003
0.01599467459
0.01599613403
0.015997592970000002
0.015999053899999997
0.016000516280000005
0.016001980319999994
0.016003447559999988
0.016004915260000002
0.01600638461
0.016007855919999994
0.016009328790000003
0.016010801579999998
0.016012277899999993
0.016013755180000002
0.01601523413
0.016016714900000003
0.0160181962
0.01601968093
0.016021165420000004
0.016022653010000002
0.016024139940000005
0.016025630320000005
0.016027122419999994
0.016028616910000005
0.016030111139999997
0.016031606020000005
0.016033105070000005
0.016034604600000005
0.01603610356
0.016037607010000003
0.016039110699999998
0.01604061602
0.016042124019999996
0.016043633309999996
0.016045142380000002
0.016046653859999992
0.01604816689
0.016049681469999993
0.01605119776
0.01605271579
0.01605423352
0.016055755959999998
0.01605727785
0.016058801210000008
0.016060325739999996
0.0160618498
0.01606337863
0.01606490559
0.01606643725
0.016067970199999993
0.01606950284
0.01607103757
0.016072574970000003
0.016074112759999995
0.016075651400000005
0.016077191659999997
0.01607873327
0.016080276900000003
0.01608182303
0.016083369869999996
0.016084918559999998
0.016086468110000002
0.01608801673
0.0160895687
0.016091122719999996
0.016092677320000002
0.016094234550000003
0.016095793119999993
0.01609735268
0.016098912889999997
0.016100474729999998
0.016102037839999993
0.016103601379999995
0.01610516841
0.016106736389999998
0.01610830605
0.016109877519999996
0.01611145056
0.016113022899999996
0.01611459758
0.01611617257
0.016117750920000003
0.01611933009
0.016120908700000006
0.01612248999
0.01612407307
0.016125656500000005
0.01612724082
0.01612882681
0.01613041457
0.016132002960000006
0.016133594319999996
0.01613518417
0.016136778730000002
0.016138373589999998
0.016139969060000002
0.016141566250000003
0.01614316404
0.01614476391
0.01614636394
0.01614796619
0.01614957002
0.016151175060000002
0.016152780829999998
0.01615438664
0.016155994500000003
0.016157604319999998
0.01615921438
0.016160826920000003
0.016162440980000005
0.016164056090000007
0.016165671849999997
0.016167289140000003
0.016168907880000003
0.016170529339999996
0.016172148919999997
0.01617377177
0.01617539414
0.016177019480000002
0.016178644340000003
0.01618027217
0.01618189959
0.01618352904
0.016185158120000005
0.016186789879999997
0.016188421479999996
0.01619005513
0.01619169183
0.01619332827
0.016194964480000004
0.016196602579999993
0.016198242709999994
0.016199883089999995
0.01620152632
0.016203168359999996
0.016204812420000003
0.01620645706
0.016208102350000003
0.016209748979999997
0.01621139853
0.016213048489999996
0.016214699540000002
0.01621635097
0.01621800354
0.016219657989999997
0.01622131374
0.01622296972
0.016224626359999997
0.016226284910000003
0.01622794472
0.016229606060000002
0.01623126806
0.016232931689999994
0.01623459352
0.016236258620000003
0.016237923819999996
0.016239590730000003
0.016241258830000004
0.016242927639999998
0.01624459708
0.016246267639999996
0.016247937889999994
0.0162496119
0.016251286100000005
0.01625296099
0.016254637320000005
0.016256314440000003
0.016257991429999997
0.016259671020000005
0.0162613509
0.016263030820000003
0.01626471342
0.016266396549999996
0.016268080419999994
0.016269765979999993
0.01627145095
0.01627313828
0.016274824660000003
0.016276514139999997
0.01627820393
0.016279895649999997
0.016281586839999994
0.016283279660000004
0.016284972960000005
0.01628666689
0.016288362819999996
0.016290059689999997
0.016291757700000006
0.016293457659999996
