0.08623073267999998
0.08374658255999998
0.08163196991999999
0.07984567041999997
0.07833832061999998
0.07706044384
0.07596704531999998
0.07501948033999999
0.07418574382000002
0.07343995977999997
0.07276153567999999
0.07213428938000001
0.07154563320000001
0.07098582932
0.07044739332
0.06992458556000002
0.06941305425999998
0.06890949129999999
0.06841139572000002
0.06791693061999998
0.06742472456
0.06693380994
0.06644354583999998
0.06595352512000001
0.06546355133999998
0.06497359468
0.0644837679
0.06399426676000002
0.06350536201999998
0.06301736696
0.06253062232
0.062045449220000014
0.06156218054
0.061081104179999984
0.06060251201999998
0.060126653380000006
0.05965376373999997
0.05918406577999999
0.05871772761999999
0.058254914959999994
0.05779574880000001
0.057340327120000006
0.056888711800000005
0.05644092375999999
0.05599698337999999
0.055556857700000004
0.05512050948
0.054687887600000006
0.05425891924000001
0.053833527639999997
0.05341164214000002
0.05299316902000001
0.052578032099999984
0.052166146499999996
0.05175743650000001
0.051351828400000014
0.05094925281999999
0.05054964428
0.05015295802000001
0.049759157440000014
0.0493682064
0.048980107839999995
0.048594870080000005
0.04821252489999999
0.047833134900000004
0.047456772219999985
0.047083537360000004
0.04671354870000001
0.04634693844
0.04598385838000001
0.04562444913999999
0.045268858860000004
0.044917249379999996
0.04456974390000001
0.044226473660000015
0.04388754856
0.04355307046
0.04322311224
0.0428977507
0.04257702872
0.04226098819999999
0.041949649260000006
0.04164303603999999
0.04134114438
0.0410439699
0.040751501620000005
0.04046371744000001
0.04018059864
0.039902120699999995
0.039628244679999994
0.039358946060000004
0.03909419902
0.03883396702
0.038578223
0.03832693321999999
0.03808006939999999
0.03783758060000001
0.03759943258000001
0.03736557929999999
0.03713596146
0.03691051156
0.03668916667999999
0.03647184248
0.03625845547999999
0.03604890362
0.03584309919999999
0.03564093518000001
0.03544230445999998
0.035247097779999986
0.03505521030000001
0.03486653584000001
0.034680967240000006
0.03449841272000001
0.03431877716
0.034141975559999996
0.03396792902
0.0337965681
0.03362783195999999
0.033461668679999994
0.033298032719999995
0.0331368825
0.03297818384
0.032821910659999995
0.03266803324
0.03251651931999999
0.03236734148
0.0322204698
0.03207586116
0.03193348414
0.0317932912
0.03165522702
0.03151924177999999
0.03138528158
0.031253279159999994
0.03112316664
0.030994879880000006
0.030868351300000003
0.03074351300000001
0.030620292840000007
0.030498617220000006
0.03037842328
0.030259648119999996
0.030142220699999986
0.03002608376
0.029911180279999994
0.029797453300000006
0.02968485672
0.02957334402
0.02946287336000001
0.0293534078
0.029244923180000004
0.029137389819999998
0.029030790320000003
0.028925104699999996
0.028820323379999988
0.028716440719999993
0.028613441219999994
0.02851133194000001
0.028410106940000013
0.02830976011999999
0.02821029446000001
0.028111706400000002
0.02801398906
0.027917138100000006
0.027821146040000008
0.027726005559999996
0.027631700740000004
0.027538221059999993
0.027445546759999998
0.027353659560000004
0.027262543420000018
0.027172174599999998
0.027082532399999994
0.026993594559999994
0.02690533616
0.026817738720000008
0.026730777960000007
0.026644435940000006
0.02655869312
0.026473531019999993
0.02638893520000001
0.02630489388
0.026221393419999996
0.02613842672000001
0.026055991719999998
0.025974085020000003
0.025892707519999995
0.025811863630000004
0.025731556360000005
0.02565179764
0.025572593580000004
0.02549396024
0.025415904680000004
0.025338447519999998
0.025261596039999997
0.025185365699999993
0.025109767800000002
0.02503481737999999
0.024960518
0.024886882340000006
0.0248139158
0.024741619859999994
0.024669996859999998
0.024599045459999996
0.024528758959999997
0.024459132459999998
0.02439015650000001
0.02432182062
0.024254113480000002
0.024187016379999995
0.024120512739999992
0.024054585119999992
0.023989217720000004
0.023924390259999997
0.023860083940000002
0.02379627696
0.02373295044
0.023670085779999996
0.023607668339999992
0.023545674500000006
0.023484093100000002
0.02342290604000001
0.02336209981999999
0.02330166202
0.023241582690000002
0.02318185721
0.023122475830000003
0.023063436539999992
0.023004735439999993
0.022946376480000003
0.022888361840000003
0.022830691890000004
0.022773377340000005
0.022716424959999995
0.022659841979999998
0.022603639019999996
0.022547827859999994
0.022492418090000004
0.022437423019999993
0.022382851339999996
0.02232871652
0.0222750259
0.022221787770000008
0.022169008559999995
0.022116696279999997
0.02206485196000001
0.022013482659999993
0.021962590879999997
0.021912172329999993
0.021862229579999993
0.021812761200000003
0.02176376134
0.021715230390000003
0.021667159900000007
0.021619548859999997
0.021572388170000005
0.02152566916
0.021479392729999994
0.021433543090000003
0.021388118890000002
0.021343109350000004
0.021298509350000012
0.021254308010000007
0.021210500979999995
0.02116707957999999
0.021124034019999995
0.021081360809999995
0.02103905373999999
0.020997101140000005
0.020955496340000004
0.02091423725
0.020873313309999995
0.020832718240000006
0.02079244814000001
0.020752494609999998
0.020712853620000003
0.020673517439999997
0.020634483480000007
0.02059574379
0.020557298900000007
0.020519136270000002
0.02048125577000001
0.020443650600000002
0.020406317610000002
0.020369252359999993
0.020332450260000003
0.020295905420000003
0.020259615259999995
0.02022357421
0.02018778166
0.020152233119999998
0.020116920799999997
0.020081844080000005
0.02004699824
0.02001238182
0.019977987410000002
0.01994381422
0.01990985738
0.019876111409999998
0.019842573629999995
0.019809240489999998
0.019776111779999994
0.019743180540000002
0.019710439170000003
0.019677892779999998
0.019645527380000007
0.01961334148
0.01958133374
0.01954949798
0.01951782866
0.019486322109999996
0.01945497463
0.019423780119999998
0.019392732779999998
0.01936183078
0.019331062870000006
0.019300427409999998
0.019269913909999995
0.019239519640000004
0.019209236100000002
0.019179056570000005
0.019148974359999994
0.019118982899999998
0.01908907127
0.01905923614
0.01902946432
0.018999749389999997
0.01897008325
0.01894045398999999
0.018910855130000005
0.018881273999999997
0.018851703739999993
0.018822133860000007
0.018792554000000003
0.01876295944
0.018733337870000005
0.018703682439999997
0.01867398666
0.01864424388
0.018614452799999997
0.018584606110000002
0.01855470609
0.01852475377
0.018494753530000005
0.018464709130000007
0.018434631009999997
0.018404531829999994
0.01837442577
0.018344329840000007
0.018314265470000007
0.01828425578
0.018254324060000004
0.018224496600000008
0.01819479745
0.01816525696
0.018135896850000006
0.01810674767
0.0180778312
0.018049169340000008
0.018020780139999998
0.01799268106
0.017964890739999996
0.017937416899999992
0.017910270569999994
0.01788345818
0.017856985189999997
0.017830853389999998
0.017805063090000003
0.017779614659999998
0.017754506419999996
0.017729734879999997
0.017705290869999998
0.017681175599999998
0.01765738092
0.01763389835
0.01761072394
0.017587853339999997
0.01756527454
0.017542986730000005
0.01752097589
0.0174992402
0.017477772649999994
0.017456564400000003
0.017435609869999997
0.01741490229
0.01739443492
0.01737420548
0.017354204499999998
0.017334428989999998
0.017314872830000005
0.017295531160000002
0.01727639725
0.017257468120000004
0.01723873999
0.01722020587
0.01720186398
0.017183709479999993
0.017165736439999996
0.017147945650000003
0.017130331240000005
0.017112888050000004
0.01709561823
0.01707851099
0.01706157248
0.0170447939
0.01702817268
0.0170117088
0.016995396600000004
0.01697923801
0.01696322836
0.016947364350000004
0.01693164435
0.016916067559999998
0.016900630219999994
0.016885333860000004
0.016870172420000003
0.016855146020000003
0.016840252980000005
0.016825492060000002
0.016810862209999996
0.016796360489999995
0.016781985960000002
0.01676773642
0.01675361224
0.016739610400000004
0.01672573234
0.01671197361
0.01669833441
0.01668481243
0.01667140939
0.016658121080000005
0.016644946399999992
0.01663188659
0.016618937069999996
0.016606101590000005
0.016593374479999992
0.016580759290000004
0.016568252290000005
0.016555852450000005
0.016543557969999997
0.016531367749999998
0.016519283959999992
0.016507301599999996
0.016495423800000002
0.016483647719999998
0.01647197421
0.01646040095
0.016448925809999997
0.016437548459999996
0.016426269860000006
0.01641508916
0.0164040043
0.01639301616
0.016382120929999994
0.016371323699999992
0.016360615739999997
0.016350002580000002
0.01633947858
0.01632904761
0.0163187063
0.01630845453
0.016298292839999996
0.016288220639999997
0.01627823308
0.01626833334
0.016258519419999996
0.016248791300000003
0.016239149970000002
0.01622959378
0.01622012043
0.01621072872
0.016201420980000002
0.016192193280000003
0.01618304814
0.016173982740000002
0.01616499951
0.016156094859999998
0.01614726856
0.016138520580000003
0.016129852320000006
0.01612125977
0.016112741750000003
0.016104300250000005
0.016095936349999996
0.016087647289999996
0.016079432069999997
0.016071291440000003
0.01606322189
0.016055225369999995
0.01604730396
0.01603945193
0.016031671169999998
0.01602396209
0.01601632114
0.016008751230000003
0.01600124936
0.01599381612
0.015986452090000002
0.015979153609999998
0.01597192379
0.015964762129999997
0.015957663709999993
0.01595063027
0.01594366383
0.01593676085
0.01592992123000001
0.015923146340000003
0.01591643451
0.015909784490000002
0.015903199019999998
0.015896674420000007
0.015890210179999996
0.01588380709
0.01587746484
0.015871182430000002
0.01586495995
0.01585879487
0.015852689219999997
0.015846640769999996
0.015840650529999997
0.015834717629999998
0.015828840950000003
0.015823021030000006
0.01581725516
0.015811546769999997
0.015805892409999998
0.015800293219999997
0.015794749260000004
0.015789259599999998
0.01578382111
0.015778436859999998
0.015773104330000006
0.01576782418
0.01576259739
0.01575741874
0.015752294880000003
0.01574721889
0.01574219409000001
0.01573721684
0.015732290219999997
0.015727413049999996
0.01572258539
0.015717802110000005
0.015713068890000004
0.01570838126
0.015703742899999998
0.01569914971
0.01569460204
0.01569010143
0.0156856454
0.01568123385
0.01567686786
0.015672547959999995
0.01566826891
0.01566403605
0.015659844260000003
0.01565569541
0.015651589969999997
0.01564752834
0.0156435049
0.015639523330000002
0.01563558363000001
0.01563168344
0.015627825090000002
0.01562400321
0.01562022256
0.015616481180000004
0.015612776540000007
0.015609114100000003
0.015605487320000007
0.015601897450000003
0.015598344919999998
0.01559483045
0.015591351649999996
0.01558790788
0.015584503880000003
0.015581132269999999
0.015577793659999997
0.015574492669999997
0.015571225390000004
0.015567992289999999
0.015564792699999998
0.01556162517
0.015558489329999996
0.015555385419999998
0.0155523159
0.01554927704
0.015546269109999995
0.015543290760000002
0.015540344239999998
0.015537427889999995
0.015534540730000004
0.015531682419999996
0.015528853159999998
0.015526052460000002
0.015523281430000006
0.015520537470000002
0.015517819000000006
0.01551512762
0.01551246281
0.015509825220000002
0.015507213950000003
0.01550462453
0.015502063460000002
0.015499524360000006
0.01549700599
0.015494514930000002
0.01549204614
0.015489598349999998
0.015487173040000003
0.015484768380000003
0.015482382869999993
0.015480019170000003
0.015477674969999996
0.01547534988
0.015473044729999995
0.015470755919999997
0.015468486179999996
0.015466232330000001
0.01546399613
0.015461773909999999
0.015459568889999997
0.015457377559999994
0.01545520017
0.015453034640000005
0.015450883160000001
0.015448742640000002
0.015446612590000004
0.015444493680000003
0.015442381099999996
0.015440277459999999
0.015438183110000002
0.015436095219999996
0.015434013999999998
0.015431937010000002
0.015429865159999995
0.015427792700000003
0.01542572195
0.015423653300000001
0.015421581039999997
0.01541950759
0.015417431480000004
0.015415352260000001
0.015413264549999998
0.0154111706
0.015409065960000001
0.015406952249999996
0.015404823339999991
0.015402682540000004
0.015400522239999997
0.015398345480000004
0.015396147320000003
0.015393926410000005
0.015391679539999998
0.01538940598
0.01538710273
0.015384766690000001
0.015382393009999997
0.0153799832
0.015377527949999992
0.01537502624
0.015372475389999998
0.015369871150000002
0.01536720927
0.015364485420000002
0.015361694049999996
0.01535882853
0.015355887010000003
0.015352862589999999
0.015349749059999999
0.015346537799999999
0.015343227929999998
0.015339806969999998
0.015336269430000002
0.015332608460000006
0.01532881536
0.015324882419999993
0.015320799219999997
0.015316558899999997
0.01531214989
0.015307561500000002
0.01530278706
0.015297813060000004
0.015292632240000006
0.015287233620000005
0.015281610690000003
0.015275748790000003
0.015269645390000005
0.015263293980000002
0.015256686589999997
0.015249821389999998
0.015242699039999997
0.01523532147
0.015227693429999998
0.015219823449999996
0.015211724679999998
0.015203414410000005
0.015194916009999998
0.015186255539999997
0.015177461400000002
0.015168573670000003
0.015159625389999997
0.015150660880000007
0.015141719410000008
0.01513284585
0.015124080889999997
0.015115463230000004
0.0151070326
0.015098819399999996
0.015090855319999995
0.015083161700000004
0.015075757870000001
0.015068658209999999
0.015061872569999997
0.015055405669999999
0.015049256380000004
0.015043423530000002
0.015037902240000001
0.01503268262
0.01502775471
0.015023110950000003
0.015018735079999995
0.015014618680000001
0.015010745449999998
0.01500710516
0.015003684559999998
0.015000468969999998
0.01499744935
0.014994610939999996
0.014991945720000002
0.014989441769999999
0.014987087369999999
0.01498487323
0.014982793840000003
0.014980835530000004
0.014978993329999997
0.014977260700000003
0.014975626670000002
0.014974089090000002
0.014972638189999997
0.014971269230000004
0.01496997923
0.014968761430000001
0.014967610519999997
0.014966523
0.014965496569999999
0.014964525390000004
0.01496360724
0.014962738879999998
0.014961916150000002
0.0149611362
0.014960399169999996
0.014959700950000002
0.014959040070000002
0.014958414090000007
0.014957821439999996
0.014957262499999999
0.014956732000000006
0.014956232310000001
0.014955757999999994
0.014955311560000002
0.014954889759999996
0.014954492760000002
0.014954117730000008
0.014953765800000001
0.014953434040000001
0.014953123179999998
0.014952833120000002
0.014952562150000005
0.014952308980000004
0.014952074480000004
0.014951857570000003
0.0149516582
0.014951475460000004
0.014951307729999997
0.014951156790000005
0.014951022090000002
0.014950900800000005
0.014950795210000001
0.01495070449
0.014950626030000008
0.01495056171
0.014950511949999997
0.014950474540000003
0.014950450279999998
0.014950438669999995
0.014950439019999994
0.014950450899999999
0.014950476259999998
0.01495051348
0.014950560539999998
0.014950620519999997
0.01495068997
0.014950771769999998
0.014950864630000005
0.014950969440000001
0.014951082329999994
0.014951206940000008
0.014951341990000002
0.014951487109999996
0.014951642509999998
0.014951807249999997
0.014951982080000006
0.014952166879999998
0.014952359989999999
0.01495256371
0.01495277685
0.01495299848
0.014953230510000004
0.014953469570000003
0.014953717370000003
0.014953975510000009
0.014954242770000004
0.01495451866
0.01495480337
0.014955095710000003
0.01495539716
0.014955706650000006
0.014956024449999996
0.014956350220000001
0.014956685040000002
0.014957027250000008
0.014957376490000002
0.01495773484
0.014958101259999997
0.014958476069999999
0.014958857129999998
0.014959246959999999
0.014959643309999998
0.014960049129999996
0.014960461080000001
0.014960879270000003
0.014961306720000001
0.014961741180000002
0.014962180870000001
0.014962629830000001
0.014963084769999992
0.014963545929999995
0.01496401443
0.014964489490000003
0.014964971900000002
0.014965461640000002
0.014965956919999994
0.014966460099999999
0.014966967379999998
0.014967484600000004
0.014968005949999998
0.014968532599999999
0.014969066900000003
0.014969607759999998
0.014970154849999999
0.014970706649999999
0.014971265919999999
0.01497183209
0.01497240412
0.01497298076
0.01497356472
0.014974151980000001
0.01497474718
0.014975348409999999
0.01497595421
0.014976567109999998
0.01497718407
0.014977808119999998
0.014978436959999997
0.014979071599999998
0.014979708959999997
0.014980355480000002
0.014981004529999994
0.014981659289999994
0.014982320420000004
0.01498298776
0.014983661219999994
0.01498433816
0.0149850194
0.014985708320000003
0.014986401500000007
0.01498710008
0.014987803219999995
0.014988510370000006
0.01498922201
0.014989939829999997
0.01499066167
0.014991388609999998
0.014992118910000001
0.01499285451
0.01499359504
0.014994339609999996
0.014995088410000003
0.014995839389999998
0.014996597199999994
0.01499736011
0.014998127030000004
0.014998899509999997
0.014999675279999996
0.015000455419999998
0.015001241049999997
0.015002029830000001
0.015002821550000003
0.01500361922
0.015004419990000002
0.015005225660000001
0.01500603252
0.015006844880000004
0.015007661119999995
0.01500848126
0.015009305480000002
0.01501013419
0.01501096651
0.01501180197
0.015012640820000004
0.01501348496
0.01501433269
0.01501518358
0.015016037359999998
0.015016895319999996
0.01501775385
0.015018617909999999
0.01501948682
0.015020357240000002
0.015021232010000002
0.01502210805
0.015022989009999998
0.01502387399
0.015024760819999998
0.015025652439999999
0.015026547220000004
0.015027445500000004
0.015028346450000002
0.015029251720000004
0.015030158120000003
0.01503106872
0.01503198319
0.01503289825
0.015033816700000004
0.01503473829
0.015035663569999995
0.015036590359999998
0.0150375213
0.015038454780000004
0.015039389829999998
0.015040328270000004
0.015041271650000005
0.015042217140000003
0.015043161760000003
0.015044111809999997
0.015045064140000003
0.015046020790000003
0.015046977309999996
0.015047935760000002
0.01504889926
0.01504986238
0.01505083011
0.015051799660000002
0.01505277247
0.015053746760000007
0.015054723039999997
0.015055702950000003
0.015056682820000002
0.015057668810000003
0.015058654099999996
0.015059640220000003
0.015060629329999999
0.01506162205
0.01506261645
0.015063612470000001
0.015064609209999998
0.01506560896
0.015066610979999997
0.015067615180000004
0.01506862026
0.01506962905
0.015070638819999998
0.015071649849999997
0.015072663830000001
0.015073676130000001
0.015074693299999997
0.01507571109
0.015076730220000003
0.015077751140000007
0.015078775109999993
0.015079799289999996
0.015080825150000003
0.015081852769999998
0.015082882620000002
0.01508391392
0.015084947039999996
0.015085981110000002
0.015087015550000001
0.01508805196
0.015089093030000002
0.015090133109999999
0.01509117376
0.015092217989999997
0.015093261559999998
0.01509430825
0.015095354480000003
0.015096404159999998
0.015097452689999999
0.01509850315
0.01509955622
