0.0963147201
0.08398547848000001
0.07595351428
0.07089281083999997
0.06744795333999999
0.06480657834
0.06257897158000002
0.06058816812
0.05875249608
0.05703233504000001
0.055407089040000024
0.05386503827999999
0.052398761059999986
0.05100307448000001
0.04967395272000001
0.048408063560000006
0.04720246434000001
0.046054486840000006
0.04496161493999999
0.04392145300000001
0.04293170333999998
0.041990120440000014
0.041094522499999994
0.04024278128000001
0.03943281452
0.03866260016
0.03793016802
0.037233603819999996
0.036571054080000005
0.03594072768000002
0.035340901439999996
0.0347699269
0.03422621136
0.033708241980000005
0.03321458288
0.032743852360000006
0.03229476046
0.031866079900000004
0.0314566483
0.031065373920000007
0.03069123369999999
0.030333265459999988
0.029990564760000008
0.029662280180000004
0.02934761775999999
0.029045832380000004
0.028756219179999997
0.028478120539999995
0.028210914880000004
0.02795401488
0.027706877039999994
0.027468971479999996
0.027239809719999997
0.02701892322
0.02680587777999999
0.026600252539999997
0.026401656779999998
0.026209715799999995
0.02602407786
0.025844411060000006
0.025670406740000002
0.025501764439999998
0.02533820282000001
0.025179458600000003
0.025025283659999994
0.024875447479999993
0.024729724640000002
0.024587913379999993
0.02444981195999999
0.02431523816
0.024184019399999993
0.024055992919999995
0.023931004679999996
0.023808907700000003
0.023689568759999998
0.02357285662
0.02345865103999999
0.023346838640000006
0.023237311559999994
0.023129969940000005
0.023024717400000002
0.022921463060000008
0.022820125780000002
0.022720619759999994
0.022622873119999998
0.02252681428000001
0.022432371220000004
0.022339486359999997
0.0222480959
0.022158140260000004
0.02206957114
0.021982333140000008
0.021896379020000002
0.021811662040000006
0.021728140020000005
0.021645772100000002
0.02156451825999999
0.02148433910000001
0.021405202499999994
0.021327073660000005
0.021249921020000003
0.02117371516
0.02109842556000001
0.021024024720000006
0.020950490239999998
0.02087779324
0.020805910639999994
0.020734822400000002
0.0206645049
0.020594937699999996
0.020526105140000004
0.020457983899999997
0.020390555960000004
0.02032380704
0.020257720020000005
0.020192279520000002
0.020127470699999997
0.02006328006
0.019999695480000003
0.019936700039999998
0.019874284859999997
0.019812436960000002
0.019751144159999998
0.019690396180000003
0.019630180580000003
0.019570490200000002
0.019511316179999995
0.01945264486
0.01939447238
0.019336787040000004
0.01927958192
0.019222847019999996
0.019166577340000004
0.01911076434
0.0190554022
0.01900048454
0.01894600112
0.01889194993
0.0188383217
0.01878511432
0.018732317679999992
0.01867992894
0.01862794353
0.018576354920000003
0.018525156959999997
0.01847434924
0.01842392287
0.018373874859999997
0.018324198539999993
0.018274891890000002
0.018225953679999997
0.01817737556
0.018129155620000004
0.018081289690000002
0.018033775020000004
0.01798660652
0.017939780760000003
0.01789329578
0.01784714849
0.01780133343
0.01775585266
0.017710696579999997
0.017665865050000003
0.017621355300000002
0.017577166550000006
0.017533292180000003
0.017489731259999995
0.01744648484
0.01740354316
0.017360909599999995
0.01731857964
0.01727655106
0.017234821520000002
0.017193388999999996
0.017152250469999998
0.01711140265
0.01707084638
0.017030576119999998
0.016990591639999993
0.01695089142
0.01691147254
0.016872332419999997
0.01683347008
0.01679488354
0.016756571949999997
0.016718531700000004
0.01668076088
0.016643260820000002
0.016606025579999996
0.01656905467
0.0165323473
0.01649589967
0.016459710280000005
0.01642378179
0.016388108989999997
0.016352688420000004
0.016317522570000003
0.01628260763
0.016247941159999994
0.0162135221
0.01617935317
0.01614542768
0.01611174548
0.016078304470000002
0.01604510377
0.016012142929999997
0.015979418549999996
0.015946930390000003
0.015914676270000004
0.015882655320000008
0.015850864200000002
0.015819304300000007
0.015787970930000002
0.015756866629999998
0.015725987849999998
0.015695334400000004
0.015664903200000004
0.015634694749999997
0.015604706720000005
0.01557493801
0.015545387790000005
0.015516052389999993
0.01548693255
0.015458026680000004
0.0154293322
0.015400849330000006
0.01537257743
0.015344512289999996
0.015316656699999997
0.015289006909999998
0.015261560749999997
0.015234319680000002
0.01520727888
0.01518044284
0.015153804309999998
0.01512736522
0.015101123890000002
0.015075078039999999
0.015049227620000001
0.015023571890000002
0.014998108649999998
0.014972837990000003
0.014947756329999997
0.014922863320000002
0.014898161149999995
0.014873643879999999
0.014849313709999996
0.014825167560000003
0.014801206329999993
0.014777423979999997
0.014753825260000002
0.014730408220000005
0.014707168030000004
0.014684105560000004
0.014661220879999999
0.01463851143
0.014615977540000002
0.014593617499999998
0.014571427800000002
0.014549410330000002
0.01452756447
0.014505886879999996
0.014484378149999998
0.014463036560000002
0.014441859670000001
0.014420847820000002
0.014400002710000002
0.014379317979999997
0.014358798249999997
0.014338438340000002
0.014318238439999999
0.014298197509999997
0.014278314390000005
0.014258587789999999
0.0142390163
0.014219600610000008
0.01420033784
0.014181230090000002
0.014162273320000003
0.01414346725
0.014124811269999999
0.014106304379999999
0.01408794561
0.01406973449
0.01405167085
0.01403375228
0.014015975060000005
0.013998343300000002
0.01398085188
0.013963506170000002
0.013946298110000001
0.013929230559999999
0.013912300940000004
0.013895510079999998
0.013878854959999997
0.013862336740000003
0.013845952279999997
0.013829703760000001
0.013813588719999999
0.013797605939999997
0.013781755409999999
0.013766034039999996
0.01375044365
0.01373498228
0.013719649410000003
0.013704442760000005
0.013689362980000001
0.013674410589999998
0.013659581649999999
0.013644879079999998
0.013630297520000001
0.013615837029999998
0.013601499340000003
0.013587282799999996
0.01357318622
0.01355920709
0.013545347009999997
0.013531605159999995
0.013517980100000007
0.01350447037
0.013491075009999999
0.013477794009999999
0.013464626749999997
0.013451574010000005
0.013438630230000002
0.013425797829999999
0.013413075890000004
0.013400465539999993
0.01338796343
0.013375570389999997
0.013363283429999998
0.01335110261
0.013339029040000004
0.013327060989999997
0.013315196
0.013303435789999993
0.01329177859
0.01328022359
0.013268770569999998
0.01325741901
0.01324616663
0.013235014349999998
0.01322396055
0.01321300522
0.013202146250000005
0.013191385410000001
0.013180720200000001
0.013170150240000001
0.013159674389999997
0.013149292889999999
0.01313900505
0.01312880924
0.013118705609999995
0.013108693780000005
0.013098773439999998
0.013088942059999999
0.01307919947
0.01306954771
0.013059983480000002
0.01305050586
0.013041115380000001
0.01303181256
0.013022593019999999
0.013013461359999999
0.013004413849999999
0.012995450019999999
0.012986569400000003
0.012977771300000003
0.012969054970000005
0.012960419350000005
0.012951863640000004
0.012943387379999997
0.01293499325
0.01292667731
0.012918441370000004
0.012910281020000003
0.01290219837
0.012894194579999997
0.012886265660000002
0.01287841278
0.012870634440000002
0.012862931390000004
0.01285530096
0.012847745269999995
0.01284026288
0.01283285234
0.012825514039999996
0.012818246609999999
0.012811050350000004
0.012803923940000001
0.012796867659999999
0.012789879969999998
0.012782961179999998
0.012776111220000002
0.01276932902
0.012762615319999998
0.01275596659
0.012749384779999994
0.012742868130000003
0.01273641624
0.012730031119999995
0.012723708239999998
0.012717448999999997
0.01271125298
0.01270512058
0.012699049720000001
0.01269304135
0.012687095609999997
0.012681211110000003
0.01267538577
0.012669621440000002
0.01266391523
0.012658268509999997
0.012652680619999994
0.01264714919
0.012641676349999999
0.012636261570000003
0.012630904059999996
0.012625602640000002
0.012620357739999994
0.012615167739999997
0.01261003344
0.012604953500000005
0.01259992838
0.012594956240000002
0.012590037850000003
0.01258517255
0.012580361600000001
0.01257560107
0.012570892740000004
0.012566236500000001
0.012561631660000003
0.012557075390000004
0.01255257113
0.012548116409999999
0.012543710920000001
0.012539354200000002
0.012535047030000001
0.012530788280000003
0.0125265771
0.01252241336
0.012518297669999998
0.012514228009999996
0.01251020426
0.012506226390000002
0.012502295210000004
0.01249840878
0.012494568620000004
0.012490772250000002
0.012487021219999998
0.01248331389
0.012479648990000002
0.01247602863
0.012472451649999996
0.012468916910000002
0.012465424199999998
0.01246197387
0.01245856444
0.01245519703
0.01245187004
0.01244858444
0.012445338960000002
0.01244213405
0.012438968889999999
0.012435842699999998
0.01243275622
0.012429706200000001
0.012426696269999999
0.012423723089999996
0.01242078934
0.012417892719999997
0.012415033129999998
0.012412210000000002
0.012409423749999999
0.01240667354
0.0124039602
0.012401281770000001
0.012398639829999997
0.01239603223
0.012393460099999998
0.012390922640000001
0.012388419739999998
0.012385949420000002
0.012383512850000002
0.01238111075
0.012378741129999999
0.012376405480000002
0.01237410194
0.012371831210000002
0.01236959264
0.012367385569999998
0.012365210189999996
0.012363067070000002
0.01236095434
0.012358872740000002
0.01235682051
0.012354798699999997
0.012352807709999995
0.0123508458
0.012348915029999998
0.012347012359999996
0.01234514076
0.01234329674
0.012341481309999996
0.01233969379
0.012337934219999997
0.012336203410000007
0.012334500840000002
0.01233282501
0.012331177460000002
0.012329556209999998
0.01232796303
0.012326395760000003
0.012324854829999999
0.012323339350000002
0.01232184935
0.01232038464
0.012318948529999998
0.012317535689999994
0.012316148250000002
0.012314787120000002
0.0123134497
0.012312136230000003
0.01231084809
0.01230958243
0.012308340859999994
0.012307122099999998
0.012305928280000005
0.012304756760000002
0.012303609720000004
0.012302484839999999
0.012301382709999998
0.012300302169999998
0.012299244989999996
0.01229820868
0.012297195160000001
0.01229620288
0.012295231850000003
0.01229428292
0.012293355289999999
0.012292448980000002
0.012291563170000004
0.01229069705
0.01228985107
0.012289027000000003
0.01228822323
0.012287438410000002
0.012286674180000002
0.012285929209999998
0.012285203429999997
0.01228449719
0.012283810219999995
0.01228314206
0.012282492859999996
0.01228186256
0.01228125009
0.012280655989999998
0.012280079679999998
0.012279522460000001
0.012278981230000003
0.012278458550000005
0.012277954439999999
0.012277466620000002
0.012276995499999999
0.01227654171
0.012276104889999999
0.012275685279999999
0.012275281390000002
0.012274894079999996
0.012274523969999996
0.012274169469999999
0.012273832860000007
0.012273512379999997
0.012273205840000002
0.012272916140000001
0.01227264071
0.012272381019999999
0.012272136589999993
0.012271907399999997
0.012271694069999999
0.012271495420000006
0.012271311690000003
0.012271140590000002
0.012270986509999995
0.012270845139999997
0.012270718199999999
0.012270605080000002
0.012270506110000001
0.012270421510000002
0.012270350740000002
0.012270293429999999
0.012270248339999998
0.01227021685
0.012270199240000002
0.012270195320000002
0.012270203389999998
0.012270225090000005
0.012270259769999998
0.01227030622
0.012270365029999999
0.012270437790000007
0.012270522899999999
0.01227061948
0.01227072783
0.012270849000000004
0.012270981329999996
0.012271126799999997
0.012271282899999996
0.012271451440000001
0.012271629699999998
0.012271820770000002
0.012272022939999998
0.01227223619
0.012272459169999996
0.012272694799999997
0.012272940839999998
0.012273197809999999
0.0122734649
0.01227374312
0.012274032009999998
0.012274331869999999
0.012274641350000004
0.012274961089999998
0.012275288990000001
0.01227562906
0.012275978060000001
0.012276336870000001
0.012276705959999997
0.01227708462
0.012277471980000003
0.012277870829999999
0.01227827771
0.012278694279999995
0.012279119759999995
0.012279554660000002
0.012279998310000002
0.012280451140000002
0.012280913920000004
0.012281384869999993
0.012281863990000001
0.01228235222
0.012282849020000004
0.01228335436
0.012283869860000001
0.01228439258
0.01228492364
0.012285463779999999
0.012286011570000003
0.012286566240000003
0.012287129969999994
0.01228770144
0.012288278880000001
0.012288866320000001
0.01228945995
0.012290061449999999
0.012290671699999995
0.012291288779999998
0.012291912970000003
0.0122925454
0.012293183870000004
0.01229383163
0.012294484819999996
0.012295143979999996
0.012295810009999998
0.012296483970000001
0.012297165079999995
0.012297853890000002
0.012298549459999999
0.012299250069999998
0.012299958569999998
0.01230067262
0.012301392970000002
0.012302119620000003
0.012302854170000002
0.01230359526
0.012304341080000001
0.012305094800000001
0.012305853260000001
0.012306618679999999
0.01230739073
0.01230816828
0.0123089511
0.0123097416
0.012310536279999998
0.012311337859999999
0.012312144139999998
0.012312955589999999
0.012313774299999998
0.012314597250000002
0.0123154268
0.012316260990000001
0.012317099620000002
0.012317944609999998
0.012318794320000001
0.012319649929999996
0.012320511439999998
0.012321377080000003
0.01232224909
0.012323125120000005
0.012324005100000004
0.012324890580000003
0.012325780930000007
0.012326675639999998
0.012327575589999999
0.012328481519999998
0.012329391299999999
0.012330305019999998
0.012331224779999999
0.012332147699999995
0.012333076079999998
0.01233400936
0.012334946080000003
0.012335888200000002
0.012336833779999994
0.01233778483
0.0123387399
0.012339698449999992
0.012340660650000003
0.01234162817
0.012342599819999998
0.01234357574
0.012344555499999998
0.01234553922
0.01234652617
0.01234751789
0.012348512720000003
0.012349511959999995
0.012350514200000003
0.012351520760000002
0.012352531790000001
0.012353545560000002
0.012354563709999999
0.012355585309999997
0.012356609709999999
0.012357639759999999
0.012358672250000003
0.012359709949999997
0.012360749739999996
0.012361792919999998
0.012362838130000003
0.0123638867
0.012364939180000001
0.012365995309999999
0.01236705528
0.012368117089999998
0.012369182810000004
0.01237025322
0.012371325660000002
0.012372400910000003
0.012373479280000002
0.012374560320000004
0.012375644950000004
0.012376732719999999
0.012377822549999997
0.01237891597
0.01238001333
0.012381112330000001
0.012382213700000004
0.012383318570000001
0.012384426419999997
0.012385536669999997
0.012386649519999997
0.012387765099999998
0.01238888397
0.0123900048
0.012391127859999997
0.012392253019999999
0.01239338343
0.012394514579999995
0.012395648330000002
0.012396785110000006
0.012397923270000001
0.012399064919999996
0.012400208119999999
0.012401354430000002
0.012402502180000004
0.012403653430000001
0.01240480685
0.012405963280000001
0.012407120889999998
0.012408280869999996
0.012409443769999997
0.01241060829
0.012411774400000002
0.01241294308
0.01241411341
0.012415285390000001
0.012416461349999998
0.01241763781
0.012418816330000004
0.012419997779999999
0.012421180510000003
0.012422365349999995
0.012423552100000002
0.012424741010000004
0.012425932629999999
0.012427125399999996
0.012428320159999996
0.012429517249999997
0.012430715240000001
0.012431916080000001
0.012433118729999996
0.012434321890000004
0.012435527239999997
0.012436735319999996
0.012437944159999999
0.012439156009999997
0.012440367909999998
0.012441581709999996
0.01244279762
0.01244401538
0.012445234590000003
0.012446454449999995
0.012447675900000002
0.012448898150000004
0.012450123010000001
0.012451349780000003
0.01245257836
0.01245380823
0.012455039570000003
0.012456271219999997
0.0124575046
0.01245873969
0.012459976429999997
0.012461214849999997
0.012462454450000002
0.012463695569999999
0.012464939300000002
0.012466183180000003
0.012467428440000004
0.012468674500000004
0.01246992239
0.012471171299999998
0.012472423659999999
0.012473674450000003
0.012474927589999995
0.012476182199999998
0.012477436849999999
0.01247869421
0.012479951670000003
0.012481209179999998
0.012482468509999997
0.012483729479999999
0.012484992090000004
0.012486255309999996
0.012487520370000003
0.012488786609999995
0.01249005336
0.01249132033
0.012492589150000002
0.01249385921
0.012495129770000007
0.012496401060000002
0.012497674310000002
0.012498948099999997
0.012500223199999994
0.01250149792
0.01250277476
0.01250405147
0.0125053309
0.012506608600000002
0.012507888659999997
0.012509169629999997
0.012510452320000006
0.012511734659999997
0.01251301841
0.012514302549999998
0.012515587799999998
0.012516873879999996
0.01251816025
0.012519448390000004
0.012520738000000005
0.012522026580000001
0.012523317449999998
0.012524607920000002
0.012525899419999995
0.012527192119999997
0.01252848574
0.012529778770000001
0.012531072659999996
0.012532368149999999
0.012533663760000004
0.01253496029
0.01253625767
0.012537555490000001
0.01253885328
0.01254015276
0.012541452920000003
0.0125427524
0.012544054219999996
0.01254535593
0.01254665842
0.01254796012
0.01254926434
0.012550567789999996
0.012551872069999996
0.012553176650000003
0.0125544819
0.012555787859999999
0.012557094090000004
0.012558400840000004
0.01255970904
0.01256101681
0.012562325110000003
0.01256363302
0.01256494156
0.012566251099999998
0.01256756181
0.01256887398
0.012570184259999999
0.012571496459999993
0.01257280801
0.012574120360000001
0.012575432999999999
0.012576745559999998
0.012578060139999998
0.012579373809999995
0.012580688290000001
0.01258200239
0.012583317609999999
0.01258463341
0.012585949939999999
0.01258726596
0.012588583110000003
0.01258989932
0.012591217160000001
0.012592533929999997
0.01259385172
0.012595170470000002
0.012596488250000003
0.012597806709999998
0.012599126249999999
0.012600445459999998
0.01260176448
0.01260308419
0.01260440487
0.012605724620000003
0.012607044640000002
0.012608364620000001
0.01260968669
0.012611008500000005
0.012612329930000001
0.012613652409999999
0.01261497449
0.012616297810000001
0.012617619970000002
0.012618943039999999
0.01262026513
0.012621587379999999
0.0126229097
0.01262423279
0.012625556100000001
0.012626880059999998
0.012628203310000004
0.01262952615
0.012630851540000002
0.012632175809999997
0.012633498739999997
0.012634822970000001
0.012636148229999998
0.012637472829999998
0.012638797830000001
0.012640122620000001
0.012641447440000002
0.01264277243
0.01264409704
0.012645421450000001
0.012646745610000003
0.012648071980000002
0.01264939703
0.012650722549999998
0.01265204855
0.012653373170000003
0.012654698629999996
0.012656023240000001
0.01265734794
0.012658673450000001
0.012659998769999998
0.01266132536
0.01266265185
0.012663977210000002
0.01266530414
0.01266662944
0.012667956029999998
0.01266928204
0.012670607890000003
0.012671934050000005
0.01267325993
0.012674584910000002
0.012675911900000001
0.01267723779
0.012678564020000003
0.012679889710000003
0.012681215189999994
0.012682541659999998
0.012683866479999997
0.01268519213
0.012686519359999999
0.01268784441
0.012689169220000001
0.012690495149999996
