0.09671140324000004
0.07006171653999999
0.06194902012
0.05554432954
0.04985439422000001
0.044913323619999994
0.04074489863999999
0.03730570024
0.034505248339999996
0.03223661072
0.030395328139999993
0.028888643740000008
0.02763960702000001
0.026587459740000003
0.025685772500000002
0.024899751640000002
0.024203525520000005
0.023577905819999998
0.023008587280000006
0.022484840219999996
0.021998543480000007
0.021543507659999996
0.0211149703
0.0207092505
0.020323493019999996
0.019955464659999998
0.019603416239999994
0.01926596436
0.018942008640000004
0.01863065408
0.018331173399999994
0.01804295772
0.017765497099999996
0.017498347180000002
0.017241130960000003
0.016993508880000004
0.016755175119999993
0.016525853369999996
0.016305283999999996
0.01609322729
0.01588944819
0.015693724740000005
0.01550583743
0.0153255735
0.015152719630000002
0.014987068190000003
0.014828413030000001
0.014676549259999998
0.01453127777
0.0143923941
0.014259706239999998
0.014133017080000001
0.014012135379999999
0.01389687214
0.013787038930000002
0.013682455210000007
0.013582935960000002
0.013488308569999998
0.01339839735
0.013313030809999994
0.013232043499999999
0.013155270620000001
0.013082553140000001
0.013013738599999998
0.01294867185
0.012887208110000006
0.01282920526
0.01277452219
0.0127230257
0.012674587389999999
0.012629080779999994
0.01258638422
0.012546380270000006
0.012508955189999995
0.012473997369999996
0.012441401500000003
0.012411068229999997
0.01238289246
0.01235678189
0.01233264244
0.012310382630000003
0.012289915909999997
0.012271160249999998
0.01225403196
0.012238452980000005
0.012224347719999999
0.012211643159999999
0.0122002663
0.012190150979999998
0.012181233189999998
0.012173447639999996
0.012166735170000003
0.012161039760000002
0.012156300670000002
0.012152468399999998
0.012149493779999998
0.012147327609999998
0.012145923929999998
0.012145240060000001
0.01214523088
0.012145861669999996
0.012147093069999998
0.01214888933
0.012151217119999997
0.012154044919999996
0.01215733982
0.012161077289999997
0.012165227009999996
0.01216976533
0.012174668660000004
0.01217991286
0.012185476139999998
0.012191337900000003
0.012197481699999997
0.012203885190000001
0.01221053575
0.012217413880000002
0.012224505160000001
0.012231797249999996
0.01223927381
0.012246923
0.012254734740000002
0.012262697379999996
0.012270797770000001
0.012279027849999999
0.01228737687
0.012295838510000004
0.012304400970000002
0.01231305949
0.012321805060000001
0.01233063209
0.012339532700000006
0.012348500560000001
0.01235753043
0.012366616039999999
0.01237575444
0.012384939329999997
0.012394166499999996
0.012403432050000003
0.01241273117
0.012422059860000001
0.012431417009999992
0.012440795969999998
0.01245019449
0.01245961207
0.012469042220000002
0.012478485649999998
0.01248793894
0.012497399020000001
0.012506865519999997
0.012516333709999999
0.012525802679999996
0.012535271439999994
0.012544738359999998
0.012554200859999998
0.012563658430000003
0.012573109670000002
0.012582552870000001
0.012591985200000003
0.012601409349999999
0.012610820719999995
0.012620220179999999
0.012629606579999998
0.01263897799
0.012648334810000003
0.012657675880000002
0.01266699888
0.012676305740000003
0.012685594500000001
0.012694864110000006
0.01270411451
0.012713345400000006
0.01272255826
0.012731747680000002
0.01274091863
0.012750067619999998
0.01275919238
0.012768297290000001
0.012777379629999999
0.012786437239999998
0.012795473359999993
0.01280448612
0.012813474739999997
0.012822439230000003
0.0128313798
0.012840297160000003
0.012849189330000003
0.012858057750000002
0.012866900399999999
0.012875719269999997
0.012884512049999996
0.012893279789999998
0.012902022179999998
0.01291073838
0.012919430219999998
0.012928094899999996
0.012936737589999995
0.012945351459999999
0.012953939449999997
0.012962502859999997
0.012971038650000002
0.01297954995
0.012988034479999997
0.012996494330000004
0.013004928380000001
0.0130133348
0.01302171617
0.013030071329999999
0.013038400079999998
0.013046703340000004
0.01305497927
0.01306322964
0.013071454239999997
0.013079653330000001
0.013087825060000004
0.01309597112
0.01310409119
0.013112185630000002
0.01312025377
0.013128297499999997
0.013136313590000002
0.01314430376
0.01315226919
0.013160207400000005
0.013168120090000004
0.013176007560000001
0.01318386891
0.013191704819999999
0.013199514869999998
0.013207300389999996
0.013215057700000001
0.013222792099999998
0.013230500449999995
0.013238184080000001
0.013245839739999998
0.013253473509999997
0.013261079709999998
0.013268660489999997
0.013276218239999997
0.01328375094
0.01329125707
0.013298738800000005
0.013306196250000003
0.013313628460000004
0.013321035679999997
0.013328417959999998
0.013335777299999997
0.013343109659999996
0.013350418820000001
0.01335770296
0.013364963380000004
0.013372198720000004
0.013379410480000003
0.0133865971
0.013393761450000003
0.013400900599999994
0.013408015959999998
0.01341510749
0.013422175089999997
0.01342921928
0.01343623909
0.013443237260000003
0.013450208579999998
0.013457158760000002
0.013464084139999997
0.013470987899999998
0.013477867099999995
0.013484724509999997
0.01349155837
0.013498367970000005
0.013505156970000003
0.013511921299999998
0.013518663069999999
0.01352538256
0.013532080229999997
0.013538752589999998
0.013545405220000004
0.013552034759999998
0.01355864122
0.01356522655
0.013571789310000004
0.013578329159999998
0.01358484822
0.013591344899999995
0.013597820949999997
0.013604274100000001
0.013610705550000001
0.013617115369999997
0.01362350354
0.013629870980000005
0.013636215679999997
0.013642539120000003
0.013648842499999996
0.013655123859999998
0.01366138395
0.013667624219999999
0.013673843770000003
0.013680041839999997
0.013686220300000003
0.013692376070000007
0.01369851304
0.013704629030000002
0.013710723209999996
0.013716797580000004
0.013722853269999995
0.01372888793
0.01373490135
0.013740895759999998
0.013746870369999999
0.013752824960000003
0.013758759590000004
0.01376467437
0.013770569980000001
0.013776443710000006
0.013782301029999994
0.013788136839999996
0.013793953980000002
0.0137997521
0.013805530699999997
0.013811290440000004
0.013817030420000003
0.01382275242999999
0.01382845534
0.013834139890000001
0.013839804230000004
0.013845449000000003
0.01385107789
0.013856685290000002
0.01386227581
0.013867848129999994
0.013873399990000002
0.013878936170000002
0.013884453230000005
0.0138899518
0.013895432759999998
0.01390089656
0.013906341670000003
0.013911768780000002
0.013917177490000003
0.013922569410000005
0.013927943249999998
0.013933299229999996
0.013938639340000001
0.013943961079999997
0.013949264320000005
0.013954552010000005
0.013959821389999998
0.013965074030000002
0.013970309630000004
0.013975528879999997
0.013980729010000002
0.013985914839999997
0.013991083519999998
0.013996233819999999
0.014001368160000001
0.014006484860000001
0.014011586199999997
0.01401667076
0.014021739109999995
0.014026790930000003
0.014031826889999998
0.01403684594
0.01404184963
0.014046837050000004
0.014051808379999997
0.014056765369999995
0.014061703919999996
0.014066627709999995
0.014071534129999997
0.014076425759999995
0.014081303650000002
0.01408616309
0.01409100778
0.014095836400000004
0.014100650850000002
0.014105448850000002
0.014110230650000001
0.014114999210000003
0.014119751469999997
0.014124488769999999
0.01412921223
0.014133920550000002
0.01413861244
0.01414329162
0.01414795454
0.014152602259999996
0.014157236420000002
0.014161854990000002
0.014166458889999997
0.01417104935
0.014175624659999997
0.014180185199999995
0.01418473082
0.014189263060000006
0.014193781979999997
0.014198285209999996
0.014202775590000003
0.014207249779999997
0.014211711779999995
0.01421615871
0.014220590829999998
0.014225011180000002
0.014229416459999995
0.014233807840000003
0.014238186330000003
0.014242552069999994
0.014246901650000001
0.014251239570000003
0.014255563280000003
0.014259872889999999
0.01426417011
0.014268452879999999
0.014272722770000001
0.014276978089999998
0.014281222469999992
0.014285452580000002
0.014289670169999998
0.014293873760000003
0.014298064899999997
0.014302242799999998
0.014306408079999998
0.014310559410000001
0.014314699299999996
0.014318825350000002
0.014322938290000002
0.014327039139999997
0.014331127570000001
0.014335203409999999
0.014339266910000002
0.014343318829999998
0.014347356349999996
0.014351380560000002
0.014355393969999998
0.014359394450000002
0.01436338393
0.014367361229999997
0.014371326680000003
0.014375278359999999
0.014379218170000003
0.014383146670000003
0.014387063419999999
0.014390967909999998
0.01439485971
0.01439874031
0.014402609340000004
0.01440646669
0.014410311909999998
0.014414144940000005
0.014417966899999997
0.014421776169999997
0.014425573580000007
0.014429360070000001
0.014433134490000004
0.014436899159999999
0.01444065334
0.014444394550000003
0.014448124129999997
0.0144518427
0.014455548560000002
0.014459245270000002
0.014462930460000006
0.014466605259999996
0.014470266900000004
0.01447391822
0.014477558499999998
0.014481189569999997
0.014484807040000002
0.014488414689999998
0.014492010199999995
0.014495595769999996
0.014499170569999999
0.014502734849999997
0.014506289690000002
0.014509831759999996
0.014513364479999997
0.014516886959999998
0.014520398940000002
0.014523900570000003
0.014527390290000004
0.014530871140000002
0.014534339770000005
0.014537797670000008
0.014541246590000001
0.014544685390000001
0.014548114639999998
0.014551530519999998
0.014554938979999998
0.014558336429999999
0.014561723120000002
0.014565099929999999
0.01456846703
0.014571823140000002
0.014575171189999996
0.014578508109999999
0.014581837069999999
0.014585154359999998
0.01458846141
0.01459175938
0.014595048460000003
0.014598324739999996
0.014601593390000006
0.014604852530000004
0.014608103809999997
0.014611341710000001
0.014614572119999997
0.014617793389999996
0.014621002700000003
0.014624203889999998
0.014627395389999999
0.014630579029999995
0.01463375176
0.01463691555
0.014640068340000003
0.014643213029999998
0.014646349970000002
0.014649477249999997
0.014652594109999995
0.014655702800000002
0.014658801369999998
0.014661890780000002
0.014664972190000007
0.0146680435
0.01467110654
0.01467416026
0.0146772043
0.014680240060000002
0.014683267210000003
0.014686285350000003
0.014689294709999997
0.014692294619999999
0.014695285439999999
0.014698267550000001
0.014701242499999996
0.014704207069999998
0.014707162379999996
0.01471010995
0.014713048789999995
0.01471598096
0.014718903130000002
0.01472181782
0.014724722400000003
0.014727618820000002
0.014730506979999997
0.01473338592
0.014736257550000003
0.014739120570000002
0.014741974900000005
0.014744820909999998
0.014747659040000003
0.014750489119999996
0.01475331094
0.014756123359999998
0.014758929289999998
0.0147617274
0.014764515400000006
0.014767296620000002
0.01477006857
0.014772833929999993
0.014775591629999996
0.014778341329999995
0.01478108053
0.014783812920000004
0.014786536990000002
0.014789253849999996
0.014791964260000002
0.0147946653
0.01479735809
0.014800044299999997
0.01480272177
0.014805391179999999
0.014808054570000005
0.01481071021
0.01481335661
0.01481599677
0.014818627840000001
0.01482125132
0.014823868519999998
0.014826478589999996
0.014829082089999994
0.01483167544
0.014834264120000001
0.014836844539999998
0.014839418669999998
0.014841983549999998
0.014844541559999997
0.014847091680000004
0.01484963408
0.014852167729999997
0.014854695969999996
0.014857217400000003
0.014859730009999999
0.014862237629999995
0.01486473734
0.014867230619999998
0.014869715479999998
0.014872193129999997
0.01487466391
0.014877127600000007
0.01487958416000001
0.014882034850000002
0.01488447813
0.014886914880000001
0.014889345050000002
0.014891767859999995
0.01489418188
0.014896591350000005
0.014898993840000001
0.014901387499999998
0.014903776090000005
0.014906157190000002
0.014908530469999999
0.014910897500000004
0.014913258669999999
0.014915614150000001
0.014917959540000001
0.014920301059999998
0.0149226361
0.01492496259
0.014927283369999999
0.014929598069999996
0.01493190674
0.014934209090000001
0.014936502859999996
0.014938790960000005
0.01494107393
0.01494335023
0.014945620210000002
0.014947881930000004
0.01495013862
0.014952388420000002
0.014954632680000001
0.014956870349999998
0.014959102139999996
0.01496132483
0.014963544330000009
0.014965754469999997
0.01496796094
0.01497015971
0.014972352070000002
0.014974538760000003
0.01497671955
0.014978895849999998
0.014981064719999994
0.014983227270000002
0.014985384040000002
0.014987533939999995
0.01498967772
0.014991816929999997
0.014993950130000004
0.014996077960000005
0.01499819779
0.015000313120000002
0.015002422990000007
0.015004525349999997
0.015006621579999999
0.015008714109999998
0.015010800579999997
0.01501287905
0.015014952820000003
0.01501702098
0.015019083449999995
0.015021140730000002
0.015023190060000002
0.015025235139999999
0.015027272470000002
0.015029305120000001
0.015031333299999996
0.015033355409999997
0.015035372850000001
0.015037383819999995
0.015039389100000002
0.015041389420000006
0.01504338401
0.015045372469999993
0.015047357130000005
0.015049336239999997
0.015051307829999997
0.01505327517
0.01505523691
0.01505719308
0.015059144670000002
0.01506109128
0.015063031070000002
0.01506496556
0.015066892729999996
0.015068816590000002
0.015070735690000002
0.015072649020000006
0.01507455802
0.01507646026
0.015078359119999994
0.015080250579999996
0.01508213765
0.01508401859
0.0150858964
0.015087767789999998
0.01508963559
0.01509149753
0.015093353940000005
0.015095206440000009
0.01509705218
0.015098893910000001
0.015100729880000002
0.01510256351
0.015104389489999998
0.015106210919999998
0.015108027139999996
0.015109838970000001
0.01511164519
0.015113444649999998
0.015115241750000001
0.015117032999999997
0.015118820149999998
0.0151206029
0.015122379689999996
0.015124152880000004
0.015125920690000001
0.015127681510000001
0.015129439940000003
0.015131192710000005
0.015132941410000003
0.015134683450000004
0.01513642166
0.015138155969999997
0.015139885090000001
0.015141611250000003
0.015143330799999997
0.015145047890000003
0.015146758959999996
0.015148464559999998
0.015150166870000002
0.015151862270000004
0.015153555409999998
0.01515524388
0.015156926300000007
0.015158604860000001
0.015160279329999997
0.015161948489999999
0.015163614680000001
0.015165276950000004
0.015166932419999996
0.015168584429999996
0.015170232600000005
0.015171874479999998
0.01517351283
0.015175146760000004
0.01517677685
0.015178402159999995
0.015180024069999996
0.015181638850000005
0.015183251830000005
0.015184861890000002
0.015186466280000002
0.015188065740000003
0.01518966173
0.015191252270000002
0.015192840380000001
0.015194421170000003
0.01519600015
0.015197575210000001
0.0151991446
0.015200710429999997
0.015202271090000002
0.015203828159999998
0.015205382180000003
0.015206932449999998
0.01520847751
0.015210019140000001
0.015211557700000003
0.015213091200000002
0.015214620370000001
0.015216144849999997
0.01521766583
0.01521918262
0.015220694879999996
0.01522220496
0.015223709189999997
0.015225211019999997
0.015226708269999998
0.015228199850000004
0.01522969077
0.015231176749999997
0.01523265835
0.015234135259999997
0.015235609790000007
0.015237079859999997
0.015238546330000002
0.015240008679999995
0.015241466160000003
0.015242920680000004
0.015244372350000002
0.015245820570000004
0.015247264180000003
0.015248703880000002
0.015250140150000003
0.015251572530000002
0.015253000439999992
0.01525442567
0.01525584609
0.015257262410000002
0.015258676190000004
0.015260085089999997
0.015261491519999996
0.015262893380000002
0.015264293259999999
0.015265688870000007
0.015267082110000003
0.015268471180000003
0.015269855460000002
0.015271237149999997
0.01527261379
0.015273989899999998
0.015275360029999997
0.015276727499999998
0.015278091330000004
0.015279451070000004
0.015280807789999996
0.015282163049999999
0.015283511300000002
0.015284857590000001
0.015286201620000002
0.015287538129999998
0.015288873759999998
0.01529020755
0.01529153713
0.01529286422
0.015294187520000004
0.01529550776
0.015296823510000007
0.015298136420000002
0.01529944462
0.015300750640000004
0.01530205401
0.015303351939999998
0.015304646740000006
0.015305939990000003
0.015307228129999996
0.01530851443
0.015309795939999996
0.01531107484
0.015312351310000003
0.015313625369999999
0.015314894470000001
0.015316161979999996
0.015317424610000003
0.015318686310000003
0.015319942330000004
0.015321196630000004
0.01532244712
0.01532369518
0.015324938809999999
0.015326180880000002
0.015327418400000004
0.015328653710000003
0.015329885279999997
0.0153311125
0.015332338210000001
0.015333560000000001
0.015334780840000001
0.015335998610000005
0.01533721347
0.01533842255
0.01533963169
0.0153408357
0.015342037809999997
0.015343237109999996
0.01534443169
0.01534562424
0.015346814410000003
0.015348002749999999
0.015349186280000003
0.015350368390000002
0.015351545390000006
0.01535271979
0.015353891640000006
0.015355061630000005
0.015356229489999993
0.01535739269
0.015358553929999996
0.015359711469999995
0.01536086798
0.015362020989999997
0.01536317006
0.015364318679999999
0.015365461709999998
0.01536660216
0.015367740490000004
0.01536887487
0.015370008789999999
0.015371138310000003
0.01537226655
0.01537339083
0.015374513010000002
0.015375632600000001
0.01537674999
0.015377864890000002
0.015378975989999998
0.015380086730000003
0.015381193050000002
0.015382296349999998
0.015383398069999997
0.01538449504
0.015385590930000002
0.015386682340000003
0.015387773149999999
0.01538886205
0.01538994695
0.015391029139999998
0.015392110640000001
0.015393188819999997
0.01539426222
0.015395333499999999
0.015396403110000002
0.015397471259999997
0.015398537079999998
0.015399597309999997
0.015400656680000003
0.01540171415
0.015402767999999996
0.015403820930000003
0.01540486971
0.015405917149999998
0.015406961609999993
0.01540800286
0.015409042380000001
0.015410080100000003
0.01541111504
0.01541214782
0.015413179079999999
0.015414207040000003
0.015415232110000001
0.015416254909999998
0.015417275089999995
0.015418294540000004
0.01541931008
0.01542032483
0.015421335960000004
0.015422345089999998
0.015423351940000007
0.015424354159999995
0.015425354009999998
0.01542635313
0.015427350250000003
0.015428345640000002
0.015429338249999997
0.015430327740000001
0.01543131798
0.01543230372
0.015433287760000003
0.01543426719
0.015435245299999996
0.015436222799999995
0.015437197140000001
0.01543816945
0.015439141080000001
0.01544010763
0.015441073830000002
0.015442037409999998
0.015442999559999998
0.0154439596
0.015444916499999996
0.01544587151
0.015446823
0.01544777448
0.01544872224
0.015449667720000003
0.0154506117
0.015451553670000005
0.015452493629999998
0.015453431739999999
0.015454364990000002
0.015455299580000003
0.015456231639999998
0.015457160739999998
0.015458088629999995
0.015459013649999997
0.015459938200000002
0.0154608587
0.015461777380000003
0.015462694740000003
0.015463609660000002
0.015464524160000001
0.015465435739999998
0.015466345239999998
0.015467253460000004
0.015468157450000006
0.01546906033
0.015469962089999996
0.01547085981
0.015471754629999999
0.015472650380000001
0.015473541830000001
0.01547443317
0.015475319759999996
0.01547620588
0.015477090580000002
0.01547797424
0.015478855199999999
0.015479734309999995
0.015480611189999998
0.01548148592
