0.5202765061999999
0.45898617879999987
0.3711520726
0.3391705084
0.30331797392000004
0.27198156720000005
0.23963133640000006
0.21059907853999998
0.18718894112000004
0.16949308995999998
0.15483871015999998
0.14525345619999996
0.13751152134000003
0.13271889522000002
0.12976958608000003
0.12709677478
0.12396313453999996
0.12175115272
0.120092167
0.11852534652000003
0.11658986308000001
0.1151152078
0.11447004712000002
0.11308755872000002
0.11152073834
0.11041474763999998
0.10967742066
0.10884792762
0.10783410218
0.10718894098000002
0.10672811156000002
0.10599078468
0.10488479348000002
0.10442396408000003
0.1033179731
0.10276497830000002
0.10175115270000001
0.1011059909
0.10036866401999997
0.09972350253999998
0.09926267293999999
0.09797235005999999
0.0973271885
0.096313364
0.09566820304000002
0.09437788066000002
0.09345622152
0.09308755784
0.092073733
0.09161290350000001
0.09115207400000003
0.09087557620000002
0.09023041490000003
0.08949308748000001
0.08875576056000002
0.08811059952000001
0.08728110648000001
0.08709677450000002
0.08672811084
0.08608294992000003
0.08543778874000002
0.08479262746000003
0.08460829558000002
0.08451612958000002
0.08423963158000002
0.08304147490000002
0.0823041476
0.08165898630000003
0.08129032250000001
0.08101382490000003
0.08073732750000001
0.08027649770000002
0.07953917080000002
0.07898617570000001
0.0782488486
0.07788018500000002
0.07741935560000002
0.07695852600000003
0.07649769640000004
0.07631336466000004
0.07594470106000005
0.07539170572000004
0.07502304216000004
0.07483871046000004
0.07483871026000004
0.07428571466000004
0.07391705112000004
0.07336405552000005
0.07290322612000004
0.07271889418000005
0.07235023048000003
0.07198156688000001
0.07133640578000001
0.07087557628000002
0.07059907868000001
0.07059907858000002
0.07041474688000002
0.07004608324000001
0.06967741984000003
0.06949308784000002
0.06921659004000003
0.06912442414000003
0.06903225824000002
0.06857142894000001
0.06857142894000001
0.06829493134000003
0.06801843354000002
0.06764976984000001
0.06718894028000001
0.06691244254000002
0.06663594494000001
0.06654377900000003
0.06645161300000002
0.06626728120000001
0.06617511530000003
0.06589861746000002
0.06543778792000005
0.06506912438000004
0.06479262678000003
0.06442396338000003
0.06423963138000002
0.06396313368000003
0.06359447012000002
0.06331797252000003
0.06313364076000003
0.06258064534000003
0.062396313540000026
0.06211981584000003
0.061751152340000025
0.06138248884000002
0.061198157040000034
0.06092165944000003
0.060829493600000034
0.060552995940000034
0.06018433210000003
0.060000000400000024
0.05990783460000003
0.06000000040000003
0.059631336660000034
0.05944700476000004
0.05898617512000004
0.05870967752000004
0.05870967752000004
0.05861751176000003
0.05843318000000003
0.05824884820000003
0.05797235050000004
0.05760368676000003
0.05760368676000003
0.057511520860000026
0.05741935500000003
0.05695852550000003
0.05677419366000004
0.05649769586000003
0.05649769586000003
0.05640552996000003
0.05585253472000003
0.05576036878000003
0.05566820288000003
0.055391705320000026
0.055299539460000026
0.05520737352000004
0.055299539460000026
0.05520737356000002
0.05483871000000003
0.05465437812000003
0.05474654398000003
0.05447004628000003
0.05456221204000004
0.05456221204000004
0.05428571448000003
0.05419354862000004
0.05391705092000004
0.05410138264000003
0.05400921674000004
0.05382488480000003
0.053824884900000036
0.053732719040000036
0.053824884980000036
0.053824884980000036
0.053824885020000025
0.05382488488000003
0.05382488488000003
0.053824884840000024
0.05354838722000002
0.05364055316000003
0.05354838722000002
0.05327188958000002
0.053364055480000026
0.053364055480000026
0.05327188954000002
0.05308755768000002
0.05308755768000002
0.05308755768000002
0.05299539174000002
0.05281105986000003
0.05262672806000002
0.05262672806000002
0.05271889392000002
0.05271889392000002
0.05253456208000002
0.05244239618000002
0.05244239618000002
0.05244239618000002
0.05235023028000002
0.052258064340000014
0.052258064340000014
0.052258064340000014
0.05207373254000002
0.05207373254000002
0.05207373254000002
0.05198156668000002
0.05198156668000002
0.05198156668000002
0.05207373254000002
0.052165898480000014
0.052165898480000014
0.052165898480000014
0.05207373268000001
0.05216589858000001
0.05225806444000001
0.05225806444000001
0.052165898540000005
0.05198156678
0.05198156678
0.05198156678
0.05198156678
0.051889400880000006
0.051889400880000006
0.051889400880000006
0.051889400880000006
0.051889400880000006
0.05179723494000001
0.05170506908000001
0.051612903140000006
0.05152073724000001
0.05152073724000001
0.05152073724000001
0.05142857130000001
0.051336405360000004
0.05115207356000001
0.05115207356000001
0.05115207356000001
0.05115207356000001
0.05115207356000001
0.05115207356000001
0.05115207356000001
0.051059907660000015
0.051152073520000015
0.05115207356000001
0.05105990770000001
0.05105990770000001
0.05105990770000001
0.050967741900000016
0.050967741900000016
0.050967741900000016
0.05069124424000001
0.05069124424000001
0.05069124424000001
0.050783410180000016
0.050783410180000016
0.050783410180000016
0.05078341014000001
0.05078341014000001
0.05069124428000001
0.05069124428000001
0.05069124428000001
0.05069124428000001
0.05059907842000001
0.05059907842000001
0.05059907842000001
0.05050691248000001
0.05050691248000001
0.05050691248000001
0.05041474658000001
0.05041474658000001
0.05041474658000001
0.05041474658000001
0.05041474658000001
0.050506912520000016
0.05041474662000001
0.05041474662000001
0.05041474662000001
0.05032258072000001
0.05023041482000002
0.05032258072000001
0.05013824892000002
0.05004608306000002
0.04995391720000002
0.04995391720000002
0.049861751300000014
0.049861751300000014
0.049861751300000014
0.049861751300000014
0.04995391720000002
0.04995391720000002
0.04995391720000002
0.050046083100000006
0.05013824900000001
0.05023041490000001
0.05032258076000001
0.05032258076000001
0.05032258076000001
0.05041474662000001
0.05050691252000001
0.05050691252000001
0.05050691252000001
0.05050691252000001
0.05050691252000001
0.05041474662000001
0.05041474662000001
0.05032258072000001
0.050230414820000006
0.050230414820000006
0.050230414820000006
0.050230414820000006
0.050138248960000006
0.050138248960000006
0.050138248960000006
0.049953917160000014
0.049953917160000014
0.049953917160000014
0.049953917160000014
0.049953917160000014
0.049861751300000014
0.04976958540000001
0.04976958540000001
0.04976958540000001
0.04976958540000001
0.049861751300000014
0.049769585360000014
0.049769585360000014
0.049769585360000014
0.049769585360000014
0.04967741946000001
0.04967741946000001
0.04967741946000001
0.04967741946000001
0.04967741946000001
0.04967741946000001
0.04967741946000001
0.04967741946000001
0.049585253520000004
0.049585253520000004
0.049585253520000004
0.049585253520000004
0.049493087660000004
0.04958525356000001
0.04958525356000001
0.04958525356000001
0.04958525356000001
0.04958525356000001
0.04958525356000001
0.04958525356000001
0.04958525356000001
0.049400921760000015
0.049400921760000015
0.049400921760000015
0.049400921760000015
0.049400921760000015
0.04949308770000002
0.04949308770000002
0.04949308770000002
0.04949308770000002
0.04949308770000002
0.04949308770000002
0.04940092184000002
0.04940092184000002
0.04940092184000002
0.04940092184000002
0.04940092184000002
0.04940092184000002
0.04940092184000002
0.04940092184000002
0.04940092184000002
0.04940092184000002
0.04940092184000002
0.04940092184000002
0.04940092184000002
0.04940092184000002
0.04940092184000002
0.04940092184000002
0.04940092184000002
0.04940092184000002
0.04940092184000002
0.04940092184000002
0.04940092184000002
0.04940092184000002
0.04940092184000002
0.04940092184000002
0.04930875594000002
0.04930875594000002
0.04921659000000001
0.049124424100000015
0.049124424100000015
0.049124424100000015
0.049124424100000015
0.049124424100000015
0.049124424100000015
0.049124424100000015
0.049124424100000015
0.049124424100000015
0.049032258240000015
0.049032258240000015
0.049032258240000015
0.04894009230000001
0.04894009230000001
0.04894009230000001
0.04894009230000001
0.04903225820000001
0.049124424100000015
0.049124424100000015
0.049216589960000015
0.049308755820000015
0.049308755820000015
0.049308755820000015
0.049308755820000015
0.049308755820000015
0.049308755820000015
0.049216589960000015
0.049216589960000015
0.049216589960000015
0.049216589960000015
0.049216589960000015
0.049216589960000015
0.049216589960000015
0.049216589960000015
0.049216589960000015
0.049216589960000015
0.049216589960000015
0.049216589960000015
0.049216589960000015
0.049216589960000015
0.049216589960000015
0.049216589960000015
0.04912442406000001
0.04912442406000001
0.04912442406000001
0.04912442406000001
0.04912442406000001
0.04912442406000001
0.04912442406000001
0.04912442406000001
0.04912442406000001
0.04903225820000001
0.04903225820000001
0.04903225820000001
0.04903225820000001
0.04903225820000001
0.04903225820000001
0.04903225820000001
0.04903225820000001
0.04903225820000001
0.04903225820000001
0.04903225820000001
0.04903225820000001
0.04903225820000001
0.04903225820000001
0.04903225820000001
0.04903225820000001
0.04903225820000001
0.048940092260000005
0.048940092260000005
0.048940092260000005
0.048940092260000005
0.048940092260000005
0.048940092260000005
0.048940092260000005
0.04884792636000001
0.04884792636000001
0.04884792636000001
0.04884792636000001
0.04884792636000001
0.04884792636000001
0.04884792636000001
0.04884792636000001
0.04884792636000001
0.04884792636000001
0.04884792636000001
0.04884792636000001
0.04884792636000001
0.048755760460000006
0.048755760460000006
0.048755760460000006
0.048755760460000006
0.048755760460000006
0.048755760460000006
0.048847926320000006
0.048847926320000006
0.048940092180000005
0.04903225808000001
0.04903225808000001
0.04903225808000001
0.04903225808000001
0.04903225808000001
0.04903225808000001
0.04903225808000001
0.04903225808000001
0.04903225808000001
0.04903225808000001
0.04921658992000001
0.04921658992000001
0.04921658992000001
0.04930875586000002
0.04930875586000002
0.04930875586000002
0.04930875586000002
0.04930875586000002
0.04930875586000002
0.04930875586000002
0.04940092172000002
0.04940092172000002
0.04940092172000002
0.049493087620000015
0.049493087620000015
0.049493087620000015
0.049493087620000015
0.049400921760000015
0.049400921760000015
0.049400921760000015
0.049400921760000015
0.049400921760000015
0.04949308770000002
0.04940092180000002
0.04940092180000002
0.04940092180000002
0.04940092180000002
0.04940092180000002
0.04940092180000002
0.04940092180000002
0.04940092180000002
0.04949308770000001
0.04949308770000001
0.04949308770000001
0.04949308770000001
0.04949308770000001
0.04949308770000001
0.04949308770000001
0.04940092184000001
0.04940092184000001
0.04940092184000001
0.04940092184000001
0.04940092184000001
0.04940092184000001
0.049308755900000015
0.049308755900000015
0.049400921760000015
0.049400921760000015
0.049400921760000015
0.049400921760000015
0.049400921760000015
0.049400921760000015
0.049400921760000015
0.04949308766000002
0.04949308766000002
0.04949308766000002
0.049400921760000015
0.049400921760000015
0.049400921760000015
0.04949308770000002
0.04949308770000002
0.04949308770000002
0.04949308770000002
0.04949308770000002
0.04949308770000002
0.04949308770000002
0.04949308770000002
0.04949308770000002
0.04949308770000002
0.04949308770000002
0.04949308770000002
0.04949308770000002
0.04949308770000002
0.04949308770000002
0.04949308770000002
0.04949308770000002
0.049585253560000014
0.049585253560000014
0.04967741946000001
0.04967741946000001
0.04976958532000001
0.04976958532000001
0.04976958532000001
0.04976958532000001
0.04976958532000001
0.04967741938000001
0.04967741938000001
0.04967741938000001
0.04967741938000001
0.04967741938000001
0.04967741938000001
0.04967741938000001
0.04967741938000001
0.04967741938000001
0.04967741938000001
0.04967741938000001
0.04967741938000001
0.04967741938000001
0.04967741938000001
0.04967741938000001
0.04967741938000001
0.04976958532000001
0.04976958532000001
0.04976958532000001
0.049677419420000014
0.049677419420000014
0.049677419420000014
0.049769585280000014
0.049769585280000014
0.049769585280000014
0.049769585280000014
0.049769585280000014
0.049769585280000014
0.049769585280000014
0.049769585280000014
0.049769585280000014
0.049861751140000014
0.04976958520000001
0.04976958520000001
0.04976958520000001
0.04976958520000001
0.04976958520000001
0.04976958520000001
0.04986175106000001
0.04986175106000001
0.04986175106000001
0.04995391692000002
0.04995391692000002
0.04995391692000002
0.04995391692000002
0.04995391692000002
0.04995391692000002
0.04995391692000002
0.05004608282000001
0.05004608282000001
0.05004608282000001
0.05004608282000001
0.05004608282000001
0.05004608282000001
0.05004608282000001
0.05004608282000001
0.05004608282000001
0.050230414660000014
0.050230414660000014
0.050230414660000014
0.050230414660000014
0.050230414660000014
0.050230414660000014
0.050230414660000014
0.050230414660000014
0.050322580520000014
0.050322580520000014
0.050322580520000014
0.050322580520000014
0.050322580520000014
0.050322580520000014
0.050322580520000014
0.050322580520000014
0.050322580520000014
0.05041474642000001
0.05041474642000001
0.05041474642000001
0.05041474642000001
0.05041474642000001
0.05041474642000001
0.05041474642000001
0.05041474642000001
0.05041474642000001
0.05041474642000001
0.05041474642000001
0.05041474642000001
0.05041474642000001
0.05050691228000001
0.05050691228000001
0.05050691228000001
0.05059907818000001
0.05050691224000001
0.05050691224000001
0.05050691224000001
0.05050691224000001
0.0505990781
0.0505990781
0.0505990781
0.0505990781
0.0505990781
0.0505990781
0.0505990781
0.0505990781
0.0505990781
0.05069124396
0.05069124396
0.05069124396
0.05069124396
0.05069124396
0.05069124396
0.05069124396
0.05069124396
0.05069124396
0.05069124396
0.05069124396
0.05069124396
0.05069124396
0.05069124396
0.05069124396
0.0505990781
0.0505990781
0.0505990781
0.050691244
0.050691244
0.050691244
0.05078340994
0.05078340994
0.05078340994
0.05078340994
0.05069124408
0.050967741700000006
0.050967741700000006
0.050967741700000006
0.050967741700000006
0.050967741700000006
0.050967741700000006
0.050967741700000006
0.050967741700000006
0.050967741700000006
0.050967741700000006
0.050967741700000006
0.050967741700000006
0.050967741700000006
0.050967741700000006
0.050967741700000006
0.050967741700000006
0.050967741700000006
0.050967741700000006
0.050967741700000006
0.050967741700000006
0.050967741700000006
0.050967741700000006
0.05105990764000001
0.05105990764000001
0.05105990764000001
0.05105990764000001
0.05105990764000001
0.05105990764000001
0.05105990764000001
0.05105990764000001
0.05105990764000001
0.05105990764000001
0.05105990764000001
0.05105990764000001
0.05105990764000001
0.05105990764000001
0.05105990764000001
0.05105990764000001
0.05105990764000001
0.05105990764000001
0.05105990764000001
0.05105990764000001
0.05105990764000001
0.05105990764000001
0.05105990764000001
0.05105990764000001
0.05105990764000001
0.05115207358000001
0.05115207358000001
0.05115207358000001
0.05115207358000001
0.05115207358000001
0.05115207358000001
0.05115207358000001
0.05115207358000001
0.05115207358000001
0.051244239480000016
0.051244239480000016
0.05133640542000002
0.05133640542000002
0.05133640542000002
0.05133640542000002
0.05124423952000002
0.051336405460000026
0.051336405460000026
0.051336405460000026
0.051336405460000026
0.051336405460000026
0.051336405460000026
0.051336405460000026
0.051336405460000026
0.051336405460000026
0.051336405460000026
0.051336405460000026
0.051428571320000026
0.051428571320000026
0.051428571320000026
0.051428571320000026
0.051428571320000026
0.051428571320000026
0.051428571320000026
0.051520737180000026
0.051520737180000026
0.051520737180000026
0.05142857128000002
0.05142857128000002
0.05142857128000002
0.05152073722000003
0.05152073722000003
0.05152073722000003
0.05152073730000002
0.05152073730000002
0.05152073730000002
0.05152073730000002
0.05152073730000002
0.051612903200000025
0.051612903200000025
0.051612903200000025
0.051612903200000025
0.051612903200000025
0.051612903200000025
0.051612903200000025
0.051612903200000025
0.051612903200000025
0.051612903200000025
0.051612903200000025
0.051612903200000025
0.051612903200000025
0.051612903200000025
0.051612903200000025
0.051612903200000025
0.051612903200000025
0.051612903200000025
0.051612903200000025
0.05170506910000002
0.05170506910000002
0.05170506910000002
0.05170506910000002
0.05170506910000002
0.05170506910000002
0.051889400860000025
0.051981566720000025
0.051981566720000025
0.051981566720000025
0.051981566720000025
0.051981566720000025
0.051981566720000025
0.051981566720000025
0.051981566720000025
0.051981566720000025
0.051981566720000025
0.051981566720000025
0.051981566720000025
0.052073732580000025
0.052073732580000025
0.052073732580000025
0.052073732580000025
0.052073732580000025
0.052073732580000025
0.052073732580000025
0.052073732580000025
0.052073732580000025
0.052165898480000014
0.052165898480000014
0.052165898480000014
0.052165898480000014
0.05225806438000002
0.05225806438000002
0.05225806438000002
0.05225806438000002
0.05225806438000002
0.05225806438000002
0.05225806438000002
0.05225806438000002
0.05235023024000002
0.05235023024000002
0.05244239618000002
0.05253456212000002
0.05253456212000002
0.05253456212000002
0.05253456212000002
0.05253456212000002
0.05253456212000002
0.05253456212000002
0.05253456212000002
0.05253456212000002
0.05253456212000002
0.05253456212000002
0.05262672806000002
0.05271889392000002
0.05271889392000002
0.05271889392000002
0.05271889392000002
0.05281105978000002
0.05281105978000002
0.05281105978000002
0.05281105978000002
0.05281105978000002
0.05281105978000002
0.05281105978000002
0.05290322568000003
0.05290322568000003
0.052995391580000016
0.052995391580000016
0.052995391580000016
0.052995391580000016
0.052995391580000016
0.052995391580000016
0.052995391580000016
0.05308755752000002
0.05308755752000002
0.05308755752000002
0.05308755752000002
0.05308755752000002
0.05308755752000002
0.05308755752000002
0.05308755752000002
0.05308755752000002
0.05308755752000002
0.05308755752000002
0.05308755752000002
0.05308755752000002
0.05308755752000002
0.05308755752000002
0.05308755752000002
0.05308755752000002
0.05317972346000002
0.05327188940000002
0.05327188940000002
0.05327188940000002
0.05327188940000002
0.05327188940000002
0.05327188940000002
0.05327188940000002
0.05327188940000002
0.05327188940000002
0.05327188940000002
0.05327188940000002
0.05327188940000002
0.05327188940000002
0.05327188940000002
0.05327188940000002
0.05327188940000002
0.05327188940000002
0.05327188940000002
0.05327188940000002
0.05327188940000002
0.05327188940000002
0.05327188940000002
0.05336405534000002
0.05336405534000002
0.05336405534000002
0.05336405534000002
0.05336405534000002
0.05336405534000002
0.05336405534000002
0.05336405534000002
0.05336405534000002
0.05336405534000002
0.05336405534000002
0.05336405534000002
0.05345622128000002
0.053548387180000025
0.05364055308000002
0.05364055308000002
0.05373271902000003
0.05373271902000003
0.05373271902000003
0.05382488496000002
0.05382488496000002
0.05391705086000002
0.05391705086000002
0.05391705086000002
0.05391705086000002
0.05391705086000002
0.05391705086000002
0.05391705086000002
0.05391705086000002
0.05391705086000002
0.05391705086000002
0.05391705086000002
0.05391705086000002
0.05391705086000002
0.05391705086000002
0.05391705086000002
0.05391705086000002
0.05391705086000002
0.05391705086000002
0.05391705086000002
0.05391705086000002
0.05391705086000002
0.05391705086000002
0.05391705086000002
0.05391705086000002
0.05391705086000002
0.05391705086000002
0.05391705086000002
0.05410138258000002
0.05410138258000002
0.05410138258000002
0.05410138258000002
0.05410138258000002
0.05410138258000002
0.05410138258000002
0.05410138258000002
0.05410138258000002
