0.5347465484
0.5175115253999999
0.47096774660000007
0.44285714819999983
0.4185253486
0.39511521019999996
0.37797235379999994
0.37069124820000016
0.36405530280000015
0.3574193577200001
0.35133641052000014
0.3465437832400001
0.3407373319600001
0.33465438084000015
0.32875576480000007
0.3206451672000001
0.31207373460000004
0.3066359474000001
0.29935484232
0.2909677434800002
0.2832258090000001
0.27253456572000007
0.2623963142
0.25465437939999996
0.24571428731999997
0.24055299687999998
0.23410138435999997
0.2270967756800001
0.22000000160000005
0.2128110618400001
0.20875576228
0.20414746616000007
0.19695852515999998
0.19207373247999993
0.18516129115999994
0.17953917168000008
0.17465437808000003
0.16599078475999998
0.16230414867999998
0.15880184428
0.15520737456
0.15198156848000002
0.14976958628000003
0.14737327368000006
0.14562212068000002
0.14359447152000004
0.14119815859999998
0.13935483968
0.13649769804
0.13474654583999998
0.13244239887999998
0.13124424152000003
0.13050691466000003
0.12958525602
0.12857143138
0.12737327502
0.12626728377999996
0.12589861965999996
0.12479262835999999
0.12442396439999998
0.12368663738
0.12230414869999999
0.12184331905999998
0.12119815730000001
0.12036866378
0.12000000020000001
0.11963133704000002
0.11935483984000005
0.11907834176000004
0.11852534664000004
0.11806451680000002
0.11760368748000001
0.11723502381999999
0.11695852609999999
0.11668202840000001
0.11649769692000002
0.11631336536000003
0.11612903347999999
0.1155760382
0.114838711
0.11428571508000002
0.11354838770000003
0.11308755850000002
0.11253456300000002
0.11216589954
0.11235023126
0.11225806546000001
0.11216589966000003
0.11179723606000003
0.11152073838000004
0.11096774306000004
0.11069124554000004
0.11050691374000005
0.11032258182000004
0.11004608422000003
0.10967742014000004
0.10921659032000003
0.10912442442000003
0.10875576062000004
0.10838709746000003
0.10811059966000006
0.10774193574000006
0.10728110694000005
0.10691244322000007
0.10580645202000007
0.10552995442000007
0.10525345712000006
0.10497695908000004
0.10460829568000003
0.10405530072000006
0.10341013942000005
0.10304147572000007
0.10221198262000007
0.10193548462000006
0.10165898722000007
0.10092166022000006
0.10055299682000005
0.10027649932000005
0.09990783562000004
0.09981566942000004
0.09889401052000006
0.09870967872000005
0.09824884972000004
0.09760368862000006
0.09723502462000005
0.09732719062000006
0.09695852722000006
0.09640553170000007
0.09594470230000006
0.09566820468000006
0.09511520906000005
0.09474654556000005
0.09447004776000004
0.09437788196000003
0.09419355004000003
0.09373272074000001
0.09354838882000001
0.09317972542000001
0.09271889570000003
0.09235023234000003
0.09188940296000002
0.09161290536000005
0.09133640756000005
0.09124424164000006
0.09105990964000005
0.09069124554000005
0.09050691364000006
0.09023041594000006
0.08986175224000004
0.08940092284000002
0.08912442514000003
0.08894009346000004
0.08884792766000003
0.08820276606000003
0.08792626806000003
0.08774193616000003
0.08764977026000004
0.08746543838000004
0.08728110648000005
0.08718894058000004
0.08700460898000005
0.08682027710000004
0.08654377910000002
0.08635944750000003
0.08599078380000004
0.08580645220000002
0.08552995462000004
0.08506912502000002
0.08470046130000002
0.08470046130000002
0.08470046130000002
0.0843317976
0.0842396318
0.08414746580000002
0.08405529980000001
0.08341013890000001
0.08313364120000001
0.08322580700000001
0.08276497740000002
0.08276497740000002
0.08258064560000002
0.0823041479
0.08202765020000001
0.08202764998
0.08175115218000001
0.08147465457999999
0.08147465448
0.08138248868
0.08110599108000001
0.08092165920000001
0.08082949340000001
0.08055299602000002
0.08046083002000001
0.08000000058000001
0.07944700528000001
0.07907834138000001
0.07898617558000001
0.07861751186
0.07843318006000001
0.07834101426000001
0.07815668246
0.07806451656
0.07788018476
0.07760368706000001
0.07732718946
0.07714285778
0.07705069188
0.07677419404000001
0.07622119862
0.07603686692
0.07585253532
0.07566820352
0.07566820352
0.07539170572000002
0.07520737382000002
0.07511520782000002
0.07483871012000001
0.07465437822000001
0.07465437832000002
0.07465437832000002
0.07437788058000001
0.07437788058000001
0.07428571478000003
0.07400921708000002
0.07391705108000002
0.07382488508000001
0.07354838758000003
0.07354838758000003
0.07327188996000002
0.07308755820000003
0.07299539230000002
0.07299539210000003
0.07290322610000002
0.07262672850000003
0.07225806514000004
0.07207373334000003
0.07188940148000005
0.07161290378000004
0.07142857192000003
0.07105990824000004
0.07105990824000004
0.07096774214000003
0.07087557624000002
0.07087557624000002
0.07078341044000003
0.07050691284000003
0.07050691284000003
0.07041474694000002
0.07013824896000002
0.06976958538000003
0.06976958538000003
0.06976958548000002
0.06940092158000001
0.06940092168000002
0.06940092168000002
0.06912442408000002
0.06912442408000002
0.06912442408000002
0.06921658998000002
0.06921658998000002
0.06903225818000001
0.06875576038000002
0.06875576038000002
0.06875576038000002
0.06838709678000003
0.06838709678000003
0.06829493088000002
0.06829493088000002
0.06829493088000002
0.06820276488000002
0.06811059898000002
0.06792626718000001
0.06764976964000002
0.06728110618000002
0.06737327204000003
0.06728110604000002
0.06709677404000003
0.06682027644000002
0.06663594464000003
0.06635944714000004
0.06599078344000003
0.06562212004000002
0.06543778824000002
0.06543778824000002
0.06543778824000002
0.06525345644000001
0.06488479274000002
0.06479262684000002
0.06470046094000002
0.06470046094000002
0.06460829514000004
0.06442396354000002
0.06405529974000002
0.06396313384000002
0.06368663618000002
0.06359447018000002
0.06350230418000002
0.06341013828000003
0.06331797258000002
0.06313364064000002
0.06294930878000002
0.06285714298000003
0.06285714298000003
0.06285714298000003
0.06276497718000003
0.06267281124000003
0.06258064524000002
0.06258064524000002
0.06258064524000002
0.06258064524000002
0.06258064524000002
0.062488479340000035
0.06230414754000003
0.06230414754000003
0.06230414754000003
0.062211981640000025
0.062211981640000025
0.062211981640000025
0.06211981574000003
0.062027649940000026
0.06193548404000003
0.061843318240000035
0.06184331820000003
0.06156682064000003
0.06147465472000003
0.06138248882000004
0.061105990880000044
0.06082949338000003
0.06064516168000003
0.06064516168000003
0.060460829840000035
0.060092166200000026
0.060184332200000024
0.060184332200000024
0.06009216630000002
0.060000000400000024
0.059815668600000024
0.05944700510000003
0.05935483924000003
0.05907834170000003
0.059078341660000026
0.05917050746000002
0.05907834152000002
0.058894009720000036
0.05880184382000004
0.058709677920000036
0.05843318008000004
0.05843318008000004
0.058433180080000036
0.058156682580000035
0.05788018478000003
0.057695852780000036
0.057511520940000026
0.057511520940000026
0.057419355040000036
0.057419355040000036
0.05723502324000003
0.05723502324000003
0.05723502324000003
0.057235023100000025
0.057142857240000025
0.057142857240000025
0.057050691380000025
0.05686635950000002
0.05686635950000002
0.05658986190000002
0.05658986190000002
0.05658986190000002
0.05668202776000002
0.056589861960000015
0.056682027900000015
0.05668202786000002
0.05658986200000002
0.056497696100000015
0.05649769614000002
0.05649769614000002
0.05649769614000002
0.056313364340000026
0.056313364340000026
0.05622119844000002
0.056129032640000014
0.05603686674000001
0.05594470084000002
0.05585253494000002
0.055760369040000014
0.055760369040000014
0.055576037240000015
0.055391705480000025
0.055115207700000016
0.055299539500000015
0.055299539500000015
0.055299539500000015
0.055299539500000015
0.055299539500000015
0.05539170544000002
0.05539170544000002
0.05520737358000002
0.05502304178000002
0.054930875980000016
0.054930875980000016
0.054930875980000016
0.05483871008000002
0.054746544180000016
0.05465437828000001
0.05465437838000002
0.05465437838000002
0.05456221238000002
0.05456221238000002
0.054562212440000014
0.054562212440000014
0.054562212440000014
0.054746544240000014
0.05465437834000002
0.05465437834000002
0.054562212440000014
0.05437788060000002
0.054285714700000015
0.054193548760000015
0.05400921682000002
0.05382488502000002
0.05382488502000002
0.05364055322000001
0.053456221380000016
0.053364055440000016
0.053364055440000016
0.05327188944000001
0.05317972354000001
0.05317972354000001
0.05308755768000001
0.05308755768000001
0.05308755768000001
0.05299539178000002
0.05299539178000002
0.05299539178000002
0.05299539178000002
0.05290322598000001
0.05299539188000001
0.05299539188000001
0.05290322594000001
0.05290322594000001
0.05290322594000001
0.05299539184000001
0.05281106004
0.05290322598
0.05281106012
0.05281106012
0.05271889422
0.05271889422
0.05262672832000001
0.05271889426000001
0.05281106012000001
0.05271889418
0.05271889418
0.05271889418
0.05262672832000001
0.05253456246000001
0.05244239652000001
0.05244239652000001
0.05244239652000001
0.05244239652000001
0.05225806468000001
0.052258064720000025
0.052258064720000025
0.052258064720000025
0.052165898860000025
0.052165898860000025
0.052165898860000025
0.05207373296000002
0.051797235320000024
0.05179723528000002
0.05188940122000002
0.05188940122000002
0.05188940122000002
0.05188940122000002
0.05179723528000002
0.05179723528000002
0.05179723528000002
0.05179723528000002
0.05170506938000002
0.051612903480000014
0.051612903480000014
0.05161290352000002
0.05161290352000002
0.05161290352000002
0.05152073766000002
0.05142857180000002
0.05142857180000002
0.05152073766000002
0.05152073766000002
0.05124423992000002
0.05115207406000002
0.05105990812000002
0.05096774218000001
0.051059908080000015
0.05115207398000001
0.05115207398000001
0.05115207398000001
0.05115207398000001
0.05115207398000001
0.05096774214000001
0.05087557620000001
0.05087557620000001
0.05087557620000001
0.05087557620000001
0.05087557616000002
0.05087557616000002
0.05087557616000002
0.05087557608000002
0.05087557608000002
0.05096774194000002
0.05105990784000001
0.05105990784000001
0.05096774194000002
0.05096774194000002
0.05096774194000002
0.05096774194000002
0.05096774194000002
0.05105990788000001
0.050967741940000005
0.050967741940000005
0.050967741940000005
0.050967741940000005
0.050967741940000005
0.050967741940000005
0.050967741940000005
0.05105990788000001
0.05115207382000001
0.05105990788000001
0.05105990788000001
0.05096774198000001
0.05105990784000001
0.050967741900000016
0.050967741900000016
0.050967741900000016
0.050875576040000016
0.050875576040000016
0.050875576040000016
0.050875576040000016
0.050875576040000016
0.050875576040000016
0.050875576040000016
0.050875576040000016
0.050875576040000016
0.050875576040000016
0.050875576040000016
0.050783410180000016
0.050875576120000016
0.050875576120000016
0.050875576120000016
0.050875576120000016
0.050783410260000016
0.050783410260000016
0.050783410260000016
0.050783410260000016
0.05087557616000002
0.05096774206000001
0.05096774206000001
0.05096774206000001
0.05096774206000001
0.05096774206000001
0.05096774206000001
0.05096774206000001
0.05096774206000001
0.05096774206000001
0.05096774206000001
0.05096774206000001
0.05096774206000001
0.05096774206000001
0.05105990796000001
0.05115207382000001
0.05105990792000001
0.05096774198
0.05096774198
0.05096774198
0.05096774198
0.05096774198
0.05096774198
0.051059907880000005
0.051059907880000005
0.051059907880000005
0.051059907880000005
0.05096774198000001
0.05096774198000001
0.05087557608000001
0.05087557608000001
0.05096774198000001
0.05096774198000001
0.05096774198000001
0.05096774198000001
0.05096774198000001
0.050875576120000016
0.05078341022000001
0.05078341022000001
0.05078341022000001
0.050875576120000016
0.050967742060000015
0.05087557616000002
0.05087557616000002
0.05087557616000002
0.05087557616000002
0.05087557616000002
0.05087557616000002
0.05087557616000002
0.05087557616000002
0.05078341030000002
0.05078341030000002
0.05078341030000002
0.05078341030000002
0.05078341030000002
0.05078341030000002
0.05078341030000002
0.05078341030000002
0.05078341030000002
0.05078341030000002
0.05078341030000002
0.05087557616000002
0.05096774210000002
0.05096774210000002
0.051059908000000015
0.051059908000000015
0.051059908000000015
0.051059908000000015
0.051059908000000015
0.051059908000000015
0.051059908000000015
0.05115207394000002
0.051059908000000015
0.051059908000000015
0.050967742060000015
0.050967742060000015
0.050967742060000015
0.05087557620000002
0.05087557620000002
0.05087557620000002
0.05087557620000002
0.05087557620000002
0.05087557620000002
0.05087557620000002
0.05087557620000002
0.05087557620000002
0.050967742140000015
0.05087557620000002
0.050783410260000016
0.050783410260000016
0.050691244320000016
0.050691244320000016
0.050691244320000016
0.050691244320000016
0.05059907838000001
0.05059907838000001
0.05059907838000001
0.05050691252000001
0.05050691252000001
0.05050691252000001
0.05041474666000001
0.05041474666000001
0.05041474666000001
0.05041474666000001
0.05041474666000001
0.05041474666000001
0.05041474666000001
0.05050691256000001
0.05050691256000001
0.05050691256000001
0.05050691256000001
0.05050691256000001
0.05050691256000001
0.05050691256000001
0.05050691256000001
0.05050691256000001
0.05050691256000001
0.05050691256000001
0.05050691256000001
0.05050691256000001
0.05050691256000001
0.05050691256000001
0.05050691256000001
0.05050691256000001
0.05050691256000001
0.05050691256000001
0.05050691256000001
0.05050691256000001
0.05050691256000001
0.05050691256000001
0.05059907842000001
0.05059907842000001
0.05059907842000001
0.05059907842000001
0.05059907842000001
0.05059907842000001
0.05059907842000001
0.05059907842000001
0.05050691256000001
0.05050691256000001
0.05050691256000001
0.05050691256000001
0.05050691256000001
0.05050691256000001
0.05050691256000001
0.05050691256000001
0.05050691256000001
0.05050691256000001
0.05050691256000001
0.05059907842000001
0.05059907842000001
0.05059907842000001
0.05050691252000001
0.05050691252000001
0.05050691252000001
0.05050691252000001
0.05050691252000001
0.05050691252000001
0.05050691252000001
0.05050691252000001
0.05050691252000001
0.050414746620000006
0.050414746620000006
0.050414746620000006
0.050414746620000006
0.050414746620000006
0.050414746620000006
0.050414746620000006
0.050414746620000006
0.050414746620000006
0.050414746620000006
0.050414746620000006
0.050414746620000006
0.050414746620000006
0.050414746620000006
0.05032258072
0.05032258072
0.05032258072
0.05032258072
0.05032258072
0.05023041486
0.05023041486
0.050138248960000006
0.050046083020000014
0.050046083020000014
0.050046083020000014
0.050046083020000014
0.050046083020000014
0.050046083020000014
0.050046083020000014
0.050046083020000014
0.050046083020000014
0.050046083020000014
0.050046083020000014
0.050046083020000014
0.050046083020000014
0.050046083020000014
0.050046083020000014
0.050046083020000014
0.050046083020000014
0.050046083020000014
0.050046083020000014
0.050046083020000014
0.050046083020000014
0.050046083020000014
0.050046083020000014
0.049953917160000014
0.049953917160000014
0.049953917160000014
0.04986175122000001
0.04986175122000001
0.04986175122000001
0.04986175122000001
0.049769585320000004
0.049769585320000004
0.049769585320000004
0.04986175126
0.04986175126
0.04995391716
0.04995391716
0.04986175126
0.05004608302
0.05004608302
0.05004608302
0.05004608302
0.05004608302
0.05004608302
0.05004608302
0.04995391708000001
0.04995391708000001
0.04995391708000001
0.04995391708000001
0.04995391708000001
0.04995391708000001
0.04986175118000001
0.04986175118000001
0.05004608298000001
0.04995391708000001
0.04995391708000001
0.04995391708000001
0.04995391708000001
0.04995391708000001
0.04995391708000001
0.05004608298000001
0.04995391708000001
0.04995391708000001
0.04995391708000001
0.04995391708000001
0.04995391708000001
0.04995391708000001
0.04995391708000001
0.04986175114
0.04986175114
0.04986175114
0.04986175114
0.04986175114
0.04976958528
0.04976958528
0.04986175114
0.04986175114
0.04986175114
0.049861751180000004
0.049861751180000004
0.049861751180000004
0.04976958528
0.04976958528
0.04976958528
0.04976958528
0.04986175122000001
0.04986175122000001
0.04986175122000001
0.04986175122000001
0.04995391708000001
0.05004608294000001
0.05004608294000001
0.05004608294000001
0.05004608294000001
0.05004608294000001
0.05004608294000001
0.05004608294000001
0.05004608294000001
0.05013824888
0.05013824888
0.05013824888
0.05013824888
0.05013824888
0.05013824888
0.05013824888
0.05013824888
0.05013824888
0.05013824888
0.05004608302
0.05004608302
0.05004608302
0.05004608302
0.05004608302
0.05004608302
0.05004608302
0.05004608302
0.05004608302
0.05004608302
0.05004608302
0.05013824888
0.05004608302
0.050138248960000006
0.050138248960000006
0.050138248960000006
0.050138248960000006
0.050138248960000006
0.050138248960000006
0.050138248960000006
0.050138248960000006
0.050138248960000006
0.050138248960000006
0.050138248960000006
0.050138248960000006
0.05004608306
0.05004608306
0.05004608306
0.05013824892
0.05013824892
0.05013824892
0.05013824892
0.05013824892
0.05013824892
0.05013824892
0.05013824892
0.05013824892
0.05013824892
0.05013824892
0.05013824892
0.05023041482
0.05032258072
0.05032258072
0.05032258072
0.05032258072
0.05032258072
0.05032258072
0.05032258072
0.05032258072
0.05032258072
0.05023041486
0.05023041486
0.05023041486
0.05023041486
0.05023041486
0.05032258072
0.05041474662
0.05041474662
0.05041474662
0.05041474662
0.05041474662
0.05041474662
0.05041474662
0.05041474662
0.05041474662
0.05041474662
0.05041474662
0.05041474662
0.05041474662
0.05032258068
0.05032258068
0.05032258068
0.05032258068
0.05032258068
0.05032258068
0.05032258068
0.05032258068
0.05032258068
0.05032258068
0.05032258068
0.05041474658
0.05041474658
0.05041474658
0.05041474658
0.05041474658
0.05041474658
0.05041474658
0.05041474658
0.05041474658
0.05041474658
0.05041474658
0.05041474658
0.05041474658
0.05041474658
0.05041474658
0.05041474658
0.05041474658
0.05041474658
0.05041474658
0.05041474658
0.05041474658
0.05041474658
0.05050691244
0.0505990783
0.05069124424
0.05069124424
0.05069124424
0.05069124424
0.05069124424
0.05069124424
0.05069124424
0.05069124424
0.05069124424
0.05069124424
0.05069124424
0.05069124424
0.05069124424
0.05069124424
0.05069124424
0.05069124424
0.05069124424
0.05069124424
0.05069124424
0.05069124424
0.05069124424
0.05069124424
0.05069124424
0.05069124424
0.05069124424
0.05069124424
0.05069124424
0.05069124424
0.05069124424
0.05069124424
0.05069124424
0.05069124424
0.05069124424
0.05069124424
0.05069124424
0.05069124424
0.05069124424
0.05069124424
0.05069124424
0.05069124424
0.05069124424
0.05069124424
0.05069124424
0.05069124424
0.05078341018000001
0.05078341018000001
0.05087557608
0.05087557608
0.05087557608
0.05087557608
0.05087557608
0.050967741979999995
