0.5312442414
0.46534562819999997
0.413456223
0.3812903279199999
0.3627649812
0.35087557980000006
0.33963133880000007
0.3168663620800001
0.29668202758
0.27299539562
0.25198156870000005
0.23788018530000002
0.22387096969999995
0.20986175146
0.19935484038
0.18857142838000002
0.17658986298
0.16451612829999998
0.15612903282
0.15096774234000002
0.14654378026000003
0.14175115272000002
0.13751152148000004
0.13428571432000005
0.13299539270000005
0.13142857218000004
0.12829493142000004
0.12580645234
0.1237788025
0.12230414823999997
0.12092165984000001
0.11953917154000003
0.11870967780000007
0.11843317980000004
0.11741935396
0.11594470028000002
0.11502304152000001
0.11382488530000001
0.11317972380000002
0.11225806534000003
0.11087557690000001
0.11023041580000001
0.10930875692000003
0.10875576138000004
0.10820276576000001
0.10718894110000003
0.10700460902000003
0.10654377972000002
0.10571428594
0.10479262736
0.10387096818000002
0.10313364170000003
0.10211981662000003
0.10165898712000003
0.10073732852000003
0.10000000114000002
0.09944700592000003
0.09907834236000002
0.09815668354
0.09760368824000003
0.09658986336000001
0.09576037014000002
0.09529954086000003
0.09474654546000004
0.09428571586000004
0.09354838860000003
0.09308755912000002
0.09198156784000001
0.09142857264000001
0.09105990898000002
0.09023041630000003
0.08967742102000002
0.08903225950000003
0.08875576178000003
0.08829493208000003
0.08737327330000005
0.08645161410000003
0.08599078448000004
0.08571428658000003
0.08552995468000005
0.08516129098000004
0.08497695920000004
0.08479262760000003
0.08423963208000003
0.08377880228000002
0.08350230438000004
0.08304147478000003
0.08239631368000001
0.08221198198000002
0.08202765008000001
0.08147465446
0.08110599076000001
0.08082949296000001
0.08027649764000001
0.08027649754000002
0.07972350224000002
0.07926267294
0.07889400934000002
0.07852534594000002
0.07815668234
0.07778801904000003
0.07723502384000003
0.07686636014000002
0.07677419434000002
0.07612903296000002
0.07548387176000002
0.07483871046000001
0.07447004686000001
0.07382488566
0.07373271976000002
0.07345622196000003
0.07327189006000003
0.07271889456000001
0.07244239686000002
0.07225806496000002
0.07198156696000002
0.07170506936000001
0.07133640595999999
0.07124423996
0.07069124467999999
0.07023041488
0.07004608298
0.06976958518
0.06949308768000001
0.06921659012
0.06894009218000001
0.0686635943
0.06829493090000001
0.0679262671
0.06764976940000002
0.06737327190000002
0.06700460850000002
0.06691244256000002
0.06654377898000002
0.06654377878
0.06608294972000002
0.06589861788000001
0.06552995428000002
0.06516129048000002
0.06506912458000001
0.06470046088000003
0.06442396314000003
0.06423963144000003
0.06405529960000003
0.06405529964000004
0.06359447020000003
0.06341013844000003
0.06304147486000003
0.06276497726000002
0.062488479460000024
0.06230414766000004
0.062027649960000035
0.06175115236000004
0.061566820600000044
0.06147465470000005
0.06156682060000005
0.061290322880000046
0.06092165908000004
0.06073732734000003
0.06064516150000002
0.060460829700000024
0.06055299560000002
0.06018433176000002
0.060092165820000015
0.059631336660000006
0.05935483902000001
0.05935483902000001
0.05917050712000001
0.05880184348000001
0.05861751176000001
0.05852534596000001
0.05843318006000001
0.058248848100000014
0.058156682160000014
0.057880184520000016
0.05769585278000001
0.057511520980000015
0.057235023240000016
0.05705069164000002
0.05677419384000002
0.05677419390000002
0.05677419404000001
0.056682028140000014
0.05649769624000001
0.05658986210000001
0.05631336440000002
0.05631336440000002
0.05612903256000002
0.056036866660000025
0.05576036886000003
0.055668202980000026
0.05539170522000002
0.05539170526000003
0.055299539360000025
0.05520737328000003
0.05511520728000002
0.05520737322000003
0.054930875580000024
0.05456221190000003
0.05456221190000003
0.05456221190000003
0.05465437784000003
0.054470045900000034
0.054470045940000024
0.054377880080000024
0.05410138242000003
0.05419354832000003
0.05410138252000002
0.05410138252000002
0.05400921666000002
0.05400921670000002
0.053824884900000015
0.053824884900000015
0.053824884760000025
0.053917050620000025
0.05373271896000002
0.05373271896000002
0.05364055310000002
0.05354838724000002
0.05327188968000002
0.05327188968000002
0.052995391920000016
0.053087557780000016
0.053087557780000016
0.05299539188000001
0.053087557780000016
0.052995391920000016
0.05299539192000001
0.05299539192000001
0.05308755778000001
0.05281106008000002
0.05253456238000001
0.05253456238000001
0.052442396480000014
0.052442396480000014
0.052258064780000016
0.052258064780000016
0.05216589884000002
0.05216589884000002
0.05216589884000002
0.05216589884000003
0.05225806478000003
0.052165898880000026
0.05207373294000003
0.05198156694000002
0.05198156694000002
0.05179723528000002
0.05179723528000002
0.05179723528000002
0.051612903420000016
0.05133640572000002
0.05133640572000002
0.05133640572000002
0.05124423978000001
0.051244239820000016
0.051244239820000016
0.051244239820000016
0.05124423992000002
0.05115207398000002
0.051059908080000015
0.051059908080000015
0.05115207410000002
0.05105990816000002
0.05115207402000002
0.05096774226000002
0.05096774226000002
0.050875576360000015
0.05078341046000001
0.05078341046000001
0.050783410500000015
0.05087557640000002
0.050783410500000015
0.050783410500000015
0.050783410500000015
0.050691244640000015
0.050783410580000014
0.050783410580000014
0.05087557652000001
0.05096774238000001
0.05096774238000001
0.050875576440000014
0.05078341054000001
0.05078341054000001
0.05078341054000001
0.05078341054000001
0.05069124468000001
0.05050691292000001
0.05050691292000001
0.05050691292000001
0.05041474698
0.05041474698
0.050322581080000005
0.050322581080000005
0.050322581080000005
0.050322581080000005
0.05041474698
0.05041474698
0.05041474698
0.05041474698
0.05041474694
0.05041474694
0.05041474694
0.05041474694
0.050322580959999995
0.05023041502
0.05023041502
0.050322580879999995
0.050322580879999995
0.050322580879999995
0.050322580879999995
0.05023041502
0.05004608322
0.05004608318
0.04995391728
0.04995391728
0.04995391728
0.04995391728
0.04986175142
0.04976958552
0.04976958552
0.04976958552
0.04976958552
0.04976958552
0.04976958552
0.04976958552
0.04976958552
0.04967741958000001
0.04958525364
0.04958525364
0.04976958536
0.04976958536
0.04976958536
0.04976958536
0.0499539172
0.0499539172
0.0499539172
0.0500460831
0.0500460831
0.05013824896
0.05023041482
0.05023041482
0.05023041482
0.05013824896
0.05013824896
0.050046083059999996
0.050046083059999996
0.049953917119999997
0.049953917119999997
0.05004608302
0.05004608302
0.05004608302
0.05004608302
0.05004608302
0.05004608302
0.05004608302
0.05004608302
0.04995391716
0.04986175130000001
0.04986175130000001
0.04986175130000001
0.04986175130000001
0.04986175130000001
0.04986175130000001
0.04986175130000001
0.0499539172
0.04986175134000001
0.049769585400000003
0.049677419460000004
0.049677419460000004
0.049677419460000004
0.049677419460000004
0.049677419460000004
0.049677419460000004
0.049585253520000004
0.049677419380000004
0.049677419380000004
0.049677419380000004
0.049677419380000004
0.049677419380000004
0.049677419380000004
0.049677419380000004
0.049677419380000004
0.049677419380000004
0.049677419380000004
0.049677419380000004
0.049769585240000004
0.049769585240000004
0.04967741934
0.0497695852
0.0497695852
0.0497695852
0.0495852534
0.0495852534
0.0495852534
0.0495852534
0.04967741934000001
0.04967741934000001
0.04967741934000001
0.0495852534
0.0495852534
0.04958525336000001
0.04958525336000001
0.04958525336000001
0.04949308750000001
0.04949308750000001
0.04949308750000001
0.04949308750000001
0.04940092164000001
0.04940092164000001
0.04940092164000001
0.04930875578000001
0.04940092172000001
0.04940092172000001
0.04940092172000001
0.04930875586000001
0.04921658996000001
0.04930875582000001
0.04930875582000001
0.04930875582000001
0.04930875582000001
0.04930875582000001
0.04930875582000001
0.04930875582000001
0.04930875582000001
0.04930875582000001
0.04930875582000001
0.04930875582000001
0.04930875582000001
0.04930875582000001
0.04930875582000001
0.04921658996000001
0.04921658996000001
0.04912442402000001
0.04912442402000001
0.04912442402000001
0.04912442402000001
0.04912442402000001
0.04912442402000001
0.04921658992000001
0.04921658992000001
0.04921658992000001
0.04921658992000001
0.04921658992000001
0.04921658992000001
0.04921658992000001
0.04921658992000001
0.04921658992000001
0.04921658992000001
0.04921658992000001
0.04921658992000001
0.04921658992000001
0.04921658992000001
0.04921658992000001
0.04921658992000001
0.04921658992000001
0.04912442402000001
0.04912442402000001
0.04912442402000001
0.04912442402000001
0.04912442402000001
0.04912442402000001
0.04912442402000001
0.04921658992000001
0.04921658992000001
0.04912442406000001
0.04912442406000001
0.04912442406000001
0.04912442406000001
0.04912442406000001
0.04912442406000001
0.04912442406000001
0.04903225812000001
0.04912442406000001
0.04912442406000001
0.04921659000000001
0.04921659000000001
0.04921659000000001
0.04921659000000001
0.04921659000000001
0.04921659000000001
0.04921659008000002
0.04921659008000002
0.04921659008000002
0.04930875598000001
0.04930875598000001
0.04930875598000001
0.04921659012000001
0.04921659012000001
0.04930875606000001
0.04940092196000001
0.04940092196000001
0.049308756060000014
0.049400921920000014
0.049400921920000014
0.049400921920000014
0.049400921920000014
0.049493087780000014
0.049493087780000014
0.049493087780000014
0.049493087780000014
0.049493087780000014
0.049493087780000014
0.049493087780000014
0.049493087780000014
0.049493087780000014
0.049493087780000014
0.049493087780000014
0.049493087780000014
0.049493087780000014
0.049493087780000014
0.049493087780000014
0.04958525368000002
0.04958525368000002
0.049493087780000014
0.049493087780000014
0.049493087780000014
0.049493087780000014
0.049493087780000014
0.049493087780000014
0.049493087780000014
0.049493087780000014
0.04958525368000002
0.04958525368000002
0.049677419580000014
0.049677419580000014
0.049585253720000014
0.049585253720000014
0.049585253720000014
0.049677419580000014
0.049677419580000014
0.049769585440000014
0.049769585440000014
0.049677419580000014
0.049677419580000014
0.049677419580000014
0.049677419580000014
0.049677419580000014
0.049677419580000014
0.049677419580000014
0.049677419580000014
0.049677419580000014
0.049677419580000014
0.04976958552000002
0.04976958552000002
0.04976958552000002
0.04976958552000002
0.04976958552000002
0.04976958552000002
0.04976958552000002
0.04976958552000002
0.04976958552000002
0.04976958552000002
0.04976958552000002
0.04976958552000002
0.04976958552000002
0.04986175146000002
0.04986175146000002
0.04986175146000002
0.04986175146000002
0.04995391740000001
0.04995391740000001
0.04995391740000001
0.04995391740000001
0.04995391740000001
0.04995391740000001
0.04995391740000001
0.04995391740000001
0.04995391740000001
0.05004608334000002
0.05013824920000002
0.05013824920000002
0.05013824920000002
0.050230415100000016
0.050230415100000016
0.050230415100000016
0.050230415100000016
0.050230415100000016
0.050230415100000016
0.050322580960000016
0.050322580960000016
0.050414746820000016
0.050414746820000016
0.050414746820000016
0.050414746820000016
0.050414746820000016
0.050414746820000016
0.050414746820000016
0.05050691272000002
0.05059907858000002
0.05059907858000002
0.05059907858000002
0.05059907858000002
0.05059907858000002
0.05059907858000002
0.05059907858000002
0.05059907858000002
0.05059907858000002
0.050506912680000016
0.050506912680000016
0.050506912680000016
0.050506912680000016
0.050506912680000016
0.050506912680000016
0.050506912680000016
0.050506912680000016
0.050414746820000016
0.05050691276000001
0.05050691276000001
0.05050691276000001
0.05050691276000001
0.05050691276000001
0.05050691276000001
0.05050691276000001
0.05050691276000001
0.05059907866000001
0.05059907866000001
0.05078341046000002
0.05078341046000002
0.05087557632000002
0.05087557632000002
0.05096774222000002
0.05096774222000002
0.05096774222000002
0.05096774222000002
0.05105990812000002
0.051152074060000025
0.05124423996000002
0.051336405820000014
0.051428571680000014
0.051428571680000014
0.051612903480000014
0.051612903480000014
0.051612903480000014
0.051612903480000014
0.051612903480000014
0.051612903480000014
0.051612903480000014
0.051612903480000014
0.051612903480000014
0.051612903480000014
0.051612903480000014
0.051612903480000014
0.051612903480000014
0.05170506942000001
0.05170506942000001
0.05170506942000001
0.05170506942000001
0.05170506942000001
0.05170506942000001
0.05170506942000001
0.05170506942000001
0.05170506942000001
0.05170506942000001
0.05170506942000001
0.05170506942000001
0.05170506942000001
0.05170506942000001
0.05170506942000001
0.05179723536000002
0.05179723536000002
0.05179723536000002
0.05179723536000002
0.05179723536000002
0.05179723536000002
0.05179723536000002
0.05179723536000002
0.05179723536000002
0.05179723536000002
0.05179723536000002
0.05179723536000002
0.05179723536000002
0.05179723536000002
0.05188940126000002
0.05188940126000002
0.05188940126000002
0.05188940126000002
0.05188940126000002
0.05188940126000002
0.05188940126000002
0.05188940126000002
0.05188940126000002
0.05188940126000002
0.051981567160000026
0.051981567160000026
0.051981567160000026
0.051981567160000026
0.051981567160000026
0.051981567160000026
0.05188940126000002
0.05188940126000002
0.05188940126000002
0.05188940126000002
0.052073733060000016
0.052073733060000016
0.052073733060000016
0.052073733060000016
0.052073733060000016
0.052073733060000016
0.052073733060000016
0.052073733060000016
0.052073733060000016
0.052073733060000016
0.05216589896000002
0.05216589896000002
0.05216589896000002
0.05216589896000002
0.05216589896000002
0.05216589896000002
0.05216589896000002
0.05216589896000002
0.05207373302000001
0.05198156708000002
0.05198156708000002
0.05198156708000002
0.05207373302000001
0.051981567080000006
0.052073732940000006
0.052073732940000006
0.052073732940000006
0.052073732940000006
0.052073732940000006
0.052073732940000006
0.052073732940000006
0.052165898800000006
0.052165898800000006
0.052165898800000006
0.052165898800000006
0.052165898800000006
0.052165898800000006
0.052165898800000006
0.052165898800000006
0.052165898800000006
0.052165898800000006
0.052165898800000006
0.05207373286000001
0.05207373286000001
0.05207373286000001
0.05207373286000001
0.051981566920000014
0.051981566920000014
0.051981566920000014
0.051981566920000014
0.05207373286000002
0.05207373286000002
0.05207373286000002
0.05207373286000002
0.05207373286000002
0.05207373286000002
0.05207373286000002
0.05207373286000002
0.05216589872000002
0.05216589872000002
0.05216589872000002
0.05225806466000002
0.05225806466000002
0.05225806466000002
0.05225806466000002
0.05225806466000002
0.05225806466000002
0.052350230560000016
0.052350230560000016
0.05244239646000001
0.05244239646000001
0.05244239646000001
0.05253456232000001
0.05262672826000002
0.05262672826000002
0.05262672826000002
0.05262672826000002
0.05262672826000002
0.05262672826000002
0.05271889412000002
0.05271889412000002
0.05271889412000002
0.05271889412000002
0.05271889412000002
0.05271889412000002
0.05271889412000002
0.05271889412000002
0.052811060020000015
0.05271889412000002
0.05271889412000002
0.05262672818000001
0.05262672818000001
0.05262672818000001
0.05262672818000001
0.05271889404000001
0.05281105998000001
0.05281105998000001
0.05281105998000001
0.05281105998000001
0.05281105998000001
0.05281105998000001
0.05281105998000001
0.052718894080000016
0.052718894080000016
0.052718894080000016
0.052718894080000016
0.052718894080000016
0.052626728220000016
0.05281105998000002
0.05281105998000002
0.05281105998000002
0.05281105998000002
0.05281105998000002
0.05290322584000002
0.05290322584000002
0.053087557720000025
0.053087557720000025
0.053087557720000025
0.053087557720000025
0.053179723620000015
0.053179723620000015
0.053271889480000015
0.053271889480000015
0.053271889480000015
0.053271889480000015
0.053271889480000015
0.053271889480000015
0.053271889480000015
0.053271889480000015
0.053271889480000015
0.053271889480000015
0.053271889480000015
0.053271889480000015
0.053271889480000015
0.053271889480000015
0.053271889480000015
0.053271889480000015
0.05336405528000001
0.05336405528000001
0.05336405528000001
0.05336405528000001
0.05345622122000001
0.05345622122000001
0.05354838708000001
0.05354838708000001
0.05354838708000001
0.05354838708000001
0.05354838708000001
0.05354838708000001
0.05354838708000001
0.05354838708000001
0.05364055298000001
0.05373271884000001
0.05373271884000001
0.05373271884000001
0.05373271884000001
0.05373271884000001
0.05373271884000001
0.05373271884000001
0.05373271884000001
0.05373271884000001
0.05373271884000001
0.053824884780000005
0.053917050720000005
0.053917050720000005
0.053917050720000005
0.053917050720000005
0.053917050720000005
0.053917050720000005
0.053917050720000005
0.05400921666000001
0.05400921666000001
0.05400921666000001
0.05419354840000001
0.05428571426000001
0.05428571426000001
0.05428571426000001
0.05428571426000001
0.05437788012000001
0.05437788012000001
0.05437788012000001
0.05456221192000002
0.054562211960000016
0.05465437790000002
0.05465437790000002
0.05465437790000002
0.05465437790000002
0.05465437790000002
0.05465437790000002
0.05465437790000002
0.05465437790000002
0.05465437790000002
0.054746543840000016
0.05483870978000002
0.05483870978000002
0.05483870978000002
0.05483870978000002
0.05483870978000002
0.05483870978000002
0.05483870978000002
0.05483870978000002
0.05483870978000002
0.05483870978000002
0.05483870978000002
0.05483870978000002
0.05474654388000002
0.05474654388000002
0.05483870982000002
0.05483870982000002
0.05483870982000002
0.055023041620000025
0.055023041620000025
0.05511520752000003
0.05511520752000003
0.05511520752000003
0.05511520752000003
0.05511520752000003
0.05511520752000003
0.05511520752000003
0.05511520752000003
0.05520737342000002
0.05520737342000002
0.05520737342000002
0.05529953932000002
0.05529953932000002
0.05529953932000002
0.05529953932000002
0.05529953932000002
0.05529953932000002
0.05529953932000002
0.05539170518000002
0.05539170518000002
0.05539170518000002
0.05539170518000002
0.05539170518000002
0.05539170518000002
0.05539170518000002
0.05539170518000002
0.05539170518000002
0.05539170518000002
0.05539170518000002
0.05539170518000002
0.05548387112000002
0.05548387112000002
0.05548387112000002
0.055576037020000024
0.055576037020000024
0.055576037020000024
0.055576037020000024
0.055576037020000024
0.055576037020000024
0.055576037020000024
0.055576037020000024
0.055576037020000024
0.055576037020000024
0.055576037020000024
0.055576037020000024
0.055576037020000024
0.055576037020000024
0.05566820292000002
0.05566820292000002
0.05566820292000002
0.05566820292000002
0.05566820292000002
0.05566820292000002
0.05566820292000002
0.05566820292000002
0.05566820292000002
0.05566820292000002
0.05566820292000002
0.05566820292000002
0.05566820292000002
0.05566820292000002
0.05566820292000002
0.05566820292000002
0.05566820292000002
0.05566820292000002
0.05566820292000002
0.05566820292000002
0.05566820292000002
0.05566820292000002
0.05566820292000002
0.055760368820000024
0.055760368820000024
0.055760368820000024
0.055760368820000024
0.055760368820000024
0.055760368820000024
0.055760368820000024
0.055760368820000024
0.055760368820000024
0.055760368820000024
0.055760368820000024
0.055760368820000024
0.055760368820000024
0.055760368820000024
0.055760368820000024
0.055760368820000024
0.055760368820000024
0.055760368820000024
0.055760368820000024
0.055760368820000024
0.055760368820000024
0.055760368820000024
0.055760368820000024
0.055760368820000024
0.055760368820000024
0.055760368820000024
0.055760368820000024
