0.5242396365999998
0.42414747119999985
0.38451613440000004
0.35474654840000014
0.3281106046000001
0.29769585480000005
0.27391705439999997
0.25087557821999995
0.22691244432000005
0.20654378085999997
0.18737327348000007
0.17004608468000004
0.15870967908
0.15142857216
0.14368663784000002
0.1326267287
0.12516129059999997
0.12036866395999997
0.11622119843999995
0.11345622043999995
0.11179723419999997
0.10995391703999999
0.10847926304
0.10682027728000001
0.10516129046
0.10405529963999999
0.10285714365999998
0.10211981633999999
0.10092166000000001
0.09990783472000002
0.09815668312000002
0.09686636059999998
0.09566820358
0.09428571494000001
0.09336405630000001
0.09207373408000002
0.09142857266000001
0.08986175230000003
0.08875576140000004
0.08820276600000003
0.08764977048000004
0.08672811180000008
0.08562212042000006
0.08451612942000004
0.08331797202000002
0.08276497668000003
0.08175115218000001
0.08110599108000001
0.08036866398
0.08018433228000003
0.07953917106000002
0.07898617568000003
0.07834101398000003
0.07797235038000001
0.07751152078000001
0.07649769608000001
0.07631336428000002
0.07539170568000002
0.07493087618000002
0.07410138274000003
0.07373271904
0.07327188974000001
0.07271889448000002
0.07115207406000003
0.07041474722000002
0.06986175168000001
0.06903225848000001
0.06829493138000002
0.06792626768000001
0.06682027700000001
0.06654377936
0.06626728146000001
0.0657142861
0.06562212014000002
0.06497695894000004
0.06470046124000003
0.06433179774000003
0.06350230482000001
0.06341013908000001
0.06331797322000002
0.06304147558
0.06304147548000001
0.06285714362000001
0.06258064582000002
0.06221198232000002
0.06147465482000003
0.06138248878000002
0.06092165896000002
0.06101382488000003
0.06064516110000003
0.05999999984000003
0.059447004700000014
0.059170507040000014
0.058617511600000005
0.058709677460000005
0.05843317966000001
0.05815668172000001
0.05797235016
0.057695852520000014
0.05705069128000001
0.05668202788000001
0.056497695980000026
0.056497695980000026
0.05612903234000002
0.05622119832000002
0.056313364260000026
0.056221198360000016
0.05612903246000002
0.05585253466000002
0.055391705100000015
0.05529953916000001
0.05529953916000001
0.055115207360000015
0.05493087574000002
0.05474654394000002
0.054654378140000015
0.054470046340000015
0.054470046420000015
0.054377880560000015
0.054101382880000014
0.05410138292000001
0.05400921702
0.05391705116
0.05345622162000001
0.053364055820000006
0.05327188992
0.053364055820000006
0.05327188992
0.05317972398
0.05299539218000002
0.052995392140000014
0.05290322616000001
0.05281106022000001
0.05290322604000001
0.05290322604000001
0.05290322608000001
0.052811060180000015
0.052718894280000025
0.052718894280000025
0.05262672838000002
0.05262672838000002
0.05262672838000002
0.05262672838000002
0.05253456248000002
0.05262672838000002
0.05244239666000002
0.05253456256000002
0.05244239670000002
0.05244239670000002
0.05244239670000002
0.05235023084000002
0.05244239674000001
0.05244239674000001
0.05244239674000001
0.05244239674000001
0.05244239674000001
0.05244239674000001
0.05253456264000001
0.05253456264000001
0.05253456264000001
0.05253456264000001
0.052534562680000015
0.05253456260000002
0.05235023080000002
0.05225806490000002
0.05216589896000002
0.052073733020000026
0.05170506942000002
0.05142857172000001
0.05142857172000001
0.05142857172000001
0.05133640586000001
0.051152074020000014
0.051152074020000014
0.05115207398000001
0.05115207398000001
0.05105990804000001
0.05105990804000001
0.05105990804000001
0.05105990804000001
0.05105990804000001
0.050967742100000005
0.050967742100000005
0.05078341026
0.05078341026
0.05078341026
0.05078341026
0.05069124432000001
0.050691244319999995
0.050783410140000006
0.050691244280000006
0.050599078340000006
0.050691244280000006
0.050599078420000006
0.05069124432000001
0.05078341022
0.05078341022
0.05078341018000001
0.05078341018000001
0.05069124432000001
0.05069124432000001
0.05087557604000001
0.05087557604000001
0.05078341018000001
0.05078341018000001
0.05069124432000001
0.05069124432000001
0.05078341018000001
0.05069124432000001
0.05069124432000001
0.05078341022
0.050691244319999995
0.05059907838
0.05059907838
0.05059907838
0.05059907838
0.05059907838
0.05059907838
0.05059907838
0.050599078459999995
0.050599078459999995
0.050599078459999995
0.050691244399999995
0.050691244399999995
0.050691244399999995
0.05087557612
0.05087557612
0.05087557612
0.05087557612
0.05096774206
0.05096774206
0.05096774206
0.05096774206
0.05096774206
0.05096774206
0.05096774206
0.05096774206
0.05096774206
0.05096774206
0.05096774206
0.05096774206
0.05096774206
0.05096774206
0.05096774206
0.05096774206
0.05096774206
0.05096774206
0.051059908
0.051059908
0.05124423972
0.05124423972
0.05124423972
0.05124423972
0.05124423972
0.05124423972
0.05133640566
0.05142857156
0.05142857156
0.05142857156
0.05152073746
0.05152073746
0.051612903360000004
0.05161290340000001
0.05170506930000001
0.05170506930000001
0.05170506930000001
0.05170506930000001
0.05170506938000001
0.05152073758000001
0.05152073758000001
0.051612903480000014
0.051705069340000014
0.051705069340000014
0.05179723532000002
0.05179723532000002
0.05179723532000002
0.05179723532000002
0.05179723532000002
0.05179723532000002
0.05179723532000002
0.05179723532000002
0.05179723532000002
0.05179723532000002
0.05198156712000002
0.05198156712000002
0.05198156712000002
0.05207373298000002
0.05207373298000002
0.05207373298000002
0.05207373298000002
0.05207373298000002
0.05207373298000002
0.05207373298000002
0.05225806482000002
0.05225806482000002
0.05225806482000002
0.05225806482000002
0.05235023076000002
0.05235023076000002
0.05235023076000002
0.05235023076000002
0.05253456260000002
0.05253456260000002
0.05253456260000002
0.052626728500000025
0.052626728500000025
0.05253456260000002
0.05253456260000002
0.05253456260000002
0.05253456260000002
0.05253456260000002
0.05253456260000002
0.05253456260000002
0.05262672846000002
0.05262672846000002
0.05281106022000002
0.05281106022000002
0.05281106022000002
0.05290322616000002
0.052995392100000024
0.052995392100000024
0.052995392100000024
0.05308755800000003
0.05308755800000003
0.05308755800000003
0.052995392100000024
0.052995392100000024
0.052995392100000024
0.052995392100000024
0.052995392100000024
0.053087558040000024
0.053087558040000024
0.053087558040000024
0.053087558040000024
0.053087558040000024
0.052995392100000024
0.052995392100000024
0.052995392100000024
0.05317972390000001
0.05317972390000001
0.05317972390000001
0.05317972390000001
0.053271889800000014
0.053271889800000014
0.053271889800000014
0.053271889800000014
0.053271889800000014
0.053271889800000014
0.053271889800000014
0.053271889800000014
0.053271889800000014
0.053271889800000014
0.053271889800000014
0.053271889800000014
0.053271889800000014
0.053271889800000014
0.053271889800000014
0.053271889800000014
0.05336405570000002
0.05354838754000002
0.05354838754000002
0.05354838754000002
0.05354838754000002
0.05364055340000002
0.05382488516000002
0.05400921696000002
0.05400921696000002
0.054101382820000016
0.054101382820000016
0.054101382820000016
0.054101382820000016
0.054101382820000016
0.054101382820000016
0.054101382820000016
0.054101382820000016
0.054101382820000016
0.054101382820000016
0.054101382820000016
0.054101382820000016
0.054193548760000015
0.054193548760000015
0.054193548760000015
0.054193548760000015
0.054285714620000015
0.054285714620000015
0.054285714620000015
0.05437788052000002
0.05437788052000002
0.05437788052000002
0.05437788052000002
0.05437788052000002
0.05437788052000002
0.05437788052000002
0.05437788052000002
0.05437788052000002
0.05447004638000002
0.05456221232000002
0.05456221232000002
0.05456221232000002
0.05456221232000002
0.05465437826000001
0.05465437826000001
0.05465437826000001
0.05474654420000002
0.05474654420000002
0.054654378260000025
0.054654378260000025
0.054654378260000025
0.054654378260000025
0.054654378260000025
0.05474654420000003
0.05493087596000002
0.055115207800000024
0.055115207800000024
0.055115207800000024
0.05520737370000002
0.05520737370000002
0.05520737370000002
0.055299539600000024
0.055299539600000024
0.055391705400000026
0.055391705400000026
0.055391705400000026
0.055391705400000026
0.055391705400000026
0.055391705400000026
0.055483871260000026
0.05557603720000002
0.05557603720000002
0.05566820300000003
0.05566820300000003
0.05566820300000003
0.05557603706000003
0.05557603706000003
0.05557603706000003
0.05557603706000003
0.05566820292000003
0.055760368860000034
0.055852534800000034
0.055852534800000034
0.055852534800000034
0.055852534800000034
0.055852534800000034
0.05603686668000003
0.056129032580000036
0.056129032580000036
0.056129032580000036
0.056129032580000036
0.056129032580000036
0.056405530240000036
0.05649769614000004
0.05649769614000004
0.05649769614000004
0.05649769614000004
0.05649769614000004
0.05649769614000004
0.05649769614000004
0.05649769614000004
0.05649769614000004
0.056682027940000025
0.056682027940000025
0.05677419374000002
0.05677419374000002
0.05677419374000002
0.05677419374000002
0.05677419374000002
0.05677419374000002
0.05677419374000002
0.05677419374000002
0.05677419374000002
0.05677419374000002
0.05686635960000002
0.05686635960000002
0.05686635960000002
0.05686635960000002
0.05686635960000002
0.05686635960000002
0.05686635960000002
0.05686635960000002
0.05686635960000002
0.05695852554000003
0.05695852554000003
0.05695852554000003
0.05695852554000003
0.05705069134000002
0.057142857140000024
0.057142857140000024
0.057142857140000024
0.057142857140000024
0.057142857140000024
0.057142857140000024
0.057142857140000024
0.057142857140000024
0.057142857140000024
0.057235023000000024
0.05732718890000003
0.05732718890000003
0.05732718890000003
0.05732718890000003
0.05732718890000003
0.05732718890000003
0.05741935490000003
0.05741935490000003
0.057511520840000024
0.057511520840000024
0.05769585264000003
0.05769585264000003
0.05769585264000003
0.05788018440000003
0.05788018440000003
0.05788018440000003
0.057972350300000024
0.057972350300000024
0.058064516100000026
0.05815668190000003
0.05824884780000003
0.05834101370000003
0.05843317970000002
0.05843317970000002
0.05852534560000002
0.05852534560000002
0.05861751150000002
0.05870967740000002
0.05870967740000002
0.05870967740000002
0.05870967740000002
0.058801843300000024
0.058801843300000024
0.05898617514000002
0.05898617514000002
0.05907834108000002
0.05907834108000002
0.05907834108000002
0.05907834108000002
0.05907834108000002
0.05907834108000002
0.05917050702000002
0.05917050702000002
0.05917050702000002
0.05926267292000001
0.05926267292000001
0.05926267292000001
0.05926267292000001
0.05926267292000001
0.05926267292000001
0.05926267292000001
0.05926267292000001
0.05926267292000001
0.05926267292000001
0.05926267292000001
0.05926267292000001
0.05926267292000001
0.05935483882000001
0.05935483882000001
0.05935483882000001
0.05935483882000001
0.059447004720000016
0.059447004720000016
0.059447004720000016
0.05953917062000001
0.05953917062000001
0.05953917062000001
0.05953917062000001
0.05953917062000001
0.05963133656000001
0.059723502360000014
0.059723502360000014
0.059723502360000014
0.059723502360000014
0.059723502360000014
0.059723502360000014
0.05981566826000002
0.05981566826000002
0.05981566826000002
0.059999999960000015
0.059999999960000015
0.059999999960000015
0.059999999960000015
0.059999999960000015
0.059999999960000015
0.059999999960000015
0.05990783406000001
0.05990783406000001
0.05981566806000002
0.05981566806000002
0.05981566806000002
0.05981566806000002
0.05981566806000002
0.05981566806000002
0.05981566806000002
0.05981566806000002
0.05981566806000002
0.05990783406000002
0.05990783406000002
0.05990783406000002
0.05999999996000002
0.05999999996000002
0.05999999996000002
0.05999999996000002
0.060092165760000024
0.060184331700000024
0.060184331700000024
0.060184331700000024
0.060184331700000024
0.060184331700000024
0.060184331700000024
0.06027649760000002
0.06027649760000002
0.06027649760000002
0.06027649760000002
0.06027649760000002
0.06036866346000002
0.06036866346000002
0.06036866346000002
0.06036866346000002
0.06036866346000002
0.06036866346000002
0.06046082940000001
0.06046082940000001
0.06046082940000001
0.06055299530000001
0.06055299530000001
0.06055299530000001
0.06064516120000001
0.06064516120000001
0.060737327100000016
0.060737327100000016
0.060737327100000016
0.06082949300000002
0.06082949300000002
0.06082949300000002
0.06073732720000002
0.06073732720000002
0.06073732720000002
0.06073732720000002
0.06073732720000002
0.06073732720000002
0.06073732720000002
0.06064516130000002
0.060737327100000016
0.060737327100000016
0.060737327100000016
0.060737327100000016
0.060737327100000016
0.060737327100000016
0.06082949290000002
0.06092165880000002
0.06092165880000002
0.06092165880000002
0.06092165880000002
0.06092165880000002
0.06092165880000002
0.06092165880000002
0.06092165880000002
0.06092165880000002
0.06092165880000002
0.06092165880000002
0.06092165880000002
0.06092165880000002
0.06092165880000002
0.06092165880000002
0.06092165880000002
0.06092165880000002
0.06092165880000002
0.06092165880000002
0.06092165880000002
0.06092165880000002
0.06092165880000002
0.061013824700000024
0.061013824700000024
0.061013824700000024
0.06110599060000003
0.06110599060000003
0.06119815640000003
0.06119815640000003
0.06119815640000003
0.06119815640000003
0.06119815640000003
0.06119815640000003
0.06119815640000003
0.06119815640000003
0.06119815640000003
0.06119815640000003
0.06119815640000003
0.06119815640000003
0.06119815640000003
0.06119815640000003
0.06119815640000003
0.06119815640000003
0.06119815640000003
0.06119815640000003
0.06119815640000003
0.06119815640000003
0.06119815640000003
0.06119815640000003
0.06119815640000003
0.06119815640000003
0.06119815640000003
0.06119815640000003
0.06119815640000003
0.06119815640000003
0.06129032230000003
0.06129032230000003
0.06129032230000003
0.06129032230000003
0.06129032230000003
0.06147465400000003
0.06147465400000003
0.06147465400000003
0.06147465400000003
0.06147465400000003
0.06147465400000003
0.06147465400000003
0.06147465400000003
0.06156681990000003
0.06156681990000003
0.06156681990000003
0.06156681990000003
0.06156681990000003
0.06165898584000003
0.06165898584000003
0.061751151840000025
0.061751151840000025
0.061751151840000025
0.061751151840000025
0.061751151840000025
0.061751151840000025
0.061751151840000025
0.061751151840000025
0.061751151840000025
0.06193548364000003
0.06193548364000003
0.06193548364000003
0.06193548364000003
0.06193548364000003
0.06193548364000003
0.06193548364000003
0.06193548364000003
0.06193548364000003
0.06193548364000003
0.06202764954000003
0.06202764954000003
0.06202764954000003
0.06202764954000003
0.06202764954000003
0.06202764954000003
0.06202764954000003
0.06202764954000003
0.06202764954000003
0.06211981554000003
0.06211981554000003
0.06211981554000003
0.06211981554000003
0.06211981554000003
0.06211981554000003
0.06211981554000003
0.06211981554000003
0.06211981554000003
0.06211981554000003
0.06221198148000004
0.06230414738000003
0.06230414738000003
0.06230414738000003
0.06230414738000003
0.06230414738000003
0.06230414738000003
0.062396313320000035
0.062396313320000035
0.062396313320000035
0.062396313320000035
0.062396313320000035
0.062396313320000035
0.062396313320000035
0.062396313320000035
0.062396313320000035
0.062396313320000035
0.062396313320000035
0.062396313320000035
0.062396313320000035
0.062396313320000035
0.062396313320000035
0.062396313320000035
0.062396313320000035
0.062396313320000035
0.062396313320000035
0.062396313320000035
0.062396313320000035
0.062396313320000035
0.06248847922000004
0.06248847922000004
0.06248847922000004
0.06248847922000004
0.06248847922000004
0.06248847922000004
0.06248847922000004
0.06248847922000004
0.06248847922000004
0.06248847922000004
0.06248847922000004
0.06248847922000004
0.06248847922000004
0.06248847922000004
0.06248847922000004
0.06248847922000004
0.06248847922000004
0.06248847922000004
0.06248847922000004
0.06248847922000004
0.06248847922000004
0.06248847922000004
0.06248847922000004
0.06248847922000004
0.06248847922000004
0.06248847922000004
0.06248847922000004
0.06248847922000004
0.06258064512000003
0.06258064512000003
0.06258064512000003
0.06258064512000003
0.06258064512000003
0.06258064512000003
0.06258064512000003
0.06258064512000003
0.06258064512000003
0.06258064512000003
0.06258064512000003
0.06258064512000003
0.06276497702000003
0.06276497702000003
0.06276497702000003
0.06276497702000003
0.06276497702000003
0.06276497702000003
0.06276497702000003
0.06276497702000003
0.06276497702000003
0.06276497702000003
0.06276497702000003
0.06276497702000003
0.06276497702000003
0.06276497702000003
0.06276497702000003
0.06276497702000003
0.06276497702000003
0.06276497702000003
0.06276497702000003
0.06285714292000003
0.06285714292000003
0.06285714292000003
0.06285714292000003
0.06285714292000003
0.06285714292000003
0.06285714292000003
0.06285714292000003
0.06285714292000003
0.06285714292000003
0.06285714292000003
0.06285714292000003
0.06285714292000003
0.06285714292000003
0.06285714292000003
0.06294930882000002
0.06294930882000002
0.06294930882000002
0.06294930882000002
0.06294930882000002
0.06294930882000002
0.06294930882000002
0.06304147472000002
0.06304147472000002
0.06304147472000002
0.06304147472000002
0.06304147472000002
0.06304147472000002
0.06304147472000002
0.06304147472000002
0.06322580642000002
0.06322580642000002
0.06331797232000001
0.06331797232000001
0.06331797232000001
0.06331797232000001
0.06331797232000001
0.06350230402000002
0.06350230402000002
0.06350230402000002
0.06350230402000002
0.06350230402000002
0.06350230402000002
0.06350230402000002
0.06350230402000002
0.06359446982000003
0.06359446982000003
0.06359446982000003
0.06359446982000003
0.06359446982000003
0.06359446982000003
0.06359446982000003
0.06359446982000003
0.06359446982000003
0.06359446982000003
0.06359446982000003
0.06359446982000003
0.06359446982000003
0.06368663572000002
0.06368663572000002
0.06368663572000002
0.06368663572000002
0.06377880152000003
0.06377880152000003
0.06377880152000003
0.06377880152000003
0.06377880152000003
0.06377880152000003
0.06387096742000004
0.06387096742000004
0.06387096742000004
0.06387096742000004
0.06387096742000004
0.06387096742000004
0.06387096742000004
0.06387096742000004
0.06396313332000003
0.06396313332000003
0.06387096742000004
0.06387096742000004
0.06387096742000004
0.06387096742000004
0.06387096742000004
0.06387096742000004
0.06387096742000004
0.06387096742000004
0.06387096742000004
0.06387096742000004
0.06387096742000004
0.06387096742000004
0.06387096742000004
0.06387096742000004
0.06387096742000004
0.06387096742000004
0.06387096742000004
0.06387096742000004
0.06387096742000004
0.06387096742000004
0.06387096742000004
0.06387096742000004
0.06387096742000004
0.06387096742000004
0.06387096742000004
0.06396313322000004
0.06396313322000004
0.06396313322000004
0.06396313322000004
0.06396313322000004
0.06396313322000004
0.06396313322000004
0.06396313322000004
0.06396313322000004
0.06396313322000004
0.06396313322000004
0.06396313322000004
0.06396313322000004
0.06396313322000004
0.06396313322000004
0.06396313322000004
0.06396313322000004
0.06396313322000004
0.06396313322000004
0.06396313322000004
0.06396313322000004
0.06396313322000004
0.06396313322000004
0.06396313322000004
0.06396313322000004
0.06396313322000004
0.06396313322000004
0.06396313322000004
0.06396313322000004
0.06396313322000004
0.06396313322000004
0.06396313322000004
0.06387096722000003
0.06387096722000003
0.06387096722000003
0.06387096722000003
0.06387096722000003
0.06387096722000003
0.06396313302000003
0.06396313302000003
0.06405529892000004
0.06405529892000004
0.06405529892000004
0.06405529892000004
0.06405529892000004
0.06405529892000004
0.06405529892000004
0.06405529892000004
0.06405529892000004
0.06405529892000004
0.06405529892000004
