0.5244239721999999
0.5073732794
0.4900460908000001
0.4709677459999999
0.4556682048000001
0.4388940149999999
0.420829497
0.39281106419999995
0.37861751439999997
0.3632258095999999
0.35262673140000006
0.3440553018
0.34046083360000007
0.33188940400000005
0.3265437824000001
0.32156682280000004
0.31677419900000003
0.31235023520000005
0.30774193880000017
0.30433180020000017
0.3011981592
0.29594470364000003
0.29308756144
0.28903226171999996
0.28285714512000004
0.27668203080000003
0.27059908079999995
0.26682027972
0.26055299892000006
0.25502304412
0.25004608592000005
0.24543778942
0.24138249043999996
0.23723502538000002
0.23235023330000004
0.22866359554000007
0.22405530143999997
0.21843318304
0.21373272160000004
0.21059908215999998
0.20764977187999997
0.20423963435999998
0.20110599308
0.19732719151999997
0.19502304460000008
0.19299539406000005
0.19059908073999998
0.18894009458000005
0.18599078522000004
0.18193548614000005
0.18018433398000006
0.17880184486000006
0.17741935694000005
0.17502304404
0.17410138468000003
0.17142857288000002
0.16847926424
0.16709677604
0.16350230608
0.16175115358000003
0.15824884870000003
0.15714285834000005
0.15428571634000002
0.15207373466000002
0.14958525546
0.14857143046000001
0.14737327366000005
0.14589861954000002
0.14516129258000005
0.14359447186000002
0.14267281260000003
0.14184331934000002
0.14110599264000004
0.14018433316000004
0.13981566956000002
0.13926267448000001
0.13880184468
0.13797235132
0.13631336507999997
0.13419354928
0.13253456355999998
0.13216589984000002
0.13152073792
0.13004608364
0.12912442532
0.12857142972
0.12792626904
0.12728110732
0.12626728272000007
0.12516129164000003
0.12331797356000003
0.12276497796000001
0.12202765032
0.12064516232000001
0.1198156692
0.11870967848
0.11806451772000003
0.11741935590000002
0.11585253634000005
0.11557603846000003
0.11465437958000002
0.11364055500000003
0.11290322758000004
0.11225806600000005
0.11188940232000004
0.11133640684000005
0.11078341144000003
0.10976958676000002
0.10930875760000007
0.10912442568000007
0.10857143048000005
0.10829493266000005
0.10783410350000004
0.10755760550000003
0.10746543940000004
0.10709677602000005
0.10654378044000005
0.10626728264000004
0.10599078516000005
0.10552995574000004
0.10525345774000006
0.10506912592000005
0.10460829608000005
0.10433179826000005
0.10396313424000005
0.10377880264000006
0.10341013894000005
0.10341013894000005
0.10341013904000006
0.10304147516000003
0.10285714344000003
0.10276497744000004
0.10258064552000004
0.10230414782000004
0.10221198182000003
0.10193548412000003
0.10138248882000005
0.10119815714000006
0.10082949372000007
0.10082949352000008
0.10046083014000005
0.10009216652000007
0.09990783472000006
0.09963133666000007
0.09953917086000005
0.09944700506000008
0.09935483930000007
0.09926267318000007
0.09907834140000006
0.09898617572000007
0.09880184410000005
0.09861751220000006
0.09852534640000005
0.09815668260000006
0.09769585290000006
0.09741935510000005
0.09705069158000006
0.09668202798000004
0.09649769626000004
0.09649769626000004
0.09640553036000003
0.09585253518000003
0.09557603758000002
0.09520737392000003
0.09493087612000002
0.09474654436000002
0.09428571486000002
0.09327188980000005
0.09308755800000004
0.09281106018000004
0.09244239688000004
0.09198156778000005
0.09152073858000005
0.09115207468000004
0.09087557720000004
0.09069124536000006
0.09050691356000007
0.08995391796000003
0.08940092256000005
0.08940092236000005
0.08875576146000007
0.08847926386000006
0.08820276626000005
0.08783410256000006
0.08700460968000005
0.08635944826000003
0.08589861866000004
0.08516129116000004
0.08488479364000004
0.08442396416000002
0.08414746626000001
0.08405530036000002
0.08322580746000002
0.08313364156000003
0.08285714366000001
0.08239631386000003
0.08165898666000002
0.08147465466000002
0.08129032278000002
0.08119815686000002
0.08101382506000002
0.08055299576000001
0.08009216616000003
0.07981566848000003
0.07953917090000001
0.07917050710000001
0.07917050710000001
0.07898617536000002
0.07889400946000003
0.07870967766000003
0.07852534576000003
0.07843317984000003
0.07824884814000004
0.07806451634000004
0.07778801864000003
0.07788018464000003
0.07778801864000003
0.07769585260000003
0.07741935500000002
0.07714285730000002
0.07695852560000002
0.07658986210000003
0.07631336450000002
0.07622119870000002
0.07585253500000003
0.07566820310000003
0.07539170520000002
0.07502304176000002
0.07483870982000002
0.07474654412000001
0.07437788042000001
0.07428571442000002
0.07410138242000001
0.07391705082000001
0.07391705082000001
0.07391705082000001
0.07391705082000001
0.07373271892000001
0.07364055292
0.07345622122
0.07336405542
0.07308755782000001
0.07299539215999999
0.07262672846
0.07225806496000002
0.07216589906000001
0.07207373316000001
0.07207373316000001
0.07207373316000001
0.07207373316000001
0.07198156736000003
0.07170506966000004
0.07152073786000004
0.07133640596000004
0.07105990826000004
0.07096774226000005
0.07069124466000004
0.07050691294000004
0.07041474704000003
0.07013824944000004
0.06995391764000004
0.06995391784000005
0.06986175180000004
0.06986175180000004
0.06967741990000005
0.06958525400000005
0.06940092200000005
0.06930875620000004
0.06949308810000004
0.06912442476000005
0.06903225886000004
0.06884792696000006
0.06857142922000005
0.06847926336000004
0.06829493156000005
0.06811059956000004
0.06801843370000003
0.06774193600000003
0.06755760410000003
0.06737327230000002
0.06728110640000003
0.06718894040000004
0.06691244260000002
0.06682027670000001
0.06672811070000001
0.06663594476000002
0.06654377886000003
0.06645161296000002
0.06626728132000002
0.06608294948000004
0.06617511538000004
0.06599078358000003
0.06599078378000002
0.06599078378000002
0.06571428608000002
0.06562212028000002
0.06543778838000003
0.06543778838000003
0.06534562272000002
0.06543778858000002
0.06525345678000002
0.06525345678000002
0.06506912508000001
0.06497695914000001
0.06488479324000002
0.06488479324000002
0.06460829550000002
0.06451612950000002
0.06451612950000002
0.06433179780000003
0.06423963180000003
0.06423963180000003
0.06433179766000002
0.06423963166000003
0.06423963166000003
0.06423963166000003
0.06423963166000003
0.06396313406000004
0.06377880228000003
0.06350230458000002
0.06341013858000003
0.06331797258000002
0.06322580668000002
0.06313364078000003
0.06304147484000003
0.06304147474000002
0.06285714304000002
0.06285714298000002
0.06267281128000002
0.06267281128000002
0.062211981640000025
0.06202764990000002
0.061658986300000024
0.06147465460000003
0.06147465470000003
0.06138248880000004
0.06119815714000003
0.061105991340000027
0.06101382554000003
0.06101382554000003
0.06092165964000003
0.060829493740000025
0.06073732784000002
0.06064516194000002
0.06055299608000002
0.060552995980000024
0.06046083008000002
0.060368664180000024
0.060368664180000024
0.06018433234000002
0.06027649814000003
0.06027649814000003
0.060000000340000026
0.05990783440000003
0.05990783440000003
0.060000000340000026
0.060000000340000026
0.05990783434000003
0.05990783434000003
0.05990783434000003
0.05990783434000003
0.05972350250000003
0.05963133660000003
0.059539170700000026
0.059539170700000026
0.05963133670000003
0.05963133670000004
0.059539170800000034
0.059539170800000034
0.059447004800000036
0.059447004800000036
0.05917050710000004
0.05926267304000004
0.05926267314000004
0.05926267314000003
0.05935483904000003
0.05935483904000003
0.05935483904000003
0.059170507240000045
0.05870967774000003
0.05861751188000003
0.05843317994000003
0.058248848080000026
0.05806451624000003
0.05797235038000003
0.05788018444000003
0.05769585268000003
0.05769585254000004
0.05760368654000003
0.05741935470000003
0.05732718880000004
0.05732718880000004
0.05732718880000004
0.057235022900000036
0.057235022900000036
0.057235022900000036
0.05705069114000003
0.05695852524000003
0.05705069110000003
0.05686635930000003
0.05686635930000003
0.05686635926000003
0.05668202732000003
0.05658986146000003
0.056497695460000025
0.056497695460000025
0.056497695460000025
0.05640552956000002
0.05640552956000002
0.05631336366000003
0.056221197720000025
0.05622119786000002
0.05612903206000002
0.05603686616000002
0.05612903216000002
0.05612903216000002
0.05612903226000002
0.05612903226000002
0.05612903226000002
0.05612903226000002
0.05594470056000001
0.05594470056000001
0.05594470056000001
0.05594470056000001
0.05594470060000003
0.05594470060000003
0.055852534700000026
0.055852534700000026
0.05576036880000002
0.055852534700000026
0.055852534700000026
0.055852534700000026
0.055760368760000026
0.05576036876000002
0.05585253466000002
0.05585253466000002
0.05576036876000002
0.055668202860000016
0.055576037000000016
0.05557603696000001
0.055391705060000025
0.055391705060000025
0.055299539260000016
0.055207373400000016
0.05502304156000002
0.05502304162000002
0.05502304162000002
0.054930875720000015
0.054838709780000015
0.054746543840000016
0.05474654378000002
0.05474654378000002
0.05483870968000002
0.05465437788000003
0.054562212080000026
0.054562212080000026
0.054470046220000026
0.05437788042000002
0.05437788042000002
0.05437788042000002
0.05437788042000002
0.054285714520000014
0.054377880380000014
0.05437788038000003
0.05437788038000003
0.05437788042000002
0.054470046320000014
0.054377880460000014
0.054377880460000014
0.05447004636000002
0.054470046320000014
0.054470046320000014
0.054470046320000014
0.054562212180000014
0.054562212180000014
0.05447004628000002
0.05437788034000001
0.05437788034000001
0.05437788034000001
0.05428571444000002
0.05428571444000002
0.05428571444000002
0.05437788034000001
0.05419354858000001
0.05428571444000001
0.05428571444000001
0.05428571444000001
0.05419354854000002
0.05428571440000002
0.05428571440000002
0.05419354854000002
0.05419354854000002
0.05410138268000002
0.05400921682000002
0.05400921682000002
0.05382488498000002
0.05382488498000002
0.05382488498000002
0.05382488498000002
0.05373271908000002
0.05373271908000002
0.05364055318000002
0.05345622134000001
0.05327188968000002
0.05327188968000002
0.053179723780000014
0.053179723780000014
0.053087557920000014
0.052995391980000014
0.052995391980000014
0.052995391980000014
0.052995391980000014
0.052903226120000015
0.052903226120000015
0.052995392060000014
0.052903226220000016
0.052903226220000016
0.052995392080000016
0.052995392080000016
0.052995392080000016
0.05308755802000001
0.05308755802000001
0.05299539212000001
0.05290322626000001
0.05281106040000001
0.05281106040000001
0.05281106040000001
0.05271889454000001
0.05271889454000001
0.052626728640000016
0.05253456274000001
0.05253456274000001
0.052534562700000016
0.052442396760000023
0.052442396760000023
0.052350230900000023
0.052350230900000023
0.05225806500000002
0.052350230900000023
0.05225806500000002
0.05225806500000002
0.052073733140000016
0.052073733140000016
0.052073733140000016
0.052073733140000016
0.05198156724000001
0.051889401340000016
0.051889401340000016
0.051889401340000016
0.051889401340000016
0.051889401340000016
0.05207373310000001
0.05207373310000001
0.05207373310000001
0.051981567200000016
0.051981567200000016
0.051981567200000016
0.051981567200000016
0.051981567200000016
0.05207373310000001
0.05207373310000001
0.05207373310000001
0.05207373310000001
0.05198156720000001
0.05198156720000001
0.05198156720000001
0.05207373310000001
0.05207373310000001
0.05198156720000001
0.051981567160000006
0.051981567160000006
0.051981567160000006
0.051981567160000006
0.05207373306000001
0.051981567160000006
0.051981567160000006
0.052073733020000006
0.052073733020000006
0.052073733020000006
0.052073733020000006
0.052073733020000006
0.052073733020000006
0.052073733020000006
0.052073733020000006
0.052073733020000006
0.052073733020000006
0.052073733020000006
0.052073733020000006
0.052073733020000006
0.052073733020000006
0.05198156712
0.05198156712
0.051889401220000006
0.051889401220000006
0.051889401220000006
0.051889401220000006
0.051889401220000006
0.05179723528000001
0.05179723528000001
0.05179723528000001
0.051705069340000014
0.051705069340000014
0.051705069340000014
0.051705069340000014
0.05161290344000001
0.05161290344000001
0.05161290344000001
0.05152073758000001
0.05152073758000001
0.05152073758000001
0.05152073758000001
0.05152073758000001
0.051244239880000014
0.051152073940000015
0.051152073940000015
0.051152073940000015
0.051152073940000015
0.051152073940000015
0.051152073940000015
0.051152073940000015
0.051152073940000015
0.05105990804000002
0.050967742100000005
0.050875576240000005
0.050875576240000005
0.050875576240000005
0.050875576240000005
0.05096774214000001
0.05096774214000001
0.05096774214000001
0.05096774214000001
0.05105990804000001
0.05105990804000001
0.05115207390000001
0.05124423976000002
0.05124423976000002
0.05124423976000002
0.051152073820000005
0.051152073820000005
0.051152073820000005
0.051059907880000005
0.051059907880000005
0.051152073740000005
0.051152073740000005
0.051152073740000005
0.051152073740000005
0.051152073740000005
0.051152073740000005
0.051152073740000005
0.051152073740000005
0.051152073740000005
0.05105990784000001
0.05087557604000001
0.05087557604000001
0.05087557604000001
0.05087557604000001
0.050783410140000006
0.050783410140000006
0.050783410140000006
0.05087557604000001
0.05087557604000001
0.05087557604000001
0.05087557604000001
0.050783410140000006
0.05078341022
0.050599078420000006
0.050599078420000006
0.050599078420000006
0.050599078420000006
0.050599078420000006
0.050599078420000006
0.050599078420000006
0.050599078420000006
0.050599078420000006
0.050599078420000006
0.050599078420000006
0.050599078420000006
0.050599078420000006
0.050599078420000006
0.050322580600000014
0.05023041474
0.05023041474
0.05023041474
0.05023041474
0.05023041474
0.05013824888
0.05013824888
0.05013824888
0.05013824888
0.05013824888
0.05013824888
0.05013824888
0.050046082979999996
0.050046082979999996
0.050046082979999996
0.050046082979999996
0.050046082979999996
0.050046082979999996
0.050046082979999996
0.05013824892
0.05013824892
0.05013824892
0.05013824892
0.05004608306
0.05004608306
0.05004608306
0.05004608306
0.05004608306
0.05004608306
0.05004608306
0.05004608306
0.05004608306
0.05004608306
0.05004608306
0.05004608306
0.05004608306
0.05004608306
0.05004608306
0.05004608306
0.04995391705999999
0.04995391705999999
0.04995391705999999
0.04995391705999999
0.04995391705999999
0.05004608300000001
0.05004608300000001
0.05004608300000001
0.05004608300000001
0.05004608300000001
0.05004608300000001
0.05004608300000001
0.04995391706000001
0.04995391706000001
0.04995391706000001
0.04995391706000001
0.04986175126
0.049769585320000004
0.04967741942
0.049585253520000004
0.04949308758000001
0.04930875578000001
0.04930875578000001
0.04930875578000001
0.04930875578000001
0.04940092168000001
0.04940092168000001
0.04940092168000001
0.04940092168000001
0.04940092168000001
0.04940092168000001
0.04940092168000001
0.04940092168000001
0.04940092168000001
0.04940092168000001
0.04940092168000001
0.04940092168000001
0.04940092168000001
0.04940092168000001
0.04949308758000001
0.04949308758000001
0.04949308758000001
0.04949308758000001
0.04949308758000001
0.04949308758000001
0.04949308758000001
0.04949308758000001
0.04949308758000001
0.04949308758000001
0.04949308758000001
0.04949308758000001
0.04949308758000001
0.04949308758000001
0.04949308758000001
0.04949308758000001
0.04949308758000001
0.04949308758000001
0.04949308758000001
0.04949308758000001
0.04949308758000001
0.04949308758000001
0.04949308758000001
0.04949308758000001
0.04949308758000001
0.04949308758000001
0.04949308758000001
0.04949308758000001
0.04940092172000001
0.04940092172000001
0.04940092172000001
0.04940092172000001
0.04940092172000001
0.04930875586000001
0.04930875586000001
0.04930875586000001
0.049216589920000005
0.04930875586000001
0.04930875586000001
0.04930875586000001
0.04930875586000001
0.04921659000000001
0.04921659000000001
0.04921659000000001
0.04921659000000001
0.04921659000000001
0.049308755900000015
0.049308755900000015
0.049308755900000015
0.049308755900000015
0.049308755900000015
0.049308755900000015
0.049308755900000015
0.049308755900000015
0.049308755900000015
0.049308755900000015
0.049308755900000015
0.049308755900000015
0.049308755900000015
0.049308755900000015
0.049308755900000015
0.049308755900000015
0.049308755900000015
0.049400921760000015
0.049400921760000015
0.049400921760000015
0.049400921760000015
0.049400921760000015
0.049400921760000015
0.049400921760000015
0.049400921760000015
0.049308755900000015
0.049308755900000015
0.049216590040000015
0.049216590040000015
0.049216590040000015
0.049216590040000015
0.049216590040000015
0.049216590040000015
0.049216590040000015
0.049216590040000015
0.049216590040000015
0.049216590040000015
0.049216590040000015
0.049216590040000015
0.049216590040000015
0.049216590040000015
0.049216590040000015
0.049216590040000015
0.049216590040000015
0.049216590040000015
0.049216590040000015
0.049216590040000015
0.049216590040000015
0.049216590040000015
0.049216590040000015
0.049216590040000015
0.049216590040000015
0.049216590040000015
0.049216590040000015
0.049216590040000015
0.049216590040000015
0.049216590040000015
0.049216590040000015
0.049216590040000015
0.049216590040000015
0.049216590040000015
0.049216590040000015
0.049216590040000015
0.049216590040000015
0.049216590040000015
0.049216590040000015
0.049216590040000015
0.049216590040000015
0.049216590040000015
0.049216590040000015
0.049216590040000015
0.049216590040000015
0.049216590040000015
0.049216590040000015
0.049308755940000004
0.049308755940000004
0.049400921800000004
0.049400921800000004
0.049400921800000004
0.049400921800000004
0.049400921800000004
0.049400921800000004
0.049400921800000004
0.049400921800000004
0.049400921800000004
0.049400921800000004
0.049400921800000004
0.049400921800000004
0.049400921800000004
0.049400921800000004
0.049400921800000004
0.049400921800000004
0.049400921800000004
0.049400921800000004
0.049400921800000004
0.049400921800000004
0.049400921800000004
0.049400921800000004
0.049400921800000004
0.049400921800000004
0.049400921800000004
0.04949308774000001
0.04949308774000001
0.04949308774000001
0.04949308774000001
0.04949308774000001
0.04949308774000001
0.04949308774000001
0.04949308774000001
0.04949308774000001
0.04949308774000001
0.04949308774000001
0.04949308774000001
0.04949308774000001
0.04949308774000001
0.04958525360000001
0.04958525360000001
0.04958525360000001
0.04958525360000001
0.04958525360000001
0.04958525360000001
0.04958525360000001
0.04958525360000001
0.04949308770000001
0.04949308770000001
0.04949308770000001
0.04949308770000001
0.04949308770000001
0.04949308770000001
0.04949308770000001
0.04958525364000001
0.04958525364000001
0.04958525364000001
0.04958525364000001
0.04958525364000001
0.04967741950000001
0.04967741950000001
0.04967741950000001
0.04967741950000001
0.04967741950000001
0.04967741950000001
0.04967741950000001
0.04967741950000001
0.04976958540000001
0.04976958540000001
0.04976958540000001
0.04976958540000001
0.04976958540000001
0.04976958540000001
0.04976958540000001
0.04976958540000001
0.04976958540000001
0.04976958540000001
0.04976958540000001
0.04958525364000001
0.04958525364000001
0.04967741958000001
0.04967741958000001
0.04967741958000001
0.04967741958000001
0.04958525372000001
0.04958525372000001
0.04958525372000001
0.04958525372000001
0.04958525372000001
0.04967741958000001
0.04967741958000001
0.04967741958000001
0.04967741958000001
0.04967741958000001
0.04967741958000001
0.04967741958000001
0.04967741958000001
0.04958525372000001
0.04958525372000001
0.04958525372000001
0.04958525372000001
0.04958525372000001
0.04958525372000001
0.04958525372000001
0.04958525372000001
0.04958525372000001
0.04958525372000001
0.04958525372000001
0.04958525372000001
0.04958525372000001
0.04958525372000001
0.04958525372000001
0.04949308778000001
0.04949308778000001
0.04949308778000001
0.04949308778000001
0.04949308778000001
0.049400921880000004
0.049493087820000004
0.049493087820000004
0.049585253680000003
