0.5304147522000001
0.11327188929999997
0.09732718984000002
0.08811059992000002
0.07852534634000001
0.07069124452
0.06534562220000001
0.061474654540000014
0.05981566814000003
0.05870967752000004
0.056221198480000026
0.056497695680000036
0.056129032200000026
0.05612903230000002
0.055760368820000024
0.05594470066000001
0.05622119836
0.05631336434000001
0.05658986210000002
0.05705069156000002
0.057235023360000026
0.05760368690000002
0.05815668210000001
0.05852534576000002
0.05889400952000002
0.05898617542000002
0.059170507080000025
0.059170507080000025
0.05889400948000002
0.05935483882000003
0.05944700472000003
0.059354838820000026
0.05990783418000002
0.05990783428000003
0.06018433196000001
0.060460829740000006
0.06055299554000002
0.06101382506000002
0.06110599096000002
0.06156682046000002
0.06202764996000001
0.06202764996000001
0.06221198186000001
0.06258064536000002
0.06267281126000002
0.06294930886000001
0.06341013822000002
0.06359446988000002
0.06387096772000002
0.06433179732000002
0.06451612912000003
0.06460829492000003
0.06470046082000003
0.06497695842000004
0.06525345612000003
0.06534562182000003
0.06543778762000003
0.06562211952000002
0.06599078292000002
0.06626728062000002
0.06626728082000001
0.06626728092000002
0.06645161262000002
0.06635944668000002
0.06635944678000001
0.06635944678000001
0.06663594428000003
0.06682027588000003
0.06691244168000003
0.06691244168000003
0.06691244168000003
0.06691244168000003
0.06709677328000004
0.06728110518000002
0.06728110518000002
0.06728110518000002
0.06728110508000004
0.06718893938000005
0.06728110528000003
0.06746543718000005
0.06746543718000005
0.06737327142000003
0.06737327142000003
0.06737327162000004
0.06728110572000004
0.06728110572000004
0.06746543752000003
0.06755760342000003
0.06755760342000003
0.06764976932000002
0.06764976932000002
0.06774193512000003
0.06792626692000002
0.06792626692000002
0.06792626702000003
0.06792626702000003
0.06801843302000003
0.06820276482000004
0.06811059902000002
0.06811059902000002
0.06811059912000003
0.06811059912000003
0.06801843326000002
0.06801843316000003
0.06811059906000003
0.06801843306000002
0.06801843306000002
0.06792626716000003
0.06801843306000004
0.06792626716000004
0.06811059892000003
0.06801843302000003
0.06811059882000002
0.06801843292000002
0.06820276462000004
0.06829493042000004
0.06820276452000003
0.06820276452000003
0.06820276452000003
0.06811059862000003
0.06820276442000003
0.06811059852000004
0.06801843252000003
0.06801843242000002
0.06801843242000002
0.06801843242000002
0.06792626642000003
0.06792626642000003
0.06792626642000003
0.06792626642000003
0.06792626642000003
0.06801843222000004
0.06801843222000004
0.06783410052000004
0.06783410052000004
0.06783410052000004
0.06774193472000004
0.06746543684000003
0.06737327084000003
0.06728110494000003
0.06718893894000004
0.06718893884000003
0.06709677294000004
0.06718893888000003
0.06709677288000003
0.06691244108000002
0.06700460708000003
0.06700460708000003
0.06691244128000003
0.06682027538000003
0.06682027538000003
0.06663594368000003
0.06663594358000002
0.06654377778000004
0.06645161198000003
0.06635944618000003
0.06635944638000002
0.06635944638000002
0.06635944648000003
0.06654377828000003
0.06626728028000003
0.06626728028000003
0.06635944618000003
0.06617511448000003
0.06635944628000004
0.06617511458000004
0.06617511458000004
0.06599078268000003
0.06599078268000003
0.06599078268000003
0.06589861668000002
0.06589861668000002
0.06589861668000004
0.06599078248000004
0.06599078248000004
0.06599078258000005
0.06599078258000005
0.06608294838000005
0.06589861668000004
0.06599078268000004
0.06589861688000004
0.06589861688000004
0.06608294848000003
0.06608294848000003
0.06599078268000003
0.06599078268000003
0.06599078268000003
0.06608294872000003
0.06617511466000002
0.06599078306000003
0.06589861716000002
0.06599078296000002
0.06608294886000003
0.06608294886000003
0.06599078306000003
0.06599078306000003
0.06589861726000003
0.06589861726000003
0.06599078316000001
0.06589861716000002
0.06580645116000002
0.06580645116000002
0.06571428526
0.06571428526
0.06543778756000002
0.06543778756000002
0.06534562146
0.06525345556
0.06516128966000002
0.06525345556
0.06525345556
0.06516128966000001
0.06516128966000001
0.06525345556
0.06525345556
0.06516128966000002
0.06525345566000001
0.06534562176000003
0.06534562176000003
0.06525345586000002
0.06525345586000002
0.06525345586000003
0.06497695806000002
0.06497695806000002
0.06488479226000003
0.06479262636000002
0.06479262636000002
0.06488479236000003
0.06479262646000002
0.06488479226000002
0.06479262640000001
0.0645161288
0.064423963
0.064423963
0.064423963
0.064423963
0.064516129
0.06442396310000001
0.06442396310000001
0.0643317971
0.0643317971
0.0643317971
0.0643317971
0.06442396310000001
0.06433179720000001
0.06433179720000001
0.06433179720000001
0.06451612880000002
0.06442396300000003
0.06442396300000003
0.06442396300000003
0.06442396300000003
0.06433179700000002
0.06433179700000002
0.06433179680000002
0.06433179680000002
0.06433179680000002
0.06433179680000002
0.06442396270000002
0.06433179690000002
0.06423963090000002
0.06414746500000003
0.06414746500000003
0.06414746500000003
0.06423963090000002
0.06423963090000002
0.06414746500000003
0.06414746500000003
0.06405529910000003
0.06396313330000003
0.06396313330000003
0.06396313330000003
0.06396313330000003
0.06396313330000003
0.06396313330000003
0.06405529930000003
0.06405529930000003
0.06405529930000003
0.06405529930000003
0.06405529940000003
0.06405529920000003
0.06396313320000002
0.06396313320000002
0.06396313320000002
0.06396313310000004
0.06396313310000004
0.06387096710000004
0.06387096710000004
0.06377880130000003
0.06387096720000005
0.06368663550000003
0.06377880140000004
0.06359446970000003
0.06359446970000003
0.06350230390000003
0.06350230380000003
0.06350230380000003
0.06350230390000002
0.06350230390000002
0.06359446980000001
0.06350230390000002
0.06350230390000002
0.06350230390000002
0.06359446980000001
0.06350230390000002
0.06322580620000003
0.06322580620000003
0.06322580620000003
0.06313364026000003
0.06304147446000002
0.06313364046000003
0.06304147456000003
0.06294930866000004
0.06294930866000004
0.06294930866000004
0.06276497686000003
0.06258064516000005
0.06258064516000005
0.06258064516000005
0.06258064516000005
0.06248847926000004
0.06248847926000004
0.06248847926000004
0.06248847926000004
0.06258064516000003
0.06258064516000003
0.06258064516000003
0.06258064516000003
0.06276497696000004
0.06267281106000006
0.06276497686000004
0.06276497686000004
0.06285714276000004
0.06294930866000005
0.06294930866000005
0.06276497696000004
0.06276497696000004
0.06276497696000004
0.06285714286000005
0.06294930866000005
0.06294930866000005
0.06294930866000005
0.06294930866000005
0.06294930866000005
0.06304147456000005
0.06294930876000004
0.06294930876000004
0.06304147466000004
0.06322580656000003
0.06322580656000003
0.06341013826000004
0.06350230406000004
0.06341013816000005
0.06341013816000005
0.06341013816000005
0.06341013816000005
0.06350230406000004
0.06350230406000004
0.06350230406000004
0.06350230416000005
0.06350230416000005
0.06350230416000005
0.06350230416000005
0.06359447006000005
0.06359447006000005
0.06350230416000004
0.06350230416000004
0.06368663596000004
0.06377880176000003
0.06387096776000004
0.06377880186000004
0.06377880186000004
0.06387096776000004
0.06387096776000004
0.06377880186000003
0.06377880186000003
0.06377880186000003
0.06368663606000004
0.06350230426000004
0.06350230426000004
0.06350230426000004
0.06350230426000004
0.06331797236000004
0.06322580656000004
0.06322580656000004
0.06322580656000004
0.06322580656000004
0.06322580636000003
0.06322580636000003
0.06322580636000003
0.06322580636000003
0.06322580636000003
0.06322580636000003
0.06322580636000003
0.06322580636000003
0.06341013816000003
0.06341013816000003
0.06341013816000003
0.06341013816000003
0.06341013816000003
0.06341013816000003
0.06331797236000003
0.06341013816000003
0.06350230416000004
0.06350230416000004
0.06350230416000004
0.06350230416000004
0.06350230416000004
0.06350230416000004
0.06341013836000003
0.06341013836000003
0.06341013836000003
0.06350230436000003
0.06359447026000002
0.06377880206000003
0.06377880206000003
0.06377880206000003
0.06368663616000003
0.06377880216000004
0.06387096816000003
0.06387096816000003
0.06377880236000003
0.06377880236000003
0.06368663646000003
0.06368663646000003
0.06368663646000003
0.06368663646000003
0.06368663646000003
0.06368663646000003
0.06368663646000003
0.06368663646000003
0.06359447046000002
0.06368663636000002
0.06368663636000002
0.06368663636000002
0.06368663636000002
0.06359447046000002
0.06359447046000002
0.06359447046000002
0.06350230446000002
0.06350230446000002
0.06368663606000002
0.06368663606000002
0.06368663606000002
0.06368663606000002
0.06368663606000002
0.06368663606000002
0.06368663606000002
0.06368663606000002
0.06368663606000002
0.06359447026000002
0.06359447026000002
0.06368663626000003
0.06368663626000003
0.06368663626000003
0.06368663626000003
0.06377880226000003
0.06377880226000003
0.06396313406000004
0.06405529996000003
0.06414746586000003
0.06414746586000003
0.06414746586000003
0.06405529996000002
0.06423963176000001
0.06423963176000001
0.06433179766000001
0.06442396356
0.06433179756000001
0.06433179756000001
0.06433179756000001
0.06423963166
0.06423963166
0.06423963166
0.06433179756000001
0.06433179756000001
0.06442396346000001
0.06442396346000001
0.06451612946000002
0.06451612946000002
0.06451612946000002
0.06451612946000002
0.06451612946000002
0.06460829526000002
0.06460829526000002
0.06460829526000002
0.06460829526000002
0.06460829526000002
0.06460829526000002
0.06460829526000002
0.06460829526000002
0.06451612936000002
0.06451612936000002
0.06451612936000002
0.06451612936000002
0.06460829526000002
0.06460829526000002
0.06451612936000002
0.06451612936000002
0.06451612936000002
0.06460829536000003
0.06460829536000003
0.06460829536000003
0.06460829536000003
0.06460829536000003
0.06470046116000003
0.06479262706000002
0.06479262706000002
0.06479262706000002
0.06479262706000002
0.06479262706000002
0.06470046126000001
0.06470046126000001
0.06470046126000001
0.06479262716
0.06470046116
0.06470046116
0.06470046116
0.06460829536
0.06451612946000002
0.06451612946000002
0.06460829536
0.06460829536
0.06460829536
0.06460829536
0.06460829536
0.06460829546
0.06460829546
0.06460829546
0.06470046136
0.06470046136
0.06470046136
0.06451612966
0.06451612966
0.06460829556
0.06470046146000001
0.06470046146000001
0.06470046146000001
0.06470046146000001
0.06479262736000001
0.06479262736000001
0.06488479326000002
0.06497695916
0.06497695916
0.06488479336000001
0.06488479336000001
0.06479262746
0.06479262746
0.06488479336
0.06488479336
0.06488479336
0.06488479336
0.06479262746
0.06479262746
0.06479262746
0.06479262746
0.06470046156
0.06470046156
0.06479262756000001
0.06479262756000001
0.06479262756000001
0.06479262756000001
0.06479262756000001
0.06479262756000001
0.06479262756000001
0.06479262756000001
0.06479262756000001
0.06479262756000001
0.06488479346
0.06488479346
0.06488479346
0.06497695926000001
0.06497695926000001
0.06497695926000001
0.06497695926000001
0.06506912516
0.06497695926000001
0.06497695926000001
0.06479262746
0.06488479326
0.06488479326
0.06497695906
0.06497695906
0.06497695906
0.06497695906
0.06488479316000001
0.06488479316000001
0.06488479316000001
0.06488479316000001
0.06497695896000001
0.06497695896000001
0.06506912496000002
0.06506912496000002
0.06506912496000002
0.06516129086000001
0.06516129086000001
0.06516129086000001
0.06525345676000001
0.06525345676000001
0.06525345676000001
0.06525345676000001
0.06543778846000002
0.06543778846000002
0.06543778846000002
0.06543778846000002
0.06543778846000002
0.06552995436000003
0.06552995436000003
0.06552995436000003
0.06552995436000003
0.06552995436000003
0.06552995436000003
0.06562212036000002
0.06562212036000002
0.06562212036000002
0.06571428616000002
0.06571428616000002
0.06571428616000002
0.06571428616000002
0.06571428616000002
0.06571428616000002
0.06571428616000002
0.06580645196000003
0.06580645196000003
0.06580645196000003
0.06589861786000002
0.06589861786000002
0.06589861786000002
0.06589861786000002
0.06589861786000002
0.06589861786000002
0.06589861786000002
0.06589861786000002
0.06589861786000002
0.06589861786000002
0.06589861786000002
0.06589861786000002
0.06599078376000003
0.06599078376000003
0.06599078376000003
0.06589861796000003
0.06589861796000003
0.06599078386000003
0.06599078386000003
0.06599078386000003
0.06608294976000004
0.06617511556000003
0.06617511556000003
0.06617511556000003
0.06626728146000004
0.06626728146000004
0.06626728146000004
0.06626728146000004
0.06626728146000004
0.06626728146000004
0.06635944726000004
0.06635944726000004
0.06654377906000003
0.06654377906000003
0.06654377906000003
0.06654377906000003
0.06654377906000003
0.06654377906000003
0.06654377906000003
0.06654377906000003
0.06654377906000003
0.06654377906000003
0.06645161306000003
0.06645161306000003
0.06645161306000003
0.06645161306000003
0.06645161306000003
0.06645161306000003
0.06645161306000003
0.06645161306000003
0.06645161306000003
0.06645161306000003
0.06645161306000003
0.06645161306000003
0.06645161306000003
0.06645161306000003
0.06645161306000003
0.06645161306000003
0.06645161306000003
0.06645161306000003
0.06645161306000003
0.06645161306000003
0.06654377896000002
0.06654377896000002
0.06663594486000002
0.06663594486000002
0.06663594490000002
0.06663594490000002
0.06672811080000002
0.06672811080000002
0.06672811080000002
0.06672811080000002
0.06672811080000002
0.06672811080000002
0.06672811080000002
0.06672811080000002
0.06672811080000002
0.06682027680000002
0.06682027680000002
0.06682027680000002
0.06682027680000002
0.06682027680000002
0.06682027680000002
0.06682027680000002
0.06682027680000002
0.06682027680000002
0.06682027680000002
0.06682027680000002
0.06691244270000002
0.06691244270000002
0.06691244270000002
0.06700460850000002
0.06709677440000002
0.06709677440000002
0.06709677440000002
0.06709677440000002
0.06709677440000002
0.06709677440000002
0.06709677440000002
0.06709677440000002
0.06718894040000002
0.06728110640000003
0.06737327230000002
0.06755760400000002
0.06755760400000002
0.06755760400000002
0.06755760400000002
0.06755760400000002
0.06764976980000002
0.06764976980000002
0.06764976980000002
0.06774193580000003
0.06774193580000003
0.06783410170000002
0.06783410170000002
0.06783410160000003
0.06783410160000003
0.06774193570000003
0.06774193570000003
0.06774193570000003
0.06774193570000003
0.06774193570000003
0.06774193570000003
0.06774193570000003
0.06774193570000003
0.06774193570000003
0.06764976980000004
0.06764976980000004
0.06774193570000003
0.06774193570000003
0.06774193570000003
0.06774193570000003
0.06783410170000004
0.06792626750000004
0.06801843340000004
0.06801843340000004
0.06801843340000004
0.06801843340000004
0.06801843340000004
0.06801843340000004
0.06801843340000004
0.06801843340000004
0.06801843340000004
0.06801843340000004
0.06801843340000004
0.06801843340000004
0.06801843340000004
0.06801843340000004
0.06801843340000004
0.06801843340000004
0.06801843340000004
0.06801843340000004
0.06801843340000004
0.06801843340000004
0.06801843340000004
0.06801843340000004
0.06811059920000004
0.06811059920000004
0.06811059920000004
0.06820276520000004
0.06820276520000004
0.06820276520000004
0.06820276520000004
0.06811059930000003
0.06811059930000003
0.06801843340000004
0.06801843340000004
0.06792626750000004
0.06792626750000004
0.06783410150000004
0.06783410150000004
0.06783410150000004
0.06783410150000004
0.06774193550000003
0.06783410150000004
0.06783410150000004
0.06783410150000004
0.06783410150000004
0.06783410150000004
0.06783410150000004
0.06783410150000004
0.06783410150000004
0.06792626740000003
0.06792626740000003
0.06792626740000003
0.06792626740000003
0.06801843330000003
0.06801843330000003
0.06801843330000003
0.06801843330000003
0.06811059920000002
0.06811059920000002
0.06811059920000002
0.06811059920000002
0.06811059920000002
0.06811059920000002
0.06811059920000002
0.06811059920000002
0.06811059920000002
0.06811059920000002
0.06811059920000002
0.06820276510000002
0.06820276510000002
0.06829493100000002
0.06820276500000003
0.06820276500000003
0.06820276500000003
0.06820276500000003
0.06820276500000003
0.06820276500000003
0.06820276500000003
0.06820276500000003
0.06829493090000002
0.06820276500000003
0.06820276500000003
0.06820276500000003
0.06820276500000003
0.06829493090000001
0.06838709680000002
0.06838709680000002
0.06838709680000002
0.06829493090000001
0.06829493090000001
0.06829493090000001
0.06829493090000001
0.06829493090000001
0.06829493090000001
0.06838709670000002
0.06838709670000002
0.06847926260000002
0.06847926260000002
0.06847926260000002
0.06847926260000002
0.06847926260000002
0.06847926260000002
0.06857142850000003
0.06857142850000003
0.06857142850000003
0.06857142850000003
0.06857142850000003
0.06866359430000003
0.06866359430000003
0.06875576020000003
0.06875576020000003
0.06875576020000003
0.06875576020000003
0.06875576020000003
0.06875576020000003
0.06875576020000003
0.06875576020000003
0.06875576020000003
0.06875576020000003
0.06884792610000004
0.06894009200000004
0.06894009200000004
0.06894009200000004
0.06903225800000003
0.06903225800000003
0.06903225800000003
0.06903225800000003
0.06903225800000003
0.06903225800000003
0.06903225800000003
0.06903225800000003
0.06903225800000003
0.06903225800000003
0.06903225800000003
0.06903225800000003
0.06903225800000003
0.06903225800000003
0.06903225800000003
0.06903225800000003
0.06903225800000003
0.06903225800000003
0.06903225800000003
0.06903225800000003
0.06903225800000003
0.06903225800000003
0.06903225800000003
0.06903225800000003
0.06903225800000003
0.06894009220000002
0.06894009220000002
0.06894009220000002
0.06894009220000002
0.06894009220000002
0.06894009220000002
0.06894009220000002
0.06894009220000002
0.06894009220000002
0.06894009220000002
0.06894009220000002
0.06884792630000003
0.06884792630000003
0.06884792630000003
0.06884792630000003
0.06884792630000003
0.06884792630000003
0.06884792630000003
0.06884792630000003
0.06884792630000003
0.06884792630000003
0.06884792630000003
0.06884792630000003
0.06884792630000003
0.06884792630000003
0.06894009210000003
0.06894009210000003
0.06903225800000003
0.06903225800000003
0.06903225800000003
0.06912442390000002
0.06903225800000003
0.06903225800000003
0.06903225800000003
0.06903225800000003
0.06912442390000001
0.06912442390000001
0.06912442390000001
0.06912442390000001
0.06912442390000001
0.06912442390000001
0.06903225810000002
0.06912442390000002
0.06903225810000002
0.06903225810000002
0.06903225810000002
0.06903225810000002
0.06903225810000002
0.06903225810000002
0.06903225810000002
0.06903225810000002
0.06894009230000002
0.06894009230000002
0.06894009230000002
0.06894009230000002
0.06894009230000002
0.06903225820000002
0.06921658990000001
0.06921658990000001
0.06930875570000002
0.06930875570000002
0.06930875570000002
0.06921658990000001
0.06921658990000001
0.06921658990000001
0.06921658990000001
0.06912442400000002
0.06912442400000002
0.06912442400000002
0.06912442400000002
0.06912442400000002
0.06912442400000002
0.06912442400000002
0.06912442400000002
0.06921659000000002
0.06921659000000002
0.06921659000000002
0.06921659000000002
0.06921659000000002
0.06930875590000002
0.06930875590000002
0.06930875590000002
0.06930875590000002
0.06930875590000002
0.06930875590000002
0.06930875590000002
0.06930875590000002
0.06930875590000002
0.06930875590000002
0.06930875590000002
0.06930875590000002
0.06930875590000002
0.06930875590000002
0.06930875590000002
0.06930875590000002
