0.520092174
0.434193555
0.36691244520000005
0.3536405574000001
0.32433179908000015
0.28857143020000015
0.2546543798800001
0.22626728272000002
0.20073732982
0.17963133682
0.16497695954000005
0.15142857198000004
0.13824884926000006
0.13105990898000003
0.12635944806000002
0.12202765070000002
0.11944700567999998
0.11714285732
0.11539170546000001
0.11419354918000003
0.11152073902000001
0.10958525472000001
0.10829493136
0.10663594517999998
0.10506912537999996
0.10341013956000002
0.10221198224000004
0.10165898652000002
0.10018433188000002
0.09926267322000003
0.09760368706000003
0.09658986256
0.09520737381999998
0.09400921709999997
0.09299539224
0.09188940144000002
0.09087557674000003
0.08976958632000002
0.08921659096000002
0.08820276564000001
0.08728110642000003
0.08672811094000002
0.08525345660000004
0.08405530002000006
0.08359447082000004
0.08304147542000002
0.08211981630000002
0.08138248938000002
0.08055299678000002
0.07972350360000002
0.07935483970000001
0.07861751226000002
0.07769585346000003
0.07714285816000004
0.07622119916000003
0.07557603776000005
0.07465437882000003
0.07354838802000004
0.07281106058000003
0.07207373304000005
0.07161290350000003
0.07105990790000001
0.07069124430000001
0.07059907834000001
0.06986175134
0.06986175128
0.06921659004
0.06847926296000002
0.06811059942000003
0.06709677422000003
0.06645161316000003
0.06543778806000003
0.06488479262000002
0.06460829522000001
0.06396313398000002
0.06341013838000002
0.06294930888000003
0.06221198154000002
0.061843318140000034
0.06119815654000003
0.06064516128000004
0.060184331880000025
0.059815668380000034
0.05963133648000003
0.05953917062000003
0.05944700458000003
0.05898617522000004
0.058801843480000046
0.05815668224000003
0.05806451626000003
0.05769585266000003
0.057327188860000024
0.05741935476000003
0.057142857080000026
0.056958525320000036
0.05668202768000003
0.05622119828000002
0.05603686648000002
0.05594470058000003
0.05585253478000002
0.05585253478000002
0.05557603704000002
0.05529953920000001
0.05529953920000001
0.055391705100000015
0.055391705100000015
0.05520737326000002
0.05502304156000001
0.05502304160000002
0.054838709760000014
0.05474654386000001
0.05419354824000002
0.054101382340000025
0.05391705042000003
0.05373271858000002
0.05345622084000002
0.05308755740000001
0.05281105974000002
0.05281105974000002
0.052626727980000024
0.05271889388000002
0.05262672798000002
0.052350230400000024
0.051797235100000026
0.05188940104000002
0.051797235100000026
0.05170506920000002
0.05188940104000002
0.05161290346000002
0.05161290346000002
0.05152073762000002
0.05152073762000002
0.05142857172000003
0.05124423996000003
0.05105990812000003
0.05105990812000003
0.050967742180000025
0.050783410300000026
0.05069124440000002
0.05078341030000002
0.05059907854000002
0.05050691264000002
0.050506912600000016
0.05059907850000002
0.050322580680000006
0.05041474658000001
0.05032258072000001
0.05041474658000001
0.05050691244000001
0.05041474658000001
0.05032258068000002
0.05032258068000002
0.05032258068000002
0.05023041482000002
0.050138248880000014
0.049769585280000014
0.04976958528000001
0.04958525356000001
0.04958525356000001
0.04949308770000001
0.04949308770000001
0.04949308770000001
0.04967741954000001
0.04967741954000001
0.04967741954000001
0.04958525364000001
0.04958525364000001
0.049585253600000004
0.049585253600000004
0.049585253600000004
0.049585253600000004
0.04958525356000001
0.04958525356000001
0.04958525356000001
0.04967741946000001
0.049585253520000004
0.049585253520000004
0.049585253520000004
0.049585253520000004
0.049585253520000004
0.04958525356000001
0.04958525348
0.04958525348
0.04949308758
0.04949308758
0.04949308758
0.04949308758
0.04949308758
0.04940092172
0.04940092172
0.049308755780000005
0.049308755780000005
0.049216589840000005
0.049216589840000005
0.049216589840000005
0.049216589840000005
0.049216589840000005
0.049216589840000005
0.049216589840000005
0.049124423980000005
0.049124423980000005
0.049124423980000005
0.049124423980000005
0.049124423980000005
0.04903225804
0.04903225804
0.04903225804
0.04903225804
0.04903225804
0.04903225804
0.04884792628
0.04884792628
0.04884792628
0.04894009222
0.04894009222
0.04894009222
0.04884792636
0.04884792636
0.04884792636
0.04884792636
0.04884792636
0.04884792636
0.04894009222
0.04894009222
0.04894009222
0.04903225808
0.04903225808
0.04903225808
0.04903225808
0.04912442402000001
0.04912442402000001
0.04912442402000001
0.049216589920000005
0.049216589920000005
0.049216589920000005
0.049216589920000005
0.049216589920000005
0.049216589920000005
0.049216589920000005
0.049216589920000005
0.049308755780000005
0.049308755780000005
0.049308755780000005
0.04921658988000001
0.04921658988000001
0.04921658988000001
0.049124423980000005
0.04921658988000001
0.04921658988000001
0.04921658988000001
0.04921658988000001
0.04921658988000001
0.04921658988000001
0.04921658988000001
0.04921658988000001
0.04921658988000001
0.04930875582000001
0.04930875582000001
0.04930875582000001
0.04930875582000001
0.04930875582000001
0.04930875582000001
0.04940092172000001
0.049308755780000005
0.049400921640000005
0.04949308754000001
0.04949308754000001
0.04967741926
0.04967741926
0.04967741926
0.04967741926
0.04967741926
0.0495852534
0.0495852534
0.0495852534
0.049677419300000004
0.0497695851
0.0497695851
0.0497695851
0.04995391682
0.05004608276
0.05004608276
0.05004608276
0.05004608276
0.05004608276
0.05004608276
0.050138248700000006
0.05004608276
0.05023041452
0.05032258046
0.05032258046
0.05041474635999999
0.05041474635999999
0.050506912259999995
0.050599078119999995
0.050599078119999995
0.050506912259999995
0.050506912259999995
0.050506912259999995
0.05059907815999999
0.05059907815999999
0.05069124401999999
0.05069124401999999
0.05069124401999999
0.05069124401999999
0.05078340996
0.05078340996
0.050691244059999994
0.050691244059999994
0.050691244059999994
0.05087557586
0.05087557586
0.05096774172
0.05096774172
0.05105990761999999
0.0512442395
0.05115207356
0.0512442395
0.0512442395
0.0512442395
0.05133640536
0.05133640536
0.05133640536
0.05133640536
0.05133640536
0.05133640536
0.05133640536
0.05133640536
0.0514285713
0.05152073716
0.05170506896000001
0.05179723490000001
0.05179723490000001
0.0518894008
0.0518894008
0.0518894008
0.0518894008
0.0519815667
0.0519815667
0.05207373256
0.0521658985
0.0521658985
0.0521658985
0.0521658985
0.0521658985
0.0521658985
0.05225806444
0.05225806444
0.05225806444
0.05225806444
0.05225806444
0.05225806444
0.05235023038
0.05235023038
0.05244239624
0.052534562140000005
0.052626728000000005
0.052626728000000005
0.052626728000000005
0.052626728000000005
0.052626728000000005
0.052626728000000005
0.052626728000000005
0.052718893860000005
0.052718893860000005
0.052718893860000005
0.052718893860000005
0.052718893860000005
0.05281105976
0.05281105976
0.05281105976
0.05281105976
0.05281105976
0.05281105976
0.05281105976
0.05281105976
0.05281105976
0.05290322570000001
0.05299539160000001
0.05299539160000001
0.05299539160000001
0.05299539160000001
0.052995391640000014
0.052995391640000014
0.052995391640000014
0.052995391640000014
0.052995391640000014
0.052995391640000014
0.052995391640000014
0.053087557580000014
0.052995391720000014
0.052995391720000014
0.052995391720000014
0.053087557580000014
0.053087557580000014
0.053087557580000014
0.053179723520000007
0.053179723520000007
0.053179723520000007
0.053179723520000007
0.053179723520000007
0.053179723520000007
0.053179723520000007
0.053179723520000007
0.05327188946000001
0.05327188946000001
0.05336405532000001
0.05336405532000001
0.05336405532000001
0.053456221120000015
0.053548387060000015
0.053548387060000015
0.053548387060000015
0.053548387060000015
0.053548387060000015
0.053548387060000015
0.053548387060000015
0.05364055296000002
0.05373271882000002
0.05391705054000002
0.05391705054000002
0.05410138234000002
0.05419354824000001
0.05419354824000001
0.05428571418000001
0.05428571418000001
0.05437788008000001
0.05437788008000001
0.05437788008000001
0.05437788008000001
0.05437788008000001
0.05447004598000001
0.05447004598000001
0.05447004598000001
0.05447004598000001
0.05447004598000001
0.05447004598000001
0.05447004598000001
0.05456221192000002
0.054654377820000016
0.054654377820000016
0.054654377820000016
0.054654377820000016
0.05474654376000001
0.05474654376000001
0.05474654376000001
0.05474654376000001
0.05474654376000001
0.05474654376000001
0.05474654376000001
0.05483870962000001
0.05483870962000001
0.05483870962000001
0.05483870962000001
0.05483870962000001
0.05483870962000001
0.05483870962000001
0.055023041420000016
0.055023041420000016
0.055115207360000015
0.055115207360000015
0.055115207360000015
0.055115207360000015
0.055115207360000015
0.05520737330000001
0.055391705180000014
0.055391705180000014
0.055391705180000014
0.055391705180000014
0.055391705180000014
0.05548387108000001
0.055576037020000024
0.05566820292000002
0.05566820292000002
0.055760368820000024
0.055760368820000024
0.055760368820000024
0.055760368820000024
0.05585253476000002
0.05594470066000002
0.05603686646000003
0.05603686646000003
0.056129032360000025
0.056221198300000025
0.056221198300000025
0.056221198300000025
0.056221198300000025
0.056221198300000025
0.056221198300000025
0.056221198300000025
0.05631336410000003
0.05631336410000003
0.05631336410000003
0.05631336410000003
0.05631336410000003
0.05631336410000003
0.05631336410000003
0.05631336410000003
0.05631336410000003
0.05640553000000002
0.05640553000000002
0.05649769594000002
0.05649769594000002
0.05649769594000002
0.05649769594000002
0.05649769594000002
0.05649769594000002
0.056589861880000016
0.05668202778000002
0.05677419368000002
0.05686635958000002
0.05686635958000002
0.05686635958000002
0.05695852548000002
0.05695852548000002
0.05695852548000002
0.05695852548000002
0.05695852548000002
0.05695852548000002
0.057050691380000025
0.057142857240000025
0.057142857240000025
0.05723502314000003
0.05723502314000003
0.05723502314000003
0.05723502314000003
0.05723502314000003
0.05723502314000003
0.05723502314000003
0.057327189040000025
0.057327189040000025
0.057327189040000025
0.057327189040000025
0.057327189040000025
0.05741935498000002
0.05741935498000002
0.05751152088000002
0.05751152088000002
0.05751152088000002
0.05751152088000002
0.05760368678000002
0.05751152092000002
0.05751152092000002
0.05751152092000002
0.057603686820000014
0.057603686820000014
0.05769585272000002
0.05769585272000002
0.05769585272000002
0.05778801862000002
0.05778801862000002
0.05778801862000002
0.05778801862000002
0.05778801862000002
0.05778801862000002
0.05778801862000002
0.05778801862000002
0.05778801862000002
0.05778801862000002
0.05778801848000002
0.05778801848000002
0.05788018438000002
0.05797235028000002
0.05797235028000002
0.05797235028000002
0.05797235028000002
0.05797235028000002
0.05797235028000002
0.05797235028000002
0.05806451618000001
0.05806451618000001
0.05815668208000001
0.05824884794000001
0.05824884794000001
0.05824884794000001
0.05824884794000001
0.05824884794000001
0.05824884794000001
0.05824884794000001
0.05824884794000001
0.05824884794000001
0.05824884794000001
0.05824884794000001
0.05824884794000001
0.05824884794000001
0.05824884794000001
0.05824884794000001
0.05834101384000001
0.05843317974000001
0.05843317974000001
0.05843317974000001
0.05852534564000001
0.05852534564000001
0.05852534564000001
0.05852534564000001
0.05852534564000001
0.05852534564000001
0.05852534564000001
0.05852534564000001
0.058709677340000016
0.058709677340000016
0.058709677340000016
0.058709677340000016
0.058709677340000016
0.058709677340000016
0.05880184314000002
0.05880184314000002
0.05880184314000002
0.05880184314000002
0.05880184314000002
0.05880184314000002
0.05880184314000002
0.05880184314000002
0.05880184314000002
0.05880184314000002
0.05880184314000002
0.05880184314000002
0.05880184314000002
0.05880184314000002
0.05880184314000002
0.05889400900000002
0.05889400900000002
0.05889400900000002
0.05889400900000002
0.05889400900000002
0.05889400900000002
0.05898617494000002
0.05917050654000002
0.05917050654000002
0.05917050654000002
0.05917050654000002
0.05917050654000002
0.05917050654000002
0.05917050654000002
0.05926267234000002
0.05926267234000002
0.05926267234000002
0.05926267234000002
0.05926267234000002
0.05926267234000002
0.05926267234000002
0.05926267234000002
0.05935483824000002
0.05935483824000002
0.05935483824000002
0.05935483824000002
0.05935483824000002
0.05935483824000002
0.05935483824000002
0.059447004180000027
0.059447004180000027
0.059447004180000027
0.059447004180000027
0.059447004180000027
0.05953917008000003
0.05953917008000003
0.05953917008000003
0.05953917008000003
0.05953917008000003
0.05963133602000003
0.05963133602000003
0.05963133602000003
0.05972350196000002
0.05972350196000002
0.05972350196000002
0.05972350196000002
0.05972350196000002
0.05981566776000003
0.05981566776000003
0.05981566776000003
0.05981566776000003
0.05981566776000003
0.05981566776000003
0.05981566776000003
0.05981566776000003
0.05981566776000003
0.05990783366000002
0.05999999952000002
0.05999999952000002
0.05999999952000002
0.05999999952000002
0.05999999952000002
0.05999999952000002
0.05999999952000002
0.05999999952000002
0.05999999952000002
0.060092165520000025
0.060092165520000025
0.060092165520000025
0.060276497320000025
0.060276497320000025
0.060276497320000025
0.060276497320000025
0.06036866322000003
0.06046082912000003
0.06046082912000003
0.06046082912000003
0.06046082912000003
0.06046082912000003
0.06055299502000003
0.06055299502000003
0.06055299502000003
0.06055299502000003
0.06055299502000003
0.06055299502000003
0.060645160960000034
0.060645160960000034
0.060645160960000034
0.060645160960000034
0.060645160960000034
0.060737326900000034
0.060737326900000034
0.060737326900000034
0.060737326900000034
0.060829492700000036
0.060829492700000036
0.06101382454000004
0.06101382454000004
0.06110599044000004
0.06110599044000004
0.06110599044000004
0.06110599044000004
0.06110599044000004
0.06110599044000004
0.06110599044000004
0.06110599044000004
0.06110599044000004
0.06110599044000004
0.06110599044000004
0.06110599044000004
0.06119815638000004
0.06119815638000004
0.06119815638000004
0.06119815638000004
0.06119815638000004
0.06119815638000004
0.06119815638000004
0.06119815638000004
0.06119815638000004
0.06119815638000004
0.06119815638000004
0.06119815638000004
0.06119815638000004
0.06119815638000004
0.06119815638000004
0.06119815638000004
0.06119815638000004
0.06119815638000004
0.06119815638000004
0.06119815638000004
0.06119815638000004
0.06129032228000003
0.06129032228000003
0.06129032228000003
0.06129032228000003
0.06129032228000003
0.06129032228000003
0.06129032228000003
0.06129032228000003
0.06129032228000003
0.06129032228000003
0.06129032228000003
0.06147465408000003
0.06156681998000003
0.06156681998000003
0.06156681998000003
0.06156681998000003
0.06165898578000003
0.06165898578000003
0.06165898578000003
0.06175115158000003
0.06175115158000003
0.06175115158000003
0.06175115158000003
0.06175115158000003
0.06175115158000003
0.06175115158000003
0.06175115158000003
0.06175115158000003
0.06175115158000003
0.061843317480000035
0.061843317480000035
0.061843317480000035
0.061843317480000035
0.061843317480000035
0.061843317480000035
0.061843317480000035
0.061843317480000035
0.061843317480000035
0.061843317480000035
0.061843317480000035
0.061843317480000035
0.061843317480000035
0.061843317480000035
0.061843317480000035
0.06202764938000003
0.06202764938000003
0.06202764938000003
0.06202764938000003
0.06202764938000003
0.06202764938000003
0.06202764938000003
0.06202764938000003
0.06202764938000003
0.06202764938000003
0.06202764938000003
0.06202764938000003
0.06202764938000003
0.06211981518000004
0.06211981518000004
0.06221198108000004
0.06221198108000004
0.06221198108000004
0.06221198108000004
0.06221198108000004
0.06221198108000004
0.062304147020000034
0.062304147020000034
0.062304147020000034
0.062304147020000034
0.062304147020000034
0.06221198122000003
0.06221198122000003
0.06221198122000003
0.06221198122000003
0.06230414712000003
0.06239631302000002
0.06239631302000002
0.06248847902000002
0.06248847902000002
0.06248847902000002
0.06248847902000002
0.06248847902000002
0.06248847902000002
0.06248847902000002
0.06258064492000001
0.06258064492000001
0.06258064492000001
0.06258064492000001
0.06258064492000001
0.06267281082000001
0.06267281082000001
0.06267281082000001
0.06267281082000001
0.06267281082000001
0.06267281082000001
0.06267281082000001
0.06267281082000001
0.06276497672000002
0.06276497672000002
0.06276497672000002
0.06285714262000001
0.06294930852000002
0.06304147442000002
0.06304147442000002
0.06304147442000002
0.06304147442000002
0.06304147442000002
0.06304147442000002
0.06304147442000002
0.06304147442000002
0.06304147442000002
0.06313364022000002
0.06313364022000002
0.06313364022000002
0.06313364022000002
0.06313364022000002
0.06313364022000002
0.06322580602000002
0.06322580602000002
0.06322580602000002
0.06304147426000002
0.06304147426000002
0.06304147426000002
0.06304147426000002
0.06304147426000002
0.06304147426000002
0.06304147426000002
0.06304147426000002
0.06304147426000002
0.06304147426000002
0.06304147426000002
0.06304147426000002
0.06304147426000002
0.06304147426000002
0.06304147426000002
0.06304147426000002
0.06304147426000002
0.06304147426000002
0.06304147426000002
0.06304147426000002
0.06304147426000002
0.06304147426000002
0.06304147426000002
0.06304147426000002
0.06294930832000004
0.06294930832000004
0.06294930832000004
0.06294930832000004
0.06294930832000004
0.06294930832000004
0.06294930832000004
0.06294930832000004
0.06304147422000003
0.06313364012000004
0.06313364012000004
0.06313364012000004
0.06313364012000004
0.06313364012000004
0.06322580598000004
0.06322580598000004
0.06322580598000004
0.06322580598000004
0.06322580598000004
0.06322580598000004
0.06322580598000004
0.06322580598000004
0.06322580598000004
0.06322580598000004
0.06322580598000004
0.06322580598000004
0.06322580598000004
0.06331797178000004
0.06331797178000004
0.06341013768000003
0.06341013768000003
0.06350230354000003
0.06350230354000003
0.06350230354000003
0.06350230354000003
0.06350230354000003
0.06350230354000003
0.06350230354000003
0.06350230354000003
0.06350230354000003
0.06350230354000003
0.06350230354000003
0.06350230354000003
0.06350230354000003
0.06359446954000003
0.06359446954000003
0.06359446954000003
0.06359446954000003
0.06359446954000003
0.06368663544000003
0.06368663544000003
0.06368663544000003
0.06368663544000003
0.06368663544000003
0.06377880124000003
0.06377880124000003
0.06377880124000003
0.06377880124000003
0.06377880124000003
0.06377880124000003
0.06377880124000003
0.06377880124000003
0.06377880124000003
0.06377880124000003
0.06377880124000003
0.06377880124000003
0.06377880124000003
0.06377880124000003
0.06377880124000003
0.06377880124000003
0.06377880124000003
0.06377880124000003
0.06377880124000003
0.06387096724000003
0.06387096724000003
0.06387096724000003
0.06387096724000003
0.06387096724000003
0.06387096724000003
0.06387096724000003
0.06387096724000003
0.06387096724000003
0.06387096724000003
0.06387096724000003
0.06387096724000003
0.06387096724000003
0.06387096724000003
0.06405529884000004
0.06405529884000004
0.06405529884000004
0.06405529884000004
0.06405529884000004
0.06405529884000004
0.06405529884000004
0.06405529884000004
0.06405529884000004
0.06405529884000004
0.06405529884000004
0.06405529884000004
0.06405529884000004
0.06405529884000004
0.06405529884000004
0.06405529884000004
0.06405529884000004
0.06405529884000004
0.06405529884000004
