0.5093087629999998
0.28414746879999997
0.16995391914
0.12009216581999999
0.10894009336000005
0.10110599124000005
0.09548387068
0.09050691230000002
0.08645161286000003
0.08304147546000003
0.07907834256000003
0.07502304226000005
0.07170506952000005
0.06967741932000003
0.06645161338000002
0.06387096816000004
0.06193548438
0.06036866412000002
0.058341014080000024
0.05695852574000001
0.05631336436
0.05539170532
0.05474654408000001
0.05382488496000002
0.053271889660000016
0.05244239632
0.051981566820000005
0.05179723498
0.05142857126000001
0.05133640540000002
0.05087557598000001
0.05050691242000001
0.050230414680000016
0.04995391720000002
0.05023041486000001
0.05032258074000001
0.05032258078000001
0.05032258082000001
0.050138249060000015
0.04995391726000002
0.05004608298000002
0.049953917080000014
0.049953917080000014
0.05004608312000002
0.050138249060000015
0.05032258082000002
0.05041474676000002
0.05059907860000002
0.05078341036000001
0.05133640572000002
0.051520737520000026
0.05142857158000002
0.05142857154000002
0.051705069140000025
0.051797235080000024
0.05198156698000002
0.05207373288000002
0.05244239648000002
0.05253456242000002
0.05271889422000003
0.05290322594000003
0.05290322594000003
0.05290322590000002
0.05345622116000002
0.05354838702000002
0.05400921652000003
0.05428571422000003
0.054377880160000024
0.05456221204000003
0.05511520764000004
0.05511520764000004
0.05539170528000004
0.05566820298000003
0.055944700680000035
0.055944700680000035
0.056036866580000025
0.056036866580000025
0.05649769612000004
0.05668202784000004
0.05668202784000004
0.05677419374000004
0.056958525540000034
0.05723502314000004
0.05732718900000004
0.05751152056000005
0.057880184200000045
0.05797235010000005
0.058064516000000045
0.05815668190000005
0.05824884780000005
0.05824884780000005
0.05843317964000004
0.05861751144000004
0.05852534554000004
0.05861751140000004
0.05870967720000004
0.05870967720000004
0.058801843100000036
0.05898617490000003
0.05926267268000003
0.059447004480000024
0.05963133618000003
0.059723502080000025
0.059723502080000025
0.05972350208000002
0.059907834020000016
0.059907834020000016
0.059907834020000016
0.060092165820000015
0.05999999992000002
0.05999999992000002
0.060276497560000024
0.060460829160000035
0.060460829160000035
0.06055299506000003
0.060645160960000034
0.060645160960000034
0.060645160960000034
0.060645160960000034
0.060645160960000034
0.06082949276000004
0.06092165866000004
0.061013824560000034
0.061013824560000034
0.06119815636000004
0.06119815636000004
0.06138248816000003
0.061566820060000034
0.061843317660000036
0.061843317660000036
0.061843317660000036
0.06193548356000003
0.06202764936000004
0.06202764936000004
0.06202764936000004
0.06202764936000004
0.06202764936000004
0.06202764936000004
0.06202764936000004
0.06211981534000003
0.062211981240000026
0.062211981240000026
0.06230414714000003
0.06230414714000003
0.062488478980000026
0.062488478980000026
0.06267281082000004
0.06267281082000004
0.06285714252000002
0.06285714252000002
0.06285714252000002
0.06285714252000002
0.06276497662000002
0.06294930822000003
0.06294930822000003
0.06313363992000004
0.06322580582000004
0.06322580582000004
0.06322580582000004
0.06322580582000004
0.06322580582000004
0.06322580582000004
0.06322580582000004
0.06322580582000004
0.06331797162000004
0.06341013762000004
0.06350230362000003
0.06350230362000003
0.06350230362000003
0.06350230368000004
0.06350230368000004
0.06350230382000004
0.06350230382000004
0.06350230382000004
0.06350230382000004
0.06359446972000005
0.06359446972000005
0.06377880152000005
0.06377880152000005
0.06387096732000005
0.06396313318000005
0.06405529908000004
0.06423963078000004
0.06433179668000004
0.06442396262000004
0.06442396262000004
0.06442396262000004
0.06451612852000004
0.06460829442000005
0.06460829442000005
0.06451612852000004
0.06451612852000004
0.06460829442000003
0.06470046022000003
0.06470046022000003
0.06470046022000003
0.06479262616000003
0.06479262616000003
0.06479262616000003
0.06488479206000003
0.06488479206000003
0.06488479206000003
0.06479262616000003
0.06479262616000003
0.06470046026000004
0.06470046026000004
0.06488479196000004
0.06479262596000003
0.06470046016000003
0.06470046016000003
0.06470046016000003
0.06470046016000003
0.06470046016000003
0.06470046016000003
0.06470046016000003
0.06470046016000003
0.06470046016000003
0.06470046016000003
0.06470046016000003
0.06479262616000002
0.06479262616000002
0.06479262616000002
0.06479262616000002
0.06479262616000002
0.06470046026000004
0.06470046026000004
0.06470046026000004
0.06470046026000004
0.06470046026000004
0.06470046026000004
0.06470046026000004
0.06470046026000004
0.06488479196000002
0.06497695776000004
0.06488479196000002
0.06488479196000002
0.06479262596000003
0.06488479186000003
0.06488479186000003
0.06479262592000003
0.06479262592000003
0.06479262592000003
0.06479262602000004
0.06479262602000004
0.06479262602000004
0.06479262602000004
0.06497695772000003
0.06488479192000002
0.06479262592000003
0.06479262592000003
0.06479262592000003
0.06479262592000003
0.06479262592000003
0.06479262592000003
0.06479262592000003
0.06479262592000003
0.06479262592000003
0.06479262592000003
0.06479262592000003
0.06479262592000003
0.06479262592000003
0.06479262592000003
0.06488479172000003
0.06479262592000003
0.06479262592000003
0.06479262592000003
0.06479262592000003
0.06470046022000003
0.06470046022000003
0.06479262612000003
0.06479262612000003
0.06479262616000002
0.06470046036000003
0.06470046036000003
0.06470046036000003
0.06479262626000003
0.06470046036000003
0.06460829442000003
0.06460829442000003
0.06470046032000003
0.06470046032000003
0.06470046032000003
0.06460829442000003
0.06470046042000004
0.06470046042000004
0.06470046042000004
0.06470046042000004
0.06470046042000004
0.06470046042000004
0.06470046052000003
0.06470046052000003
0.06460829472000001
0.06460829472000001
0.06460829472000001
0.06460829472000001
0.06460829472000001
0.06460829472000001
0.06460829472000001
0.06460829472000001
0.06460829472000001
0.06479262652000002
0.06479262652000002
0.06488479232000002
0.06488479232000002
0.06488479232000002
0.06479262642000003
0.06488479236000003
0.06506912406000004
0.06497695816000003
0.06497695816000003
0.06497695816000003
0.06497695816000003
0.06497695816000003
0.06497695816000003
0.06497695816000003
0.06497695816000003
0.06488479236000003
0.06488479236000003
0.06488479236000003
0.06479262646000003
0.06479262646000003
0.06470046056000003
0.06470046056000003
0.06470046056000003
0.06470046056000003
0.06470046056000003
0.06470046056000003
0.06470046056000003
0.06470046056000003
0.06460829466000004
0.06460829466000004
0.06460829466000004
0.06470046066000004
0.06460829472000004
0.06470046052000004
0.06479262642000004
0.06479262642000004
0.06479262642000004
0.06488479232000004
0.06479262652000005
0.06497695826000005
0.06497695826000005
0.06497695826000005
0.06497695826000005
0.06479262646000004
0.06479262646000004
0.06488479236000005
0.06488479236000005
0.06488479236000005
0.06488479236000005
0.06488479236000005
0.06488479236000005
0.06488479236000005
0.06488479236000005
0.06488479236000005
0.06488479236000005
0.06488479236000005
0.06488479236000005
0.06488479236000005
0.06479262656000005
0.06479262656000005
0.06479262656000005
0.06479262656000005
0.06470046076000005
0.06460829486000004
0.06460829486000004
0.06470046076000005
0.06488479256000004
0.06488479256000004
0.06497695850000004
0.06488479260000003
0.06488479260000003
0.06497695850000004
0.06506912440000004
0.06506912440000004
0.06506912440000004
0.06506912440000004
0.06506912440000004
0.06497695850000003
0.06497695850000003
0.06488479256000003
0.06488479256000004
0.06497695836000004
0.06497695836000004
0.06488479236000004
0.06488479236000004
0.06479262636000004
0.06470046046000005
0.06470046046000005
0.06470046046000005
0.06460829456000006
0.06460829456000006
0.06460829456000006
0.06460829466000004
0.06451612876000005
0.06451612876000005
0.06451612876000005
0.06442396296000004
0.06442396296000004
0.06442396296000004
0.06442396296000004
0.06442396296000004
0.06442396296000004
0.06442396296000004
0.06442396296000004
0.06433179706000004
0.06433179706000004
0.06423963126000004
0.06414746536000004
0.06414746536000004
0.06414746536000004
0.06414746536000004
0.06414746536000004
0.06414746536000004
0.06414746536000004
0.06414746536000004
0.06405529956000004
0.06396313376000004
0.06396313376000004
0.06405529966000004
0.06405529966000004
0.06405529966000004
0.06396313366000003
0.06396313366000003
0.06387096776000004
0.06387096776000004
0.06387096776000004
0.06377880186000004
0.06377880186000004
0.06368663596000004
0.06368663596000004
0.06368663596000004
0.06377880186000003
0.06377880186000003
0.06377880186000003
0.06377880186000003
0.06377880186000003
0.06368663586000003
0.06359446996000004
0.06359446996000004
0.06350230406000003
0.06350230406000003
0.06350230406000003
0.06350230406000003
0.06350230406000003
0.06350230406000003
0.06350230406000003
0.06341013816000003
0.06341013816000003
0.06341013816000003
0.06331797226000004
0.06322580636000003
0.06313364046000003
0.06313364046000003
0.06313364046000003
0.06313364046000003
0.06313364046000003
0.06322580626000003
0.06322580626000003
0.06331797216000004
0.06341013806000002
0.06331797216000003
0.06331797216000003
0.06331797216000003
0.06322580636000003
0.06322580636000003
0.06322580636000003
0.06322580636000003
0.06322580636000003
0.06322580636000003
0.06322580636000003
0.06322580636000003
0.06322580636000003
0.06322580636000003
0.06322580636000003
0.06322580636000003
0.06322580636000003
0.06313364056000002
0.06313364056000002
0.06313364056000002
0.06313364056000002
0.06313364056000002
0.06304147456000002
0.06304147456000002
0.06304147452000003
0.06304147452000003
0.06304147462000004
0.06304147462000004
0.06304147462000004
0.06304147462000004
0.06304147462000004
0.06304147472000003
0.06304147472000003
0.06304147472000003
0.06304147472000003
0.06304147472000003
0.06304147472000003
0.06304147472000003
0.06313364052000002
0.06304147462000004
0.06294930882000002
0.06294930882000002
0.06285714292000003
0.06285714292000003
0.06285714292000003
0.06285714292000003
0.06276497692000002
0.06276497692000002
0.06276497692000002
0.06267281112000002
0.06276497702000002
0.06285714282000002
0.06294930862000002
0.06294930862000002
0.06304147452000002
0.06304147452000002
0.06304147452000002
0.06304147452000002
0.06304147452000002
0.06304147452000002
0.06294930872000001
0.06294930872000001
0.06294930872000001
0.06304147472000002
0.06313364062000001
0.06304147472000002
0.06304147472000002
0.06304147472000002
0.06294930892000002
0.06294930892000002
0.06285714298000002
0.06285714298000002
0.06285714298000002
0.06285714298000002
0.06285714298000002
0.06285714298000002
0.06285714298000002
0.06285714298000002
0.06285714298000002
0.06285714298000002
0.06285714298000002
0.06276497708000002
0.06267281128000002
0.06267281128000002
0.06276497708000002
0.06276497708000002
0.06276497708000002
0.06276497708000002
0.06276497698000003
0.06276497698000003
0.06258064508000002
0.06258064508000002
0.06258064508000002
0.06258064508000002
0.06258064508000002
0.06248847928000003
0.06267281122000003
0.06267281122000003
0.06267281122000003
0.06267281122000003
0.06267281122000003
0.06267281122000003
0.06267281122000003
0.06267281122000003
0.06267281122000003
0.06276497712000002
0.06276497712000002
0.06267281122000001
0.06267281122000001
0.06248847952000002
0.06248847952000002
0.06248847952000002
0.06248847952000002
0.06258064532000002
0.06258064532000002
0.06258064532000002
0.06267281122000003
0.06267281122000003
0.06258064528000003
0.06258064528000003
0.06258064528000003
0.06258064528000003
0.06258064528000003
0.062488479380000024
0.062488479380000024
0.062488479380000024
0.062488479380000024
0.06267281112000003
0.06267281112000003
0.06267281112000003
0.06267281112000003
0.06276497702000002
0.06285714292000001
0.06294930886000001
0.06294930886000001
0.06294930886000001
0.06294930886000001
0.06294930886000001
0.06294930886000001
0.06294930886000001
0.06294930886000001
0.06304147476000002
0.06304147476000002
0.06304147476000002
0.06304147476000002
0.06294930886000003
0.06294930886000003
0.06285714296000001
0.06294930886000003
0.06304147476000002
0.06313364066000002
0.06322580656000003
0.06322580656000003
0.06322580656000003
0.06322580656000003
0.06322580656000003
0.06313364076000001
0.06313364076000001
0.06313364076000001
0.06331797256000002
0.06331797256000002
0.06341013846000003
0.06341013846000003
0.06341013846000003
0.06341013866000002
0.06341013866000002
0.06341013866000002
0.06341013866000002
0.06341013866000002
0.06341013866000002
0.06341013866000002
0.06331797266000003
0.06331797266000003
0.06331797266000003
0.06331797266000003
0.06331797266000003
0.06341013856000002
0.06331797266000001
0.06322580686000001
0.06322580686000001
0.06331797280000001
0.06331797280000001
0.0632258069
0.0632258069
0.0632258069
0.0632258069
0.0632258069
0.0632258069
0.0632258069
0.0632258069
0.0632258069
0.0632258069
0.0632258069
0.06331797280000001
0.06341013870000001
0.06341013870000001
0.06350230450000001
0.0634101386
0.0634101386
0.0633179726
0.0633179726
0.0633179726
0.0633179726
0.0633179726
0.0633179726
0.0633179726
0.0633179726
0.0633179726
0.0632258067
0.0634101384
0.0633179725
0.0633179725
0.0634101385
0.0635023044
0.06341013850000002
0.0635023044
0.0634101386
0.06322580680000002
0.06322580680000002
0.06322580680000002
0.06322580680000002
0.06322580680000002
0.06322580680000002
0.06313364086000002
0.06313364086000002
0.06313364086000002
0.06313364086000002
0.06313364086000002
0.06322580676000002
0.06322580676000002
0.06322580676000002
0.06313364076000001
0.06322580656000001
0.06322580656000001
0.06322580656000001
0.06322580656000001
0.06331797256000002
0.06331797256000002
0.06331797256000002
0.06341013836000002
0.06341013836000002
0.06341013836000002
0.06341013836000002
0.06331797236000003
0.06331797236000003
0.06331797236000003
0.06331797236000003
0.06331797236000003
0.06331797236000003
0.06322580646000003
0.06322580646000003
0.06322580646000003
0.06313364066000003
0.06313364066000003
0.06313364066000003
0.06313364066000003
0.06313364066000003
0.06313364066000003
0.06313364066000003
0.06331797246000002
0.06331797246000002
0.06331797246000002
0.06331797246000002
0.06331797246000002
0.06341013826000003
0.06331797236000003
0.06341013826000003
0.06341013826000003
0.06341013826000003
0.06341013826000003
0.06341013826000003
0.06331797236000003
0.06331797236000003
0.06341013826000004
0.06341013826000004
0.06331797226000005
0.06350230396000005
0.06341013806000005
0.06341013806000005
0.06341013806000005
0.06341013806000005
0.06331797226000005
0.06331797226000005
0.06331797226000005
0.06331797240000003
0.06331797240000003
0.06341013830000003
0.06341013830000003
0.06341013830000003
0.06341013830000003
0.06350230410000003
0.06350230410000003
0.06359447000000003
0.06359447000000003
0.06359447000000003
0.06359447000000003
0.06359447000000003
0.06359447000000003
0.06359447000000003
0.06359447000000003
0.06359447000000003
0.06359447000000003
0.06368663590000002
0.06368663590000002
0.06359447000000001
0.06359447000000001
0.06359447000000001
0.06359447000000001
0.06359447000000001
0.06359447000000001
0.06359447000000001
0.06359447000000001
0.06359447000000001
0.06359447000000001
0.06359447000000001
0.06359447000000001
0.06359447000000001
0.06341013806000002
0.06331797212000001
0.06331797212000001
0.06331797212000001
0.06331797212000001
0.06331797212000001
0.06331797212000001
0.06341013812000001
0.06341013812000001
0.06341013812000001
0.06350230402000001
0.06341013822000001
0.06341013822000001
0.06341013822000001
0.06341013822000001
0.06341013822000001
0.06350230422
0.06341013842000001
0.06341013842000001
0.06341013842000001
0.06341013842000001
0.06341013842000001
0.06341013842000001
0.06341013842000001
0.06341013842000001
0.06341013842000001
0.06350230432000001
0.06350230432000001
0.06350230432000001
0.06350230432000001
0.06350230432000001
0.06341013842000001
0.06341013842000001
0.06341013842000001
0.06341013842000001
0.06341013842000001
0.06341013842000001
0.06341013842000001
0.06341013842000001
0.06341013842000001
0.06341013842000001
0.06331797252
0.06331797252
0.06331797252
0.06331797252
0.06322580672
0.06322580672
0.06322580672
0.06322580672
0.06322580672
0.06322580672
0.06322580672
0.06322580672
0.06313364082
0.06313364082
0.06313364082
0.06313364082
0.06322580676
0.06322580676
0.06331797276000001
0.06331797276000001
0.06331797276000001
0.06322580686000001
0.06322580686000001
0.06322580686000001
0.06322580686000001
0.06331797266000001
0.06331797266000001
0.06331797266000001
0.06331797266000001
0.06331797266000001
0.06331797266000001
0.06331797266000001
0.06322580686000001
0.06322580686000001
0.06322580686000001
0.06322580686000001
0.06322580686000001
0.06313364096000001
0.06313364096000001
0.06322580676000002
0.06322580676000002
0.06322580676000002
0.06322580676000002
0.06322580676000002
0.06313364086000002
0.06313364086000002
0.06313364086000002
0.06304147496000002
0.06304147496000002
0.06304147496000002
0.06304147496000002
0.06304147496000002
0.06304147496000002
0.06313364090000002
0.06313364090000002
0.06322580680000003
0.06322580680000003
0.06322580680000003
0.06322580680000003
0.06322580680000003
0.06322580680000003
0.06322580680000003
0.06322580680000003
0.06322580680000003
0.06322580680000003
0.06322580680000003
0.06322580680000003
0.06322580680000003
0.06331797270000003
0.06331797270000003
0.06331797270000003
0.06331797270000003
0.06331797270000003
0.06331797270000003
0.06331797270000003
0.06341013860000003
0.06341013860000003
0.06341013860000003
0.06341013860000003
0.06331797270000003
0.06341013860000003
0.06350230450000002
0.06350230450000002
0.06350230450000002
0.06350230450000002
0.06368663630000002
0.0635944704
0.06368663630000002
0.06368663630000002
0.06368663630000002
0.06377880220000001
0.06377880220000001
0.06377880220000001
0.06377880220000001
0.0638709682
0.06396313420000002
0.06396313420000002
0.06396313420000002
0.06396313420000002
0.06396313420000002
0.06396313420000002
0.06396313420000002
0.06387096830000001
0.06387096830000001
0.06387096830000001
0.06387096830000001
0.06387096830000001
0.06387096830000001
0.06387096830000001
0.06405530000000002
0.06405530000000002
0.06405530000000002
0.06405530000000002
0.06414746580000003
0.06414746580000003
0.06414746580000003
0.06414746580000003
0.06414746580000003
0.06423963160000003
0.06423963160000003
0.06433179750000004
0.06433179750000004
0.06433179750000004
0.06433179750000004
0.06433179750000004
0.06433179750000004
0.06433179750000004
0.06442396350000004
0.06451612940000004
0.06451612940000004
0.06451612940000004
0.06451612940000004
0.06451612940000004
0.06451612940000004
0.06451612940000004
0.06451612940000004
0.06451612940000004
0.06451612940000004
0.06451612940000004
0.06451612940000004
0.06451612940000004
0.06451612940000004
0.06451612940000004
0.06451612940000004
0.06451612940000004
0.06451612940000004
0.06451612940000004
0.06442396360000004
0.06442396360000004
0.06442396360000004
0.06442396360000004
0.06442396360000004
0.06442396360000004
0.06442396360000004
0.06442396360000004
0.06442396360000004
0.06442396360000004
0.06442396360000004
0.06442396360000004
0.06442396360000004
0.06442396360000004
0.06451612940000004
0.06451612940000004
0.06460829520000004
0.06460829520000004
0.06460829520000004
0.06460829520000004
0.06460829520000004
0.06460829520000004
0.06451612940000004
0.06451612940000004
0.06451612940000004
0.06451612940000004
0.06451612940000004
0.06451612940000004
0.06451612940000004
0.06460829530000005
0.06460829530000005
0.06460829530000005
0.06460829530000005
0.06460829530000005
0.06460829530000005
0.06460829530000005
