0.4999078385999999
0.3827649848000001
0.32894009860000006
0.2833179772800001
0.23797235452000007
0.21723502704
0.20211981893999995
0.19059908193999997
0.18571428995999997
0.17705069428000006
0.17188940364000005
0.16626728394
0.15953917313999993
0.15677419496
0.15502304368
0.1523502324
0.15050691448000003
0.14866359690000006
0.14599078524000006
0.14460829702000005
0.14359447186000004
0.14221198322
0.14129032390000001
0.14027649944000006
0.13972350402000003
0.13870967922
0.13834101566
0.13815668378
0.13769585430000006
0.13732719046
0.1372350245
0.13649769758000002
0.13612903398
0.13603686816000002
0.13585253600000002
0.13585253562
0.13244239738000002
0.12967742088
0.12857143024
0.12801843492
0.12451613084000003
0.12211981754000004
0.12147465620000006
0.12147465620000003
0.11990783606000005
0.11778802074000005
0.11585253688000004
0.11437788252000004
0.11419355064000004
0.11437788244000004
0.11428571654000003
0.11447004834000003
0.11447004808000003
0.11456221398000004
0.11483871164000002
0.11502304342000003
0.11548387286000002
0.11557603876000001
0.11585253660000003
0.11585253656000002
0.11585253656000002
0.11603686842000004
0.11594470256000003
0.11594470252000003
0.11585253652000002
0.11576037052000004
0.11548387234000006
0.11557603862000006
0.11539170700000005
0.11447004740000005
0.11382488590000006
0.11142857294000005
0.10976958610000005
0.10820276670000004
0.10525345800000004
0.10304147620000004
0.10313364230000004
0.10341013940000003
0.10331797370000004
0.10313364174000003
0.10285714442000005
0.10258064672000006
0.10193548532000005
0.10000000138000006
0.09815668334000005
0.09806451740000005
0.09806451740000005
0.09815668330000005
0.09824884900000004
0.09834101490000004
0.09852534670000004
0.09861751250000003
0.09861751190000001
0.09843318054000003
0.09843318054000003
0.09815668254000003
0.097419355
0.09705069186000001
0.0961290325
0.09419354870000003
0.09299539216000002
0.09281106036000003
0.09308755820000002
0.0931797236
0.0929953924
0.09290322594000001
0.09271889434
0.09225806474
0.09188940148000002
0.09078341028
0.08857142898000003
0.08672811084000004
0.08682027670000006
0.08700460856000004
0.08691244266000005
0.08691244266000005
0.08700460860000005
0.08709677460000005
0.08718894054000005
0.08718894054000005
0.08718894054000005
0.08728110640000006
0.08728110640000006
0.08755760370000004
0.08764976950000004
0.08774193544000004
0.08783410134000004
0.08783410134000004
0.08792626728000005
0.08811059898000004
0.08792626698000004
0.08792626698000004
0.08801843278000004
0.08820276464000004
0.08801843244000004
0.08792626738000005
0.08774193544000006
0.08792626708000004
0.08617511508000004
0.08377880148000004
0.08156681998000004
0.08156681998000004
0.08147465408000004
0.08147465408000004
0.08147465408000004
0.08165898598000004
0.08165898598000004
0.08175115188000003
0.08175115188000003
0.08175115188000003
0.08184331768000003
0.08193548354000002
0.08202764944000003
0.08202764944000003
0.08211981534000003
0.08211981534000003
0.08230414714000003
0.08248847894000004
0.08239631314000004
0.08239631314000004
0.08248847904000003
0.08276497684000002
0.08267281098000004
0.08285714274000004
0.08285714274000004
0.08285714274000004
0.08294930854000004
0.08313364028000005
0.08322580588000003
0.08341013762000003
0.08341013762000003
0.08350230362000004
0.08350230362000004
0.08350230362000004
0.08359446962000003
0.08359446962000003
0.08377880132000005
0.08377880132000005
0.08377880132000005
0.08377880132000005
0.08396313302000005
0.08396313302000005
0.08387096702000005
0.08396313302000005
0.08396313302000005
0.08396313302000005
0.08396313302000005
0.08396313302000005
0.08396313302000005
0.08396313302000005
0.08423963082000005
0.08423963082000005
0.08433179676000005
0.08423963082000004
0.08433179672000005
0.08442396262000004
0.08442396262000004
0.08442396262000004
0.08442396262000004
0.08442396262000004
0.08460829446000004
0.08470046006000004
0.08479262596000003
0.08479262596000003
0.08479262596000003
0.08488479196000004
0.08479262606000004
0.08479262606000004
0.08479262606000004
0.08497695786000005
0.08497695786000005
0.08470046026000004
0.08460829446000004
0.08460829426000004
0.08405529886000003
0.08230414666000004
0.07880184246000005
0.07824884706000004
0.07788018352000005
0.07788018352000005
0.07788018352000005
0.07788018346000004
0.07778801746000004
0.07788018346000004
0.07778801760000005
0.07788018346000004
0.07788018346000004
0.07788018346000004
0.07788018346000004
0.07778801786000006
0.07788018376000005
0.07788018376000005
0.07797234956000006
0.07797234956000006
0.07797234956000004
0.07788018376000004
0.07788018376000004
0.07778801746000004
0.07760368626000004
0.07705069086000003
0.07566820222000004
0.07262672730000004
0.07152073652000004
0.07133640468000003
0.07142857068000004
0.07142857068000004
0.07133640482000005
0.07124423902000004
0.07124423902000004
0.07124423902000004
0.07124423902000004
0.07124423902000004
0.07124423902000004
0.07124423902000004
0.07124423902000004
0.07124423892000004
0.07105990702000003
0.07105990702000003
0.07096774112000005
0.07096774112000005
0.07096774112000005
0.07096774112000005
0.07096774122000003
0.07096774122000003
0.07096774122000003
0.07105990712000003
0.07115207302000004
0.07105990712000004
0.07096774122000005
0.07096774122000005
0.07096774122000005
0.07105990708000004
0.07105990708000004
0.07115207302000004
0.07115207302000004
0.07115207302000004
0.07115207302000004
0.07105990722000004
0.07096774132000003
0.07096774132000003
0.07105990726000004
0.07105990726000004
0.07105990726000004
0.07115207316000004
0.07115207316000004
0.07115207316000004
0.07115207316000004
0.07124423896000004
0.07124423896000004
0.07124423896000004
0.07124423896000004
0.07124423896000004
0.07124423896000004
0.07124423896000004
0.07124423896000004
0.07124423896000004
0.07124423896000004
0.07124423896000004
0.07124423896000004
0.07124423896000004
0.07124423896000004
0.07115207296000003
0.07133640470000004
0.07133640470000004
0.07133640470000004
0.07133640470000004
0.07142857060000003
0.07142857060000003
0.07142857060000003
0.07133640480000003
0.07133640480000003
0.07133640490000004
0.07133640490000004
0.07133640490000004
0.07133640490000004
0.07133640490000004
0.07133640490000004
0.07142857070000004
0.07142857070000004
0.07133640490000004
0.07133640490000004
0.07133640490000004
0.07133640490000004
0.07115207320000003
0.07115207320000003
0.07115207320000003
0.07115207320000003
0.07115207320000003
0.07115207320000003
0.07115207320000003
0.07115207320000003
0.07124423910000002
0.07124423910000002
0.07124423910000002
0.07133640500000002
0.07124423920000002
0.07124423920000002
0.07124423920000002
0.07124423920000002
0.07124423920000002
0.07115207320000001
0.07096774136000002
0.07105990736000001
0.07105990736000001
0.07096774156000002
0.07096774156000002
0.07096774156000002
0.07096774156000002
0.07096774156000002
0.07096774146000001
0.07096774146000001
0.07096774146000001
0.07087557566000001
0.07087557566000001
0.07087557566000001
0.07087557566000001
0.07087557566000001
0.07087557566000001
0.07087557566000001
0.07087557566000001
0.07078340976000001
0.07087557566000002
0.07087557566000002
0.07087557566000002
0.07078340966000002
0.07078340966000002
0.07078340966000002
0.07069124366000003
0.07069124366000003
0.07069124366000003
0.07069124366000003
0.07059907772000001
0.07059907772000001
0.07069124366000003
0.07069124366000003
0.07069124366000003
0.07069124366000003
0.07069124366000003
0.07069124366000003
0.07069124366000003
0.07069124366000003
0.07069124366000003
0.07078340956000001
0.07078340956000001
0.07078340956000001
0.07078340956000001
0.07059907786000003
0.07059907786000003
0.07050691196000003
0.07050691196000003
0.07050691196000003
0.07050691196000003
0.07041474606000002
0.07041474606000002
0.07041474606000002
0.07041474606000002
0.07050691196000003
0.07050691196000003
0.07050691196000003
0.07050691196000003
0.07050691196000003
0.07050691196000003
0.07050691196000003
0.07050691196000003
0.07050691196000003
0.07059907786000003
0.07059907786000003
0.07059907786000003
0.07059907786000003
0.07059907786000003
0.07059907786000003
0.07059907786000003
0.07059907786000003
0.07059907786000003
0.07050691192000003
0.07050691192000003
0.07050691192000003
0.07050691192000003
0.07050691192000003
0.07050691192000003
0.07050691192000003
0.07050691192000003
0.07050691192000003
0.07050691192000003
0.07050691192000003
0.07050691192000003
0.07050691192000003
0.07050691192000003
0.07050691192000003
0.07050691192000003
0.07050691192000003
0.07050691192000003
0.07050691192000003
0.07050691192000003
0.07050691192000003
0.07050691192000003
0.07041474602000003
0.07041474602000003
0.07041474602000003
0.07041474602000003
0.07041474602000003
0.07050691182000003
0.07050691182000003
0.07050691182000003
0.07050691182000003
0.07041474602000003
0.07041474602000003
0.07041474602000003
0.07041474602000003
0.07041474602000003
0.07032258022000003
0.07032258022000003
0.07023041442000003
0.07023041442000003
0.07023041442000003
0.07023041442000003
0.07013824862000002
0.07013824862000002
0.07013824862000002
0.07013824862000002
0.07013824862000002
0.07004608282000004
0.07023041458000003
0.07032258052000002
0.07032258052000002
0.07023041472000002
0.07023041472000002
0.07013824882000003
0.07013824882000003
0.07004608292000003
0.06995391702000003
0.06995391702000003
0.06995391702000003
0.06995391702000003
0.06995391702000003
0.06995391702000003
0.07004608296000003
0.07004608296000003
0.06995391696000003
0.06995391696000003
0.06995391696000003
0.06995391696000003
0.06995391696000003
0.06995391696000003
0.06995391696000003
0.06986175096000002
0.06986175096000002
0.06986175096000002
0.06995391676000003
0.06995391676000003
0.06995391676000003
0.06995391676000003
0.06995391676000003
0.06995391676000003
0.06995391676000003
0.06995391676000003
0.06995391676000003
0.07004608256000004
0.07004608256000004
0.07004608256000004
0.07004608256000004
0.07004608256000004
0.07004608256000004
0.06995391666000003
0.06995391666000003
0.06995391666000003
0.06986175076000004
0.06967741906000004
0.06967741906000004
0.06967741906000004
0.06958525312000002
0.06958525312000002
0.06958525312000002
0.06940092122000002
0.06930875528000002
0.06930875528000002
0.06930875528000002
0.06930875528000002
0.06921658938000003
0.06921658938000003
0.06921658938000003
0.06921658938000003
0.06921658938000003
0.06921658938000003
0.06921658938000003
0.06921658938000003
0.06921658938000003
0.06921658938000003
0.06921658938000003
0.06912442348000003
0.06912442348000003
0.06912442348000003
0.06912442348000003
0.06912442348000003
0.06912442348000003
0.06912442348000003
0.06912442348000003
0.06921658938000003
0.06921658938000003
0.06921658938000003
0.06930875518000003
0.06930875518000003
0.06930875518000003
0.06930875518000003
0.06930875518000003
0.06912442338000002
0.06912442338000002
0.06912442338000002
0.06921658928000002
0.06921658928000002
0.06921658928000002
0.06930875508000002
0.06930875508000002
0.06930875512000002
0.06930875512000002
0.06930875512000002
0.06921658932000002
0.06921658932000002
0.06921658932000002
0.06921658932000002
0.06921658932000002
0.06912442342000001
0.06912442342000001
0.06912442342000001
0.06912442342000001
0.06912442342000001
0.06912442342000001
0.06912442342000001
0.06912442342000001
0.06921658932000002
0.06921658932000002
0.06921658932000002
0.06930875532000001
0.06921658942000003
0.06921658942000003
0.06921658942000003
0.06921658942000003
0.06921658942000003
0.06921658942000003
0.06921658942000003
0.06930875532000003
0.06930875532000003
0.06930875532000003
0.06930875532000003
0.06930875532000003
0.06930875532000003
0.06930875532000003
0.06930875532000003
0.06930875532000003
0.06930875532000003
0.06930875532000003
0.06930875532000003
0.06930875532000003
0.06930875532000003
0.06930875532000003
0.06930875532000003
0.06930875532000003
0.06930875532000003
0.06930875532000003
0.06930875532000003
0.06930875532000003
0.06930875532000003
0.06930875532000003
0.06930875532000003
0.06930875532000003
0.06930875532000003
0.06940092122000002
0.06940092122000002
0.06940092122000002
0.06940092122000002
0.06940092122000002
0.06940092122000002
0.06949308712000002
0.06949308712000002
0.06949308712000002
0.06949308712000002
0.06940092122000002
0.06930875532000003
0.06930875532000003
0.06930875532000003
0.06930875532000003
0.06921658952000002
0.06921658952000002
0.06921658952000002
0.06921658952000002
0.06921658952000002
0.06921658952000002
0.06921658952000002
0.06921658952000002
0.06921658952000002
0.06921658952000002
0.06921658952000002
0.06912442362000003
0.06912442362000003
0.06912442362000003
0.06912442362000003
0.06912442362000003
0.06912442362000003
0.06912442362000003
0.06912442362000003
0.06912442362000003
0.06912442362000003
0.06912442362000003
0.06912442362000003
0.06912442362000003
0.06921658952000004
0.06921658952000004
0.06921658952000004
0.06930875542000002
0.06940092142000003
0.06930875552000003
0.06930875552000003
0.06930875552000003
0.06930875552000003
0.06921658972000003
0.06912442382000003
0.06912442382000003
0.06912442382000003
0.06912442382000003
0.06912442382000003
0.06912442382000003
0.06903225792000003
0.06903225792000003
0.06903225792000003
0.06903225792000003
0.06903225792000003
0.06903225792000003
0.06903225792000003
0.06903225792000003
0.06903225792000003
0.06903225792000003
0.06903225792000003
0.06903225792000003
0.06903225792000003
0.06903225792000003
0.06903225792000003
0.06903225792000003
0.06903225792000003
0.06903225792000003
0.06912442382000003
0.06903225802000003
0.06903225802000003
0.06894009208000003
0.06894009208000003
0.06903225798000003
0.06903225798000003
0.06894009204000003
0.06894009204000003
0.06894009204000003
0.06903225798000003
0.06903225798000003
0.06884792638000002
0.06875576058000002
0.06866359468000002
0.06866359468000002
0.06866359468000002
0.06866359468000002
0.06866359468000002
0.06866359468000002
0.06866359468000002
0.06866359468000002
0.06866359468000002
0.06866359468000002
0.06866359468000002
0.06866359468000002
0.06866359468000002
0.06866359468000002
0.06866359468000002
0.06866359468000002
0.06866359468000002
0.06875576062000004
0.06875576062000004
0.06866359472000003
0.06866359472000003
0.06866359472000003
0.06866359472000003
0.06866359472000003
0.06866359472000003
0.06866359472000003
0.06857142882000003
0.06847926292000003
0.06847926302000003
0.06847926302000003
0.06847926302000003
0.06847926302000003
0.06847926302000003
0.06847926302000003
0.06847926302000003
0.06847926302000003
0.06847926302000003
0.06847926302000003
0.06847926302000003
0.06847926302000003
0.06847926302000003
0.06838709702000004
0.06847926292000003
0.06847926292000003
0.06847926292000003
0.06847926292000003
0.06847926292000003
0.06847926292000003
0.06847926292000003
0.06847926292000003
0.06847926292000003
0.06847926292000003
0.06847926292000003
0.06857142882000003
0.06857142882000003
0.06857142882000003
0.06857142882000003
0.06857142882000003
0.06857142882000003
0.06857142882000003
0.06857142882000003
0.06857142882000003
0.06857142882000003
0.06857142882000003
0.06866359476000003
0.06857142886000003
0.06857142886000003
0.06857142886000003
0.06847926296000004
0.06847926296000004
0.06857142886000003
0.06857142886000003
0.06857142886000003
0.06857142886000003
0.06847926296000002
0.06847926296000002
0.06857142886000002
0.06857142886000002
0.06857142886000002
0.06857142886000002
0.06847926296000001
0.06847926296000001
0.06838709706000001
0.06838709706000001
0.06838709706000001
0.06838709706000001
0.06838709706000001
0.06838709706000001
0.06838709706000001
0.06838709706000001
0.06838709706000001
0.06847926296000001
0.06847926296000001
0.06847926296000001
0.06847926296000001
0.06847926296000001
0.06847926296000001
0.06847926296000001
0.06829493116000003
0.06820276536000003
0.06820276536000003
0.06820276536000003
0.06820276536000003
0.06820276536000003
0.06820276536000003
0.06811059946000002
0.06811059946000002
0.06801843366000002
0.06801843366000002
0.06801843366000002
0.06801843366000002
0.06801843366000002
0.06801843366000002
0.06783410182
0.06783410182
0.06783410182
0.06783410182
0.06783410182
0.06783410182
0.06783410182
0.06774193602000002
0.06774193602000002
0.06774193602000002
0.06792626782
0.06792626782
0.06792626782
0.06801843372000001
0.06801843372000001
0.06801843372000001
0.06801843372000001
0.06801843372000001
0.06801843372000001
0.06801843372000001
0.06801843372000001
0.06801843372000001
0.06801843372000001
0.06792626792
0.06792626792
0.06792626792
0.06792626792
0.06811059986
0.06811059986
0.06811059986
0.06811059986
0.06811059986
0.06811059986
0.06811059986
0.06811059986
0.06811059986
0.06811059986
0.06820276576
0.06820276576
0.06820276576
0.06811059986000001
0.06811059986000001
0.06811059986000001
0.06811059986000001
0.06811059986000001
0.06811059986000001
0.06801843396000001
0.06792626806000002
0.06792626806000002
0.06792626806000002
0.06792626806000002
0.06792626806000002
0.06783410216000002
0.06783410216000002
0.06783410216000002
0.06783410216000002
0.06783410216000002
0.06783410216000002
0.06783410216000002
0.06783410216000002
0.06783410216000002
0.06792626806000002
0.06774193622
0.06764977032000002
0.06764977032000002
0.06764977032000002
0.06764977032000002
0.06764977032000002
0.06764977032000002
0.06764977032000002
0.06764977032000002
0.06764977032000002
0.06764977032000002
0.06774193612000003
0.06774193612000003
0.06774193612000003
0.06774193612000003
0.06774193612000003
0.06774193612000003
0.06764977022000002
0.06764977022000002
0.06764977022000002
0.06755760432000002
0.06755760432000002
0.06755760432000002
0.06755760432000002
0.06746543842000002
0.06755760432000002
0.06755760432000002
0.06746543852000002
0.06746543852000002
0.06746543852000002
0.06746543852000002
0.06746543852000002
0.06746543852000002
0.06746543852000002
0.06746543852000002
0.06746543852000002
0.06737327262000002
0.06737327262000002
0.06737327262000002
0.06737327262000002
0.06737327262000002
0.06737327262000002
0.06737327262000002
0.06737327262000002
0.06737327262000002
0.06728110668000001
0.06728110668000001
0.06737327258000002
0.06746543848000001
0.06746543848000001
0.06746543848000001
0.06746543848000001
0.06746543848000001
0.06737327248000002
0.06737327248000002
0.06737327248000002
0.06737327248000002
0.06737327248000002
0.06737327248000002
0.06737327238000003
0.06737327238000003
0.06737327238000003
0.06737327238000003
0.06737327238000003
0.06718894078000003
0.06718894078000003
0.06718894078000003
0.06718894078000003
0.06709677478000002
0.06709677478000002
0.06700460858000003
0.06691244338000002
0.06682027748000002
0.06654377948000002
0.06626728148000002
0.06617511608000001
0.06534562268000002
0.06451612988000002
0.06276497748000003
0.06064516188000003
0.060645161780000026
0.06000000058000002
0.06000000058000002
0.06009216648000002
0.06009216648000002
0.06009216648000002
0.06009216648000002
0.06009216648000002
0.06009216648000002
0.06009216648000002
0.06009216648000002
0.06000000058000002
0.06000000058000002
0.06009216648000002
0.06009216648000002
0.06009216648000002
0.06009216648000002
0.06009216648000002
0.05990783468000002
0.05990783468000002
0.05990783468000002
0.05990783468000002
0.05990783468000002
0.05990783468000002
0.05990783468000002
0.05990783468000002
0.05990783468000002
0.05990783468000002
0.05990783468000002
0.05990783468000002
0.05990783468000002
0.05990783468000002
0.05990783468000002
0.05990783468000002
0.05990783468000002
0.059815668780000025
0.059815668780000025
0.059815668780000025
0.059815668780000025
0.059815668780000025
0.059815668780000025
0.059815668780000025
0.05972350298000002
0.05972350298000002
0.05972350298000002
0.05972350298000002
0.05972350298000002
0.05972350298000002
0.05972350298000002
0.05972350298000002
0.05972350298000002
0.05972350298000002
0.05972350298000002
