0.5055299616000002
0.3860829542000001
0.3342857196
0.27622119972000003
0.22156681892
0.17447004724000006
0.14829493160000004
0.13133640684
0.12313364144
0.11769585300000002
0.11447004672
0.11142857086
0.10912442452000004
0.10672811206000005
0.10442396446000003
0.10230414862000002
0.10027649826000004
0.09843318078000002
0.09695852674000001
0.09483871034000002
0.09271889524000004
0.09078341076000003
0.0890322587
0.08820276582
0.08672811118
0.08552995415999998
0.08377880256
0.08239631408000005
0.08129032320000004
0.07963133670000003
0.07834101398000004
0.07723502338000002
0.07695852574000002
0.07529954014000002
0.07474654474000003
0.07327189014000003
0.07188940134000002
0.07096774206000002
0.07013824928000002
0.06949308774
0.06903225834000001
0.06792626740000002
0.06682027652000003
0.06626728122000002
0.06543778818000001
0.06451612928000001
0.06396313374000001
0.06313364094000001
0.06313364094000003
0.062488479600000015
0.06193548414000003
0.06147465446000001
0.060829493080000026
0.060460829280000024
0.06036866348000002
0.06009216592000003
0.05972350222000003
0.05953917028000002
0.059170506740000024
0.05843317984000002
0.058156682340000015
0.05769585284000001
0.05741935496000001
0.05741935508
0.05705069144
0.056866359440000014
0.05668202784000002
0.05677419380000002
0.05658986200000002
0.056497696100000015
0.056036866560000016
0.05576036872000002
0.055391704940000015
0.05483870972000002
0.05474654368000001
0.05437787994000001
0.05447004598000001
0.054009216700000015
0.05391705078000001
0.05345622122000001
0.05336405526000001
0.053179723500000005
0.05290322584000001
0.052995391640000014
0.05271889402000002
0.052811059920000014
0.05271889406000002
0.05262672804000002
0.05244239642000001
0.05262672826000002
0.05262672830000002
0.05271889412000002
0.05253456224000001
0.05235023040000002
0.052165898640000014
0.052073732700000014
0.05198156690000001
0.05198156690000001
0.05198156680000001
0.05188940100000001
0.05207373284000001
0.051981566940000015
0.05188940100000001
0.05179723514000001
0.05170506920000001
0.0515207374
0.0514285715
0.051336405560000006
0.051336405560000006
0.051244239700000006
0.051152073900000004
0.051152073840000006
0.051244239700000006
0.051244239700000006
0.051244239700000006
0.051244239700000006
0.051244239700000006
0.05105990800000001
0.050967742100000005
0.050967742100000005
0.050967742100000005
0.050875576240000005
0.050875576240000005
0.050599078580000005
0.05059907854
0.0506912444
0.05059907854
0.05050691268
0.05050691268
0.0503225808
0.05013824908
0.05013824908
0.05013824912
0.050046083219999996
0.049953917359999996
0.04976958552
0.04986175142
0.04986175142
0.04976958548000001
0.04976958548000001
0.049585253680000003
0.049493087820000004
0.04958525376000001
0.049493087820000004
0.049400921880000004
0.049308755940000004
0.049308755900000015
0.049216589960000015
0.049124424100000015
0.049124424100000015
0.049124424100000015
0.04921659000000001
0.04930875594000002
0.04930875594000002
0.04930875594000002
0.04930875594000002
0.04940092188000001
0.04940092188000001
0.04940092188000001
0.04940092188000001
0.049493087780000014
0.049585253640000014
0.049677419580000014
0.04976958552000002
0.04976958552000002
0.049677419580000014
0.049585253640000014
0.049677419500000014
0.04967741942000001
0.049769585360000014
0.049769585360000014
0.049769585360000014
0.04986175126000002
0.04986175126000002
0.04976958540000002
0.04976958540000002
0.049953917280000024
0.049953917280000024
0.049861751420000024
0.049861751420000024
0.049861751420000024
0.049953917360000016
0.050046083300000016
0.05013824920000002
0.05023041506000002
0.05023041506000002
0.05032258100000002
0.05041474694000001
0.05041474694000001
0.05041474694000001
0.05041474694000001
0.05069124460000002
0.05069124460000002
0.050599078700000015
0.05069124460000002
0.05069124460000002
0.05069124460000002
0.05069124460000002
0.050875576360000015
0.050967742220000015
0.050967742220000015
0.050967742220000015
0.050875576360000015
0.050875576280000015
0.05078341038000001
0.05078341038000001
0.050875576280000015
0.050875576280000015
0.050875576280000015
0.05078341034000001
0.05078341034000001
0.050875576280000015
0.05096774218000002
0.05096774218000002
0.05105990812000002
0.05105990812000002
0.051244239880000014
0.051428571680000014
0.05152073758000002
0.05152073758000002
0.051705069340000014
0.05179723524000002
0.05188940110000002
0.05198156700000001
0.05216589880000002
0.05225806466000002
0.05235023052000001
0.052626728220000016
0.052626728220000016
0.052626728220000016
0.052718894160000015
0.05281106006000002
0.05299539194000001
0.05299539194000001
0.05308755780000001
0.05308755780000001
0.05308755780000001
0.05317972366000001
0.05317972366000001
0.05336405546000001
0.05336405546000001
0.05336405546000001
0.05336405546000001
0.05336405542000001
0.05354838730000002
0.05354838730000002
0.053640553200000024
0.053640553200000024
0.053640553200000024
0.053640553200000024
0.05373271910000002
0.05382488504000002
0.05391705094000002
0.05400921684000002
0.05400921684000002
0.05391705090000002
0.05400921684000002
0.05410138278000001
0.05410138278000001
0.05410138278000001
0.05410138278000001
0.05410138278000001
0.05410138278000001
0.05428571466000002
0.05428571466000002
0.05437788052000002
0.05437788052000002
0.05465437830000003
0.05465437830000003
0.05465437830000003
0.05465437830000003
0.05483871004000003
0.05483871004000003
0.05483871004000003
0.05483871004000003
0.055115207740000026
0.055115207740000026
0.055115207740000026
0.055115207740000026
0.05520737364000002
0.05520737364000002
0.05520737364000002
0.05520737364000002
0.05520737364000002
0.05520737364000002
0.05520737364000002
0.05520737364000002
0.05520737364000002
0.05520737364000002
0.05520737364000002
0.05520737364000002
0.05520737364000002
0.05520737364000002
0.05520737364000002
0.05520737364000002
0.05520737364000002
0.05511520770000002
0.05511520770000002
0.05511520770000002
0.055207373600000026
0.055207373600000026
0.055207373600000026
0.05529953940000003
0.05539170530000003
0.05529953940000003
0.05539170526000003
0.05539170526000003
0.05548387116000003
0.05548387116000003
0.055576037060000034
0.055576037060000034
0.055576037060000034
0.05566820296000003
0.05576036876000003
0.05576036876000003
0.055944700520000036
0.055944700520000036
0.055944700520000036
0.05603686642000003
0.05603686642000003
0.05603686642000003
0.05603686642000003
0.05603686642000003
0.05603686642000003
0.056129032320000036
0.05622119826000003
0.05622119826000003
0.05622119826000003
0.05622119826000003
0.05622119826000003
0.05622119826000003
0.05622119826000003
0.05622119826000003
0.05631336420000003
0.05631336420000003
0.05631336420000003
0.05631336420000003
0.056405530140000035
0.056405530140000035
0.05649769608000004
0.056589861980000045
0.056589861980000045
0.056589861980000045
0.05668202788000005
0.05668202788000005
0.05668202788000005
0.05677419374000005
0.05686635974000004
0.05695852568000004
0.05695852568000004
0.05695852568000004
0.05695852568000004
0.05705069148000004
0.05705069148000004
0.057142857380000044
0.057142857380000044
0.057142857380000044
0.057142857380000044
0.057142857380000044
0.057142857380000044
0.05732718918000004
0.05741935508000005
0.05751152098000005
0.05751152098000005
0.05751152098000005
0.05751152098000005
0.05751152098000005
0.05751152098000005
0.05751152098000005
0.05751152098000005
0.05760368688000004
0.05760368688000004
0.05769585274000004
0.05769585274000004
0.05769585274000004
0.05769585274000004
0.05788018450000004
0.057972350400000046
0.057972350400000046
0.057972350400000046
0.057972350400000046
0.057972350400000046
0.057972350400000046
0.057972350400000046
0.058064516340000046
0.058064516340000046
0.058064516340000046
0.058064516340000046
0.05815668214000004
0.05834101394000004
0.05843317994000004
0.05843317994000004
0.05843317994000004
0.05843317994000004
0.05843317994000004
0.05843317994000004
0.05843317994000004
0.05843317994000004
0.05843317994000004
0.05843317994000004
0.05852534584000004
0.05852534584000004
0.05852534584000004
0.05861751178000004
0.05861751178000004
0.05861751178000004
0.05861751178000004
0.05861751178000004
0.05861751178000004
0.05880184362000003
0.05880184362000003
0.05880184362000003
0.05880184362000003
0.05880184362000003
0.058894009520000026
0.05898617542000003
0.05898617542000003
0.05898617542000003
0.05907834136000003
0.05907834136000003
0.05907834136000003
0.05917050726000002
0.05917050726000002
0.05917050726000002
0.05917050726000002
0.05926267306000002
0.05926267306000002
0.05926267306000002
0.05926267306000002
0.05926267306000002
0.05926267306000002
0.05926267306000002
0.05926267306000002
0.05935483892000002
0.05935483892000002
0.05935483892000002
0.05935483892000002
0.05935483892000002
0.05935483892000002
0.05935483892000002
0.05944700482000002
0.05944700482000002
0.05944700482000002
0.05944700482000002
0.05944700482000002
0.05953917062000002
0.05963133652000002
0.05972350242000002
0.05972350242000002
0.05981566836000002
0.05981566836000002
0.05981566836000002
0.05981566836000002
0.05981566836000002
0.05981566836000002
0.05990783426000002
0.05990783426000002
0.060000000160000025
0.060000000160000025
0.060000000160000025
0.060000000160000025
0.060000000160000025
0.060000000160000025
0.060000000160000025
0.060000000160000025
0.060000000160000025
0.060000000160000025
0.060000000160000025
0.060000000160000025
0.060000000160000025
0.060000000160000025
0.060000000160000025
0.060092166060000014
0.06018433196000002
0.06018433196000002
0.06018433196000002
0.06018433196000002
0.06018433196000002
0.06018433196000002
0.06018433196000002
0.06018433196000002
0.06018433196000002
0.06018433196000002
0.06018433196000002
0.06018433196000002
0.06018433196000002
0.06018433196000002
0.06018433196000002
0.060276497860000014
0.060276497860000014
0.060276497860000014
0.060276497860000014
0.060276497860000014
0.060276497860000014
0.06036866376000002
0.06036866376000002
0.06036866376000002
0.06055299546000002
0.06073732726000003
0.06073732726000003
0.06073732726000003
0.06082949320000003
0.06092165910000003
0.06092165910000003
0.06092165910000003
0.06092165910000003
0.06092165910000003
0.061013825000000035
0.061013825000000035
0.061013825000000035
0.061013825000000035
0.061013825000000035
0.061013825000000035
0.061105990900000025
0.06119815680000002
0.06119815680000002
0.06119815680000002
0.06119815680000002
0.06119815680000002
0.06119815680000002
0.06119815680000002
0.06119815680000002
0.06119815680000002
0.06119815680000002
0.06119815680000002
0.06119815680000002
0.06119815680000002
0.061290322700000024
0.061290322700000024
0.061290322700000024
0.061290322700000024
0.061290322700000024
0.06138248860000002
0.06138248860000002
0.06147465440000002
0.06147465440000002
0.06147465440000002
0.06147465440000002
0.061566820200000025
0.06165898600000003
0.06165898600000003
0.06175115190000002
0.06175115190000002
0.06175115190000002
0.06175115190000002
0.06175115190000002
0.06175115190000002
0.06175115190000002
0.06175115190000002
0.06175115190000002
0.06175115190000002
0.06193548360000003
0.06193548360000003
0.06202764940000002
0.06211981530000003
0.062027649500000025
0.06211981540000003
0.06221198126000003
0.06221198126000003
0.06221198126000003
0.06230414706000002
0.06230414706000002
0.06230414706000002
0.06230414706000002
0.06230414706000002
0.06230414706000002
0.06230414706000002
0.06239631296000001
0.06248847896000002
0.06258064476000003
0.06258064476000003
0.06258064476000003
0.06267281056000003
0.06267281056000003
0.06276497646000002
0.06276497646000002
0.06276497646000002
0.06276497646000002
0.06276497646000002
0.06285714236000002
0.06294930826000003
0.06294930826000003
0.06294930826000003
0.06294930826000003
0.06294930826000003
0.06294930826000003
0.06294930826000003
0.06294930826000003
0.06294930826000003
0.06294930826000003
0.06294930826000003
0.06294930826000003
0.06294930826000003
0.06294930826000003
0.06294930826000003
0.06294930826000003
0.06294930826000003
0.06294930826000003
0.06294930826000003
0.06294930826000003
0.06294930826000003
0.06294930826000003
0.06294930826000003
0.06294930826000003
0.06294930826000003
0.06294930826000003
0.06304147426000002
0.06304147426000002
0.06304147426000002
0.06313364016000003
0.06313364016000003
0.06304147436000003
0.06294930846000003
0.06294930846000003
0.06304147426000004
0.06304147426000004
0.06304147426000004
0.06304147426000004
0.06322580600000004
0.06322580600000004
0.06322580600000004
0.06322580600000004
0.06322580600000004
0.06322580600000004
0.06331797194000005
0.06331797194000005
0.06341013788000004
0.06350230368000004
0.06359446968000004
0.06359446968000004
0.06359446968000004
0.06359446968000004
0.06368663548000005
0.06368663548000005
0.06368663548000005
0.06368663548000005
0.06368663548000005
0.06368663548000005
0.06368663548000005
0.06368663548000005
0.06368663548000005
0.06368663548000005
0.06359446958000005
0.06359446958000005
0.06359446958000005
0.06359446958000005
0.06359446958000005
0.06359446958000005
0.06359446958000005
0.06359446958000005
0.06359446958000005
0.06359446958000005
0.06368663552000005
0.06368663552000005
0.06368663552000005
0.06368663552000005
0.06368663552000005
0.06368663552000005
0.06377880132000004
0.06387096722000005
0.06387096722000005
0.06387096722000005
0.06387096722000005
0.06387096722000005
0.06387096722000005
0.06387096722000005
0.06387096722000005
0.06405529892000004
0.06405529892000004
0.06405529892000004
0.06405529892000004
0.06405529892000004
0.06405529892000004
0.06414746482000004
0.06414746482000004
0.06414746482000004
0.06414746482000004
0.06414746482000004
0.06414746482000004
0.06414746482000004
0.06423963062000003
0.06423963062000003
0.06423963062000003
0.06423963062000003
0.06414746482000003
0.06414746482000003
0.06414746482000003
0.06414746482000003
0.06414746482000003
0.06414746482000003
0.06414746482000003
0.06414746482000003
0.06414746482000003
0.06414746482000003
0.06414746482000003
0.06414746482000003
0.06414746482000003
0.06414746482000003
0.06423963062000003
0.06423963062000003
0.06423963062000003
0.06423963062000003
0.06423963062000003
0.06423963062000003
0.06423963062000003
0.06423963062000003
0.06423963062000003
0.06423963062000003
0.06423963062000003
0.06423963062000003
0.06423963062000003
0.06423963062000003
0.06433179662000002
0.06433179662000002
0.06433179662000002
0.06433179662000002
0.06433179662000002
0.06442396262000002
0.06442396262000002
0.06442396262000002
0.06442396262000002
0.06442396262000002
0.06442396262000002
0.06442396262000002
0.06442396262000002
0.06442396262000002
0.06442396262000002
0.06442396262000002
0.06442396262000002
0.06442396262000002
0.06442396262000002
0.06442396262000002
0.06451612852000002
0.06451612852000002
0.06451612852000002
0.06451612852000002
0.06451612852000002
0.06451612852000002
0.06451612852000002
0.06451612852000002
0.06451612852000002
0.06451612852000002
0.06451612852000002
0.06451612852000002
0.06451612852000002
0.06451612852000002
0.06451612852000002
0.06451612852000002
0.06451612852000002
0.06451612852000002
0.06451612852000002
0.06451612852000002
0.06451612852000002
0.06451612852000002
0.06451612852000002
0.06451612852000002
0.06451612852000002
0.06451612852000002
0.06451612852000002
0.06451612852000002
0.06451612852000002
0.06451612852000002
0.06451612852000002
0.06451612852000002
0.06451612852000002
0.06451612852000002
0.06451612852000002
0.06451612852000002
0.06451612852000002
0.06451612852000002
0.06460829452000003
0.06460829452000003
0.06460829452000003
0.06460829452000003
0.06460829452000003
0.06460829452000003
0.06460829452000003
0.06470046046000003
0.06470046046000003
0.06470046046000003
0.06470046046000003
0.06470046046000003
0.06470046046000003
0.06470046046000003
0.06470046046000003
0.06470046046000003
0.06470046046000003
0.06470046046000003
0.06470046046000003
0.06470046046000003
0.06470046046000003
0.06479262636000002
0.06479262636000002
0.06479262636000002
0.06479262636000002
0.06479262636000002
0.06479262636000002
0.06479262636000002
0.06470046036000002
0.06470046036000002
0.06470046036000002
0.06460829446000002
0.06460829446000002
0.06460829446000002
0.06460829446000002
0.06470046036000003
0.06470046036000003
0.06470046036000003
0.06460829436000003
0.06460829436000003
0.06460829436000003
0.06460829436000003
0.06460829436000003
0.06460829436000003
0.06460829436000003
0.06470046026000004
0.06470046026000004
0.06470046026000004
0.06470046026000004
0.06470046026000004
0.06460829436000004
0.06460829436000004
0.06460829436000004
0.06460829436000004
0.06451612856000004
0.06451612856000004
0.06451612856000004
0.06451612856000004
0.06451612856000004
0.06451612856000004
0.06451612856000004
0.06451612856000004
0.06451612856000004
0.06451612856000004
0.06451612856000004
0.06451612856000004
0.06451612856000004
0.06451612856000004
0.06451612856000004
0.06451612856000004
0.06451612856000004
0.06460829446000003
0.06460829446000003
0.06460829446000003
0.06460829446000003
0.06460829446000003
0.06460829446000003
0.06460829446000003
0.06460829446000003
0.06460829446000003
0.06451612866000003
0.06451612866000003
0.06451612866000003
0.06451612866000003
0.06451612866000003
0.06460829452000003
0.06460829452000003
0.06460829452000003
0.06460829452000003
0.06460829452000003
0.06451612872000002
0.06451612872000002
0.06451612872000002
0.06451612872000002
0.06451612872000002
0.06451612872000002
0.06451612872000002
0.06451612872000002
0.06442396292000002
0.06442396292000002
0.06442396292000002
0.06442396292000002
0.06442396292000002
0.06442396292000002
0.06442396292000002
0.06442396292000002
0.06442396292000002
0.06442396292000002
0.06442396292000002
0.06442396292000002
0.06442396292000002
0.06442396292000002
0.06442396292000002
0.06442396292000002
0.06442396292000002
0.06442396292000002
0.06433179702000003
0.06433179702000003
0.06433179702000003
0.06433179702000003
0.06433179702000003
0.06433179702000003
0.06433179702000003
0.06433179702000003
0.06433179702000003
0.06433179702000003
0.06423963122000002
0.06423963122000002
0.06423963122000002
0.06423963122000002
0.06423963122000002
0.06414746522000003
0.06414746522000003
0.06414746522000003
0.06423963122000004
0.06423963122000004
0.06423963122000004
0.06423963122000004
0.06423963122000004
0.06423963122000004
0.06423963122000004
0.06414746542000004
0.06414746542000004
0.06414746542000004
0.06414746542000004
0.06414746542000004
0.06414746542000004
0.06414746542000004
0.06414746542000004
0.06414746542000004
0.06414746542000004
0.06414746542000004
0.06414746542000004
0.06414746542000004
0.06414746542000004
0.06414746542000004
0.06414746542000004
0.06414746542000004
0.06414746542000004
0.06414746542000004
0.06414746542000004
0.06414746542000004
0.06414746542000004
0.06414746542000004
0.06414746542000004
0.06414746542000004
0.06414746542000004
0.06414746542000004
0.06414746542000004
0.06414746542000004
0.06405529952000003
0.06405529952000003
0.06405529952000003
0.06405529952000003
0.06396313362000003
0.06387096772000003
0.06396313362000003
0.06396313362000003
0.06396313362000003
0.06396313362000003
0.06396313362000003
0.06396313362000003
0.06396313362000003
0.06396313362000003
0.06396313362000003
0.06396313362000003
0.06396313362000003
0.06396313362000003
0.06396313362000003
0.06396313362000003
0.06396313362000003
0.06405529942000003
0.06405529942000003
0.06405529942000003
0.06405529942000003
0.06405529942000003
0.06396313352000002
0.06396313352000002
0.06396313352000002
0.06396313352000002
0.06396313352000002
0.06396313352000002
0.06396313352000002
0.06396313352000002
0.06396313352000002
0.06396313352000002
0.06405529942000003
0.06405529942000003
0.06405529942000003
0.06405529942000003
0.06405529942000003
0.06405529942000003
0.06405529942000003
0.06405529942000003
0.06405529942000003
0.06405529942000003
0.06396313352000002
0.06396313352000002
0.06396313352000002
0.06396313352000002
0.06396313352000002
0.06405529932000002
0.06405529932000002
0.06405529932000002
0.06405529932000002
0.06396313352000002
0.06396313352000002
0.06396313352000002
0.06396313352000002
0.06396313352000002
0.06405529932000002
