0.5364055377999999
0.3112442414
0.20488479232
0.14599078311999997
0.12534562264
0.11622119877999998
0.11078341082000004
0.10663594546000002
0.10285714402000001
0.09944700600000005
0.09714285808000005
0.09419354920000006
0.09050691328000003
0.08737327302000004
0.08497695982000002
0.08313364162000003
0.08101382542000003
0.07935483922000003
0.07778801888000002
0.07668202786000003
0.07539170546000004
0.07354838736000002
0.07281106050000004
0.07087557612000003
0.06940092200000002
0.06820276522000002
0.06654377904000003
0.0657142855
0.06460829480000001
0.06341013812000001
0.06221198154000002
0.06156682028000002
0.060552995540000015
0.05953917040000003
0.05843317962000003
0.05769585234000002
0.05631336424000002
0.05576036888000001
0.05529953924000001
0.05483870966000001
0.05447004618000001
0.05419354840000002
0.05400921662000003
0.053732718920000026
0.05382488482000003
0.053732719000000026
0.053732719000000026
0.05308755780000002
0.05281106010000002
0.052811060060000026
0.05225806458000003
0.052073732740000024
0.052073732740000024
0.051889400940000024
0.05170506918000002
0.05133640558000001
0.05115207378000001
0.05115207378000001
0.05096774198000001
0.0509677419
0.050875576000000006
0.050875576000000006
0.050875576000000006
0.0509677419
0.05096774198
0.05078341010000001
0.05078341010000001
0.05078341010000001
0.05069124424000001
0.05069124424000001
0.05069124432000001
0.05069124432000001
0.05069124432000001
0.050783410140000006
0.05078341010000001
0.05078341010000001
0.0505990783
0.05050691244
0.0505990783
0.05078341010000001
0.05087557604000001
0.050783410260000016
0.050783410260000016
0.050875576160000005
0.050875576120000016
0.05087557606000002
0.05105990786000001
0.05096774184000001
0.05105990770000001
0.051152073640000004
0.051152073640000004
0.051428571340000014
0.051336405480000014
0.051336405480000014
0.05115207364000002
0.05115207364000002
0.05124423950000002
0.05124423950000002
0.05133640540000001
0.05133640540000001
0.05142857142000001
0.05152073728000001
0.05152073728000001
0.05152073728000001
0.05152073728000001
0.05170506898000002
0.051705069040000017
0.05198156670000001
0.052165898500000016
0.052534562100000015
0.052626727960000015
0.052626727960000015
0.052534562020000015
0.052534562020000015
0.05253456206000002
0.052626728000000005
0.05281105984000001
0.05290322574000001
0.05290322574000001
0.05308755740000001
0.053179723300000016
0.053179723300000016
0.053179723300000016
0.05336405518000001
0.05345622104000001
0.053640552980000006
0.05373271884
0.05382488470000001
0.05382488470000001
0.053917050600000016
0.05382488466000001
0.05382488466000001
0.053824884620000006
0.05382488466000001
0.053917050600000016
0.05410138240000001
0.05410138240000001
0.05410138240000001
0.05419354834000001
0.05400921654000001
0.05400921654000001
0.05400921654000001
0.05400921654000002
0.054193548340000015
0.054193548340000015
0.054193548340000015
0.054101382480000015
0.054285714180000014
0.054470045900000014
0.05465437760000001
0.05474654354000002
0.05474654354000002
0.054838709340000014
0.055023041180000024
0.055023041180000024
0.05511520712000002
0.055207373060000016
0.055207373060000016
0.05529953896000002
0.05529953896000002
0.05529953896000002
0.05539170486000002
0.055391704820000026
0.055576036620000026
0.055576036620000026
0.055576036620000026
0.055576036620000026
0.055668202560000025
0.055760368460000015
0.055760368460000015
0.05594470026000002
0.056036866060000017
0.05612903200000002
0.05622119794000002
0.05631336380000002
0.05631336380000002
0.05640552966000002
0.05668202744000003
0.05668202744000003
0.05658986144000003
0.056682027340000024
0.056774193280000024
0.056774193280000024
0.056774193280000024
0.05714285684000002
0.05714285684000002
0.05723502264000002
0.057327188540000025
0.057327188540000025
0.057327188540000025
0.057511520340000025
0.057511520340000025
0.057511520340000025
0.057511520340000025
0.05769585218000002
0.05769585218000002
0.057788018080000024
0.057788018080000024
0.057880184020000024
0.05778801822000003
0.05778801822000003
0.05769585242000003
0.05769585242000003
0.05778801822000003
0.05788018402000003
0.05797234992000003
0.05815668176000004
0.05815668176000004
0.05815668176000004
0.05815668176000004
0.058341013500000025
0.058341013500000025
0.05843317940000003
0.05843317940000003
0.05852534534000003
0.058617511280000034
0.058617511280000034
0.058617511280000034
0.058617511280000034
0.058617511280000034
0.05852534548000003
0.05852534548000003
0.05852534548000003
0.05870967732000003
0.05870967732000003
0.05880184312000002
0.05889400902000003
0.05889400902000003
0.05889400902000003
0.05889400902000003
0.05889400902000003
0.05889400902000003
0.05889400902000003
0.059078340920000035
0.059170506720000036
0.05926267262000004
0.05926267262000004
0.05944700446000004
0.059539170360000046
0.059631336220000046
0.059815668060000035
0.059815668060000035
0.059815668060000035
0.059999999860000035
0.06009216580000003
0.06009216580000003
0.06009216580000003
0.06009216580000003
0.06009216580000003
0.06009216580000003
0.06009216580000003
0.06009216580000003
0.06009216580000003
0.06009216580000003
0.06009216580000003
0.06009216580000003
0.06009216580000003
0.06009216580000003
0.06009216580000003
0.060184331600000036
0.060184331600000036
0.06036866344000003
0.06046082934000003
0.06046082934000003
0.06046082934000003
0.06046082934000003
0.06046082934000003
0.06046082934000003
0.060552995240000025
0.060552995240000025
0.06064516104000003
0.06064516104000003
0.06064516104000003
0.06064516104000003
0.06073732694000003
0.06073732694000003
0.06073732694000003
0.06092165874000002
0.06101382464000002
0.06110599054000002
0.06110599054000002
0.06110599054000002
0.06110599054000002
0.06110599054000002
0.061198156440000026
0.061198156440000026
0.061198156440000026
0.06129032224000003
0.06129032224000003
0.061382488140000024
0.061382488140000024
0.06156681998000003
0.06156681998000003
0.06165898598000002
0.06175115188000002
0.06184331768000002
0.06184331768000002
0.061935483480000025
0.061935483480000025
0.061935483480000025
0.061935483480000025
0.06202764938000003
0.06202764938000003
0.06193548348000004
0.06193548348000004
0.061843317480000035
0.061843317480000035
0.061843317480000035
0.061843317480000035
0.061843317480000035
0.061843317480000035
0.061843317480000035
0.06193548338000004
0.06202764932000004
0.06202764932000004
0.06202764932000004
0.06202764932000004
0.06202764932000004
0.06202764932000004
0.06202764932000004
0.06202764932000004
0.06202764932000004
0.06202764932000004
0.06202764932000004
0.06202764932000004
0.062119815320000035
0.06221198132000003
0.06221198132000003
0.06221198132000003
0.06221198132000003
0.062304147120000035
0.062304147120000035
0.062304147120000035
0.062304147120000035
0.06239631302000004
0.06239631282000005
0.06248847872000005
0.06248847872000005
0.06248847872000005
0.06258064462000004
0.06258064462000004
0.06267281052000005
0.06267281052000005
0.06276497642000005
0.06294930832000005
0.06304147422000005
0.06304147422000005
0.06304147422000005
0.06304147422000005
0.06304147422000005
0.06304147422000005
0.06313364012000004
0.06313364012000004
0.06313364012000004
0.06313364012000004
0.06322580602000004
0.06313364002000003
0.06322580596000003
0.06341013766000003
0.06350230356000003
0.06350230356000003
0.06350230356000003
0.06350230356000003
0.06341013776000003
0.06341013776000003
0.06341013776000003
0.06341013776000003
0.06341013776000003
0.06341013776000003
0.06350230366000002
0.06350230366000002
0.06350230366000002
0.06350230366000002
0.06350230366000002
0.06350230366000002
0.06359446966000001
0.06359446966000001
0.06359446966000001
0.06359446966000001
0.06359446966000001
0.06359446966000001
0.06359446966000001
0.06359446966000001
0.06359446966000001
0.06359446966000001
0.06359446966000001
0.06359446966000001
0.06359446966000001
0.06359446966000001
0.06359446966000001
0.06359446966000001
0.06368663546000003
0.06368663546000003
0.06359446966000001
0.06359446966000001
0.06359446966000001
0.06359446966000001
0.06359446966000001
0.06359446966000001
0.06359446966000001
0.06359446966000001
0.06359446966000001
0.06368663566000002
0.06368663566000002
0.06368663566000002
0.06368663566000002
0.06368663566000002
0.06368663566000002
0.06368663566000002
0.06368663566000002
0.06377880156000003
0.06377880156000003
0.06377880156000003
0.06368663562000001
0.06368663562000001
0.06368663562000001
0.06368663562000001
0.06368663562000001
0.06368663562000001
0.06368663562000001
0.06377880152000003
0.06387096742000002
0.06387096742000002
0.06396313332000002
0.06396313332000002
0.06396313332000002
0.06387096752000002
0.06387096752000002
0.06387096752000002
0.06387096752000002
0.06387096752000002
0.06387096752000002
0.06405529922000001
0.06405529922000001
0.06405529922000001
0.06405529922000001
0.06405529922000001
0.06405529922000001
0.06405529922000001
0.06414746512000001
0.06414746512000001
0.06423963102000001
0.06423963102000001
0.06414746521999999
0.06414746521999999
0.06414746521999999
0.06414746521999999
0.06414746521999999
0.06405529932
0.06405529932
0.06414746521999999
0.06423963102000001
0.06414746512000001
0.06423963092000001
0.06423963092000001
0.06414746492000001
0.06414746492000001
0.06414746492000001
0.06414746492000001
0.06414746492000001
0.06414746492000001
0.06405529912
0.06414746502
0.06414746502
0.06414746502
0.06414746502
0.06405529912000002
0.06405529912000002
0.06405529912000002
0.06405529912000002
0.06405529912000002
0.06405529912000002
0.06405529912000002
0.06405529912000002
0.06405529912000002
0.06405529912000002
0.06405529912000002
0.06405529912000002
0.06405529912000002
0.06405529912000002
0.06396313322000001
0.06387096732000001
0.06387096732000001
0.06387096732000001
0.06387096732000001
0.06387096732000001
0.06387096732000001
0.06387096732000001
0.06387096732000001
0.06387096732000001
0.06396313332
0.06396313332
0.06396313332
0.06396313332
0.06396313332
0.06396313332
0.06387096752
0.06377880162
0.06377880162
0.06377880162
0.06377880162
0.06377880162
0.06377880162
0.06377880162
0.06377880162
0.06377880162
0.06377880162
0.06377880162
0.06377880162
0.06387096762000001
0.06387096762000001
0.06387096762000001
0.06396313342000001
0.06396313342000001
0.06387096752000002
0.06387096752000002
0.06387096752000002
0.06387096752000002
0.06387096752000002
0.06396313342000001
0.06396313342000001
0.06396313342000001
0.06396313342000001
0.06396313342000001
0.06396313342000001
0.06396313342000001
0.06396313342000001
0.06396313342000001
0.06396313342000001
0.06396313342000001
0.06396313342000001
0.06396313342000001
0.06396313342000001
0.06396313342000001
0.06396313342000001
0.06396313342000001
0.06396313342000001
0.06396313342000001
0.06396313342000001
0.06396313342000001
0.06405529942000002
0.06405529942000002
0.06405529942000002
0.06405529942000002
0.06405529942000002
0.06405529942000002
0.06414746536000003
0.06414746536000003
0.06414746536000003
0.06414746536000003
0.06414746536000003
0.06423963126000003
0.06423963126000003
0.06423963126000003
0.06423963126000003
0.06423963126000003
0.06423963126000003
0.06423963126000003
0.06423963126000003
0.06414746536000003
0.06414746536000003
0.06414746536000003
0.06414746536000003
0.06414746536000003
0.06414746536000003
0.06414746536000003
0.06423963126000003
0.06423963126000003
0.06423963126000003
0.06423963126000003
0.06423963126000003
0.06423963136000004
0.06414746546000002
0.06414746546000002
0.06414746546000002
0.06414746546000002
0.06414746546000002
0.06414746546000002
0.06423963126000003
0.06423963126000003
0.06423963126000003
0.06423963126000003
0.06433179716000002
0.06433179716000002
0.06433179716000002
0.06433179716000002
0.06433179716000002
0.06433179716000002
0.06433179716000002
0.06433179716000002
0.06433179716000002
0.06433179716000002
0.06433179716000002
0.06433179716000002
0.06433179716000002
0.06433179716000002
0.06433179716000002
0.06442396316000003
0.06442396316000003
0.06442396316000003
0.06442396316000003
0.06442396316000003
0.06442396316000003
0.06433179726000003
0.06423963136000004
0.06423963136000004
0.06423963136000004
0.06423963136000004
0.06423963136000004
0.06433179716000004
0.06433179716000004
0.06433179716000004
0.06433179716000004
0.06433179716000004
0.06433179716000004
0.06433179716000004
0.06433179716000004
0.06433179716000004
0.06433179716000004
0.06433179716000004
0.06442396296000004
0.06442396296000004
0.06433179716000004
0.06442396296000004
0.06442396296000004
0.06442396296000004
0.06442396296000004
0.06451612890000004
0.06451612890000004
0.06451612890000004
0.06451612890000004
0.06451612890000004
0.06451612890000004
0.06451612890000004
0.06451612890000004
0.06451612890000004
0.06451612890000004
0.06460829470000004
0.06460829470000004
0.06460829470000004
0.06470046060000004
0.06470046060000004
0.06470046060000004
0.06470046060000004
0.06460829480000004
0.06460829480000004
0.06460829480000004
0.06460829480000004
0.06460829480000004
0.06460829480000004
0.06460829480000004
0.06460829480000004
0.06460829480000004
0.06460829480000004
0.06460829480000004
0.06460829480000004
0.06460829480000004
0.06460829480000004
0.06460829480000004
0.06460829480000004
0.06451612900000003
0.06451612900000003
0.06451612900000003
0.06451612900000003
0.06451612900000003
0.06451612900000003
0.06451612900000003
0.06423963126000004
0.06423963126000004
0.06423963126000004
0.06423963126000004
0.06423963126000004
0.06423963126000004
0.06414746546000004
0.06414746546000004
0.06414746546000004
0.06414746546000004
0.06405529966000004
0.06405529966000004
0.06405529966000004
0.06405529966000004
0.06405529966000004
0.06405529966000004
0.06396313366000003
0.06396313366000003
0.06396313366000003
0.06396313366000003
0.06396313366000003
0.06396313366000003
0.06396313366000003
0.06396313366000003
0.06405529956000004
0.06405529956000004
0.06414746536000004
0.06414746536000004
0.06414746536000004
0.06414746536000004
0.06414746536000004
0.06414746536000004
0.06414746536000004
0.06414746536000004
0.06423963126000004
0.06423963126000004
0.06433179706000006
0.06423963116000005
0.06423963116000005
0.06423963116000005
0.06423963116000005
0.06423963116000005
0.06423963116000005
0.06423963116000005
0.06423963116000005
0.06423963116000005
0.06423963116000005
0.06414746526000005
0.06414746526000005
0.06414746526000005
0.06414746526000005
0.06405529946000005
0.06405529946000005
0.06405529946000005
0.06405529946000005
0.06405529946000005
0.06405529946000005
0.06405529946000005
0.06405529946000005
0.06396313366000003
0.06396313366000003
0.06396313366000003
0.06396313366000003
0.06396313366000003
0.06396313366000003
0.06405529966000004
0.06405529966000004
0.06396313386000003
0.06396313386000003
0.06396313386000003
0.06396313386000003
0.06396313386000003
0.06396313386000003
0.06396313386000003
0.06396313386000003
0.06396313386000003
0.06396313386000003
0.06396313386000003
0.06396313386000003
0.06396313386000003
0.06396313386000003
0.06396313386000003
0.06396313386000003
0.06396313386000003
0.06396313386000003
0.06396313386000003
0.06396313386000003
0.06396313386000003
0.06396313386000003
0.06396313386000003
0.06396313386000003
0.06396313386000003
0.06396313386000003
0.06396313386000003
0.06396313386000003
0.06396313386000003
0.06396313386000003
0.06387096796000004
0.06387096796000004
0.06387096796000004
0.06387096796000004
0.06387096796000004
0.06377880206000004
0.06377880206000004
0.06387096796000004
0.06387096796000004
0.06387096796000004
0.06387096796000004
0.06396313386000003
0.06396313386000003
0.06396313386000003
0.06396313386000003
0.06396313386000003
0.06405529986000003
0.06405529986000003
0.06396313396000003
0.06396313396000003
0.06396313396000003
0.06396313396000003
0.06396313396000003
0.06387096806000002
0.06387096806000002
0.06387096806000002
0.06387096806000002
0.06387096806000002
0.06396313386000002
0.06396313386000002
0.06396313386000002
0.06396313386000002
0.06396313386000002
0.06396313386000002
0.06396313386000002
0.06396313386000002
0.06396313386000002
0.06396313386000002
0.06396313386000002
0.06396313386000002
0.06396313386000002
0.06405529976000002
0.06405529976000002
0.06405529976000002
0.06405529976000002
0.06405529976000002
0.06396313386000002
0.06377880206000003
0.06377880206000003
0.06368663616000003
0.06368663616000003
0.06368663616000003
0.06350230422000003
0.06350230422000003
0.06341013832000003
0.06341013832000003
0.06341013832000003
0.06341013832000003
0.06341013832000003
0.06341013832000003
0.06341013832000003
0.06341013832000003
0.06341013832000003
0.06341013832000003
0.06341013832000003
0.06341013832000003
0.06304147478000004
0.06304147478000004
0.06304147478000004
0.06304147478000004
0.06304147478000004
0.06304147478000004
0.06304147478000004
0.06313364072000004
0.06313364072000004
0.06313364072000004
0.06313364072000004
0.06313364072000004
0.06313364072000004
0.06322580662000003
0.06322580662000003
0.06313364072000004
0.06313364072000004
0.06313364072000004
0.06313364072000004
0.06313364072000004
0.06313364072000004
0.06304147492000003
0.06294930902000004
0.06294930902000004
0.06294930902000004
0.06294930902000004
0.06285714322000004
0.06285714322000004
0.06285714322000004
0.06285714322000004
0.06285714322000004
0.06285714332000003
0.06285714332000003
0.06285714332000003
0.06276497742000003
0.06276497742000003
0.06276497742000003
0.06276497742000003
0.06276497742000003
0.06276497742000003
0.06276497742000003
0.06276497742000003
0.06276497742000003
0.06276497742000003
0.06276497742000003
0.06276497742000003
0.06276497742000003
0.06276497742000003
0.06276497742000003
0.06276497742000003
0.06276497742000003
0.06276497742000003
0.06276497742000003
0.06276497742000003
0.06267281152000004
0.06267281152000004
0.06276497742000003
0.06276497742000003
0.06276497742000003
0.06276497742000003
0.06267281152000002
0.06267281152000002
0.06267281152000002
0.06267281152000002
0.06267281152000002
0.06267281152000002
0.06267281152000002
0.06267281152000002
0.06267281152000002
0.06267281152000002
0.06267281152000002
0.06267281152000002
0.06258064562000003
0.06258064562000003
0.06258064562000003
0.06258064562000003
0.062488479720000024
0.062488479720000024
0.062488479720000024
0.062488479720000024
0.06258064562000003
0.06258064562000003
0.06248847962000003
0.06248847962000003
0.06248847962000003
0.06248847962000003
0.06248847962000003
0.06248847962000003
0.06248847962000003
0.06248847962000003
0.06248847962000003
0.06248847962000003
0.06248847962000003
0.06248847962000003
0.06258064552000003
0.06258064552000003
0.06258064552000003
0.06258064552000003
0.06267281142000003
0.06267281142000003
0.06267281142000003
0.06267281142000003
0.06267281142000003
0.06267281142000003
0.06267281142000003
0.06267281142000003
0.06267281142000003
0.06267281142000003
0.06267281142000003
0.06267281142000003
0.06267281142000003
0.06258064562000003
0.06248847962000003
0.06248847962000003
0.062396313720000034
0.062396313720000034
0.062396313720000034
0.06230414772000004
0.06230414772000004
0.06230414772000004
0.06230414772000004
0.062396313660000036
0.062396313660000036
0.06230414772000004
0.06230414772000004
0.062396313620000046
0.06230414782000004
0.06230414782000004
0.06230414782000004
0.06230414782000004
0.06230414782000004
0.06230414782000004
0.06230414782000004
0.06230414782000004
0.062211981920000034
0.062211981920000034
0.062211981920000034
0.06230414782000004
0.06230414782000004
0.062211981920000034
0.062119816020000045
0.062119816020000045
0.062119816020000045
0.062119816020000045
0.062119816020000045
0.062119816020000045
0.062119816020000045
0.062119816020000045
0.06202765012000005
0.06202765012000005
0.06202765012000005
0.06202765012000005
0.061935484220000045
0.061935484220000045
0.061935484220000045
0.061843318320000035
0.061843318320000035
0.061935484220000045
0.061935484220000045
0.061935484220000045
0.06184331822000003
0.06193548412000004
0.06193548412000004
0.06193548412000004
0.06193548412000004
0.06193548412000004
0.06193548412000004
0.06193548412000004
0.06193548412000004
0.06193548412000004
0.06193548412000004
