0.5174193568
0.47658986819999993
0.4359447053999999
0.4008294945999999
0.3699539198000001
0.3502304184
0.32387096979999996
0.30589861799999996
0.28930875720000004
0.2736405564
0.2566820297200001
0.24322580644000005
0.22709677419999996
0.21548387192
0.20285714464000001
0.19244239672
0.18359447128
0.1752995404
0.16949308859999998
0.16258064727999996
0.15603686716
0.15152073975999997
0.14626728263999997
0.14258064516
0.13861751292000002
0.13566820364000004
0.13281106068
0.13096774266000002
0.12857142962
0.12682027782000005
0.12543778930000002
0.12433179862000003
0.12248848058000002
0.12129032390000004
0.11972350356000001
0.11889401033999998
0.11788018561999998
0.11723502497999996
0.11585253609999999
0.11502304261999999
0.11437788054
0.11428571462
0.11354838754000003
0.11290322606000001
0.1121658989
0.11142857156
0.11069124443999998
0.10986175099999997
0.10940092195999998
0.10866359507999998
0.10811059947999999
0.10737327243999997
0.10672811132
0.10645161324
0.10580645236000001
0.10534562252
0.10497695884000001
0.10451612903999999
0.10405529964000002
0.10359447032000002
0.10322580704000002
0.10258064584000001
0.10193548444000003
0.10147465508000002
0.10101382600000003
0.10064516200000001
0.10000000028
0.09981566868000001
0.09963133668000002
0.09889400980000002
0.09843318008000003
0.09788018432
0.09732718904000003
0.09677419374000001
0.09658986228000002
0.09649769628000003
0.09631336416000001
0.09576036866000003
0.09557603698000003
0.09529953928000003
0.09483871016000003
0.09447004678000002
0.09419354898000001
0.09391705108000002
0.09364055336000002
0.09336405566000001
0.09290322614
0.09271889444
0.09253456264
0.09244239676000002
0.09188940106
0.09188940106
0.09142857136
0.09115207376
0.09078341026
0.09069124446
0.09050691245999999
0.09032258066000001
0.08986175106000001
0.08940092208000001
0.08921659028000002
0.08912442428000002
0.08903225848000001
0.08903225848000001
0.08829493148000003
0.08774193604000002
0.08755760476000005
0.08737327306000005
0.08700460946000003
0.08709677534000004
0.08718894134000005
0.08700460944000005
0.08672811186000004
0.08672811186000004
0.08635944826000003
0.08599078436000004
0.08562212056000006
0.08552995496000003
0.08451612986000002
0.08433179796000005
0.08396313436000004
0.08377880266000004
0.08359447086000005
0.08350230516000005
0.08350230506000005
0.08322580716000004
0.08267281168000004
0.08221198208000004
0.08202765018000005
0.08175115248000005
0.08147465500000005
0.08138248900000004
0.08119815708000003
0.08101382508000002
0.08092165928000003
0.08046082998000002
0.08036866398000003
0.08009216628000004
0.08000000028000004
0.07981566848000005
0.07917050730000003
0.07907834130000004
0.07880184370000003
0.07880184370000003
0.07843318040000002
0.07843318040000002
0.07824884850000002
0.07797235080000003
0.07760368726000003
0.07751152136000003
0.07732718946000003
0.07695852566000003
0.07714285756000003
0.07695852566000003
0.07668202796000004
0.07640553046000004
0.07594470116000003
0.07576036956000003
0.07576036956000003
0.07529953976000002
0.07520737376000003
0.07511520796000001
0.07493087626
0.07456221266000002
0.07428571486
0.07400921706000001
0.07391705116000001
0.07391705106
0.07364055346
0.07345622156
0.07327188976
0.07299539212
0.07290322632
0.07253456292
0.07244239692000001
0.07216589922000001
0.07216589922000001
0.07207373332000001
0.07188940132
0.07170506952000001
0.07152073772000002
0.07078341056000002
0.07041474676000002
0.07041474676000002
0.07013824926000002
0.07004608336000002
0.06986175162000002
0.06958525382000003
0.06958525392000002
0.06949308802000002
0.06921659032000002
0.06894009262000002
0.06866359482000002
0.06847926312000002
0.06829493142000002
0.06811059952000002
0.06792626772000003
0.06792626772000003
0.06764976998000002
0.06746543818000003
0.06746543818000003
0.06700460898000002
0.06691244308000002
0.06682027718000001
0.06663594548000001
0.06654377944
0.06663594544000001
0.06654377954000001
0.06626728184000003
0.06599078390000003
0.06589861790000004
0.06571428610000003
0.06562212010000003
0.06543778820000003
0.06506912450000002
0.06516129040000002
0.06497695880000003
0.06460829524000002
0.06460829524000002
0.06460829524000002
0.06442396334000003
0.06433179744000002
0.06442396334000003
0.06405529960000003
0.06377880200000004
0.06359447040000003
0.06359447050000003
0.06341013860000003
0.06304147500000003
0.06285714310000003
0.06248847930000003
0.06221198160000003
0.062119815800000026
0.061843318000000015
0.06175115210000001
0.06156682030000002
0.061290322600000016
0.061105990760000006
0.061105990760000006
0.06101382496000001
0.06101382496000001
0.061105990860000015
0.06119815676000002
0.06101382506000002
0.060921659160000016
0.06082949326000001
0.06073732736000002
0.06073732736000002
0.06073732736000002
0.06064516146000003
0.06064516146000003
0.06036866380000002
0.06018433210000002
0.06000000030000002
0.05981566842000002
0.059631336620000024
0.059631336620000024
0.059631336620000024
0.059631336620000024
0.059631336540000024
0.05944700494000002
0.059262673100000024
0.05917050710000003
0.05889400950000003
0.058617511700000034
0.05861751174000003
0.05852534584000001
0.058433179840000016
0.05824884800000001
0.05806451614000002
0.057880184400000007
0.05769585250000001
0.05769585250000001
0.05769585250000001
0.05741935500000001
0.05732718910000001
0.05723502324000001
0.05723502324000001
0.05732718914000001
0.05723502328000001
0.05705069148000001
0.05695852568000002
0.05658986204000002
0.05649769624000003
0.05649769624000003
0.056405530300000034
0.05649769610000002
0.056405530200000026
0.05649769610000002
0.056221198300000025
0.05640553014000003
0.05640553014000003
0.05631336434000001
0.05622119854000001
0.05640553028000002
0.05631336428000002
0.056221198380000025
0.05612903248000003
0.056221198300000025
0.05612903240000002
0.056221198300000025
0.056313364160000025
0.056221198220000025
0.05612903232000002
0.056036866420000025
0.056036866420000025
0.05594470062000002
0.05566820292000003
0.05557603698000003
0.05539170514000002
0.055299539200000025
0.055299539200000025
0.05520737330000002
0.055023041460000026
0.055115207400000026
0.05493087570000003
0.05493087570000003
0.054654378080000024
0.054654378080000024
0.05447004624000003
0.05456221210000003
0.054470046200000025
0.05428571436000002
0.05410138252000002
0.05400921662000003
0.05391705068000002
0.05382488474000002
0.05382488474000002
0.053917050640000026
0.053917050640000026
0.05382488482000003
0.05364055298000003
0.05373271892000003
0.05373271892000003
0.053640553020000044
0.05354838712000003
0.05354838712000003
0.05345622122000002
0.05345622122000002
0.05345622122000002
0.05336405528000003
0.05336405528000003
0.053364055200000024
0.05327188930000003
0.053364055200000024
0.053271889260000024
0.053179723400000024
0.053179723400000024
0.053179723400000024
0.053179723400000024
0.053179723400000024
0.053179723400000024
0.053179723400000024
0.05308755750000003
0.052995391600000025
0.052995391600000025
0.05299539168000003
0.05290322582000004
0.05290322582000004
0.05281105996000004
0.05281105996000004
0.052718894060000035
0.052626728120000035
0.05262672816000004
0.05262672816000004
0.05262672816000004
0.05244239640000003
0.052350230500000025
0.05244239640000003
0.05253456226000003
0.05253456226000003
0.05262672820000002
0.05271889414000003
0.052626728340000026
0.052626728340000026
0.052626728340000026
0.052626728340000026
0.052626728340000026
0.052626728340000026
0.052626728340000026
0.052534562480000026
0.052534562480000026
0.052534562480000026
0.05244239658000002
0.05253456244000002
0.05253456244000002
0.052442396540000026
0.05253456244000002
0.05253456244000002
0.05253456244000002
0.052442396540000026
0.052442396540000026
0.05235023064000002
0.05235023064000002
0.05235023064000002
0.05244239654000002
0.05253456240000002
0.05253456240000002
0.052626728340000026
0.052718894280000025
0.052718894280000025
0.05253456244000002
0.05253456244000002
0.05253456244000002
0.05244239654000002
0.05244239654000002
0.05225806470000003
0.05235023056000003
0.05225806470000003
0.05216589876000002
0.05225806466000003
0.05216589872000002
0.05216589872000002
0.051981566880000024
0.052073732740000024
0.05198156680000002
0.05198156680000002
0.05198156680000002
0.05198156680000002
0.05198156680000002
0.05198156680000002
0.051889400940000024
0.05179723504000003
0.05179723504000003
0.05179723504000003
0.05170506918000003
0.05170506918000003
0.05170506918000003
0.05170506918000003
0.05170506918000003
0.05170506918000003
0.05170506918000003
0.05170506918000003
0.05170506918000003
0.05170506918000003
0.05170506918000003
0.051612903280000025
0.051705069220000024
0.051705069220000024
0.05179723516000003
0.05179723516000003
0.05179723516000003
0.05179723516000003
0.05179723516000003
0.05170506922000003
0.05170506922000003
0.05170506922000003
0.05170506922000003
0.05161290332000003
0.051705069220000024
0.051705069220000024
0.051705069220000024
0.051705069220000024
0.051705069220000024
0.051705069220000024
0.051705069220000024
0.051705069220000024
0.051705069220000024
0.051705069220000024
0.051705069220000024
0.051705069220000024
0.051705069220000024
0.05179723516000003
0.051889401100000024
0.05179723516000003
0.05179723516000003
0.05179723516000003
0.05170506926000003
0.05152073754000003
0.05142857160000003
0.05133640566000002
0.05133640566000002
0.05133640566000002
0.05133640566000002
0.05133640566000002
0.05133640566000002
0.05124423972000002
0.05096774190000002
0.05087557604000002
0.05096774190000002
0.05096774190000002
0.05096774190000002
0.05096774190000002
0.05087557600000002
0.05087557600000002
0.05087557600000002
0.05087557600000002
0.050967741900000016
0.050875576040000016
0.050875576040000016
0.050875576040000016
0.050875576040000016
0.050875576040000016
0.050875576040000016
0.050875576040000016
0.050783410180000016
0.050783410180000016
0.050691244240000016
0.05059907830000001
0.05059907830000001
0.05059907830000001
0.05050691240000002
0.05050691240000002
0.05050691240000002
0.05050691240000002
0.05050691240000002
0.05050691240000002
0.05050691240000002
0.05041474650000002
0.05041474650000002
0.05041474650000002
0.05041474650000002
0.05041474650000002
0.05041474650000002
0.05041474650000002
0.05041474650000002
0.05041474650000002
0.05041474650000002
0.05032258056000002
0.05023041462000002
0.05023041462000002
0.05023041462000002
0.050322580520000014
0.050322580520000014
0.050322580520000014
0.050414746460000014
0.050414746460000014
0.050414746460000014
0.050322580600000014
0.050322580600000014
0.050230414740000014
0.050230414740000014
0.050230414740000014
0.050230414740000014
0.050230414740000014
0.050230414740000014
0.050138248880000014
0.05004608298000002
0.04995391712000002
0.04995391712000002
0.050138248880000014
0.050138248880000014
0.050138248880000014
0.050138248880000014
0.050138248880000014
0.050138248880000014
0.050138248880000014
0.050138248880000014
0.050046082940000014
0.04995391700000001
0.04995391700000001
0.04995391700000001
0.04995391700000001
0.04995391700000001
0.04995391700000001
0.04995391700000001
0.049861751100000004
0.049861751100000004
0.049769585160000004
0.049769585160000004
0.049769585160000004
0.049769585160000004
0.049677419300000004
0.049677419300000004
0.049677419300000004
0.049677419300000004
0.049677419300000004
0.049677419300000004
0.049677419300000004
0.049677419300000004
0.049677419300000004
0.049677419300000004
0.049677419300000004
0.049677419300000004
0.049677419300000004
0.049677419300000004
0.049677419300000004
0.04958525336
0.04958525336
0.04958525336
0.049493087420000005
0.049493087420000005
0.049493087420000005
0.049493087420000005
0.049493087420000005
0.049493087420000005
0.049400921560000005
0.049216589760000005
0.049216589760000005
0.049216589760000005
0.049216589760000005
0.049216589760000005
0.049216589760000005
0.049216589760000005
0.049216589760000005
0.049216589760000005
0.049216589760000005
0.049216589760000005
0.049216589760000005
0.049216589760000005
0.049216589760000005
0.049308755620000005
0.049308755620000005
0.049308755620000005
0.049308755620000005
0.049216589760000005
0.049216589760000005
0.049124423900000005
0.049124423900000005
0.049124423900000005
0.049124423900000005
0.049124423900000005
0.049124423900000005
0.0492165898
0.0492165898
0.0492165898
0.0492165898
0.0492165898
0.049124423900000005
0.04894009214
0.04894009214
0.04894009214
0.04894009214
0.049032258040000005
0.049032258040000005
0.049032258040000005
0.049124423980000005
0.049124423980000005
0.049124423980000005
0.049124423980000005
0.049124423980000005
0.049124423980000005
0.049124423980000005
0.049216589840000005
0.049216589840000005
0.049216589840000005
0.049216589840000005
0.049216589840000005
0.049216589840000005
0.049216589840000005
0.049216589840000005
0.049216589840000005
0.049216589840000005
0.049216589840000005
0.049216589840000005
0.049216589840000005
0.049216589840000005
0.049216589840000005
0.049216589840000005
0.049216589840000005
0.04912442394
0.04912442394
0.04912442394
0.04912442394
0.04912442394
0.04912442394
0.049032258
0.049032258
0.049032258
0.049032258
0.049032258
0.048940092139999995
0.048940092139999995
0.048940092139999995
0.048940092139999995
0.048940092139999995
0.048940092139999995
0.048847926279999995
0.048847926279999995
0.04884792632
0.04884792632
0.04884792632
0.04884792632
0.04884792632
0.04884792632
0.04884792632
0.04884792632
0.04884792632
0.04884792632
0.04884792632
0.04884792632
0.04884792632
0.04884792632
0.04884792632
0.04884792632
0.04884792632
0.04884792632
0.04884792632
0.04884792632
0.04884792632
0.04884792632
0.04884792632
0.04884792632
0.04884792632
0.04894009218
0.04894009218
0.04894009218
0.04894009218
0.04894009218
0.04894009218
0.04894009218
0.04894009218
0.04903225804
0.04903225804
0.04903225804
0.048940092139999995
0.048940092139999995
0.048940092139999995
0.048940092139999995
0.048940092139999995
0.048940092139999995
0.048940092139999995
0.048940092139999995
0.048940092139999995
0.048940092139999995
0.048940092139999995
0.048940092139999995
0.048940092139999995
0.048847926279999995
0.048847926279999995
0.048847926279999995
0.048847926279999995
0.048847926279999995
0.048847926279999995
0.048847926279999995
0.048847926279999995
0.04894009218
0.04894009218
0.04894009218
0.04903225808
0.04903225808
0.04903225808
0.04903225808
0.04903225808
0.04903225808
0.04903225808
0.04903225808
0.04903225808
0.04903225808
0.04903225808
0.04903225808
0.04912442394
0.04912442394
0.04912442394
0.04912442394
0.04912442394
0.04912442394
0.04912442394
0.04912442394
0.049216589840000005
0.049216589840000005
0.049216589840000005
0.049216589840000005
0.049216589840000005
0.049216589840000005
0.049216589840000005
0.049216589840000005
0.049216589840000005
0.049216589840000005
0.049124423980000005
0.049124423980000005
0.049124423980000005
0.049124423980000005
0.049124423980000005
0.049124423980000005
0.049124423980000005
0.049124423980000005
0.049124423980000005
0.049124423980000005
0.049124423980000005
0.049124423980000005
0.049124423980000005
0.049124423980000005
0.049124423980000005
0.049124423980000005
0.049124423980000005
0.049124423980000005
0.049216589840000005
0.049216589840000005
0.049216589840000005
0.049216589840000005
0.049216589840000005
0.049216589840000005
0.049032258
0.049032258
0.049032258
0.049032258
0.049032258
0.049032258
0.049032258
0.049032258
0.049032258
0.049032258
0.048940092059999996
0.048940092059999996
0.048940092059999996
0.048940092059999996
0.048940092059999996
0.048847926160000006
0.048847926160000006
0.048847926160000006
0.048847926160000006
0.048847926160000006
0.048847926160000006
0.048847926160000006
0.048847926160000006
0.048847926160000006
0.048847926160000006
0.048847926160000006
0.048847926160000006
0.048847926160000006
0.048847926160000006
0.048847926160000006
0.048847926160000006
0.048847926160000006
0.048847926160000006
0.048847926160000006
0.048847926160000006
0.048847926160000006
0.048847926160000006
0.048847926160000006
0.048847926160000006
0.048847926160000006
0.048847926160000006
0.048847926160000006
0.048847926160000006
0.048847926160000006
0.048847926160000006
0.048847926160000006
0.0489400921
0.0489400921
0.0489400921
0.0489400921
0.0489400921
0.0489400921
0.0489400921
0.0489400921
0.0489400921
0.0489400921
0.0489400921
0.0489400921
0.0489400921
0.0489400921
0.0489400921
0.0489400921
0.0489400921
0.0489400921
0.0489400921
0.0489400921
0.0489400921
0.0489400921
0.0489400921
0.0489400921
0.0489400921
0.0489400921
0.0489400921
0.0489400921
0.0489400921
0.0489400921
0.0489400921
0.0489400921
0.0489400921
0.0489400921
0.0489400921
0.0489400921
0.0489400921
0.0489400921
0.0489400921
0.0489400921
0.0489400921
0.0489400921
0.0489400921
0.0489400921
0.0489400921
0.0489400921
0.0489400921
0.0489400921
0.0489400921
0.0489400921
0.0489400921
0.0489400921
0.0489400921
0.0489400921
0.0489400921
0.049032258040000005
0.049032258040000005
0.048940092180000005
0.048940092180000005
0.048940092180000005
0.048940092180000005
0.048940092180000005
0.048940092180000005
0.048940092180000005
0.048847926320000006
0.048847926320000006
0.048847926320000006
0.048940092260000005
0.048940092260000005
0.048940092260000005
0.048940092260000005
0.048940092260000005
0.048940092260000005
0.048940092260000005
0.048940092260000005
0.04903225816
0.04903225816
0.04903225816
0.04903225816
0.04903225816
0.04903225816
0.04903225816
0.04903225816
0.04903225816
0.04903225816
0.04903225816
0.04903225816
0.04903225816
0.04903225816
0.04903225816
0.04903225816
0.04903225816
0.04903225816
0.04903225816
0.04903225816
0.04903225816
0.04903225816
0.0489400923
0.04884792636
0.04884792636
0.04884792636
0.04884792636
0.04884792636
0.04884792636
0.04884792636
0.04884792636
0.04884792636
0.04884792636
0.04884792636
0.04884792636
0.04894009222
0.04894009222
0.04894009222
0.04894009222
0.04894009222
0.04894009222
0.04894009222
0.04894009222
0.04894009222
0.04894009222
0.04894009222
0.04894009222
0.04894009222
0.04894009222
0.04894009222
0.04894009222
0.04894009222
0.04894009222
0.04894009222
0.04894009222
0.04894009222
0.04884792636
0.04884792636
0.04884792636
0.04884792636
0.04884792636
0.04884792636
0.04884792636
0.04884792636
0.04884792636
0.04884792636
0.04884792636
0.04884792636
0.04884792636
0.0487557605
0.0487557605
0.0487557605
0.0487557605
0.0487557605
0.0487557605
0.0487557605
0.0487557605
0.04884792644000001
0.04884792644000001
0.04884792644000001
0.04884792644000001
0.04884792644000001
0.04884792644000001
0.04884792644000001
0.04884792644000001
0.04884792644000001
0.04884792644000001
0.04884792644000001
0.04884792644000001
0.04884792644000001
0.04884792644000001
0.04884792644000001
0.04884792644000001
0.04884792644000001
0.04884792644000001
0.04884792644000001
0.04884792644000001
