0.5615668256
0.22442396439999995
0.13539170623999996
0.11723502368000004
0.10847926334000002
0.10331797274000003
0.09751152178000004
0.09299539298000001
0.08829493120000004
0.08368663700000002
0.08165898744000001
0.07751152154000002
0.07539170562000003
0.07253456292000003
0.06976958564000003
0.06691244246
0.06543778816000001
0.06405529966000002
0.062119815800000026
0.061198156500000024
0.059354838760000035
0.05778801884000001
0.05640553032000002
0.05548387136000002
0.054746544120000025
0.05400921674000002
0.05354838720000002
0.05336405532000002
0.05299539182000002
0.05271889410000001
0.05253456238000002
0.052534562460000024
0.05225806480000003
0.052165898900000014
0.05207373292000002
0.05152073748000002
0.050875576360000015
0.050875576360000015
0.05078341042000001
0.05069124448
0.050506912560000006
0.05041474666
0.050599078459999995
0.05069124432000001
0.05059907846000001
0.05023041486
0.050046083059999996
0.050046083059999996
0.050046083059999996
0.050046083059999996
0.050046083059999996
0.049861751339999996
0.04986175129999999
0.04986175129999999
0.0500460831
0.0500460831
0.0500460831
0.0502304149
0.0502304149
0.05041474666
0.050230414779999996
0.05013824888
0.05023041474
0.050230414699999996
0.050230414699999996
0.050230414620000004
0.05023041458
0.05041474646
0.050506912359999996
0.0506912442
0.0506912442
0.0506912442
0.05078341018000001
0.05078341018000001
0.05087557608000001
0.05087557608000001
0.05078341018000001
0.05105990784
0.05105990784
0.051244239680000005
0.05161290324
0.051797235
0.051981566800000004
0.051981566800000004
0.051981566800000004
0.051981566800000004
0.052350230399999996
0.052350230399999996
0.0524423963
0.05262672802
0.052903225680000006
0.052903225680000006
0.052903225680000006
0.05299539162000001
0.053087557520000016
0.053087557520000016
0.053179723460000015
0.05336405530000001
0.05345622124000001
0.053640553080000014
0.05382488492000001
0.054101382660000016
0.054193548560000006
0.05428571450000001
0.05428571450000001
0.054377880400000016
0.05447004634000002
0.05474654394000003
0.05502304160000003
0.055299539300000033
0.055299539300000033
0.055299539300000033
0.05539170520000004
0.05539170520000004
0.05576036884000003
0.05576036884000003
0.05594470064000003
0.056221198380000025
0.05631336432000003
0.05640553022000003
0.056497696120000024
0.05658986192000003
0.056682027860000025
0.05677419376000002
0.05677419376000002
0.05686635970000003
0.056866359560000024
0.05695852550000002
0.057050691300000025
0.057050691300000025
0.057050691300000025
0.05714285720000003
0.05723502310000003
0.05732718910000004
0.05751152094000003
0.05760368684000003
0.05778801864000003
0.057695852740000025
0.057695852740000025
0.057695852740000025
0.05797235038000003
0.05797235038000003
0.05797235038000003
0.05806451628000002
0.05806451628000002
0.058156682280000024
0.058156682280000024
0.05824884818000002
0.05834101412000003
0.05834101412000003
0.05843318002000003
0.058433179880000026
0.058433179880000026
0.058433179880000026
0.058709677580000036
0.05880184348000004
0.059078341260000035
0.05917050716000004
0.05926267296000004
0.05926267296000004
0.05926267296000004
0.059354838860000037
0.059539170760000044
0.059539170760000044
0.059631336660000034
0.05972350256000004
0.059631336660000034
0.059631336660000034
0.05972350256000003
0.05972350256000003
0.059815668460000034
0.06000000026000003
0.060092166160000036
0.06018433196000004
0.06018433196000004
0.06018433196000004
0.06027649786000004
0.06027649786000004
0.06046082970000004
0.06055299560000004
0.060645161500000044
0.060645161500000044
0.060645161500000044
0.06073732730000005
0.06073732730000005
0.06073732730000005
0.06073732730000005
0.06073732730000005
0.06082949320000004
0.06092165910000004
0.06092165910000004
0.06101382490000004
0.06101382490000004
0.06129032260000002
0.06138248850000002
0.061474654440000026
0.06156682024000003
0.06165898604000003
0.06165898604000003
0.06165898604000003
0.06175115194000003
0.06184331794000003
0.06184331794000003
0.06184331794000003
0.061935483840000034
0.06202764978000003
0.06202764978000003
0.06211981564000004
0.06211981564000004
0.06211981564000004
0.06211981564000004
0.06211981564000004
0.06211981564000004
0.06221198154000003
0.06221198154000003
0.06221198154000003
0.06221198154000003
0.06221198154000003
0.06221198154000003
0.06221198154000003
0.06230414744000003
0.06230414744000003
0.06230414744000003
0.06230414744000003
0.06230414744000003
0.06230414744000003
0.06239631334000003
0.06239631334000003
0.06258064504000002
0.06267281094000003
0.06267281094000003
0.06276497674000002
0.06276497674000002
0.06285714264000002
0.06285714264000002
0.06285714264000002
0.06285714264000002
0.06294930844000002
0.06294930844000002
0.06313364010000003
0.06322580610000003
0.06322580610000003
0.06331797204000003
0.06341013794000003
0.06341013794000003
0.06341013794000003
0.06341013794000003
0.06331797204000003
0.06341013798000003
0.06341013798000003
0.06350230388000004
0.06350230388000004
0.06350230388000004
0.06350230388000004
0.06350230388000004
0.06350230388000004
0.06350230388000004
0.06350230388000004
0.06350230388000004
0.06350230388000004
0.06341013798000004
0.06341013798000004
0.06341013798000004
0.06341013798000004
0.06350230378000003
0.06359446958000003
0.06359446958000003
0.06350230364000004
0.06350230364000004
0.06350230364000004
0.06350230364000004
0.06350230364000004
0.06350230364000004
0.06359446954000003
0.06359446954000003
0.06359446954000003
0.06359446954000003
0.06359446954000003
0.06359446954000003
0.06359446954000003
0.06359446934000004
0.06359446934000004
0.06368663524000003
0.06359446944000004
0.06359446954000003
0.06359446954000003
0.06359446954000003
0.06368663534000003
0.06368663534000003
0.06377880124000003
0.06377880124000003
0.06377880124000003
0.06377880124000003
0.06377880124000003
0.06387096714000001
0.06387096714000001
0.06387096714000001
0.06387096714000001
0.06387096714000001
0.06387096714000001
0.06387096714000001
0.06396313304000002
0.06396313304000002
0.06396313304000002
0.06396313304000002
0.06387096704000002
0.06387096704000002
0.06387096704000002
0.06387096704000002
0.06387096704000002
0.06387096704000002
0.06387096704000002
0.06387096704000002
0.06387096704000002
0.06396313294000003
0.06396313294000003
0.06405529874000003
0.06405529874000003
0.06405529874000003
0.06414746464000003
0.06423963044000003
0.06442396218000003
0.06442396218000003
0.06442396218000003
0.06442396218000003
0.06442396218000003
0.06442396218000003
0.06442396218000003
0.06442396218000003
0.06442396218000003
0.06442396218000003
0.06442396218000003
0.06433179624000003
0.06433179624000003
0.06433179624000003
0.06433179624000003
0.06433179624000003
0.06433179624000003
0.06433179624000003
0.06433179624000003
0.06433179630000002
0.06433179630000002
0.06433179630000002
0.06423963050000002
0.06423963050000002
0.06414746470000002
0.06414746470000002
0.06414746470000002
0.06414746470000002
0.06414746470000002
0.06414746470000002
0.06414746470000002
0.06414746470000002
0.06414746470000002
0.06414746470000002
0.06405529880000002
0.06396313294000003
0.06396313294000003
0.06396313304000004
0.06405529894000003
0.06405529894000003
0.06405529894000003
0.06405529894000003
0.06423963078000003
0.06423963078000003
0.06433179658000003
0.06433179658000003
0.06442396248000003
0.06442396248000003
0.06433179658000002
0.06433179658000002
0.06433179658000002
0.06433179658000002
0.06423963078000001
0.06433179678000002
0.06433179678000002
0.06433179678000002
0.06433179678000002
0.06433179678000002
0.06433179678000002
0.06433179678000002
0.06423963088000001
0.06414746498000001
0.06414746498000001
0.06423963078000001
0.06423963078000001
0.06423963078000001
0.06423963078000001
0.06414746488000002
0.06414746488000002
0.06414746488000002
0.06414746488000002
0.06414746488000002
0.06414746488000002
0.06405529908000002
0.06405529908000002
0.06405529912000002
0.06414746492000002
0.06405529892000002
0.06405529892000002
0.06405529892000002
0.06405529892000002
0.06405529892000002
0.06405529892000002
0.06405529892000002
0.06405529892000002
0.06405529892000002
0.06396313302000002
0.06396313302000002
0.06396313302000002
0.06396313302000002
0.06396313302000002
0.06396313302000002
0.06387096712000001
0.06387096712000001
0.06387096712000001
0.06387096712000001
0.06368663528000001
0.06377880108000002
0.06377880108000002
0.06377880108000002
0.06377880108000002
0.06377880108000002
0.06368663528000001
0.06368663528000001
0.06368663528000001
0.06368663528000001
0.06368663528000001
0.06368663528000001
0.06368663528000001
0.06368663528000001
0.06368663528000001
0.06368663528000001
0.06350230368000002
0.06350230368000002
0.06359446958000002
0.06350230368000002
0.06350230368000002
0.06350230368000002
0.06350230368000002
0.06359446958000003
0.06359446958000003
0.06359446958000003
0.06368663552000003
0.06368663552000003
0.06368663552000003
0.06368663552000003
0.06377880132000004
0.06368663552000003
0.06377880142000003
0.06377880142000003
0.06387096732000003
0.06387096732000003
0.06377880152000003
0.06377880152000003
0.06368663572000002
0.06377880152000003
0.06377880152000003
0.06377880152000003
0.06377880152000003
0.06368663562000003
0.06359446982000003
0.06359446982000003
0.06341013812000003
0.06350230392000003
0.06350230392000003
0.06350230392000003
0.06350230396000003
0.06341013806000002
0.06341013806000002
0.06341013806000002
0.06341013806000002
0.06331797206000003
0.06331797206000003
0.06331797206000003
0.06331797206000003
0.06331797206000003
0.06331797206000003
0.06331797206000003
0.06322580626000002
0.06322580626000002
0.06313364036000002
0.06313364036000002
0.06313364036000002
0.06313364036000002
0.06313364036000002
0.06313364036000002
0.06313364036000002
0.06313364036000002
0.06313364036000002
0.06313364036000002
0.06313364036000002
0.06322580626000002
0.06322580626000002
0.06322580626000002
0.06313364046000002
0.06313364046000002
0.06313364046000002
0.06313364046000002
0.06322580636000001
0.06313364056000001
0.06313364056000001
0.06313364056000001
0.06313364056000001
0.06313364056000001
0.06313364056000001
0.06304147466000001
0.06304147466000001
0.06304147466000001
0.06304147466000001
0.06304147466000001
0.06294930876
0.06285714296000001
0.06285714296000001
0.06285714296000001
0.06285714296000001
0.06285714296000001
0.06285714292000001
0.06285714292000001
0.06285714282000002
0.06285714282000002
0.06285714282000002
0.06285714282000002
0.06285714282000002
0.06294930872000001
0.06294930872000001
0.06294930872000001
0.06276497702000002
0.06285714292000001
0.06285714292000001
0.06276497702000002
0.06276497702000002
0.06267281112000003
0.06258064522000002
0.06248847932000002
0.06248847932000002
0.06248847932000002
0.06258064512000003
0.06258064512000003
0.06258064512000003
0.06258064512000003
0.06258064512000003
0.06276497682000003
0.06276497682000003
0.06276497682000003
0.06276497682000003
0.06276497682000003
0.06276497682000003
0.06276497682000003
0.06276497692000003
0.06267281102000004
0.06267281102000004
0.06267281102000004
0.06267281102000004
0.06276497696000004
0.06276497696000004
0.06276497696000004
0.06276497696000004
0.06276497696000004
0.06276497696000004
0.06276497696000004
0.06267281106000003
0.06267281106000003
0.06267281106000003
0.06267281106000003
0.06276497696000004
0.06267281116000004
0.06267281116000004
0.06258064526000004
0.06258064526000004
0.06258064526000004
0.062488479360000036
0.062488479360000036
0.062488479360000036
0.062488479360000036
0.062488479360000036
0.062488479360000036
0.062488479360000036
0.06258064516000003
0.06267281106000004
0.06267281106000004
0.06267281106000004
0.06267281106000004
0.06267281106000004
0.06267281106000004
0.06276497696000004
0.06276497696000004
0.06285714286000003
0.06276497706000003
0.06276497706000003
0.06276497706000003
0.06276497706000003
0.06276497706000003
0.06276497706000003
0.06285714300000003
0.06285714300000003
0.06285714300000003
0.06276497720000003
0.06276497720000003
0.06276497720000003
0.06285714310000003
0.06285714310000003
0.06285714310000003
0.06285714310000003
0.06285714310000003
0.06285714310000003
0.06285714310000003
0.06285714310000003
0.06285714310000003
0.06294930890000001
0.06304147480000002
0.06304147480000002
0.06304147480000002
0.06304147480000002
0.06304147480000002
0.06304147480000002
0.06304147480000002
0.06313364070000002
0.06313364070000002
0.06313364070000002
0.06313364070000002
0.06304147480000002
0.06304147480000002
0.06304147480000002
0.06313364060000003
0.06313364060000003
0.06313364060000003
0.06313364060000003
0.06313364060000003
0.06331797230000002
0.06322580640000003
0.06322580640000003
0.06322580640000003
0.06322580640000003
0.06331797230000002
0.06331797230000002
0.06341013820000004
0.06331797230000004
0.06331797230000004
0.06331797230000004
0.06331797230000004
0.06331797230000004
0.06331797230000004
0.06331797230000004
0.06331797230000004
0.06322580650000002
0.06322580650000002
0.06322580650000002
0.06322580650000002
0.06322580650000002
0.06322580650000002
0.06331797240000002
0.06331797240000003
0.06331797240000003
0.06331797240000003
0.06331797240000003
0.06313364070000002
0.06313364070000002
0.06313364070000002
0.06313364070000002
0.06304147480000002
0.06304147480000002
0.06304147480000002
0.06294930890000003
0.06285714296000003
0.06285714296000003
0.06285714296000003
0.06285714296000003
0.06304147466000003
0.06313364046000003
0.06313364046000003
0.06313364046000003
0.06313364046000003
0.06313364046000003
0.06322580646000003
0.06322580646000003
0.06322580646000003
0.06322580646000003
0.06331797236000003
0.06331797236000003
0.06331797236000003
0.06331797236000003
0.06331797236000003
0.06331797236000003
0.06322580646000003
0.06313364056000002
0.06304147466000003
0.06304147466000003
0.06304147466000003
0.06304147466000003
0.06294930886000003
0.06294930886000003
0.06294930886000003
0.06294930886000003
0.06285714296000003
0.06285714296000003
0.06285714296000003
0.06285714296000003
0.06285714296000003
0.06276497706000003
0.06276497706000003
0.06276497706000003
0.06276497706000003
0.06276497706000003
0.06285714296000003
0.06285714296000003
0.06285714296000003
0.06285714296000003
0.06285714296000003
0.06294930886000003
0.06294930886000003
0.06294930886000003
0.06294930886000003
0.06294930886000003
0.06294930886000003
0.06294930886000003
0.06294930886000003
0.06276497702000002
0.06285714292000003
0.06285714292000003
0.06285714292000003
0.06294930882000002
0.06294930882000002
0.06304147472000002
0.06304147472000002
0.06294930878000002
0.06294930878000002
0.06294930878000002
0.06285714288000002
0.06276497688000002
0.06276497688000002
0.06276497688000002
0.06285714288000002
0.06294930878000002
0.06294930878000002
0.06294930878000002
0.06294930878000002
0.06294930878000002
0.06294930878000002
0.06294930878000002
0.06294930878000002
0.06276497698000003
0.06276497698000003
0.06276497698000003
0.06276497698000003
0.06276497698000003
0.06276497698000003
0.06276497698000003
0.06276497698000003
0.06276497698000003
0.06267281118000002
0.06267281118000002
0.06267281118000002
0.06258064528000003
0.06258064528000003
0.06258064528000003
0.06258064528000003
0.06258064528000003
0.06258064528000003
0.06258064528000003
0.062488479380000024
0.062488479380000024
0.062488479380000024
0.062488479380000024
0.062488479380000024
0.062488479380000024
0.062488479380000024
0.062488479380000024
0.062488479380000024
0.062488479380000024
0.06258064528000001
0.06258064528000001
0.06258064528000001
0.06258064528000001
0.06258064528000001
0.06258064528000001
0.06267281118000002
0.06267281118000002
0.06258064528000001
0.06258064528000001
0.06258064528000001
0.06258064528000001
0.06258064528000001
0.06258064528000001
0.06258064528000001
0.06258064528000001
0.06258064528000001
0.06267281108000003
0.06276497702000002
0.06285714292000003
0.06285714292000003
0.06285714292000003
0.06285714292000003
0.06285714292000003
0.06285714292000003
0.06285714292000003
0.06285714292000003
0.06285714292000003
0.06285714292000003
0.06285714292000003
0.06285714292000003
0.06285714292000003
0.06276497702000003
0.06276497702000003
0.06276497702000003
0.06276497702000003
0.06276497702000003
0.06276497702000003
0.06276497702000003
0.06285714302000003
0.06285714302000003
0.06285714302000003
0.06285714302000003
0.06276497708000002
0.06276497708000002
0.06276497708000002
0.06267281108000003
0.06267281108000003
0.06267281108000003
0.06267281108000003
0.06267281108000003
0.06267281108000003
0.06267281108000003
0.06267281108000003
0.06267281108000003
0.06258064508000002
0.06258064508000002
0.06258064508000002
0.06248847928000003
0.06248847928000003
0.06258064518000002
0.06258064518000002
0.06258064518000002
0.06267281098000002
0.06267281098000002
0.06267281098000002
0.06267281088000003
0.06267281088000003
0.06258064498000003
0.062488479180000035
0.062488479180000035
0.062488479180000035
0.062488479180000035
0.062488479180000035
0.062488479180000035
0.062488479180000035
0.062488479180000035
0.062488479180000035
0.062488479180000035
0.062488479180000035
0.06258064508000002
0.06258064508000002
0.06258064508000002
0.06258064508000002
0.06258064508000002
0.06258064508000002
0.06258064508000002
0.06258064508000002
0.06258064508000002
0.06258064508000002
0.06258064508000002
0.06267281108000003
0.06267281108000003
0.06258064528000003
0.06248847938000004
0.06258064528000004
0.06258064528000004
0.06267281128000005
0.06267281128000005
0.06267281128000005
0.06267281128000005
0.06267281128000005
0.06267281128000005
0.06258064548000003
0.06258064548000003
0.06258064548000003
0.06258064548000003
0.06267281142000003
0.06267281142000003
0.06267281142000003
0.06267281142000003
0.06267281142000003
0.06267281142000003
0.06267281142000003
0.06267281142000003
0.06267281122000004
0.06267281122000004
0.06267281122000004
0.06258064542000004
0.06258064542000004
0.06258064542000004
0.06258064542000004
0.06258064542000004
0.06258064542000004
0.062488479520000036
0.062488479520000036
0.062488479520000036
0.062488479520000036
0.06258064546000003
0.06267281136000004
0.06267281136000004
0.06267281136000004
0.06267281136000004
0.06267281136000004
0.06258064546000003
0.06258064546000003
0.06258064546000003
0.06258064546000003
0.06258064546000003
0.06258064546000003
0.06258064546000003
0.06258064546000003
0.06248847956000004
0.06248847956000004
0.06267281116000004
0.06267281116000004
0.06267281116000004
0.06267281116000004
0.06267281116000004
0.06276497716000004
0.06276497716000004
0.06276497716000004
0.06276497716000004
0.06276497716000004
0.06285714306000004
0.06285714306000004
0.06285714306000004
0.06285714306000004
0.06285714306000004
0.06285714306000004
0.06285714306000004
0.06285714306000004
0.06285714306000004
0.06285714306000004
0.06285714306000004
0.06285714306000004
0.06285714306000004
0.06285714306000004
0.06285714306000004
0.06276497706000003
0.06276497706000003
0.06276497706000003
0.06276497706000003
0.06276497706000003
0.06276497706000003
0.06276497706000003
0.06276497706000003
0.06276497706000003
0.06285714296000004
0.06276497716000004
0.06276497716000004
0.06276497716000004
0.06267281126000004
0.06267281126000004
0.06267281126000004
0.06267281126000004
0.06276497716000004
0.06276497716000004
0.06276497716000004
0.06276497716000004
0.06285714296000004
0.06285714296000004
0.06285714296000004
0.06285714296000004
0.06285714296000004
0.06285714296000004
0.06285714296000004
0.06285714296000004
0.06285714296000004
0.06294930876000004
0.06294930876000004
0.06294930876000004
0.06294930876000004
0.06294930876000004
0.06294930876000004
0.06294930876000004
0.06294930876000004
0.06304147466000004
0.06304147466000004
0.06294930872000004
0.06294930872000004
0.06294930872000004
0.06304147462000004
0.06313364042000004
0.06313364042000004
0.06313364042000004
0.06322580642000003
0.06331797222000005
0.06341013816000003
0.06341013816000003
0.06331797226000005
0.06331797226000005
0.06331797226000005
0.06331797226000005
0.06331797226000005
0.06331797226000005
0.06331797226000005
0.06331797226000005
0.06331797226000005
0.06341013806000004
0.06341013806000004
