0.5002765039999998
0.4949308829999999
0.49281106939999986
0.4889400986
0.47861751899999994
0.46617512199999994
0.4541013871999999
0.44460830219999986
0.4358525363999998
0.4290322603999999
0.41870968399999997
0.40580645319999986
0.3958525373999999
0.38691244859999985
0.37917050899999993
0.37179723779999985
0.3655299567999999
0.3601843342
0.3564976976
0.3503225832
0.3442396341999999
0.3403686670000001
0.3360368702
0.3332718932
0.33050691512
0.3287557618000001
0.32506912728000004
0.3207373298800001
0.3177880222800001
0.3141935530800001
0.3091244258800001
0.30433180028000006
0.3009216616000001
0.2976036897200001
0.2942857160000001
0.2914285745200001
0.28728110792
0.2832258090000001
0.2794470054000001
0.27539170768000004
0.2712442410800001
0.26691244416
0.2616589877600001
0.2573271905600001
0.2545622141600001
0.25198156808
0.24755760528000004
0.24414746580000007
0.2397235035600001
0.23557603928000012
0.2302304154800001
0.22663594688000008
0.2209216600000001
0.21760368940000002
0.21317972460000006
0.2096774218
0.20571428632000002
0.20147465532000006
0.1986175136
0.19520737360000007
0.19244239692
0.19032257972000002
0.18811060000000004
0.18635944932000004
0.18405530104000004
0.18202765044000002
0.17898617592000005
0.17566820360000002
0.17382488655999995
0.17188940192000002
0.17041474896
0.16847926455999995
0.1672811072
0.16626728163999996
0.16451613003999999
0.16350230356
0.16156682107999998
0.15990783479999998
0.1580645168
0.15622119791999997
0.15520737251999997
0.15327188996
0.15262672843999997
0.15096774176
0.15013824908
0.14912442388
0.14801843337999995
0.14737327229999997
0.14691244289999997
0.14552995442
0.14451612972
0.14433179831999998
0.1431336416
0.14248848040000003
0.14119815789999998
0.14055299638
0.13981566877999999
0.13935483922000003
0.1388018442
0.13870967848000001
0.13815668288000002
0.13788018508
0.13751152182
0.13686636062000002
0.13631336482
0.13622119890000003
0.13566820370000002
0.13520737418
0.13474654486
0.13447004718
0.1337327206
0.13317972476
0.13262672947999998
0.13235023159999998
0.13198156811999998
0.13188940215999997
0.13133640716
0.13096774368
0.13069124568
0.13023041564
0.12967742032000001
0.12949308866
0.12930875698
0.12930875666
0.12884792758
0.12857142984
0.12857143016000003
0.12847926436
0.12829493244
0.12820276664000002
0.12811060074000002
0.12792626874000002
0.12792626886000003
0.12755760534000002
0.12737327346000002
0.12645161406000002
0.12580645298000004
0.12552995526000005
0.12506912574000004
0.12488479354000002
0.12470046174000003
0.12414746634000004
0.12396313482000004
0.12304147606000004
0.12267281194000003
0.12230414864000001
0.12184331856000002
0.12165898696
0.12138248936
0.12110599196000002
0.12036866490000002
0.12000000142000003
0.11990783562000003
0.11981566942000002
0.11963133774000002
0.11935483974000004
0.11917050794000003
0.11898617606000002
0.11852534662000001
0.11806451726000004
0.11788018546000004
0.11778801946000003
0.11760368764000004
0.11732718996000002
0.11705069236000001
0.11686636016000002
0.11677419396000004
0.11649769636000001
0.11622119856000002
0.11603686676000001
0.11603686676000001
0.11585253496000002
0.11576036884000002
0.11557603704000002
0.11529953964
0.11493087532
0.11483870964000001
0.11437788004000002
0.11419354856000004
0.11400921672000003
0.11391705072000004
0.11364055300000003
0.11336405508000004
0.11327188916000004
0.11308755748000004
0.11271889428000004
0.11262672828000003
0.11262672828000003
0.11253456240000004
0.11244239640000003
0.11225806484000005
0.11216589916000005
0.11198156716000005
0.11188940184000006
0.11152073826000004
0.11124424038000004
0.11115207458000004
0.11105990818000004
0.11115207438000003
0.11041474758000003
0.11032258138000003
0.11023041558000005
0.11004608370000003
0.10930875650000005
0.10912442430000004
0.10884792722000006
0.10847926362000006
0.10829493184000005
0.10820276564000006
0.10774193652000003
0.10774193652000003
0.10755760476000002
0.10654377976000003
0.10626728196000002
0.10626728196000002
0.10589861824000003
0.10552995514000002
0.10488479374000002
0.10470046174000001
0.10460829594000001
0.10442396434000002
0.10405530102000003
0.10377880302000003
0.10341013982000004
0.10322580790000004
0.10294931030000003
0.10267281230000001
0.10276497830000002
0.10211981678000003
0.10211981678000003
0.10202765078000002
0.10202765078000002
0.10184331898000001
0.10184331898000001
0.10156682162000003
0.10119815824000003
0.10110599224000003
0.10092166064000002
0.10073732894000002
0.10082949474000003
0.10082949474000003
0.10046083104000003
0.10027649924000002
0.09981566964000002
0.09990783544000002
0.09972350364000002
0.09944700612000001
0.09926267452000002
0.09917050852000003
0.09898617652000002
0.09880184494000004
0.09843318142000003
0.09824884958000002
0.09797235200000004
0.09788018600000005
0.09778802000000004
0.09751152228000003
0.09705069284000002
0.09686636116000003
0.09658986316000004
0.09649769736000004
0.09594470216000003
0.09594470216000003
0.09594470216000003
0.09576037016000004
0.09539170654000005
0.09539170654000005
0.09493087698000004
0.09465437938000003
0.09465437938000004
0.09456221358000004
0.09428571606000002
0.09400921834000002
0.09373272074000003
0.09373272074000003
0.09364055494000002
0.09336405704000002
0.09317972514000003
0.09290322754000002
0.09271889586000004
0.09271889586000004
0.09271889586000004
0.09253456384000003
0.09244239764000003
0.09235023184000003
0.09225806596000004
0.09216590016000004
0.09216590006000003
0.09198156826000004
0.09170507036000003
0.09133640666000004
0.09105990896000003
0.09096774304000002
0.09096774304000002
0.09050691354000001
0.09041474754
0.09041474754
0.09013824986000002
0.08995391816000002
0.08986175236000003
0.08967742046000003
0.08940092286000002
0.08949308886000003
0.08930875692000002
0.08912442524000003
0.08912442524000003
0.08912442524000003
0.08894009324000002
0.08866359564000001
0.08838709814000001
0.08838709814000001
0.08838709814000001
0.08829493214000003
0.08820276624000002
0.08811060024000003
0.08792626824000002
0.08783410224000003
0.08783410224000003
0.08764977034000003
0.08764977054000003
0.08764977044000002
0.08755760464000004
0.08728110684000003
0.08728110684000003
0.08700460884000004
0.08691244294000003
0.08682027704000003
0.08663594534000002
0.08645161374000004
0.08608295024000004
0.08599078434000003
0.08599078434000003
0.08599078434000003
0.08580645244000003
0.08571428654000003
0.08562212086000004
0.08543778906000003
0.08534562316000004
0.08516129136000003
0.08516129136000003
0.08506912556000003
0.08497695956000005
0.08470046176000004
0.08451612976000003
0.08433179776000004
0.08442396366000002
0.08433179776000004
0.08433179776000004
0.08414746606000005
0.08414746606000005
0.08387096836000005
0.08359447056000004
0.08341013866000005
0.08331797286000003
0.08304147506000005
0.08304147506000005
0.08304147506000005
0.08276497734000003
0.08285714324000004
0.08276497744000004
0.08267281154000004
0.08248847954000003
0.08239631364000002
0.08230414784000002
0.08221198184000002
0.08202764994000003
0.08193548404000003
0.08193548404
0.08184331824000003
0.08184331824000003
0.08165898624000002
0.08165898624000002
0.08165898624000002
0.08156682024000002
0.08147465434000002
0.08110599094000003
0.08101382514000002
0.08101382514000002
0.08101382514000002
0.08082949376000004
0.08073732786000004
0.08055299616000003
0.08055299616000003
0.08009216684000002
0.08000000084000002
0.07990783504000003
0.07972350312000002
0.07972350312000002
0.07944700562000001
0.07944700562000001
0.07944700562000001
0.07935483982
0.07917050804
0.07889401034
0.07889401034
0.07889401034
0.07880184454
0.07870967864
0.07843318084
0.07834101484
0.07824884904
0.07815668314
0.07797235134
0.07769585354
0.07760368764
0.07760368764
0.07751152164
0.07751152164
0.07741935574
0.07741935574
0.07732718994
0.0770506921
0.0769585262
0.0768663604
0.07668202880000002
0.07668202880000002
0.07649769690000002
0.07622119920000002
0.07612903330000002
0.07603686742000003
0.07576036962000003
0.07566820382000003
0.07529954000000003
0.07520737420000002
0.07502304230000002
0.07502304230000002
0.07493087630000003
0.07493087630000003
0.07483871050000003
0.07483871050000003
0.07474654450000003
0.07465437850000002
0.07456221260000002
0.07447004680000002
0.07447004680000002
0.07437788100000002
0.07428571500000002
0.07400921740000002
0.07400921730000003
0.07382488550000002
0.07382488550000002
0.07382488550000002
0.07382488550000002
0.07364055362000002
0.07354838786000002
0.07345622196000001
0.07345622196000001
0.07308755826000003
0.07308755826000003
0.07299539236000004
0.07290322636000003
0.07253456286000003
0.07253456286000003
0.07244239696000004
0.07244239696000004
0.07253456290000003
0.07235023110000002
0.07235023110000002
0.07225806520000004
0.07207373340000005
0.07207373340000003
0.07179723556000005
0.07179723556000005
0.07179723556000005
0.07179723556000005
0.07170506976000005
0.07152073786000004
0.07133640596000004
0.07105990796000004
0.07078341026000004
0.07087557616000004
0.07069124436000003
0.07041474652000004
0.07032258072000004
0.07013824912000004
0.07004608318000002
0.07004608318000002
0.06995391728000003
0.06986175138000002
0.06986175138000002
0.06967741968000002
0.06958525378000002
0.06940092218000002
0.06930875628000002
0.06921659048
0.06912442468000002
0.06912442478000003
0.06903225884000003
0.06903225884000003
0.06903225884000003
0.06894009304000003
0.06894009304000003
0.06884792714000003
0.06875576114000002
0.06875576114000002
0.06884792700000003
0.06875576110000003
0.06875576110000003
0.06866359520000004
0.06857142920000003
0.06857142920000003
0.06838709750000004
0.06829493150000003
0.06820276560000003
0.06811059970000004
0.06811059970000004
0.06801843380000004
0.06792626800000004
0.06783410210000004
0.06783410210000004
0.06774193620000003
0.06774193620000003
0.06755760430000005
0.06737327250000004
0.06728110660000003
0.06709677460000003
0.06709677460000003
0.06718894060000002
0.06718894060000002
0.06718894060000002
0.06709677466000002
0.06700460886000004
0.06691244306000003
0.06691244306000003
0.06700460896000003
0.06700460896000003
0.06691244302000003
0.06691244302000003
0.06672811122000004
0.06645161352000004
0.06617511568000004
0.06617511568000004
0.06617511568000004
0.06608294978000004
0.06599078398000002
0.06589861808000003
0.06580645228000002
0.06543778858000002
0.06525345668000002
0.06506912488000001
0.06506912488000001
0.06506912488000001
0.06506912488000001
0.06506912488000001
0.06497695898000001
0.06497695898000001
0.06470046124
0.06470046124
0.06451612954000001
0.06442396354
0.06442396354
0.06433179764000001
0.06423963178000001
0.06405529998000001
0.06405529998000001
0.06405529998000001
0.06405529998000001
0.06396313404000002
0.06377880224000002
0.06368663630000002
0.06368663630000002
0.06341013830000002
0.06341013830000002
0.06341013830000002
0.06341013830000002
0.0635023043
0.06341013840000001
0.06341013840000001
0.0633179724
0.0632258066
0.06313364070000001
0.06313364070000001
0.06294930900000001
0.06267281118000001
0.06267281118000001
0.06248847944000002
0.06248847944000002
0.06239631344000002
0.06230414754000003
0.06221198168000003
0.061843318020000024
0.061843318020000024
0.061751152160000024
0.061751152160000024
0.061751152160000024
0.061751152160000024
0.06156682036000003
0.06156682036000003
0.06156682036000003
0.06156682036000003
0.06156682036000003
0.06147465450000003
0.06138248860000003
0.06129032280000003
0.06138248870000003
0.06138248870000003
0.06138248870000003
0.06138248870000003
0.06138248870000003
0.06119815686000003
0.06119815686000003
0.061105990860000035
0.061105990860000035
0.061105990860000035
0.06101382486000003
0.060921658960000034
0.060921658960000034
0.060921658960000034
0.06082949306000003
0.06073732720000003
0.06073732716000003
0.06064516130000003
0.060552995360000035
0.06046082946000004
0.060368663560000035
0.06018433166000004
0.06009216576000004
0.05999999996000003
0.05999999996000003
0.05999999996000003
0.05981566826000004
0.05972350240000004
0.05972350240000004
0.059631336500000034
0.05944700456000002
0.05917050692000002
0.05926267282000002
0.05907834106000002
0.05907834106000002
0.05889400932000002
0.05889400932000002
0.05889400932000002
0.05880184342000001
0.05880184342000001
0.05880184342000001
0.05889400928000001
0.05889400928000001
0.05880184338000001
0.05880184338000001
0.058894009280000006
0.05880184338000001
0.05880184338000001
0.058709677440000003
0.058709677440000003
0.058617511540000014
0.058617511540000014
0.058617511540000014
0.058617511540000014
0.05843317970000001
0.05843317970000001
0.05834101390000001
0.05843317984
0.05843317984
0.05843317984
0.05843317984
0.05843317984
0.05843317984
0.0582488481
0.05834101404000001
0.05843317990000001
0.05843317980000002
0.05824884820000002
0.05824884820000002
0.05824884820000002
0.05824884820000002
0.05824884820000002
0.05834101420000002
0.05834101420000002
0.05824884830000002
0.058064516580000024
0.058064516580000024
0.05788018468000002
0.05788018468000002
0.05760368694000003
0.05760368688000003
0.05751152098000003
0.05751152098000003
0.05751152098000003
0.05751152098000003
0.05760368684000003
0.057419354940000035
0.057419354940000035
0.057419354940000035
0.057511520840000024
0.057511520840000024
0.057511520840000024
0.05741935490000003
0.05741935490000003
0.05741935494000003
0.05741935494000003
0.05741935494000003
0.057327189040000025
0.057327189040000025
0.057235023180000025
0.057235023180000025
0.057235023180000025
0.05714285718000003
0.05714285718000003
0.05714285718000003
0.05714285718000003
0.05714285718000003
0.05714285722000003
0.05705069132000003
0.05705069132000003
0.05686635938000003
0.05677419352000003
0.056682027720000035
0.056682027720000035
0.056682027720000035
0.05677419352000004
0.05668202758000003
0.05668202758000003
0.05658986168000004
0.05658986168000004
0.05658986168000004
0.056682027480000036
0.05677419342000003
0.05677419342000003
0.056682027520000025
0.05668202756000003
0.05668202756000003
0.05668202756000003
0.05668202756000003
0.05649769580000004
0.05649769580000004
0.05640552986000003
0.056497695760000036
0.056497695760000036
0.056589861660000025
0.056589861660000025
0.05649769586000002
0.05649769586000002
0.05640553000000002
0.05631336410000002
0.05631336410000002
0.05631336410000002
0.056129032200000026
0.056129032200000026
0.05603686630000002
0.05603686630000002
0.05603686630000002
0.056129032200000026
0.05622119794000002
0.05622119794000002
0.056036866200000014
0.056036866200000014
0.056036866200000014
0.05594470030000001
0.05594470030000001
0.055852534400000015
0.055852534400000015
0.055852534400000015
0.055852534400000015
0.055944700340000014
0.055944700340000014
0.055944700340000014
0.055944700340000014
0.055944700340000014
0.05585253454000001
0.05585253454000001
0.05585253454000001
0.05585253454000001
0.05594470054000001
0.05594470054000001
0.05594470054000001
0.05594470054000001
0.05594470054000001
0.05585253460000002
0.05585253460000002
0.05585253460000002
0.05603686640000001
0.05603686640000001
0.05612903226000001
0.05612903226000001
0.05603686632000002
0.05585253462000002
0.05576036872000002
0.05576036872000002
0.05566820292000002
0.05566820292000002
0.05557603702000002
0.05557603702000002
0.05557603702000002
0.05557603702000002
0.05557603702000002
0.05548387116000002
0.05548387116000002
0.055299539560000006
0.055299539560000006
0.055207373700000006
0.055207373700000006
0.05502304186000001
0.054930875960000014
0.054930875960000014
0.054930875960000014
0.054930875960000014
0.05483871006000001
0.05483871006000001
0.05483871006000001
0.05483871006000001
0.05483871006000001
0.05483871006000001
0.054930875960000014
0.05483871006000001
0.05483871006000001
0.05474654416000001
0.05474654416000001
0.05474654416000001
0.05474654416000001
0.05474654416000001
0.05465437816000002
0.05483870992000002
0.05483870992000002
0.05483870992000002
0.05483870992000002
0.054746544020000024
0.05474654402000002
0.05474654402000002
0.05465437812000002
0.05465437812000002
0.05465437812000002
0.05465437812000002
0.05465437812000002
0.05456221222000002
0.05456221222000002
0.05456221222000002
0.05456221222000002
0.05447004628000002
0.05447004628000002
0.05447004628000002
0.05447004628000002
0.05447004628000002
0.05447004628000002
0.05447004628000002
0.054377880380000014
0.054377880380000014
0.05428571448000001
0.054193548540000004
0.05428571444000002
0.05428571444000002
0.05428571444000002
0.054193548640000005
0.054193548640000005
0.054193548640000005
0.054193548640000005
0.054193548640000005
0.05428571454000001
0.05428571454000001
0.05428571454000001
0.05428571454000001
0.05428571454000001
0.054285714580000005
0.054285714580000005
0.054285714580000005
0.05437788048000001
0.05437788048000001
0.05437788048000001
0.05437788048000001
0.05437788048000001
0.05428571458000001
0.05437788048000001
0.05437788048000001
0.05428571448000001
0.05428571448000001
0.05428571448000001
0.05428571448000001
0.054377880380000014
0.054377880380000014
0.054377880380000014
0.054377880380000014
0.054377880380000014
0.05447004628000001
0.05447004628000001
0.054562212180000014
0.05447004628000001
0.05447004628000001
0.054377880380000014
0.054285714480000025
0.054285714480000025
0.054285714480000025
0.054285714480000025
0.05419354854000002
0.05419354854000002
0.05419354854000002
0.05419354854000002
0.05419354854000002
0.05419354854000002
0.05419354854000002
0.05419354854000002
0.05419354854000002
0.05419354854000002
0.05419354854000002
0.05410138254000002
0.05410138254000002
0.05400921668000002
0.05400921668000002
0.05391705082000002
0.05391705082000002
0.05391705090000002
0.05391705090000002
0.05391705090000002
0.05391705090000002
0.05373271916000002
0.05373271916000002
0.05373271916000002
0.05373271916000002
0.05373271916000002
0.05373271916000002
0.05373271916000002
0.053640553260000015
0.05354838746000002
0.05354838746000002
0.05354838746000002
0.053456221520000013
0.05354838738000001
0.05354838738000001
0.05354838738000001
0.05354838738000001
0.05354838738000001
0.05354838738000001
0.05354838738000001
0.05354838738000001
0.05354838738000001
0.05354838738000001
0.05354838738000001
0.05364055332000001
0.05364055332000001
0.05373271918000001
0.05373271918000001
0.05364055332000001
0.05364055332000001
0.05364055332000001
0.05354838746000001
0.05354838746000001
0.05354838746000001
0.05354838746000001
0.05354838746000001
0.05345622156000002
0.05354838746000002
0.05354838746000002
0.05364055340000002
0.05364055340000002
0.05364055340000002
0.05345622156000002
0.05345622156000002
0.05354838742000002
0.05354838742000002
0.053271889800000014
0.053271889800000014
0.053271889800000014
0.053271889800000014
0.053271889800000014
0.053271889800000014
0.053271889800000014
0.053271889800000014
0.053271889800000014
0.053271889800000014
0.05317972380000002
0.05317972380000002
0.05317972380000002
0.05317972380000002
0.05317972380000002
0.05308755794000002
0.05299539204000002
0.05299539204000002
0.05299539204000002
0.05290322610000002
0.05290322610000002
0.05290322610000002
0.05290322610000002
0.05290322610000002
0.05290322610000002
0.05290322610000002
0.05290322610000002
0.05290322610000002
0.05281106024000002
0.05281106024000002
0.05281106024000002
0.05281106024000002
0.05281106024000002
0.05281106024000002
0.05281106024000002
0.05281106024000002
0.05281106024000002
0.05281106024000002
0.05281106024000002
0.05281106024000002
0.052903226140000016
0.052903226140000016
0.052903226140000016
0.052903226140000016
0.052903226140000016
0.052903226140000016
0.052903226140000016
0.052903226140000016
0.052903226140000016
0.052903226140000016
0.052903226140000016
0.052903226140000016
0.052903226140000016
0.052903226140000016
