0.5286635988
0.12267281150000002
0.10221198232
0.08783410208000002
0.08018433280000004
0.07115207456000001
0.06534562244000003
0.06202764990000002
0.06101382518000003
0.05944700462
0.05815668196000002
0.05760368674000003
0.056313364060000023
0.05603686642000001
0.05658986158000001
0.05705069112000001
0.056774193460000025
0.05649769588000002
0.05677419380000001
0.057419355240000025
0.05732718934000001
0.05769585290000001
0.0578801847
0.058156682359999996
0.05852534595999999
0.058801843480000004
0.05898617532
0.05907834108000001
0.059170506980000016
0.05944700458000002
0.05999999984000001
0.06036866334000002
0.060552995140000024
0.060921658760000025
0.06101382456000002
0.06110599050000002
0.06119815640000002
0.061658985940000015
0.06193548384000002
0.06193548384000002
0.06202764968000003
0.061843318020000024
0.06202764982000002
0.06211981572000003
0.06230414762000002
0.06248847942000003
0.06285714292000001
0.06304147462000002
0.06322580642000002
0.06331797232000001
0.06331797232000001
0.06368663582
0.06377880172000001
0.06377880182000002
0.06387096772000002
0.06396313366000002
0.06442396296000003
0.06460829466000004
0.06470046056000003
0.06470046060000004
0.06479262640000004
0.06488479220000004
0.06488479210000003
0.06497695790000005
0.06506912380000004
0.06506912380000004
0.06506912380000004
0.06506912380000004
0.06534562160000004
0.06534562160000004
0.06571428530000004
0.06599078310000003
0.06626728090000003
0.06635944670000003
0.06663594430000003
0.06645161260000003
0.06663594440000004
0.06672811020000004
0.06691244210000004
0.06691244210000004
0.06691244210000004
0.06700460790000004
0.06700460790000004
0.06700460790000004
0.06709677370000006
0.06700460770000005
0.06709677370000006
0.06718893950000004
0.06728110540000004
0.06728110540000004
0.06728110540000004
0.06737327130000005
0.06755760320000005
0.06746543720000005
0.06746543720000005
0.06746543720000005
0.06746543720000005
0.06737327120000006
0.06746543706000005
0.06737327126000003
0.06728110546000003
0.06709677366000005
0.06700460772000005
0.06700460776000004
0.06682027596000004
0.06682027596000004
0.06682027596000004
0.06691244176000004
0.06709677356000004
0.06709677356000004
0.06691244176000004
0.06691244186000005
0.06700460766000005
0.06700460766000005
0.06709677366000004
0.06709677366000004
0.06718893946000004
0.06718893946000004
0.06700460762000005
0.06700460762000005
0.06691244182000004
0.06682027582000004
0.06682027582000004
0.06691244182000004
0.06691244182000004
0.06682027582000004
0.06672810992000004
0.06672810992000004
0.06663594422000005
0.06654377822000004
0.06645161232000003
0.06645161232000003
0.06645161232000003
0.06645161232000003
0.06635944632000003
0.06645161222000003
0.06645161222000003
0.06645161222000003
0.06635944632000004
0.06626728052000003
0.06626728052000003
0.06617511452000004
0.06599078272000003
0.06580645092000002
0.06562211912000003
0.06562211912000003
0.06543778752000003
0.06534562162000003
0.06525345562000003
0.06525345562000003
0.06516128972000003
0.06488479222000003
0.06479262642000001
0.06479262642000001
0.06488479222000001
0.06479262622000001
0.06479262622000001
0.06479262622000001
0.06488479212000002
0.06497695802000002
0.06506912382000002
0.06525345562000003
0.06525345582000003
0.06534562168000002
0.06534562168000002
0.06543778758000002
0.06525345578000002
0.06497695798000003
0.06497695798000003
0.06488479218000003
0.06497695808000004
0.06506912398000003
0.06516128988000001
0.06506912412000002
0.06506912412000002
0.06506912412000002
0.06497695832000001
0.06506912412000002
0.06497695822000002
0.06506912422000002
0.06497695832000003
0.06506912422000002
0.06497695828000002
0.06516129008000003
0.06516129008000003
0.06516128998000002
0.06497695818000003
0.06497695818000003
0.06516128998000002
0.06516128998000002
0.06506912408000004
0.06497695818000003
0.06497695818000003
0.06497695818000003
0.06451612858000003
0.06433179678000003
0.06405529928000003
0.06414746508000004
0.06414746522000003
0.06414746522000003
0.06414746532000003
0.06414746532000003
0.06414746532000003
0.06414746532000003
0.06423963126000003
0.06414746536000003
0.06405529956000003
0.06405529956000003
0.06396313366000003
0.06396313356000004
0.06377880172000003
0.06377880172000003
0.06377880172000003
0.06350230412000003
0.06341013812000003
0.06341013812000003
0.06350230402000004
0.06341013822000004
0.06341013832000005
0.06331797242000003
0.06331797242000003
0.06341013836000005
0.06313364076000004
0.06322580666000005
0.06294930886000005
0.06294930886000005
0.06294930886000005
0.06294930886000005
0.06313364066000005
0.06313364066000005
0.06313364066000005
0.06294930882000005
0.06294930882000005
0.06294930882000005
0.06285714282000004
0.06285714282000004
0.06276497702000004
0.06276497702000004
0.06267281112000003
0.06267281122000004
0.06294930896000003
0.06285714306000004
0.06294930896000003
0.06304147486000003
0.06304147486000003
0.06313364076000004
0.06313364066000003
0.06304147486000003
0.06304147486000003
0.06313364076000004
0.06304147496000004
0.06304147496000004
0.06294930906000003
0.06294930906000003
0.06294930906000003
0.06276497726000002
0.06285714316000003
0.06285714316000003
0.06285714316000003
0.06294930926000002
0.06267281146
0.06258064556000002
0.06258064556000002
0.06267281146000002
0.06267281146000002
0.06276497746000002
0.06267281156000001
0.06267281156000001
0.06258064562000003
0.06258064562000003
0.06248847982000002
0.06258064562000003
0.06248847982000002
0.06248847982000002
0.062488479720000024
0.06258064562000003
0.06258064562000003
0.06267281142000002
0.06267281142000002
0.06276497722000002
0.06276497722000002
0.06313364072000002
0.06313364072000002
0.06304147482000003
0.06294930892000003
0.06285714302000003
0.06294930892000003
0.06285714302000003
0.06285714302000003
0.06294930882000002
0.06294930882000002
0.06294930882000002
0.06294930882000002
0.06285714302000002
0.06276497712000002
0.06276497712000002
0.06285714292000003
0.06285714292000003
0.06285714292000003
0.06294930872000003
0.06294930872000003
0.06294930872000003
0.06294930872000003
0.06294930872000003
0.06294930872000003
0.06304147462000004
0.06304147462000004
0.06294930862000003
0.06294930862000003
0.06304147462000004
0.06294930882000004
0.06304147462000004
0.06294930882000004
0.06294930882000004
0.06294930882000004
0.06304147472000005
0.06313364052000003
0.06313364052000003
0.06322580642000003
0.06322580642000003
0.06322580642000003
0.06313364062000003
0.06322580642000003
0.06322580642000003
0.06322580642000003
0.06322580642000003
0.06331797232000003
0.06331797232000003
0.06322580642000003
0.06322580642000003
0.06331797222000005
0.06322580632000004
0.06322580632000004
0.06331797222000003
0.06331797222000003
0.06331797222000003
0.06322580632000004
0.06322580632000004
0.06313364042000004
0.06304147452000004
0.06304147452000004
0.06304147452000004
0.06313364042000004
0.06313364042000004
0.06313364042000004
0.06313364042000004
0.06313364042000004
0.06313364042000004
0.06313364042000004
0.06313364042000004
0.06304147462000004
0.06313364052000002
0.06313364052000002
0.06304147458000003
0.06294930868000002
0.06294930868000002
0.06304147458000002
0.06294930868000002
0.06304147468000003
0.06304147468000003
0.06304147468000003
0.06304147468000003
0.06304147468000003
0.06294930888000003
0.06294930888000003
0.06294930888000003
0.06294930888000003
0.06294930888000003
0.06304147478000002
0.06322580658000003
0.06322580658000003
0.06313364064000003
0.06313364064000003
0.06313364064000003
0.06304147474000003
0.06285714290000004
0.06294930890000003
0.06304147480000002
0.06294930890000003
0.06294930890000003
0.06294930890000003
0.06294930890000003
0.06294930890000003
0.06294930890000003
0.06304147480000002
0.06313364070000002
0.06322580660000003
0.06322580660000003
0.06322580660000003
0.06322580660000003
0.06313364080000002
0.06322580670000003
0.06322580670000003
0.06322580670000003
0.06322580670000003
0.06322580670000003
0.06322580670000003
0.06322580670000003
0.06331797260000002
0.06331797260000002
0.06331797260000002
0.06331797260000002
0.06341013850000003
0.06331797260000002
0.06331797260000002
0.06341013854000002
0.06341013854000002
0.06341013854000002
0.06350230444000003
0.06341013854000002
0.06341013854000002
0.06341013854000002
0.06341013854000002
0.06341013854000002
0.06341013854000002
0.06350230448000002
0.06350230448000002
0.06350230448000002
0.06350230448000002
0.06359447038000002
0.06359447038000002
0.06359447038000002
0.06368663628000001
0.06368663628000001
0.06368663628000001
0.06368663628000001
0.06368663628000001
0.06359447038000003
0.06359447038000003
0.06368663618000003
0.06377880208000003
0.06377880208000003
0.06377880208000003
0.06387096798000001
0.06368663614000002
0.06377880208000002
0.06377880208000002
0.06377880208000002
0.06368663618
0.06377880208000002
0.06377880208000002
0.06377880208000002
0.06377880208000002
0.06377880208000002
0.06359447038000002
0.06368663632000002
0.06359447052000002
0.06359447052000002
0.06359447052000002
0.06359447052000002
0.06350230462
0.06377880222000001
0.06377880222000001
0.06377880226
0.06377880226
0.06368663636
0.06368663636
0.06368663636
0.06368663636
0.06368663636
0.06368663636
0.06377880226000002
0.06377880226000002
0.06368663636000002
0.06368663636000002
0.06368663636000002
0.06350230456000003
0.06350230456000003
0.06350230456000003
0.06350230456000003
0.06341013866000003
0.06341013866000003
0.06341013866000003
0.06350230446000003
0.06350230446000003
0.06350230446000003
0.06350230446000003
0.06350230446000003
0.06350230446000003
0.06350230446000003
0.06350230446000003
0.06359447036000003
0.06359447036000003
0.06368663626000004
0.06368663626000004
0.06368663626000004
0.06368663626000004
0.06368663626000004
0.06368663626000004
0.06368663626000004
0.06377880206000004
0.06377880206000003
0.06377880206000003
0.06387096806000003
0.06396313406000002
0.06387096816000003
0.06396313416000002
0.06387096826000001
0.06405529996
0.06405530006000001
0.06405530006000001
0.06405530006000001
0.06405530006000001
0.06405530006000001
0.06414746596000002
0.06414746596000002
0.06414746596000002
0.06414746596000002
0.06433179776000002
0.06442396366000001
0.06442396366000001
0.06451612956000001
0.06460829546
0.06460829546
0.06470046146000001
0.06479262736000001
0.06479262736000001
0.06488479326
0.06488479326
0.06488479326
0.06497695906
0.06497695906
0.06497695906
0.06497695906
0.06479262716
0.06479262716
0.06479262716
0.06479262716
0.06488479316000001
0.06488479316000001
0.06497695916000003
0.06497695916000003
0.06497695916000003
0.06506912506000002
0.06516129086000003
0.06516129086000003
0.06516129086000003
0.06516129086000003
0.06516129086000003
0.06516129086000003
0.06506912496000002
0.06516129086000003
0.06516129086000003
0.06516129086000003
0.06516129086000003
0.06516129082000002
0.06516129082000002
0.06516129082000002
0.06516129082000002
0.06516129082000002
0.06516129082000002
0.06516129082000002
0.06506912492000003
0.06506912492000003
0.06506912492000003
0.06506912492000003
0.06506912492000003
0.06506912492000003
0.06506912492000003
0.06516129092000003
0.06516129092000003
0.06525345692000002
0.06525345692000002
0.06525345692000002
0.06516129112000002
0.06516129112000002
0.06516129112000002
0.06516129112000002
0.06525345702000002
0.06534562296000002
0.06534562296000002
0.06543778886000001
0.06543778886000001
0.06534562286000002
0.06534562286000002
0.06534562286000002
0.06543778876
0.06543778876
0.06543778876
0.06543778876
0.06543778876
0.06543778876
0.06552995466000001
0.06562212056000001
0.06571428646000001
0.06571428646000001
0.06571428646000001
0.06580645226000001
0.06580645226000001
0.06589861806000001
0.06589861806000001
0.06589861806000001
0.06608294986
0.06608294986
0.06608294986
0.06626728170000001
0.06626728170000001
0.06626728170000001
0.0663594477
0.0663594477
0.0663594477
0.0663594477
0.0663594477
0.0663594477
0.0663594477
0.0663594477
0.0663594477
0.0663594477
0.0663594477
0.0662672817
0.0662672817
0.0662672817
0.0662672817
0.0662672817
0.0662672817
0.0662672817
0.0662672817
0.0662672817
0.0662672817
0.0662672817
0.0662672817
0.0662672817
0.0662672817
0.0661751158
0.0661751158
0.06626728170000001
0.06626728170000001
0.06635944760000001
0.06635944760000001
0.06635944760000001
0.06635944760000001
0.06635944760000001
0.06635944760000001
0.06635944760000001
0.06635944760000001
0.06635944760000001
0.06635944760000001
0.06635944760000001
0.06635944760000001
0.06635944740000001
0.06635944740000001
0.06635944740000001
0.06635944740000001
0.06635944740000001
0.06645161320000001
0.06645161320000001
0.06645161320000001
0.06645161320000001
0.06654377920000001
0.06654377920000001
0.06654377920000001
0.06654377920000001
0.06654377920000001
0.06654377920000001
0.06654377920000001
0.06663594500000002
0.06663594500000002
0.06663594500000002
0.06654377920000001
0.06654377920000001
0.06654377920000001
0.06654377920000001
0.0666359452
0.0666359452
0.0666359452
0.0666359452
0.0666359452
0.0666359452
0.0666359452
0.0667281111
0.0667281111
0.0667281111
0.0667281111
0.0667281111
0.0667281111
0.0667281111
0.0667281111
0.0667281111
0.0667281111
0.0667281111
0.0667281111
0.0667281111
0.0667281111
0.0668202771
0.0668202771
0.0668202771
0.0668202771
0.0668202771
0.0668202771
0.0668202771
0.06691244290000001
0.06691244290000001
0.06691244290000001
0.06700460880000002
0.06709677470000001
0.06709677470000001
0.06709677470000001
0.06709677470000001
0.06709677470000001
0.06709677470000001
0.06718894050000002
0.06718894050000002
0.06718894050000002
0.06718894050000002
0.06718894050000002
0.06718894050000002
0.06718894050000002
0.06718894050000002
0.06728110640000003
0.06728110640000003
0.06728110640000003
0.06728110640000003
0.06718894060000002
0.06718894060000002
0.06718894060000002
0.06728110660000002
0.06728110660000002
0.06728110660000002
0.06728110660000002
0.06718894060000001
0.06718894060000001
0.06718894060000001
0.06718894060000001
0.06718894060000001
0.06718894060000001
0.06718894060000001
0.06718894060000001
0.06718894060000001
0.06718894060000001
0.06718894060000001
0.06718894060000001
0.06718894060000001
0.06718894060000001
0.06718894060000001
0.06718894060000001
0.06718894060000001
0.06718894060000001
0.06718894060000001
0.06728110640000001
0.06728110640000001
0.06728110640000001
0.06728110640000001
0.06728110640000001
0.06728110640000003
0.06728110640000003
0.06728110640000003
0.06718894050000002
0.06728110640000001
0.06728110640000001
0.06737327220000001
0.06746543810000001
0.06746543810000001
0.06746543810000001
0.06746543810000001
0.06746543810000001
0.06746543810000001
0.06746543810000001
0.06746543810000001
0.06755760390000001
0.06755760390000001
0.06755760390000001
0.06755760390000001
0.06755760390000001
0.06755760390000001
0.06755760390000001
0.06755760390000001
0.06746543800000002
0.06746543800000002
0.06746543800000002
0.06746543800000002
0.06746543800000002
0.06746543800000002
0.06746543800000002
0.06746543800000002
0.06746543800000002
0.06746543800000002
0.06746543800000002
0.06746543800000002
0.06746543800000002
0.06746543800000002
0.06746543800000002
0.06746543800000002
0.06746543800000002
0.06746543800000002
0.06746543800000002
0.06746543800000002
0.06746543800000002
0.06746543800000002
0.06746543800000002
0.06746543800000002
0.06746543800000002
0.06746543800000002
0.06746543800000002
0.06746543800000002
0.06746543800000002
0.06746543800000002
0.06746543800000002
0.06755760390000001
0.06755760390000001
0.06764976970000001
0.06764976970000001
0.06764976970000001
0.06764976970000001
0.06755760370000002
0.06755760370000002
0.06755760370000002
0.06755760370000002
0.06764976960000002
0.06774193560000001
0.06774193560000001
0.06774193560000001
0.06774193560000001
0.06783410150000001
0.06783410150000001
0.06792626730000001
0.06783410140000001
0.06783410140000001
0.06792626740000002
0.06792626740000002
0.06792626740000002
0.06792626740000002
0.06792626740000002
0.06792626740000002
0.06792626740000002
0.06792626740000002
0.06792626740000002
0.06792626740000002
0.06783410150000002
0.06792626750000003
0.06792626750000003
0.06792626750000003
0.06792626750000003
0.06792626750000003
0.06792626750000003
0.06792626750000003
0.06792626750000003
0.06792626750000003
0.06792626750000003
0.06792626750000003
0.06792626750000003
0.06792626750000003
0.06792626750000003
0.06801843330000003
0.06801843330000003
0.06801843330000003
0.06801843330000003
0.06801843330000003
0.06801843330000003
0.06801843330000003
0.06801843330000003
0.06801843330000003
0.06801843330000003
0.06801843330000003
0.06801843330000003
0.06801843330000003
0.06801843330000003
0.06801843330000003
0.06792626750000003
0.06801843340000002
0.06801843340000002
0.06801843340000002
0.06801843340000002
0.06801843340000002
0.06811059920000002
0.06811059920000002
0.06811059920000002
0.06811059920000002
0.06801843340000002
0.06801843340000002
0.06801843340000002
0.06801843340000002
0.06811059930000002
0.06801843350000002
0.06801843350000002
0.06801843350000002
0.06801843350000002
0.06801843350000002
0.06801843350000002
0.06811059940000003
0.06811059940000003
0.06811059940000003
0.06811059940000003
0.06801843350000003
0.06801843350000003
0.06801843350000003
0.06792626750000003
0.06792626750000003
0.06792626750000003
0.06801843330000003
0.06801843330000003
0.06801843330000003
0.06801843330000003
0.06801843330000003
0.06811059920000002
0.06811059920000002
0.06811059920000002
0.06811059920000002
0.06811059920000002
0.06811059920000002
0.06801843340000002
0.06792626750000003
0.06792626750000003
0.06792626750000003
0.06792626750000003
0.06792626750000003
0.06792626750000003
0.06792626750000003
0.06801843340000002
0.06801843340000002
0.06801843340000002
0.06801843340000002
0.06801843340000002
0.06801843340000002
0.06801843340000002
0.06801843340000002
0.06792626760000003
0.06792626760000003
0.06792626760000003
0.06792626760000003
0.06792626760000003
0.06792626760000003
0.06792626760000003
0.06801843350000002
0.06801843350000002
0.06811059940000001
0.06801843350000002
0.06820276520000002
0.06829493110000003
0.06829493110000003
0.06829493110000003
0.06829493110000003
0.06820276520000002
0.06820276520000002
0.06820276520000002
0.06820276520000002
0.06820276520000002
0.06829493120000002
0.06838709700000002
0.06838709700000002
0.06838709700000002
0.06838709700000002
0.06838709700000002
0.06838709700000002
0.06838709700000002
0.06838709700000002
0.06838709700000002
0.06847926300000003
0.06847926300000003
0.06847926300000003
0.06857142890000002
0.06857142890000002
0.06857142890000002
0.06866359470000002
0.06866359470000002
0.06866359470000002
0.06866359470000002
0.06866359470000002
0.06866359470000002
0.06866359470000002
0.06866359470000002
0.06866359470000002
0.06866359470000002
0.06866359470000002
0.06866359470000002
0.06866359470000002
0.06866359470000002
0.06866359470000002
0.06875576060000003
0.06875576060000003
0.06875576060000003
0.06875576060000003
0.06875576060000003
0.06875576060000003
0.06875576060000003
0.06875576060000003
0.06875576060000003
0.06875576060000003
0.06875576060000003
0.06875576060000003
0.06875576060000003
0.06875576060000003
0.06884792650000002
0.06884792650000002
0.06884792650000002
0.06884792650000002
0.06884792650000002
0.06894009240000003
0.06903225820000002
0.06912442410000001
0.06921659000000001
0.06921659000000001
0.069124424
0.069124424
0.069124424
0.069124424
0.069124424
0.069124424
0.069124424
0.069124424
0.06903225820000002
0.06903225820000002
