0.5590783515999999
0.3784331879999999
0.2935483918000001
0.21751152362000004
0.17142857384
0.15327189102
0.13631336554
0.1263594483
0.11612903309999999
0.10304147505999998
0.09419354912000001
0.08718894056000004
0.08073732788000001
0.07437788052000001
0.07161290344000001
0.06894009252000002
0.06709677452000001
0.06488479342000002
0.06276497766000003
0.06156682100000002
0.05972350294000002
0.059170507340000025
0.057695853200000015
0.056405530440000025
0.05594470062000001
0.05539170502000001
0.05511520750000001
0.05456221192000001
0.054285714240000005
0.053824884860000005
0.05364055327999999
0.05299539198000001
0.05253456248
0.05235023064
0.05207373284
0.051981567160000006
0.05235023076
0.05225806481999999
0.05207373302
0.05198156716
0.052165898960000005
0.0522580649
0.052258064820000005
0.05207373298000001
0.051981567080000006
0.051981567080000006
0.05188940118
0.05188940118
0.05198156708
0.05207373294
0.052165898880000006
0.05225806478000001
0.052258064740000006
0.0522580647
0.05271889408000001
0.052718894040000006
0.05281105994000001
0.05308755768
0.05308755768
0.05327188952000001
0.053548387220000014
0.053548387220000014
0.05382488492000001
0.054193548520000016
0.054285714500000026
0.05465437818000002
0.05493087588000003
0.055115207720000024
0.05520737348000004
0.05529953946000003
0.05566820288000003
0.05576036868000003
0.05585253458000003
0.056129032040000026
0.05631336384000003
0.05640552984000004
0.05649769570000004
0.05686635938000004
0.05695852528000004
0.057327188920000036
0.057327188920000036
0.057419354860000035
0.05741935494000004
0.05760368678000003
0.05760368678000003
0.05769585272000004
0.05778801862000004
0.05778801862000004
0.05797235042000004
0.05824884812000003
0.058525345760000035
0.05861751166000003
0.05861751166000003
0.058709677460000026
0.058709677460000026
0.05880184336000002
0.05898617512000001
0.05926267288000002
0.05935483878000001
0.05963133638000001
0.059723502280000014
0.059907834080000014
0.059907834080000014
0.06018433178
0.060276497680000006
0.06036866358000001
0.060645161220000014
0.06082949292000001
0.06110599052000001
0.06129032222000001
0.061382488160000005
0.061382488160000005
0.06147465406
0.061658985900000005
0.06184331774
0.06193548368000001
0.06193548368000001
0.062027649580000024
0.06211981548000003
0.06221198138000003
0.06230414718000003
0.06258064468000003
0.06258064468000003
0.06267281058000003
0.06276497638000005
0.06285714224000004
0.06294930804000004
0.06304147384000004
0.06313363964000004
0.06331797144000005
0.06331797144000005
0.06331797144000005
0.06341013724000004
0.06341013724000004
0.06350230304000004
0.06350230304000004
0.06359446894000005
0.06359446894000005
0.06359446894000005
0.06368663484000005
0.06387096664000005
0.06414746414000004
0.06405529834000005
0.06405529834000005
0.06414746428000004
0.06423963018000003
0.06423963018000003
0.06423963018000003
0.06433179608000003
0.06451612788000004
0.06451612788000004
0.06451612788000004
0.06460829368000004
0.06460829368000004
0.06470045968000003
0.06479262548000003
0.06479262548000003
0.06479262548000003
0.06479262548000003
0.06488479138000003
0.06488479138000003
0.06488479138000003
0.06488479138000003
0.06488479138000003
0.06497695738000003
0.06497695738000003
0.06497695738000003
0.06497695738000003
0.06506912332000003
0.06516128912000003
0.06516128912000003
0.06525345492000004
0.06543778666000004
0.06543778666000004
0.06543778666000004
0.06543778666000004
0.06543778666000004
0.06543778666000004
0.06543778666000004
0.06543778666000004
0.06543778666000004
0.06543778666000004
0.06543778666000004
0.06552995256000003
0.06552995256000003
0.06552995256000003
0.06552995256000003
0.06552995256000003
0.06562211846000003
0.06552995256000002
0.06552995256000002
0.06552995256000002
0.06552995256000002
0.06562211846000003
0.06562211846000003
0.06562211846000003
0.06562211846000003
0.06562211846000003
0.06562211846000003
0.06562211846000003
0.06562211846000003
0.06571428426000003
0.06562211836000004
0.06562211836000004
0.06562211836000004
0.06562211836000004
0.06562211836000004
0.06571428426000003
0.06571428426000003
0.06571428426000003
0.06571428426000003
0.06571428426000003
0.06571428426000003
0.06571428426000003
0.06571428426000003
0.06571428426000003
0.06571428426000003
0.06571428426000003
0.06580645006000004
0.06589861606000004
0.06589861606000004
0.06589861606000004
0.06589861606000004
0.06589861606000004
0.06599078206000004
0.06617511386000002
0.06617511386000002
0.06617511382000003
0.06617511382000003
0.06617511382000003
0.06617511382000003
0.06608294802000003
0.06599078202000003
0.06599078202000003
0.06608294792000002
0.06608294792000002
0.06599078212000002
0.06589861622000001
0.06599078222000002
0.06599078222000002
0.06599078222000002
0.06599078222000002
0.06608294802000002
0.06608294802000002
0.06608294802000002
0.06608294802000002
0.06608294802000002
0.06608294802000002
0.06608294802000002
0.06608294802000002
0.06599078212000002
0.06599078212000002
0.06589861622000003
0.06589861622000003
0.06589861622000003
0.06599078202000003
0.06599078202000003
0.06589861622000003
0.06589861622000003
0.06589861622000003
0.06589861622000003
0.06580645032000003
0.06580645032000003
0.06580645032000003
0.06580645032000003
0.06580645032000003
0.06571428432000002
0.06552995252000003
0.06552995252000003
0.06552995252000003
0.06552995252000003
0.06552995252000003
0.06543778672000003
0.06543778672000003
0.06543778672000003
0.06543778672000003
0.06543778672000003
0.06543778672000003
0.06543778672000003
0.06543778672000003
0.06543778672000003
0.06543778672000003
0.06543778672000003
0.06543778672000003
0.06552995252000003
0.06562211832000003
0.06552995252000003
0.06525345478000004
0.06525345478000004
0.06525345478000004
0.06525345478000004
0.06525345478000004
0.06525345478000004
0.06525345478000004
0.06525345478000004
0.06525345478000004
0.06506912318000004
0.06506912318000004
0.06506912318000004
0.06497695738000003
0.06497695738000003
0.06497695738000003
0.06497695738000003
0.06497695738000003
0.06488479148000004
0.06488479148000004
0.06488479148000004
0.06488479148000004
0.06488479148000004
0.06488479148000004
0.06488479148000004
0.06488479148000004
0.06488479148000004
0.06488479148000004
0.06488479148000004
0.06470045988000002
0.06470045988000002
0.06470045988000002
0.06460829398000004
0.06470045992000002
0.06460829398000004
0.06470045988000003
0.06479262578000004
0.06479262578000004
0.06479262578000004
0.06488479158000005
0.06488479158000005
0.06479262568000003
0.06479262568000003
0.06479262568000003
0.06479262568000003
0.06479262568000003
0.06479262568000003
0.06479262568000003
0.06470045978000004
0.06470045978000004
0.06470045978000004
0.06470045978000004
0.06470045978000004
0.06470045978000004
0.06470045978000004
0.06470045978000004
0.06479262568000003
0.06479262568000003
0.06479262568000003
0.06488479158000002
0.06497695758000002
0.06497695758000002
0.06497695758000002
0.06488479158000002
0.06497695738000003
0.06497695738000003
0.06497695738000003
0.06497695738000003
0.06497695738000003
0.06497695738000003
0.06497695738000003
0.06497695738000003
0.06497695738000003
0.06488479148000002
0.06488479148000002
0.06488479148000002
0.06488479148000002
0.06488479148000002
0.06470045978000001
0.06451612808000001
0.06451612808000001
0.06451612808000001
0.06451612808000001
0.06470045982000001
0.06460829402000001
0.06460829402000001
0.06460829402000001
0.06451612812000002
0.06451612812000002
0.06451612812000002
0.06451612812000002
0.06451612812000002
0.06451612812000002
0.06451612812000002
0.06451612812000002
0.06460829402000001
0.06460829402000001
0.06460829402000001
0.06460829402000001
0.06460829402000001
0.06460829402000001
0.06460829402000001
0.06460829402000001
0.06460829402000001
0.06460829402000001
0.06451612808000001
0.06451612808000001
0.06451612808000001
0.06451612808000001
0.06451612808000001
0.06451612808000001
0.06460829398000001
0.06460829398000001
0.06460829398000001
0.06470045988000002
0.06460829398000002
0.06451612808000003
0.06460829398000002
0.06460829398000002
0.06460829398000002
0.06460829398000002
0.06460829398000002
0.06460829398000002
0.06460829398000002
0.06460829398000002
0.06460829398000002
0.06442396238000002
0.06442396238000002
0.06442396238000002
0.06442396238000002
0.06442396238000002
0.06451612818000002
0.06451612818000002
0.06451612818000002
0.06451612818000002
0.06451612818000002
0.06460829418000003
0.06460829418000003
0.06460829418000003
0.06460829418000003
0.06460829418000003
0.06460829418000003
0.06460829418000003
0.06460829418000003
0.06451612838000002
0.06442396258000001
0.06442396258000001
0.06442396258000001
0.06442396258000001
0.06442396258000001
0.06442396258000001
0.06442396258000001
0.06433179668000003
0.06423963078000001
0.06423963078000001
0.06423963078000001
0.06405529898000002
0.06405529898000002
0.06405529898000002
0.06396313318000002
0.06387096728000001
0.06387096728000001
0.06377880138000001
0.06359446958000001
0.06368663548
0.06368663548
0.06368663548
0.06368663548
0.06368663548
0.06368663548
0.06368663548
0.06368663548
0.06359446958000001
0.06350230368000002
0.06350230368000002
0.06350230368000002
0.06350230368000002
0.06359446958000001
0.06359446958000001
0.06359446958000001
0.06359446958000001
0.06359446958000001
0.06359446958000001
0.06359446958000001
0.06350230368000002
0.06341013788000001
0.06341013788000001
0.06341013788000001
0.06341013788000001
0.06331797188000002
0.06331797188000002
0.06322580598000001
0.06322580598000001
0.06322580598000001
0.06322580598000001
0.06322580598000001
0.06313364008000001
0.06304147428000002
0.06294930838000003
0.06285714258000002
0.06285714258000002
0.06285714258000002
0.06294930848000002
0.06294930848000002
0.06294930848000002
0.06294930848000002
0.06285714268000002
0.06276497688000002
0.06276497688000002
0.06267281108000002
0.06267281108000002
0.06258064528000001
0.06258064528000001
0.06258064528000001
0.06267281122000001
0.06267281122000001
0.06267281122000001
0.06267281122000001
0.06267281122000001
0.06267281122000001
0.06267281122000001
0.06267281122000001
0.06248847922000001
0.06248847922000001
0.06248847922000001
0.06239631342000001
0.06248847932000001
0.06248847932000001
0.06248847932000001
0.06248847932000001
0.06248847932000001
0.062396313420000016
0.062396313420000016
0.062396313420000016
0.062396313420000016
0.062396313420000016
0.062396313420000016
0.062396313420000016
0.062396313420000016
0.062396313420000016
0.062396313420000016
0.062396313420000016
0.062396313420000016
0.062396313420000016
0.062396313420000016
0.062396313420000016
0.062396313420000016
0.06248847932000002
0.06248847932000002
0.06248847932000002
0.06248847932000002
0.06248847932000002
0.06248847932000002
0.06248847932000002
0.06248847932000002
0.06248847932000002
0.06248847932000002
0.06248847932000002
0.06248847932000002
0.062396313420000016
0.06248847932000002
0.06248847932000002
0.06248847932000002
0.06248847932000002
0.06239631352000002
0.06239631352000002
0.06239631352000002
0.06239631352000002
0.06239631352000002
0.06239631352000002
0.06239631352000002
0.06239631352000002
0.06239631352000002
0.06239631352000002
0.06239631352000002
0.06239631352000002
0.06239631352000002
0.06239631352000002
0.06239631352000002
0.06239631352000002
0.06239631352000002
0.06239631352000002
0.06239631352000002
0.06239631352000002
0.06239631352000002
0.06239631352000002
0.06239631352000002
0.06239631352000002
0.06239631352000002
0.062304147620000014
0.062304147620000014
0.062304147620000014
0.062304147620000014
0.062304147620000014
0.062304147620000014
0.062304147620000014
0.062304147620000014
0.062304147620000014
0.062304147620000014
0.062304147620000014
0.062304147620000014
0.062211981680000014
0.062211981680000014
0.062211981680000014
0.062211981680000014
0.062211981680000014
0.062211981680000014
0.062211981680000014
0.062211981680000014
0.062211981680000014
0.062211981680000014
0.062304147620000014
0.062211981680000014
0.062211981680000014
0.062211981680000014
0.062211981680000014
0.062211981680000014
0.062211981680000014
0.06211981578000001
0.06211981578000001
0.06202764978000001
0.06202764978000001
0.06202764978000001
0.06202764978000001
0.06202764978000001
0.06202764978000001
0.06202764978000001
0.062119815580000015
0.062119815580000015
0.062119815580000015
0.062119815580000015
0.06202764968000001
0.06202764968000001
0.061935483780000015
0.061935483780000015
0.06202764968000001
0.06202764968000001
0.06202764968000001
0.06184331788000001
0.06184331788000001
0.06184331788000001
0.06184331788000001
0.06184331788000001
0.06184331788000001
0.06184331788000001
0.06184331788000001
0.06184331788000001
0.06184331788000001
0.06184331788000001
0.06184331788000001
0.061935483780000015
0.061935483780000015
0.061935483780000015
0.061935483780000015
0.061935483780000015
0.061935483780000015
0.061935483780000015
0.061843317980000014
0.061843317980000014
0.061843317980000014
0.061843317980000014
0.061843317980000014
0.061843317980000014
0.061843317980000014
0.061843317980000014
0.061843317980000014
0.061843317980000014
0.061843317980000014
0.06175115218000001
0.061658986280000015
0.061658986280000015
0.061658986280000015
0.06156682038000001
0.06156682038000001
0.06156682038000001
0.06156682038000001
0.06165898628000001
0.06165898628000001
0.061566820480000006
0.061566820480000006
0.061566820480000006
0.061566820480000006
0.06147465468
0.06147465468
0.06147465468
0.061382488879999995
0.061382488879999995
0.061382488879999995
0.06147465478
0.06147465478
0.06147465478
0.06147465478
0.06147465478
0.06138248888
0.06138248888
0.06138248888
0.06138248888
0.06138248888
0.06138248888
0.06138248888
0.06138248888
0.06138248888
0.06138248888
0.06138248888
0.06138248888
0.06138248888
0.061474654780000006
0.061474654780000006
0.061474654780000006
0.06165898662000001
0.06165898662000001
0.06165898662000001
0.06165898662000001
0.06165898662000001
0.06165898662000001
0.061566820720000005
0.061566820720000005
0.061566820720000005
0.061566820720000005
0.061566820720000005
0.06147465482
0.06147465482
0.06147465482
0.06147465482
0.06156682062
0.06156682062
0.06156682062
0.061474654719999994
0.061474654719999994
0.061474654719999994
0.061474654719999994
0.061474654719999994
0.06156682072
0.06156682072
0.06156682072
0.06156682072
0.06156682072
0.06156682072
0.06156682072
0.06156682072
0.06165898652
0.06165898652
0.06147465482
0.06147465482
0.06147465482
0.06147465482
0.06147465482
0.06147465482
0.06147465482
0.06147465482
0.06147465482
0.06147465482
0.06147465482
0.06147465482
0.06147465482
0.06147465482
0.06147465482
0.06147465482
0.06156682072
0.06156682072
0.06156682072
0.06156682072
0.06156682072
0.06156682072
0.06156682072
0.06156682072
0.06156682072
0.06156682072
0.06165898662
0.06165898662
0.06156682072
0.06165898662
0.06165898662
0.06165898662
0.06165898662
0.06165898662
0.06165898662
0.06165898662
0.06165898662
0.061566820679999995
0.061566820679999995
0.06165898662
0.06165898662
0.06165898662
0.06175115251999999
0.06165898662
0.06165898662
0.06156682076
0.06156682076
0.06156682076
0.06156682076
0.06156682076
0.06156682076
0.06156682076
0.06156682076
0.06156682076
0.06156682076
0.06156682076
0.06156682076
0.06156682076
0.06156682076
0.06156682076
0.06156682076
0.06156682076
0.061474654860000005
0.061474654860000005
0.06156682076000001
0.061658986760000006
0.061658986760000006
0.061658986760000006
0.061658986760000006
0.061658986760000006
0.061658986760000006
0.061658986760000006
0.06156682076
0.06156682076
0.06156682076
0.06156682076
0.06156682076
0.061751152559999994
0.061751152559999994
0.06175115246
0.06175115246
0.06175115246
0.06175115246
0.06175115246
0.06175115246
0.06175115246
0.06184331846
0.06184331846
0.06184331846
0.06184331846
0.06184331846
0.06184331846
0.06184331846
0.06184331846
0.06193548426000001
0.06193548426000001
0.06193548426000001
0.06193548426000001
0.06193548426000001
0.06193548426000001
0.06193548426000001
0.06193548426000001
0.06175115246000001
0.06175115246000001
0.06175115246000001
0.06175115246000001
0.06175115246000001
0.06165898666000001
0.06165898666000001
0.06165898666000001
0.061566820760000016
0.061566820760000016
0.061474654860000026
0.061474654860000026
0.061474654860000026
0.061474654860000026
0.061474654860000026
0.061474654860000026
0.061474654860000026
0.06138248886000002
0.06138248886000002
0.06138248886000002
0.06138248886000002
0.06129032296000002
0.06129032296000002
0.06138248886000002
0.06138248886000002
0.06138248886000002
0.06138248886000002
0.06138248886000002
0.06129032296000002
0.06119815706000002
0.06119815706000002
0.06119815706000002
0.06119815706000002
0.06119815706000002
0.06119815706000002
0.06119815706000002
0.06119815706000002
0.06119815706000002
0.06119815706000002
0.06119815706000002
0.06129032296000002
0.06129032296000002
0.06129032296000002
0.06129032296000002
0.06129032296000002
0.06119815706000002
0.06119815706000002
0.06119815706000002
0.06119815706000002
0.06119815706000002
0.06119815706000002
0.06119815706000002
0.06119815706000002
0.06129032296000002
0.06129032296000002
0.06129032296000002
0.06119815702000002
0.06119815702000002
0.06119815702000002
0.06110599112000003
0.06110599112000003
0.06110599112000003
0.06110599112000003
0.06110599112000003
0.06110599112000003
0.06110599112000003
0.06110599112000003
0.06110599112000003
0.06110599112000003
0.06110599112000003
0.06110599112000003
0.06119815698000003
0.06119815698000003
0.06119815698000003
0.06119815698000003
0.06119815698000003
0.06129032292000002
0.06129032292000002
0.061382488820000025
0.061382488820000025
0.061382488820000025
0.06129032292000002
0.06129032292000002
0.06138248872000003
0.06138248872000003
0.06138248872000003
0.06138248872000003
0.06138248872000003
0.06138248872000003
0.06129032282000003
0.06129032282000003
0.06129032282000003
0.06129032282000003
0.06129032282000003
0.061198156920000024
0.061198156920000024
0.06129032282000003
0.06129032282000003
0.06138248872000003
0.061566820420000036
0.061566820420000036
0.06165898642000003
0.061566820480000034
0.06165898648000003
0.06165898648000003
0.06184331822000003
0.06184331822000003
0.06184331822000003
0.06175115232000003
0.06175115232000003
0.06175115232000003
0.061843318320000035
0.061843318320000035
0.061843318320000035
0.061843318320000035
0.061843318320000035
0.061843318320000035
0.061843318320000035
0.061843318320000035
0.061843318320000035
0.061843318320000035
0.061843318320000035
0.061843318320000035
0.061843318320000035
0.061843318320000035
0.061843318320000035
0.061843318320000035
0.061843318320000035
0.061843318320000035
0.061843318320000035
0.061843318320000035
0.061843318320000035
0.061843318320000035
0.06193548422000004
0.06202765022000003
0.061935484420000034
0.061935484420000034
0.061935484420000034
0.062027650220000036
0.062027650220000036
0.062027650220000036
0.062027650220000036
0.062027650220000036
0.062027650220000036
0.062027650220000036
0.062027650220000036
0.062027650220000036
0.06211981612000003
0.06211981612000003
0.06211981612000003
0.062211981920000034
0.062211981920000034
0.06230414782000003
0.06230414782000003
0.06230414782000003
0.06230414782000003
0.06230414782000003
0.062396313820000035
0.062396313820000035
0.062396313820000035
0.06230414792000004
0.06211981612000004
0.06211981612000004
0.06211981612000004
0.06211981612000004
0.06211981612000004
0.06211981612000004
0.06211981612000004
0.06211981612000004
0.062027650180000046
0.061935484380000044
