0.5094009294
0.40248848259999986
0.3529032281999999
0.31474654672
0.28018433379999996
0.24718894271999997
0.20451612834000002
0.17990783374000002
0.16073732822
0.14949308828
0.13926267398000003
0.13262672982000004
0.12949308798000003
0.12552995466000003
0.12258064650000002
0.12027649909999999
0.11834101546000003
0.11539170646000002
0.11327189048000007
0.11069124532000002
0.10894009352000003
0.10783410220000005
0.10589861800000003
0.10525345688000004
0.10414746568000002
0.10267281204000005
0.10221198224000004
0.10092165972000004
0.09972350302000005
0.09889401014000004
0.09797235156000003
0.09658986276000002
0.09520737456000003
0.09391705162000001
0.09253456288
0.09133640608
0.09023041475999999
0.08894009291999999
0.08783410172
0.08718894072
0.08589861833999998
0.08479262733999998
0.08396313441999999
0.0828571434
0.08147465522000001
0.08036866446000002
0.07990783512
0.07907834202000001
0.07815668322000004
0.07778801912000002
0.07705069206000004
0.07603686752000004
0.07520737408000003
0.07447004692000002
0.07382488572000001
0.07308755842000002
0.07262672858000002
0.07216589868000002
0.07188940108000001
0.07152073762000001
0.07059907854000003
0.06976958560000003
0.06894009270000002
0.06820276510000003
0.06728110606000003
0.06635944750000003
0.06589861786000004
0.06506912466000003
0.06451612926000003
0.06414746548000001
0.06350230414000001
0.06276497694000001
0.062396313240000015
0.06193548384000002
0.06147465440000002
0.06101382490000003
0.06064516146000003
0.06046082960000002
0.059815668280000026
0.05953917032000003
0.05889400914000002
0.058525345600000014
0.05834101390000002
0.05797235030000004
0.05769585270000003
0.05714285722000004
0.05686635956000004
0.056497696000000035
0.05622119840000003
0.055944700720000025
0.05576036872000002
0.05557603696000002
0.05493087558000002
0.054470046100000016
0.054101382540000006
0.0541013825
0.0537327189
0.0537327189
0.05364055304
0.053271889520000004
0.05317972376000001
0.05290322610000001
0.05262672832000002
0.05253456242000002
0.05244239656000002
0.05235023052000001
0.05216589872000002
0.051797234980000016
0.05152073732000002
0.05152073742000002
0.051428571520000015
0.05161290332000001
0.05170506918000001
0.05161290328000002
0.051428571440000015
0.051428571440000015
0.05124423964000001
0.05105990790000001
0.05096774196000001
0.05096774196000001
0.050967741920000004
0.05059907840000001
0.050783410060000006
0.05078341012000001
0.05078341012000001
0.050967742020000005
0.050783410300000005
0.050783410300000005
0.05078341022000001
0.05069124422000001
0.05059907842000001
0.05050691256000001
0.05050691256000001
0.05050691256000001
0.050322580760000006
0.05050691260000001
0.050414746700000006
0.05004608314
0.05004608314
0.0499539172
0.04986175126
0.04986175126
0.04986175130000001
0.04976958544000001
0.04976958544000001
0.04967741950000001
0.04958525364000001
0.04958525364000001
0.049493087740000004
0.049308756020000004
0.049308756020000004
0.049308756020000004
0.049308756020000004
0.049308756020000004
0.049124424220000004
0.049124424220000004
0.049124424220000004
0.049124424220000004
0.049124424220000004
0.04903225832
0.04912442418
0.049124424220000004
0.04903225832
0.04903225832
0.04903225832
0.04903225832
0.04903225832
0.04903225832
0.04894009242000001
0.04894009242000001
0.04884792656000001
0.04884792656000001
0.048755760620000005
0.048663594760000005
0.048663594760000005
0.048663594760000005
0.048663594760000005
0.048663594760000005
0.048755760620000005
0.048755760620000005
0.048847926480000005
0.04884792652000001
0.04884792652000001
0.04875576066000001
0.04884792652000001
0.04884792652000001
0.04884792652000001
0.048847926480000005
0.048847926480000005
0.048847926480000005
0.048940092340000005
0.048940092340000005
0.048940092340000005
0.048940092340000005
0.048940092340000005
0.049032258200000005
0.049032258200000005
0.049032258200000005
0.048940092260000005
0.048847926400000005
0.048847926400000005
0.048847926400000005
0.0487557605
0.0487557605
0.04866359456
0.04866359456
0.04866359456
0.0487557605
0.0487557605
0.0487557605
0.0487557605
0.0487557605
0.04866359456
0.04866359456
0.04866359456
0.04866359456
0.04866359456
0.04866359456
0.04866359456
0.04838709690000001
0.04838709690000001
0.04838709690000001
0.0482027651
0.0482027651
0.0482027651
0.0482027651
0.0482027651
0.0482027651
0.048110599159999996
0.048110599159999996
0.048202765019999996
0.048202765019999996
0.048110599159999996
0.04820276506
0.04829493092
0.04820276497999999
0.04820276497999999
0.04820276497999999
0.04820276497999999
0.04820276497999999
0.04820276497999999
0.04820276497999999
0.04820276497999999
0.04820276497999999
0.04820276497999999
0.04820276497999999
0.04820276497999999
0.04820276497999999
0.04820276497999999
0.04820276506
0.04820276506
0.048110599159999996
0.048110599159999996
0.048294931000000006
0.048294931000000006
0.048294931000000006
0.04820276506000001
0.04829493092000001
0.04829493092000001
0.048387096780000007
0.048387096780000007
0.04857142858000001
0.04866359444000001
0.04866359444000001
0.04866359444000001
0.04866359444000001
0.04866359444000001
0.04866359444000001
0.04866359444000001
0.04866359444000001
0.04866359444000001
0.04866359444000001
0.04875576030000001
0.04875576030000001
0.04875576030000001
0.04875576030000001
0.04875576030000001
0.04875576030000001
0.04875576030000001
0.04875576030000001
0.04875576030000001
0.04875576030000001
0.04875576030000001
0.04894009202000001
0.04903225796000001
0.049124423860000016
0.049124423860000016
0.049124423860000016
0.049124423860000016
0.049124423860000016
0.049124423860000016
0.049124423860000016
0.049124423860000016
0.049124423860000016
0.049124423860000016
0.04921658980000001
0.04921658980000001
0.04921658980000001
0.04930875566000001
0.04949308750000001
0.04949308750000001
0.04940092164000001
0.049493087540000015
0.04958525348000001
0.04958525348000001
0.04967741934000001
0.04967741934000001
0.04967741934000001
0.04967741934000001
0.04967741934000001
0.049769585240000004
0.049953917080000014
0.049953917080000014
0.049953917080000014
0.049953917080000014
0.049953917080000014
0.05004608298000002
0.05004608298000002
0.05013824892000002
0.05013824892000002
0.05013824892000002
0.05013824892000002
0.05013824892000002
0.05013824892000002
0.05013824892000002
0.05023041482000002
0.05023041482000002
0.05032258068000002
0.05032258068000002
0.05032258068000002
0.05032258068000002
0.05032258068000002
0.05041474658000001
0.05041474658000001
0.05041474658000001
0.05041474658000001
0.05050691244000001
0.05050691244000001
0.050599078380000016
0.050691244320000016
0.050691244320000016
0.05059907838000001
0.05059907838000001
0.05059907838000001
0.05078341014000001
0.05087557608000001
0.05087557608000001
0.05087557608000001
0.05087557608000001
0.050967741940000005
0.05115207370000001
0.051244239600000005
0.051244239600000005
0.051244239600000005
0.051244239600000005
0.051244239600000005
0.051244239600000005
0.051336405460000005
0.051336405460000005
0.0516129032
0.051889400940000004
0.051889400940000004
0.051797235080000004
0.051797235080000004
0.051889400940000004
0.051981566800000004
0.051797235000000004
0.051797235000000004
0.051797235000000004
0.051889400860000004
0.0521658986
0.05225806454000001
0.05225806454000001
0.05235023044
0.05235023044
0.05235023044
0.05235023044
0.05244239638
0.05244239638
0.05244239638
0.05244239638
0.05244239638
0.05244239638
0.05244239638
0.05244239638
0.05244239638
0.05244239638
0.05244239638
0.052534562320000006
0.05262672822000001
0.05271889408000001
0.05271889408000001
0.05271889408000001
0.05281105994000001
0.05281105994000001
0.05281105994000001
0.05281105994000001
0.05281105986000001
0.05281105986000001
0.052903225760000006
0.05299539166000001
0.05299539166000001
0.053087557600000015
0.053271889360000005
0.053271889360000005
0.053271889360000005
0.053271889360000005
0.053271889360000005
0.053271889360000005
0.05336405526000001
0.05345622112000001
0.05345622112000001
0.05345622112000001
0.05354838692
0.05354838692
0.05364055286000001
0.05364055286000001
0.05364055286000001
0.05364055286000001
0.05364055286000001
0.05373271872000001
0.05382488458000001
0.05382488458000001
0.05382488458000001
0.05382488458000001
0.05391705044000001
0.05391705044000001
0.05400921638000001
0.05400921638000001
0.05400921638000001
0.05410138228000001
0.05410138228000001
0.05410138228000001
0.054193548220000005
0.054193548220000005
0.054193548220000005
0.05428571416000001
0.05428571416000001
0.05428571416000001
0.054377880060000015
0.054377880060000015
0.05447004596000002
0.05456221182000002
0.05456221182000002
0.05456221182000002
0.05456221182000002
0.05456221182000002
0.05456221182000002
0.05456221182000002
0.05456221182000002
0.05456221182000002
0.05483870960000001
0.05483870960000001
0.05483870960000001
0.05483870960000001
0.05483870960000001
0.05483870960000001
0.05493087554000001
0.05493087554000001
0.05502304144000001
0.05502304144000001
0.05502304144000001
0.05511520738000002
0.05511520738000002
0.05511520738000002
0.05511520738000002
0.05511520738000002
0.05520737332000001
0.055299539220000006
0.055391705160000006
0.05548387106000001
0.05557603696000001
0.05557603696000001
0.05557603696000001
0.055668202860000016
0.055668202860000016
0.05576036880000001
0.05576036880000001
0.05585253460000002
0.05585253460000002
0.05585253460000002
0.05585253460000002
0.05585253460000002
0.05585253460000002
0.05585253460000002
0.05585253460000002
0.05585253460000002
0.05585253460000002
0.05585253460000002
0.05585253460000002
0.05585253460000002
0.05585253460000002
0.05594470046000002
0.05594470046000002
0.05594470046000002
0.05594470046000002
0.05594470046000002
0.05594470046000002
0.05594470046000002
0.05594470046000002
0.05603686636000001
0.056129032300000006
0.056129032300000006
0.056129032300000006
0.056129032300000006
0.056129032300000006
0.05631336410000001
0.05631336410000001
0.05640553004000001
0.05640553004000001
0.05640553004000001
0.05640553004000001
0.05640553004000001
0.056497695840000015
0.05658986178000002
0.05658986178000002
0.05658986178000002
0.056497695880000025
0.056497695880000025
0.056497695880000025
0.056589861740000025
0.056589861740000025
0.056682027680000024
0.056682027680000024
0.056682027680000024
0.056682027680000024
0.056682027680000024
0.056682027680000024
0.056682027680000024
0.056682027680000024
0.056682027680000024
0.056682027680000024
0.056682027680000024
0.056866359520000014
0.056958525320000016
0.056958525320000016
0.056958525320000016
0.056958525320000016
0.056958525320000016
0.056958525320000016
0.056958525320000016
0.056958525320000016
0.056958525320000016
0.056958525320000016
0.056958525320000016
0.056958525320000016
0.056958525320000016
0.056958525320000016
0.056958525320000016
0.056958525320000016
0.056958525320000016
0.056958525320000016
0.056958525320000016
0.05705069126000002
0.05705069126000002
0.05705069126000002
0.05705069126000002
0.05705069126000002
0.05705069126000002
0.05705069126000002
0.05705069126000002
0.05705069126000002
0.05705069126000002
0.05705069126000002
0.05714285720000003
0.05714285720000003
0.05714285720000003
0.05714285720000003
0.05714285720000003
0.05723502310000003
0.05723502310000003
0.05723502310000003
0.05723502310000003
0.05723502310000003
0.05723502310000003
0.05723502310000003
0.05723502310000003
0.05723502310000003
0.05732718900000003
0.05741935490000003
0.05741935490000003
0.05741935490000003
0.05751152076000003
0.05751152076000003
0.05751152076000003
0.05751152076000003
0.05760368670000004
0.05760368670000004
0.05760368670000004
0.05760368670000004
0.05760368670000004
0.05769585260000003
0.05769585260000003
0.05769585260000003
0.057788018500000024
0.057788018500000024
0.057788018500000024
0.057788018500000024
0.057788018500000024
0.057788018500000024
0.057788018500000024
0.05788018440000003
0.05788018440000003
0.05788018440000003
0.05788018440000003
0.05788018440000003
0.05797235030000003
0.05797235030000003
0.05806451620000003
0.05806451620000003
0.05806451620000003
0.05806451620000003
0.05806451620000003
0.05806451620000003
0.05806451620000003
0.05806451620000003
0.05806451620000003
0.05806451620000003
0.05815668214000002
0.05815668214000002
0.05815668214000002
0.05815668214000002
0.05815668214000002
0.05824884794000003
0.05824884794000003
0.05824884794000003
0.05824884794000003
0.05824884794000003
0.05824884794000003
0.05834101384000003
0.05834101384000003
0.058433179740000035
0.058433179740000035
0.058433179740000035
0.058433179740000035
0.058525345680000035
0.058525345680000035
0.058525345680000035
0.058525345680000035
0.058525345680000035
0.058525345680000035
0.058525345680000035
0.058525345680000035
0.058525345680000035
0.058525345680000035
0.05861751158000003
0.05861751158000003
0.058709677480000035
0.058709677480000035
0.058709677480000035
0.058709677480000035
0.058709677480000035
0.058709677480000035
0.058709677480000035
0.058709677480000035
0.058709677480000035
0.058709677480000035
0.058709677480000035
0.058709677480000035
0.058709677480000035
0.058709677480000035
0.058709677480000035
0.058801843420000034
0.058801843420000034
0.05889400932000004
0.05889400932000004
0.05889400932000004
0.05889400932000004
0.05889400932000004
0.05898617522000003
0.05898617522000003
0.05898617522000003
0.05898617522000003
0.05898617522000003
0.05898617522000003
0.05898617522000003
0.05898617522000003
0.05898617522000003
0.05898617522000003
0.05898617522000003
0.05898617522000003
0.05898617522000003
0.05898617522000003
0.05917050702000002
0.05917050702000002
0.05926267292000002
0.05926267292000002
0.059354838820000026
0.059354838820000026
0.059354838820000026
0.059354838820000026
0.05953917062000001
0.05953917062000001
0.05953917062000001
0.05953917062000001
0.05953917062000001
0.05953917062000001
0.05953917062000001
0.05953917062000001
0.05953917062000001
0.05953917062000001
0.05953917062000001
0.05953917062000001
0.059447004720000016
0.059447004720000016
0.059447004720000016
0.059447004720000016
0.059447004720000016
0.059447004720000016
0.059447004720000016
0.059447004720000016
0.059447004720000016
0.05963133652000002
0.05963133652000002
0.05963133652000002
0.05963133652000002
0.05963133652000002
0.059723502420000026
0.059723502420000026
0.059723502420000026
0.059723502420000026
0.059723502420000026
0.059723502420000026
0.05981566832000003
0.05981566832000003
0.05981566832000003
0.05981566832000003
0.05981566832000003
0.05981566832000003
0.05981566832000003
0.05990783422000003
0.05990783422000003
0.05990783422000003
0.05990783422000003
0.05990783422000003
0.06000000012000003
0.06000000012000003
0.06000000012000003
0.06000000012000003
0.06000000012000003
0.06000000012000003
0.06000000012000003
0.06000000012000003
0.06000000012000003
0.06000000012000003
0.06009216606000003
0.06018433200000002
0.06018433200000002
0.06018433200000002
0.06018433200000002
0.06018433200000002
0.06018433200000002
0.06018433200000002
0.06027649780000002
0.06027649780000002
0.06027649780000002
0.06027649780000002
0.06036866374000002
0.06036866374000002
0.06036866374000002
0.06036866374000002
0.06036866374000002
0.06036866374000002
0.06036866374000002
0.06036866374000002
0.06036866374000002
0.06036866374000002
0.06036866374000002
0.06036866374000002
0.06036866374000002
0.06036866374000002
0.060460829540000025
0.060460829540000025
0.060460829540000025
0.060460829540000025
0.060460829540000025
0.060460829540000025
0.06055299544000002
0.06064516124000002
0.06064516124000002
0.06073732704000003
0.06073732704000003
0.06073732704000003
0.06073732704000003
0.06073732704000003
0.06073732704000003
0.06073732704000003
0.06073732704000003
0.06073732704000003
0.06073732704000003
0.06073732704000003
0.060829492940000035
0.060921658840000024
0.060921658840000024
0.060921658840000024
0.061013824640000026
0.061013824640000026
0.061013824640000026
0.061013824640000026
0.061013824640000026
0.06110599044000002
0.06110599044000002
0.06119815624000003
0.06119815624000003
0.06119815624000003
0.06119815624000003
0.06119815624000003
0.06119815624000003
0.06119815624000003
0.06119815624000003
0.06119815624000003
0.06119815624000003
0.06119815624000003
0.06119815624000003
0.06129032218000002
0.06129032218000002
0.06129032218000002
0.06129032218000002
0.06129032218000002
0.06129032218000002
0.06129032218000002
0.06129032218000002
0.06129032218000002
0.06129032218000002
0.06129032218000002
0.06129032218000002
0.06129032218000002
0.06129032218000002
0.06129032218000002
0.06129032218000002
0.06138248798000002
0.06138248798000002
0.06147465388000002
0.06147465388000002
0.06147465388000002
0.06147465388000002
0.06147465388000002
0.06156681978000002
0.06156681978000002
0.06156681978000002
0.06156681978000002
0.06156681978000002
0.06156681978000002
0.06156681978000002
0.06156681978000002
0.06156681978000002
0.06156681978000002
0.06156681978000002
0.06156681978000002
0.06156681978000002
0.06156681978000002
0.06156681978000002
0.06156681978000002
0.06156681978000002
0.06156681978000002
0.06165898568000002
0.061751151580000024
0.06184331758000003
0.06184331758000003
0.06184331758000003
0.06184331758000003
0.06184331758000003
0.06184331758000003
0.06184331758000003
0.06184331758000003
0.06184331758000003
0.06184331758000003
0.06175115178000002
0.06175115178000002
0.06175115178000002
0.06175115178000002
0.06175115178000002
0.06175115178000002
0.06175115178000002
0.061843317680000016
0.061843317680000016
0.061843317680000016
0.061843317680000016
0.061843317680000016
0.061843317680000016
0.061843317680000016
0.061843317680000016
0.061843317680000016
0.061843317680000016
0.061843317680000016
0.061843317680000016
0.061843317680000016
0.061843317680000016
0.061843317680000016
0.061843317680000016
0.061843317680000016
0.061843317680000016
0.061843317680000016
0.061843317680000016
0.061843317680000016
0.061843317680000016
0.061843317680000016
0.061843317680000016
0.06193548358000002
0.06193548358000002
0.06193548358000002
0.06193548358000002
0.06193548358000002
0.06193548358000002
0.06193548358000002
0.06193548358000002
0.06193548358000002
0.06202764938000002
0.06202764938000002
0.06202764938000002
0.06202764938000002
0.06202764938000002
0.06202764938000002
0.06202764938000002
0.06202764938000002
0.06202764938000002
0.06211981518000002
0.06211981518000002
0.06211981518000002
0.06221198108000001
0.06221198108000001
0.06221198108000001
0.06221198108000001
0.062304146980000016
0.062304146980000016
0.062304146980000016
0.062304146980000016
0.062304146980000016
0.062304146980000016
0.062304146980000016
0.062304146980000016
0.062304146980000016
0.062304146980000016
0.062304146980000016
0.062304146980000016
0.062304146980000016
0.062304146980000016
0.062304146980000016
0.062304146980000016
0.062304146980000016
0.062304146980000016
0.062304146980000016
0.062304146980000016
0.062304146980000016
0.06239631292000002
0.06239631292000002
0.06239631292000002
0.06239631292000002
0.06239631292000002
0.06239631292000002
0.06230414702000003
0.06230414702000003
0.06239631292000002
0.062488478820000026
0.062488478820000026
0.062488478820000026
0.062488478820000026
0.062488478820000026
0.062488478820000026
0.062488478820000026
0.062488478820000026
0.062488478820000026
0.062488478820000026
0.06258064482000003
0.06258064482000003
0.06258064482000003
0.06258064482000003
0.06258064482000003
0.06258064482000003
0.06258064482000003
0.06258064482000003
0.06258064482000003
0.06258064482000003
0.06267281072000003
0.06267281072000003
0.06267281072000003
0.06267281072000003
0.06267281072000003
0.06267281072000003
0.06267281072000003
0.06267281072000003
0.06267281072000003
0.06267281072000003
0.06267281072000003
0.06258064482000003
0.06258064482000003
0.06258064482000003
0.06258064482000003
0.06258064482000003
0.06258064482000003
0.06258064482000003
0.06258064482000003
0.06258064482000003
0.06258064482000003
0.06258064482000003
0.06258064482000003
0.06258064482000003
0.06258064482000003
0.06267281072000003
0.06267281072000003
0.06267281072000003
