0.507649778
0.1153917055
0.09732718906000003
0.08488479310000001
0.07649769668000003
0.07041474702
0.06589861804000004
0.06267281158
0.05944700448000002
0.05907834096000001
0.05769585260000002
0.05760368672000002
0.05649769628000003
0.05603686636000003
0.056221198340000035
0.05649769600000003
0.056221198400000026
0.056313364160000025
0.05668202776000002
0.057050691300000025
0.05705069136000002
0.057142857220000016
0.05751152086000002
0.05788018448000001
0.05824884808000002
0.058709677460000005
0.05889400934000002
0.05889400934000001
0.05917050714000001
0.059539170740000015
0.0596313366
0.05981566834
0.05990783414000001
0.06027649774000002
0.060460829540000025
0.060737327280000024
0.061105990900000025
0.06129032260000002
0.06156682034000003
0.06184331784000003
0.06211981524000004
0.06230414692000004
0.06285714252000003
0.06322580612000003
0.06368663588000004
0.06377880178000003
0.06387096758000003
0.06396313348000005
0.06423963132000003
0.06423963132000003
0.06433179722000003
0.06479262682000003
0.06479262678000003
0.06479262678000003
0.06488479258000003
0.06488479258000003
0.06497695838000003
0.06506912428000003
0.06534562188000004
0.06562211968000004
0.06589861752000005
0.06599078342000003
0.06635944692000004
0.06645161282000003
0.06682027642000002
0.06682027642000002
0.06691244218000002
0.06700460798000002
0.06718893998000003
0.06718893988000003
0.06718893988000003
0.06718893988000003
0.06709677394000005
0.06700460808000003
0.06700460808000003
0.06700460808000003
0.06709677388000004
0.06691244208000004
0.06682027618000004
0.06682027618000003
0.06672811028000003
0.06682027614000004
0.06700460784000004
0.06700460774000003
0.06709677368000003
0.06709677368000003
0.06709677368000003
0.06718893958000002
0.06718893958000002
0.06718893938000002
0.06718893938000002
0.06718893938000002
0.06718893938000002
0.06718893938000002
0.06737327132000002
0.06737327132000002
0.06737327132000002
0.06737327132000002
0.06737327132000002
0.06728110552000004
0.06728110552000004
0.06718893962000003
0.06700460762000002
0.06691244172000002
0.06672810988000002
0.06654377822000003
0.06645161232000002
0.06645161232000002
0.06663594422000002
0.06672811022000003
0.06663594422000002
0.06663594422000002
0.06663594422000002
0.06645161228000002
0.06645161228000002
0.06654377822000003
0.06663594416000002
0.06654377826000002
0.06654377826000002
0.06645161246000002
0.06654377836000001
0.06663594456000002
0.06663594458000002
0.06672811078000002
0.06682027672000002
0.06682027668000001
0.06654377898000002
0.06645161308000001
0.06626728128000002
0.06635944718000002
0.06626728128000002
0.06626728114000004
0.06626728104000003
0.06599078348000002
0.06599078348000002
0.06589861748000002
0.06571428558
0.06562211968000001
0.06562211968000001
0.06543778808
0.06534562218000001
0.06525345628000001
0.06534562208000001
0.06525345608000001
0.06534562198000002
0.06534562218000001
0.06543778798000001
0.06543778790000002
0.06552995384000002
0.06562211974000001
0.06562211974000001
0.06552995374000001
0.06562211968000001
0.06562211968
0.06562211968000001
0.06562211988000001
0.06562211988000001
0.06562211988000001
0.06543778808000002
0.06534562218000002
0.06525345638000002
0.06525345638000002
0.06516129038000001
0.06497695868000002
0.06506912458000001
0.06516129058000002
0.06506912468
0.06506912468
0.06506912468
0.06506912458000001
0.06497695868000002
0.06497695858000002
0.06479262668000002
0.06497695852000002
0.06497695852000002
0.06506912452000002
0.06516129052000003
0.06506912472000002
0.06516129062000002
0.06506912472000002
0.06497695902000002
0.06479262722000001
0.06479262722000001
0.06470046132000001
0.06479262702000002
0.06488479282000002
0.06497695872000002
0.06497695872000002
0.06488479292000002
0.06497695872000002
0.06470046098000001
0.06470046102000002
0.06470046102000002
0.06470046102000002
0.06460829512000002
0.06451612922000001
0.06423963172000001
0.06423963172000001
0.06423963172000001
0.06414746582000003
0.06405529992000002
0.06405529992000002
0.06405529992000002
0.06396313402000002
0.06405529992000002
0.06414746582000003
0.06405529992000002
0.06387096818000002
0.06387096818000002
0.06377880238000001
0.06377880238000001
0.06359447048000001
0.06341013868000002
0.06341013868000002
0.06341013868000002
0.06341013868000002
0.06331797278000001
0.06322580692000002
0.06322580692000003
0.06322580692000003
0.06304147508000003
0.06294930918000004
0.06304147508000003
0.06294930908000003
0.06285714318000003
0.06267281134000002
0.06258064554000002
0.06248847954000002
0.06258064544000003
0.06258064544000003
0.062304147740000024
0.06221198174000002
0.06221198174000002
0.06221198174000002
0.06221198174000002
0.062119815840000016
0.06221198174000002
0.06221198174000002
0.06221198174000002
0.06202765004000002
0.062027650240000023
0.06211981614000003
0.06202765014000002
0.06202765014000002
0.06211981604000002
0.06211981604000002
0.062027650140000015
0.062027650140000015
0.062027650140000015
0.062027650140000015
0.062027650140000015
0.06211981604000002
0.06221198198000002
0.06221198198000002
0.06211981608000002
0.06193548428000002
0.06184331828000003
0.06184331818000003
0.06175115228000003
0.06193548404000003
0.06193548404000003
0.06211981584000003
0.06193548404000002
0.06202764998000003
0.06202764998000003
0.06193548408000003
0.06184331818000003
0.061935484180000035
0.061935484180000035
0.06184331828000003
0.06184331828000003
0.06184331828000003
0.06184331828000003
0.06175115238000003
0.061658986580000026
0.06165898664000003
0.06165898664000003
0.06165898664000003
0.061843318440000024
0.06193548434000002
0.061843318340000016
0.061843318340000016
0.061843318340000016
0.061935484280000015
0.06202765028000002
0.061935484280000015
0.061935484280000015
0.061935484280000015
0.061935484280000015
0.062027650220000015
0.06211981616000002
0.06211981616000002
0.06211981616000002
0.062027650260000025
0.062027650260000025
0.062027650260000025
0.062027650260000025
0.062027650260000025
0.062027650260000025
0.062027650260000025
0.062027650260000025
0.062027650260000025
0.062027650260000025
0.062027650260000025
0.062027650260000025
0.062027650260000025
0.062027650260000025
0.06211981626000003
0.06211981626000003
0.06211981626000003
0.06211981626000003
0.06211981626000003
0.06211981626000003
0.06221198216000002
0.06230414806000002
0.06239631396000002
0.06239631396000002
0.06239631396000002
0.06239631396000002
0.06239631396000002
0.062488479860000015
0.06267281156000001
0.06267281156000001
0.06267281156000001
0.06267281156000001
0.06258064562000001
0.06258064562000001
0.06267281152000001
0.06267281152000001
0.06285714332000002
0.06294930922000001
0.06322580702
0.06322580702
0.06313364112
0.06313364112
0.06322580702000001
0.06331797292
0.06331797292
0.06331797292
0.06322580712
0.06313364122000001
0.06322580711999999
0.06322580711999999
0.06341013892
0.06350230482
0.06350230482
0.06359447062
0.06359447062
0.06368663656
0.06368663656
0.06377880246
0.06377880246
0.06387096836
0.06387096836
0.06396313426000001
0.06396313426000001
0.06396313426000001
0.06396313446
0.06396313446
0.06396313446
0.06405530036
0.06405530036
0.06396313435999999
0.06396313435999999
0.06396313435999999
0.06405530016
0.06414746596000001
0.06433179766000001
0.06433179766000001
0.06433179766000001
0.06442396360000001
0.06451612940000001
0.06460829530000001
0.06470046130000001
0.06460829550000001
0.06460829550000001
0.06460829550000001
0.06470046150000001
0.0646082957
0.0646082957
0.0646082957
0.0646082957
0.0646082957
0.0646082957
0.0646082957
0.0646082957
0.06470046160000001
0.06442396380000001
0.06451612970000001
0.06451612970000001
0.06451612970000001
0.06451612970000001
0.06451612970000001
0.06451612970000001
0.06451612970000001
0.06451612970000001
0.06451612970000001
0.06451612970000001
0.06451612970000001
0.06442396380000001
0.06433179800000001
0.06442396380000001
0.06442396380000001
0.06442396380000001
0.06460829540000002
0.06470046130000001
0.06460829540000002
0.06442396356000002
0.06451612956000002
0.06442396366000001
0.06442396366000001
0.06442396366000001
0.06442396366000001
0.06451612956000001
0.06433179776000002
0.06433179776000002
0.06442396356000002
0.06442396356000002
0.06442396356000002
0.06442396356000002
0.06442396356000002
0.06442396346000002
0.06442396346000002
0.06460829526000002
0.06470046106000002
0.06479262706000002
0.06479262706000002
0.06479262706000002
0.06470046116000003
0.06479262706000002
0.06479262706000002
0.06488479306000002
0.06488479306000002
0.06488479306000002
0.06497695906000002
0.06497695906000002
0.06497695906000002
0.06497695906000002
0.06516129066000002
0.06516129066000002
0.06516129066000002
0.06516129066000002
0.06525345646000003
0.06525345646000003
0.06525345646000003
0.06534562236000002
0.06534562236000002
0.06534562236000002
0.06534562236000002
0.06534562236000002
0.06534562236000002
0.06534562236000002
0.06534562236000002
0.06543778826000002
0.06543778826000002
0.06552995416000001
0.06552995416000001
0.06552995416000001
0.06552995416000001
0.06543778816000001
0.06534562236000001
0.06525345656000002
0.06516129066000001
0.06516129066000001
0.06516129066000001
0.06516129066000001
0.06525345660000001
0.06525345660000001
0.06525345660000001
0.06525345660000001
0.06525345660000001
0.06516129070000001
0.06516129070000001
0.06516129070000001
0.06525345660000001
0.06516129070000001
0.06516129070000001
0.0652534566
0.06534562240000001
0.06534562240000001
0.06534562240000001
0.06534562240000001
0.06534562240000001
0.06534562240000001
0.06534562240000001
0.06534562240000001
0.06534562240000001
0.06543778820000001
0.06543778820000001
0.06543778820000001
0.06543778820000001
0.06543778820000001
0.06543778820000001
0.06543778820000001
0.06543778820000001
0.06552995410000001
0.06543778820000001
0.06543778820000001
0.06543778820000001
0.06543778820000001
0.06543778820000001
0.06543778820000001
0.06543778820000001
0.06543778820000001
0.06543778820000001
0.06543778820000001
0.06543778820000001
0.06543778820000001
0.06543778820000001
0.06552995420000002
0.06552995420000002
0.06543778830000002
0.06543778830000002
0.06562212010000001
0.06562212010000001
0.06562212010000001
0.06562212010000001
0.06562212010000001
0.06562212010000001
0.06552995420000002
0.06552995420000002
0.06552995420000002
0.06552995420000002
0.06543778830000002
0.06543778830000002
0.06543778830000002
0.06543778830000002
0.06543778830000002
0.06543778830000002
0.06543778830000002
0.06543778830000002
0.06543778830000002
0.06543778830000002
0.06543778830000002
0.06552995420000002
0.06552995420000002
0.06552995420000002
0.06552995420000002
0.06552995420000002
0.06552995420000002
0.06552995420000002
0.06552995420000002
0.06543778830000001
0.06543778830000001
0.06552995430000001
0.06562212020000001
0.06562212020000001
0.06562212020000001
0.06562212020000001
0.06562212020000001
0.06562212020000001
0.06562212020000001
0.06562212020000001
0.06562212020000001
0.06562212020000001
0.06562212020000001
0.06571428610000002
0.06562212016000002
0.06562212016000002
0.06562212016000002
0.06562212016000002
0.06562212016000002
0.06571428606000002
0.06562212012000002
0.06562212012000002
0.06562212012000002
0.06562212012000002
0.06562212012000002
0.06562212012000002
0.06562212012000002
0.06562212012000002
0.06562212012000002
0.06562212012000002
0.06571428612000002
0.06571428612000002
0.06571428612000002
0.06571428612000002
0.06571428612000002
0.06580645202000002
0.06589861792000003
0.06608294976000001
0.06608294976000001
0.06608294976000001
0.06608294976000001
0.06608294976000001
0.06617511576000001
0.06617511576000001
0.06626728176000002
0.06626728176000002
0.06617511576000001
0.06617511576000001
0.06617511576000001
0.06617511576000001
0.06617511576000001
0.06617511576000001
0.06617511576000001
0.06617511576000001
0.06617511576000001
0.06617511576000001
0.06617511576000001
0.06617511576000001
0.06617511576000001
0.06617511576000001
0.06617511576000001
0.06617511576000001
0.06617511576000001
0.06617511576000001
0.06617511576000001
0.06617511576000001
0.06617511576000001
0.06617511576000001
0.06617511576000001
0.06617511576000001
0.06617511576000001
0.06617511576000001
0.06617511576000001
0.06617511576000001
0.06626728156000002
0.06626728156000002
0.06626728156000002
0.06626728156000002
0.06626728156000002
0.06626728156000002
0.06626728156000002
0.06626728156000002
0.06617511566000002
0.06617511566000002
0.06608294986000002
0.06608294986000002
0.06608294986000002
0.06608294986000002
0.06608294986000002
0.06608294986000002
0.06608294986000002
0.06617511566000002
0.06617511566000002
0.06617511566000002
0.06608294986000002
0.06608294986000002
0.06608294986000002
0.06608294986000002
0.06608294986000002
0.06608294986000002
0.06608294986000002
0.06608294986000002
0.06608294986000002
0.06608294986000002
0.06617511576000001
0.06617511576000001
0.06608294976000001
0.06608294976000001
0.06608294976000001
0.06617511556000003
0.06626728146000002
0.06626728146000002
0.06626728146000002
0.06626728146000002
0.06626728146000002
0.06626728146000002
0.06626728146000002
0.06626728146000002
0.06626728146000002
0.06635944736000003
0.06626728142000003
0.06626728142000003
0.06626728142000003
0.06626728142000003
0.06626728132000002
0.06608294952000002
0.06608294952000002
0.06608294952000002
0.06608294952000002
0.06608294952000002
0.06608294952000002
0.06608294952000002
0.06608294952000002
0.06608294952000002
0.06608294952000002
0.06608294952000002
0.06589861772000001
0.06589861772000001
0.06589861772000001
0.06589861772000001
0.06599078362000002
0.06599078362000002
0.06599078362000002
0.06608294952000002
0.06617511552000002
0.06617511552000002
0.06617511552000002
0.06617511552000002
0.06617511552000002
0.06617511552000002
0.06617511552000002
0.06617511552000002
0.06617511552000002
0.06617511552000002
0.06626728142
0.06626728142
0.06626728142
0.06626728142
0.06635944732000001
0.06635944732000001
0.06645161332000002
0.06645161332000002
0.06645161332000002
0.06645161332000002
0.06645161332000002
0.06645161332000002
0.06645161332000002
0.06645161332000002
0.06645161332000002
0.06663594512000001
0.06672811102000001
0.06672811102000001
0.06672811102000001
0.06672811102000001
0.06672811102000001
0.06672811102000001
0.06672811102000001
0.06672811102000001
0.06672811102000001
0.06672811102000001
0.06672811102000001
0.06672811102000001
0.06682027692
0.06682027692
0.06682027692
0.06682027692
0.06691244282000001
0.06691244282000001
0.06691244282000001
0.06691244282000001
0.06691244282000001
0.06691244282000001
0.06691244282000001
0.06691244282000001
0.06691244282000001
0.06691244282000001
0.06691244282000001
0.06691244282000001
0.06691244282000001
0.06700460882000002
0.06700460882000002
0.06700460882000002
0.06709677462000002
0.06709677462000002
0.06709677462000002
0.06709677462000002
0.06709677462000002
0.06709677462000002
0.06709677462000002
0.06709677462000002
0.06700460862000002
0.06709677452000001
0.06709677452000001
0.06700460862000002
0.06700460862000002
0.06700460862000002
0.06700460862000002
0.06700460862000002
0.06700460862000002
0.06709677452000001
0.06718894032000002
0.06718894032000002
0.06718894032000002
0.06718894032000002
0.06728110622000001
0.06728110622000001
0.06728110622000001
0.06728110622000001
0.06728110622000001
0.06728110622000001
0.06728110622000001
0.06728110622000001
0.06728110622000001
0.06728110622000001
0.06728110622000001
0.06737327202000001
0.06737327202000001
0.06746543782000002
0.06746543782000002
0.06746543782000002
0.06755760362000002
0.06755760362000002
0.06755760362000002
0.06755760362000002
0.06755760362000002
0.06755760362000002
0.06755760362000002
0.06764976942000002
0.06764976942000002
0.06764976942000002
0.06764976942000002
0.06764976942000002
0.06764976942000002
0.06764976942000002
0.06764976942000002
0.06774193532000002
0.06774193532000002
0.06774193532000002
0.06764976952000003
0.06764976952000003
0.06755760362000002
0.06755760362000002
0.06755760362000002
0.06755760362000002
0.06764976952000003
0.06764976952000003
0.06764976952000003
0.06764976952000003
0.06764976952000003
0.06764976952000003
0.06764976952000003
0.06764976952000003
0.06764976952000003
0.06774193542000002
0.06774193542000002
0.06774193542000002
0.06774193542000002
0.06774193542000002
0.06764976952000003
0.06764976952000003
0.06764976952000003
0.06764976952000003
0.06764976952000003
0.06774193542000002
0.06774193542000002
0.06774193542000002
0.06774193542000002
0.06774193542000002
0.06774193542000002
0.06764976948000002
0.06764976948000002
0.06764976948000002
0.06755760358000001
0.06755760358000001
0.06755760358000001
0.06755760358000001
0.06755760358000001
0.06755760358000001
0.06755760358000001
0.06755760358000001
0.06755760358000001
0.06755760358000001
0.06755760358000001
0.06755760358000001
0.06755760358000001
0.06755760358000001
0.06755760358000001
0.06764976958000002
0.06764976958000002
0.06783410138000003
0.06792626728000002
0.06801843328000003
0.06801843328000003
0.06801843328000003
0.06801843328000003
0.06801843328000003
0.06801843328000003
0.06801843328000003
0.06801843328000003
0.06801843308000004
0.06801843308000004
0.06801843308000004
0.06829493098000003
0.06829493098000003
0.06829493098000003
0.06829493098000003
0.06829493098000003
0.06838709688000003
0.06847926278000002
0.06866359448000002
0.06866359448000002
0.06866359448000002
0.06866359448000002
0.06875576038000003
0.06875576038000003
0.06875576038000003
0.06884792618000002
0.06875576028000002
0.06875576028000002
0.06875576028000002
0.06875576028000002
0.06875576028000002
0.06875576028000002
0.06866359438000003
0.06866359438000003
0.06875576038000002
0.06884792628000003
0.06884792628000003
0.06884792628000003
0.06875576048000002
0.06875576048000002
0.06875576048000002
0.06884792648000002
0.06884792648000002
0.06884792648000002
0.06884792648000002
0.06884792648000002
0.06884792648000002
0.06884792648000002
0.06875576048000002
0.06875576048000002
0.06875576048000002
0.06875576048000002
0.06875576048000002
0.06875576048000002
0.06875576048000002
0.06875576048000002
0.06875576048000002
0.06875576048000002
0.06875576048000002
0.06875576048000002
0.06875576048000002
0.06875576048000002
0.06875576048000002
0.06875576048000002
0.06875576048000002
0.06875576048000002
0.06884792648000002
0.06884792648000002
0.06884792648000002
0.06875576058000003
0.06875576058000003
0.06875576058000003
0.06875576058000003
0.06875576058000003
0.06875576058000003
0.06875576058000003
0.06875576058000003
0.06875576058000003
0.06875576058000003
0.06875576058000003
0.06875576058000003
0.06884792658000002
0.06884792658000002
0.06884792658000002
0.06884792658000002
0.06884792658000002
0.06884792658000002
0.06884792658000002
0.06884792658000002
0.06884792658000002
0.06884792658000002
0.06894009248000002
0.06903225828000002
0.06903225828000002
0.06903225828000002
0.06903225828000002
0.06903225828000002
0.06903225828000002
0.06903225828000002
0.06903225828000002
0.06894009238000003
0.06894009238000003
0.06894009238000003
0.06894009238000003
0.06894009238000003
0.06894009238000003
0.06894009238000003
0.06894009238000003
0.06894009238000003
0.06903225828000002
0.06903225828000002
0.06912442418000002
0.06912442418000002
0.06903225818000001
0.06903225818000001
0.06903225818000001
0.06903225818000001
0.06903225818000001
0.06903225818000001
0.06912442412000001
0.06912442412000001
0.06912442412000001
0.06912442412000001
0.06912442412000001
0.06912442412000001
0.06912442412000001
0.06912442412000001
0.06912442412000001
0.06912442412000001
0.06912442412000001
0.06912442412000001
0.06921659012000002
0.06930875602000003
0.06930875602000003
0.06940092182000003
0.06940092182000003
0.06930875582000003
0.06921659002000002
0.06921659002000002
0.06921659002000002
0.06921659002000002
0.06921659002000002
0.06921659002000002
0.06921659002000002
0.06921659002000002
0.06921659002000002
0.06921659002000002
