0.4821198223999999
0.3858986213999999
0.33677419580000006
0.2940092196
0.24958525510000007
0.20820276540000002
0.17677419538000003
0.15640553160000004
0.14580645254000005
0.13594470142
0.12728110724
0.12248848013999998
0.11852534653999999
0.11529953935999998
0.11345622244000003
0.11124423938
0.10857142941999998
0.10728110671999998
0.10617511546000001
0.10423963182000001
0.10341013873999999
0.10129032237999999
0.09944700532
0.09843318018000001
0.09695852578000004
0.09585253560000004
0.09437788132000001
0.09373272028000003
0.09253456388000002
0.09152073824000002
0.09041474814000003
0.08930875714000003
0.08838709744
0.08737327238
0.08645161366000002
0.08516129110000001
0.0840553002
0.08313364150000002
0.08239631398000002
0.0814746551
0.08073732770000001
0.08009216660000001
0.07944700500000003
0.07852534636000003
0.07751152176000005
0.07631336486000005
0.07585253506000005
0.07511520778000003
0.07447004658000002
0.07400921710000002
0.07253456274000002
0.07179723564000003
0.0709677424
0.07023041482000003
0.06930875566000001
0.06857142856000002
0.06792626734000001
0.06718894074000001
0.06663594534000002
0.0662672814
0.06534562276000001
0.06451612950000002
0.06414746616
0.06331797286000002
0.06322580726
0.06285714342000001
0.06267281162000002
0.06239631402000003
0.062027650520000026
0.06156682092000003
0.06110599142000003
0.06073732768000003
0.06027649810000003
0.059815668560000035
0.059539170660000036
0.059447004660000025
0.05889400944000003
0.05870967774000004
0.05843318004000004
0.058248848280000036
0.057880184640000026
0.05760368704000004
0.05751152110000003
0.05677419386000003
0.05677419372000002
0.05649769606000002
0.05622119846000003
0.05576036900000002
0.05557603724000002
0.05557603724000002
0.05548387130000003
0.05502304156000003
0.054746543920000015
0.05447004632000002
0.05428571466000002
0.053824885200000026
0.053917051060000026
0.05364055336000004
0.053548387460000034
0.05364055328000003
0.053087557780000016
0.05299539182000002
0.05253456260000001
0.05216589896000001
0.052350230720000016
0.05244239662000001
0.052350230720000016
0.05179723528000002
0.05152073754000003
0.05115207380000003
0.051244239700000034
0.05087557620000003
0.05096774210000002
0.050875576240000026
0.05096774214000002
0.05087557616000002
0.05087557616000002
0.05078341026000002
0.050691244360000026
0.05059907846000002
0.05023041486000003
0.05023041476000003
0.05032258070000003
0.05013824904000003
0.05023041498000002
0.050138249080000016
0.05032258084000002
0.050230414940000016
0.05032258072000001
0.050414746620000006
0.05032258072
0.050414746620000006
0.050322580760000006
0.050138248960000006
0.050138248960000006
0.05013824900000001
0.04995391724000002
0.04986175138000002
0.04976958552000002
0.04967741962000002
0.049493087860000014
0.04958525376000002
0.04940092196000002
0.04949308786000002
0.04949308786000002
0.04949308786000002
0.04940092196000002
0.04940092196000002
0.04967741966000001
0.04958525380000001
0.04967741966000001
0.04958525380000001
0.049308756140000014
0.049308756140000014
0.049308756140000014
0.04912442430000001
0.049216590200000014
0.04940092196000001
0.049308756060000014
0.049308756060000014
0.049308756060000014
0.049216590200000014
0.049216590200000014
0.04930875610000001
0.04921659016000001
0.04921659016000001
0.04903225836000002
0.048847926520000015
0.04875576062000001
0.04875576062000001
0.04875576062000001
0.04866359476000001
0.04866359476000001
0.04857142882000001
0.04857142882000001
0.04857142882000001
0.04857142882000001
0.04857142882000001
0.04857142882000001
0.04857142882000001
0.04847926296000002
0.04847926296000002
0.048387097060000016
0.04857142894000001
0.04866359480000001
0.04866359480000001
0.04866359476000001
0.04866359476000001
0.04866359476000001
0.04875576070000002
0.04875576070000002
0.04875576070000002
0.04875576070000002
0.04875576070000002
0.04866359484000002
0.04866359484000002
0.04866359484000002
0.04866359484000002
0.04866359484000002
0.04884792664000001
0.04884792664000001
0.04884792664000001
0.04884792664000001
0.04884792664000001
0.04884792664000001
0.04884792664000001
0.04903225844000001
0.04903225844000001
0.04903225844000001
0.04903225844000001
0.04903225844000001
0.04903225844000001
0.04903225844000001
0.04894009250000002
0.04894009250000002
0.04894009250000002
0.04903225836000002
0.04903225836000002
0.04903225836000002
0.04912442426000002
0.04921659016000001
0.049308756060000014
0.049308756060000014
0.049308756060000014
0.04940092196000002
0.04940092196000002
0.04940092196000002
0.04949308790000002
0.04967741974000002
0.04967741974000002
0.04967741974000002
0.049585253840000024
0.049585253840000024
0.04949308790000002
0.04949308790000002
0.04958525376000002
0.04958525376000002
0.04958525376000002
0.04949308782000001
0.04958525368000001
0.04958525368000001
0.04958525368000001
0.049677419580000014
0.04976958548000001
0.04976958548000001
0.04976958548000001
0.04976958548000001
0.04976958548000001
0.04976958548000001
0.04986175142
0.04986175142
0.04986175142
0.04976958552
0.04967741962000001
0.04967741962000001
0.04967741962000001
0.04967741962000001
0.04976958552000001
0.04976958552000001
0.04976958552000001
0.04976958552000001
0.049953917320000006
0.049953917320000006
0.050138249040000006
0.050138249040000006
0.05023041494
0.05023041494
0.05023041494
0.05032258088000001
0.05041474678
0.05041474678
0.05041474678
0.05041474678
0.05050691260000001
0.05050691260000001
0.05059907854
0.05059907854
0.05059907854
0.05059907854
0.05059907854
0.05059907854
0.05059907854
0.0506912444
0.05078341026
0.05078341026
0.05087557616
0.05087557616
0.05096774206
0.05096774206
0.05096774206
0.05096774206
0.05096774206
0.05096774206
0.050875576160000005
0.050783410300000005
0.050875576160000005
0.050967742020000005
0.050967742020000005
0.050967742020000005
0.051059907880000005
0.051059907880000005
0.050967741940000005
0.050967741940000005
0.050967741940000005
0.051059907800000005
0.051059907800000005
0.051059907800000005
0.0511520737
0.05124423956
0.05124423956
0.05124423956
0.05133640550000001
0.05133640550000001
0.05142857144000001
0.05142857144000001
0.05152073734000001
0.05161290328000002
0.05152073734000002
0.05152073734000002
0.05152073734000002
0.05152073734000002
0.05161290320000002
0.05161290320000002
0.05161290320000002
0.051705069100000015
0.051705069100000015
0.051705069100000015
0.051705069100000015
0.051705069100000015
0.051705069100000015
0.051797234960000015
0.051889400820000015
0.051889400820000015
0.051889400820000015
0.051889400820000015
0.051889400820000015
0.051889400820000015
0.051889400820000015
0.051889400820000015
0.05198156668000001
0.05198156668000001
0.05198156668000001
0.05198156668000001
0.05198156668000001
0.05198156668000001
0.05198156668000001
0.05198156668000001
0.05198156668000001
0.05198156668000001
0.05198156668000001
0.05198156668000001
0.05207373262000001
0.05207373262000001
0.05207373262000001
0.05207373262000001
0.05207373262000001
0.05225806446000001
0.05225806446000001
0.05225806446000001
0.05225806446000001
0.05225806446000001
0.05225806446000001
0.05225806446000001
0.0523502304
0.05244239634000001
0.05244239634000001
0.05244239642000001
0.05244239642000001
0.05244239642000001
0.05253456232000001
0.05253456232000001
0.05253456232000001
0.05253456232000001
0.05253456232000001
0.05253456232000001
0.05253456232000001
0.05262672822000001
0.05262672822000001
0.05262672822000001
0.05262672822000001
0.05262672822000001
0.05262672822000001
0.05262672822000001
0.05262672822000001
0.05262672822000001
0.05262672822000001
0.05262672822000001
0.05262672822000001
0.05262672822000001
0.05262672822000001
0.05271889408000001
0.05271889408000001
0.052811060020000015
0.052811060020000015
0.052811060020000015
0.052811060020000015
0.052811060020000015
0.052811060020000015
0.052718894160000015
0.052718894160000015
0.052718894160000015
0.05299539182000001
0.05299539182000001
0.05299539182000001
0.05308755768000001
0.05308755768000001
0.05308755768000001
0.05308755768000001
0.05308755768000001
0.05327188944000001
0.05327188944000001
0.05327188944000001
0.05327188944000001
0.05336405538000001
0.05345622124000001
0.053548387140000014
0.053548387140000014
0.053548387140000014
0.053548387140000014
0.053548387140000014
0.053548387140000014
0.053548387140000014
0.053548387140000014
0.05354838718000001
0.05354838718000001
0.05354838718000001
0.05354838718000001
0.05354838718000001
0.05354838718000001
0.05354838718000001
0.05354838718000001
0.053640553120000004
0.053640553120000004
0.053640553120000004
0.053640553120000004
0.053640553120000004
0.053640553120000004
0.053640553120000004
0.05373271906000001
0.05382488492000001
0.05382488492000001
0.05400921676000002
0.05400921676000002
0.05400921676000002
0.05400921676000002
0.054101382660000016
0.054101382660000016
0.054193548560000006
0.054193548560000006
0.054193548560000006
0.054193548560000006
0.054193548560000006
0.054285714420000006
0.054285714420000006
0.054285714420000006
0.054285714420000006
0.054285714420000006
0.054285714420000006
0.054377880280000006
0.05456221204000001
0.05456221204000001
0.05456221204000001
0.05456221204000001
0.05456221204000001
0.05456221204000001
0.05456221204000001
0.05456221204000001
0.05465437798000001
0.05465437798000001
0.05465437798000001
0.05465437798000001
0.05465437798000001
0.05474654384000001
0.05474654384000001
0.05474654384000001
0.05474654384000001
0.05474654384000001
0.054838709780000015
0.054838709780000015
0.054838709780000015
0.054838709780000015
0.054838709780000015
0.05493087568000001
0.05493087568000001
0.055023041580000015
0.055023041580000015
0.055023041580000015
0.055023041580000015
0.055023041580000015
0.055023041580000015
0.055023041580000015
0.055023041580000015
0.05511520752000001
0.05511520752000001
0.05511520752000001
0.05511520752000001
0.05511520752000001
0.05511520752000001
0.05520737342000001
0.05511520748000001
0.05520737342000002
0.055299539320000014
0.055299539320000014
0.05539170522000001
0.05539170522000001
0.05539170522000001
0.055483871120000014
0.05557603702000002
0.05557603702000002
0.05557603702000002
0.05557603702000002
0.05557603702000002
0.05557603702000002
0.055760368860000006
0.05566820296
0.05576036890000001
0.05576036890000001
0.055852534840000016
0.055852534840000016
0.055852534840000016
0.055852534840000016
0.055852534840000016
0.055944700780000016
0.055944700780000016
0.055944700780000016
0.055944700780000016
0.055944700780000016
0.055944700780000016
0.055944700780000016
0.055944700780000016
0.055944700780000016
0.05603686658000002
0.05603686658000002
0.05603686658000002
0.05603686658000002
0.05603686658000002
0.05603686658000002
0.05594470068000002
0.05594470068000002
0.05594470068000002
0.05594470068000002
0.05594470068000002
0.05603686648000002
0.05603686648000002
0.05603686648000002
0.05603686648000002
0.05603686648000002
0.05603686648000002
0.05603686648000002
0.05603686648000002
0.05603686648000002
0.05603686648000002
0.05612903242000002
0.05612903242000002
0.05612903242000002
0.05612903242000002
0.05612903242000002
0.05612903242000002
0.05612903242000002
0.05612903242000002
0.05612903242000002
0.05612903242000002
0.05612903242000002
0.05622119828000002
0.05622119828000002
0.056313364080000025
0.056313364080000025
0.056405530020000025
0.056405530020000025
0.05649769592000002
0.05658986178000002
0.05658986178000002
0.056682027680000024
0.056682027680000024
0.056866359560000024
0.056866359560000024
0.056866359560000024
0.056866359560000024
0.056866359560000024
0.056866359560000024
0.056866359560000024
0.056866359560000024
0.056866359560000024
0.056866359560000024
0.056866359560000024
0.05695852546000003
0.05695852546000003
0.05695852546000003
0.05695852546000003
0.05695852546000003
0.05695852546000003
0.05705069136000002
0.057142857160000025
0.05723502306000003
0.05723502306000003
0.057327188960000025
0.057327188960000025
0.057327188960000025
0.057327188960000025
0.057327188960000025
0.057327188960000025
0.05741935486000003
0.05741935486000003
0.05741935486000003
0.05741935486000003
0.05741935486000003
0.05741935486000003
0.05741935486000003
0.05741935486000003
0.05741935486000003
0.057695852460000016
0.057695852460000016
0.057695852460000016
0.057695852460000016
0.057695852460000016
0.05778801836000002
0.05778801836000002
0.05778801836000002
0.05778801836000002
0.05778801836000002
0.05778801836000002
0.05778801836000002
0.05778801836000002
0.05778801836000002
0.05778801836000002
0.05778801836000002
0.05778801836000002
0.05778801836000002
0.05778801836000002
0.05778801836000002
0.05778801836000002
0.05778801836000002
0.057880184260000016
0.057880184260000016
0.057880184260000016
0.057880184260000016
0.057880184260000016
0.057880184260000016
0.057880184260000016
0.057880184260000016
0.057880184260000016
0.057880184260000016
0.05797235016000002
0.05797235016000002
0.05797235016000002
0.05797235016000002
0.05806451606000002
0.05806451606000002
0.05815668200000003
0.05824884780000003
0.05824884780000003
0.05843317968000003
0.05843317968000003
0.05852534562000003
0.05852534562000003
0.058617511520000026
0.058617511520000026
0.058617511520000026
0.058709677460000026
0.058709677460000026
0.058709677460000026
0.058709677460000026
0.058709677460000026
0.058709677460000026
0.058709677460000026
0.058709677460000026
0.058709677460000026
0.058709677460000026
0.058709677460000026
0.058709677460000026
0.05889400926000002
0.05889400926000002
0.05889400926000002
0.05889400926000002
0.05889400926000002
0.05889400926000002
0.05889400926000002
0.05889400926000002
0.05889400926000002
0.05889400926000002
0.05889400926000002
0.05889400926000002
0.05889400926000002
0.05889400926000002
0.05889400926000002
0.05889400926000002
0.05889400926000002
0.05889400926000002
0.05898617516000002
0.05898617516000002
0.05898617516000002
0.059078341060000025
0.059078341060000025
0.059078341060000025
0.059078341060000025
0.059078341060000025
0.059078341060000025
0.05917050696000002
0.05917050696000002
0.05917050696000002
0.05917050696000002
0.05917050696000002
0.05917050696000002
0.05917050696000002
0.05917050696000002
0.059262672960000026
0.059262672960000026
0.059262672960000026
0.059262672960000026
0.059262672960000026
0.059354838860000016
0.059354838860000016
0.059354838860000016
0.05944700476000002
0.05944700476000002
0.05944700476000002
0.05953917066000002
0.059631336560000026
0.05972350246000003
0.05972350246000003
0.05972350246000003
0.05972350246000003
0.05972350246000003
0.05972350246000003
0.05972350246000003
0.05972350246000003
0.05972350246000003
0.05972350246000003
0.05972350246000003
0.05972350246000003
0.05972350246000003
0.05972350246000003
0.05972350246000003
0.05972350246000003
0.05972350246000003
0.05972350246000003
0.05972350246000003
0.059815668460000034
0.059815668460000034
0.06000000026000002
0.06000000026000002
0.06000000026000002
0.06000000026000002
0.06000000026000002
0.06000000026000002
0.06000000026000002
0.06000000026000002
0.06000000026000002
0.06000000026000002
0.06000000026000002
0.06000000026000002
0.06000000026000002
0.06000000026000002
0.06000000026000002
0.06000000026000002
0.06000000026000002
0.06000000026000002
0.06000000026000002
0.06000000026000002
0.06000000026000002
0.06000000026000002
0.06000000026000002
0.06000000026000002
0.06000000026000002
0.06000000026000002
0.06000000026000002
0.06000000026000002
0.06000000026000002
0.06000000026000002
0.06000000026000002
0.06000000026000002
0.06000000026000002
0.06000000026000002
0.06000000026000002
0.06000000026000002
0.06000000026000002
0.06000000026000002
0.06000000026000002
0.06000000026000002
0.06000000026000002
0.06000000026000002
0.06000000026000002
0.06018433186000003
0.06018433186000003
0.06018433186000003
0.06018433186000003
0.06018433186000003
0.06018433186000003
0.06018433186000003
0.06018433186000003
0.06018433186000003
0.06009216596000003
0.06009216596000003
0.06009216596000003
0.06009216596000003
0.06009216596000003
0.06009216596000003
0.06009216596000003
0.06009216596000003
0.06009216596000003
0.06009216596000003
0.06009216596000003
0.06009216596000003
0.06009216596000003
0.06009216596000003
0.06009216596000003
0.06009216596000003
0.06009216596000003
0.06009216596000003
0.06009216596000003
0.06009216596000003
0.06018433176000003
0.06018433176000003
0.06018433176000003
0.06018433176000003
0.06018433176000003
0.06018433176000003
0.06018433176000003
0.06018433176000003
0.06036866352000003
0.06036866352000003
0.06036866352000003
0.06036866352000003
0.06036866352000003
0.06046082942000003
0.06046082942000003
0.06046082942000003
0.06055299532000003
0.06055299532000003
0.06055299532000003
0.06055299532000003
0.06055299532000003
0.06055299532000003
0.060645161220000035
0.060829493060000024
0.060829493060000024
0.060829493060000024
0.060829493060000024
0.060829493060000024
0.060829493060000024
0.060829493060000024
0.060829493060000024
0.060829493060000024
0.060829493060000024
0.060829493060000024
0.060829493060000024
0.060829493060000024
0.060829493060000024
0.060829493060000024
0.060829493060000024
0.060829493060000024
0.060829493060000024
0.06092165896000003
0.06092165896000003
0.06092165896000003
0.06092165896000003
0.06092165896000003
0.06101382490000003
0.06101382490000003
0.06101382490000003
0.06110599080000003
0.06110599080000003
0.06110599080000003
0.06119815680000003
0.06119815680000003
0.06119815680000003
0.06119815680000003
0.06129032270000003
0.06129032270000003
0.061382488600000035
0.061382488600000035
0.061382488600000035
0.061382488600000035
0.061382488600000035
0.061382488600000035
0.06147465450000003
0.061566820300000026
0.061566820300000026
0.061566820300000026
0.061566820300000026
0.061566820300000026
0.061566820300000026
0.06165898624000002
0.06175115214000002
0.06175115214000002
0.06175115214000002
0.06175115214000002
0.06175115214000002
0.06175115214000002
0.06175115214000002
0.06175115214000002
0.06175115214000002
0.06175115214000002
0.06175115214000002
0.06175115214000002
0.06175115214000002
0.06175115214000002
0.06184331794000003
0.06184331794000003
0.06184331794000003
0.06184331794000003
0.06184331794000003
0.06193548384000002
0.06193548384000002
0.06193548384000002
0.06193548384000002
0.06193548384000002
0.06193548384000002
0.06193548384000002
0.06193548384000002
0.06202764974000002
0.06202764974000002
0.06202764974000002
0.06202764974000002
0.06202764974000002
0.06202764974000002
0.06202764974000002
0.06202764974000002
0.06211981568000002
0.06211981568000002
0.06211981568000002
0.06211981568000002
0.06211981568000002
0.06211981568000002
0.06211981568000002
0.06211981568000002
0.06211981568000002
0.06211981568000002
0.06211981568000002
0.06221198158000003
0.06221198158000003
0.06221198158000003
0.06221198158000003
0.06221198158000003
0.06221198158000003
0.06230414758000002
0.06230414758000002
0.06230414758000002
0.06230414758000002
0.06230414758000002
0.06230414758000002
0.06239631348000002
0.06239631348000002
0.06239631348000002
0.06239631348000002
0.06239631348000002
0.06239631348000002
0.06239631348000002
0.06239631348000002
0.06239631348000002
0.06248847938000002
0.06248847938000002
0.06248847938000002
0.06248847938000002
0.06248847938000002
0.06248847938000002
0.06248847938000002
0.06258064528000001
0.06258064528000001
0.06258064528000001
0.06258064528000001
0.06258064528000001
0.062488479380000024
0.06258064528000003
0.06258064528000003
0.06258064528000003
0.06258064528000003
0.06258064528000003
0.06258064528000003
0.06258064528000003
0.06258064528000003
0.06267281118000002
0.06267281118000002
0.06267281118000002
0.06267281118000002
0.06267281118000002
0.06258064528000001
0.062488479380000024
0.062488479380000024
0.06258064518000003
0.06258064518000003
0.06258064518000003
0.06258064518000003
0.06258064518000003
0.06267281108000003
0.06267281108000003
0.06267281108000003
0.06276497708000002
0.06276497708000002
0.06276497708000002
0.06276497708000002
0.06276497708000002
0.06276497708000002
0.06276497708000002
0.06276497708000002
0.06276497708000002
0.06276497708000002
0.06276497708000002
0.06285714288000004
0.06276497688000003
0.06276497688000003
