0.5231336449999998
0.5123502367999998
0.5024884823999998
0.4870046133999999
0.46912442759999984
0.4353917104
0.4076497715999999
0.39714285660000004
0.38138249080000003
0.3704147488
0.3595391742000001
0.34930875740000006
0.33806451772
0.3254377884000001
0.31640553080000006
0.3062672834000001
0.2959447037200001
0.28377880328
0.27281106220000007
0.2608294956000001
0.2466359458000001
0.23493087572000004
0.22543778860000002
0.21585253564
0.20820276604
0.20036866348000004
0.19308755807999997
0.18737327239999996
0.183870969
0.17898617656000007
0.1768663614
0.17382488497999998
0.17096774273999998
0.16829493164000003
0.16497696032
0.16258064592
0.15953917144000004
0.15695852640000002
0.15317972395999999
0.15041474676
0.14682027824000002
0.14488479391999998
0.14221198227999998
0.14064516134000002
0.13806451582
0.13649769642
0.13262672918000004
0.13078341050000003
0.12866359482000003
0.12755760484000003
0.12709677504000003
0.12571428692000006
0.12442396364000002
0.12368663734000003
0.12276497790000002
0.12193548490000003
0.12119815770000003
0.12055299600000004
0.11972350272000001
0.1193548392
0.11917050748
0.11843318048000002
0.11806451688000001
0.11714285852000002
0.11631336544
0.11603686732
0.11529954008000001
0.11520737400000002
0.11493087660000001
0.11447004752000002
0.11354838848000001
0.11327189088
0.11253456308000001
0.11152073836000004
0.11105990904000004
0.11059907960000004
0.10958525456000003
0.10930875696000003
0.10884792756000002
0.10857142996000001
0.10829493240000002
0.10811060080000001
0.10801843480000002
0.10783410282000001
0.10718894148000002
0.10682027790000001
0.10599078462000003
0.10571428662000003
0.10534562262000001
0.10516129082
0.1048847933
0.10433179854000002
0.10377880224000002
0.10331797256000001
0.10276497696000002
0.10239631336000002
0.10202764996000001
0.10165898656000001
0.10138248894
0.10119815714000001
0.10092165962
0.10073732782
0.10027649838000001
0.10000000077999999
0.09944700538000001
0.09926267370000001
0.09898617590000003
0.09870967810000002
0.09861751230000003
0.09852534640000002
0.09815668300000004
0.09778801908000004
0.09769585328000004
0.09732718936000001
0.09723502356000001
0.09668202806000002
0.09622119886000002
0.09576036970000003
0.09566820378000003
0.09548387210000003
0.09511520848000002
0.09502304248000003
0.09456221316000002
0.09437788136000001
0.09391705182000003
0.09345622252000003
0.09354838832000004
0.09327189074000003
0.09308755882000001
0.09281106092000002
0.09216589952
0.09198156774
0.09170507044000001
0.09170507044000001
0.09142857264000001
0.09105990906000003
0.09096774306000002
0.09078341116000002
0.09059907948000001
0.09050691358000001
0.09050691338
0.09013824988000003
0.08986175208000002
0.08976958608000002
0.08976958608000002
0.08930875682000002
0.08912442492000001
0.0886635956
0.08857142960000003
0.08820276600000002
0.08783410227999999
0.08737327298
0.08691244348000002
0.08672811188000001
0.08645161418000001
0.08635944828000001
0.0860829504
0.08599078448
0.08571428678000002
0.08552995508000003
0.08506912570000001
0.08488479380000001
0.08460829610000001
0.08460829600000003
0.08433179818000003
0.08396313426000003
0.08396313426000003
0.08387096836000003
0.08368663666000004
0.08350230494000004
0.08368663674000004
0.08304147546000003
0.08285714366000002
0.08239631436000003
0.08221198236000003
0.08230414826000003
0.08202765066
0.08193548466000003
0.08184331866000003
0.08156682076000003
0.08129032298000002
0.08110599118000002
0.08082949328000001
0.08018433198000001
0.08009216608000001
0.07990783438
0.07990783438
0.07972350258000001
0.07917050728000002
0.07889400968000002
0.07843318038000002
0.07824884848000002
0.07815668258000003
0.07806451678000002
0.07760368728000003
0.07751152128000002
0.07732718968000002
0.07723502388000003
0.07705069198000003
0.07686636018000004
0.07622119874000004
0.07594470094000004
0.07566820354000005
0.07511520824000004
0.07493087634000004
0.07483871034000003
0.07465437844000003
0.07410138310000002
0.07391705120000001
0.07354838772000001
0.07336405602000001
0.07336405612
0.07336405612
0.07317972422
0.07308755832000001
0.07308755832000001
0.07299539252000001
0.07290322662
0.07271889472000001
0.07281106062000002
0.07262672872000002
0.07253456282000002
0.07225806512000002
0.07225806512000002
0.07225806512000002
0.07225806512000002
0.07198156746000002
0.07179723552000002
0.07161290372000004
0.07170506966000004
0.07142857196000003
0.07124424006000003
0.07087557636000003
0.07078341046000003
0.07059907866000004
0.07041474676000004
0.07032258072000003
0.07032258072000003
0.07041474652000003
0.07041474652000003
0.07050691242000003
0.07023041482000003
0.06986175132000003
0.06976958542000003
0.06986175132000003
0.06967741942000003
0.06949308776000002
0.06930875586000002
0.06912442396000003
0.06884792646000004
0.06875576052000003
0.06857142872000002
0.06838709692000002
0.06820276492000003
0.06820276492000003
0.06820276492000003
0.06829493092000001
0.06820276512000002
0.06801843332000003
0.06792626742000003
0.06783410156000003
0.06774193556000002
0.06774193556000002
0.06755760376000003
0.06755760376000003
0.06709677426000002
0.06700460836000004
0.06672811082000002
0.06635944732000001
0.06617511542000001
0.06617511542000001
0.06599078372000002
0.06589861792000001
0.06580645202000002
0.06534562262000002
0.06516129092000002
0.06506912512000002
0.06506912512000002
0.06488479322000001
0.06488479322000001
0.06479262724000001
0.06479262724000001
0.06460829534000001
0.06442396360000002
0.06433179770000001
0.06405530014000001
0.06414746604
0.06396313420000001
0.0638709684
0.0638709684
0.0638709684
0.0635944709
0.06322580720000001
0.06331797310000001
0.06322580720000001
0.06322580720000001
0.06304147550000001
0.06276497770000002
0.06285714360000001
0.06276497770000002
0.06276497770000002
0.06267281180000002
0.06258064590000002
0.06239631414000003
0.062119816440000024
0.062119816440000024
0.06193548464000002
0.06193548464000002
0.06202765054000002
0.06202765054000002
0.06184331874000002
0.061751152940000026
0.06156682110000003
0.061290323540000025
0.061290323540000025
0.06119815754000002
0.061013825780000024
0.060921659920000024
0.060829494020000034
0.060645162120000026
0.06055299608000003
0.06055299608000003
0.06046083022000003
0.06036866422000003
0.06018433242000003
0.06009216648000002
0.06000000058000002
0.05990783458000002
0.05990783458000002
0.05981566868000002
0.05981566868000002
0.05981566868000002
0.059723502780000014
0.059631336840000014
0.059262673240000015
0.05917050734000001
0.059354839100000015
0.059170507400000016
0.05907834150000002
0.05898617564000002
0.05889400974000002
0.058617512040000014
0.058617512040000014
0.05852534610000002
0.05824884850000002
0.058341014400000016
0.05852534610000002
0.05852534610000002
0.05843318030000002
0.05843318030000002
0.05834101444000002
0.05824884850000002
0.05824884850000002
0.05824884850000002
0.05824884850000002
0.058064516660000016
0.057972350720000024
0.05806451662000003
0.057880184620000025
0.057788018620000034
0.057788018620000034
0.05769585282000003
0.05769585282000003
0.057603686920000036
0.057603686920000036
0.057603686920000036
0.05751152092000003
0.05760368678000003
0.05741935498000004
0.05751152092000003
0.05751152096000003
0.05723502330000004
0.05723502330000004
0.05714285740000004
0.05714285740000004
0.057142857460000036
0.056958525720000035
0.05677419406000003
0.05677419406000003
0.05677419406000003
0.05677419406000003
0.05686636000000003
0.05686635996000003
0.05686635996000003
0.05668202812000003
0.05658986226000003
0.05649769640000003
0.05640553050000004
0.056129032600000045
0.05603686674000003
0.05603686674000003
0.05603686674000003
0.05603686674000003
0.05603686674000004
0.055944700840000035
0.055944700840000035
0.055944700840000035
0.05585253494000003
0.055483871600000026
0.055483871600000026
0.055391705660000026
0.055299539800000026
0.05520737380000003
0.05520737380000003
0.05483871010000002
0.05474654420000002
0.05474654420000002
0.054654378300000014
0.05456221250000001
0.05437788076000001
0.05437788076000001
0.05437788072000002
0.05428571486000001
0.05419354892000002
0.054101383020000025
0.054193548960000025
0.05410138306000002
0.05410138306000002
0.05410138312000003
0.05410138312000003
0.05410138312000003
0.05410138312000003
0.05419354902000002
0.053824885380000013
0.053824885380000013
0.053732719440000014
0.05364055354000001
0.053732719440000014
0.05364055354000001
0.053364055760000015
0.053364055760000015
0.053271889900000015
0.05317972390000001
0.05317972390000001
0.05308755796000002
0.052995392060000014
0.053087557960000004
0.053087557960000004
0.05317972376000001
0.05327188970000002
0.05327188970000002
0.05327188970000002
0.05327188970000002
0.05327188970000002
0.053456221500000026
0.053456221500000026
0.053456221500000026
0.053456221500000026
0.05336405560000002
0.05336405560000002
0.053548387400000015
0.053548387400000015
0.05345622146000001
0.05336405560000001
0.05327188970000002
0.05327188970000002
0.05327188970000002
0.05327188970000002
0.05327188970000002
0.05317972376000001
0.05317972376000001
0.05317972376000001
0.053271889660000016
0.053271889660000016
0.05327188976000001
0.05317972376000001
0.05317972376000001
0.05308755786000001
0.05308755782000001
0.05308755782000001
0.05308755782000001
0.05308755782000001
0.05308755782000001
0.053087557860000016
0.05317972366000002
0.05317972366000002
0.05317972366000002
0.05317972366000002
0.05317972366000002
0.053179723720000016
0.053179723720000016
0.053179723720000016
0.053179723720000016
0.053179723720000016
0.053179723720000016
0.05308755772000001
0.05308755772000001
0.05299539182000001
0.05299539182000001
0.052903225920000005
0.052811060020000015
0.052811060020000015
0.052811060020000015
0.052811060020000015
0.052718894160000015
0.052718894160000015
0.052718894160000015
0.052718894160000015
0.052718894160000015
0.052718894160000015
0.05262672826000001
0.05262672826000001
0.05262672830000001
0.05244239640000001
0.05235023054000001
0.05235023054000001
0.052258064740000006
0.052258064740000006
0.052258064740000006
0.05216589894000001
0.05216589894000001
0.05216589894000001
0.05216589894000001
0.05216589894000001
0.05225806474000001
0.05216589884000001
0.05216589884000001
0.052073732940000006
0.052073732940000006
0.052073732940000006
0.05225806470000001
0.05225806470000001
0.05216589880000002
0.05207373300000001
0.051981567060000004
0.05188940126
0.05188940126
0.05188940126
0.05161290352000001
0.05161290352000001
0.05161290352000001
0.05161290352000001
0.05161290352000001
0.05161290352000001
0.05161290352000001
0.05161290352000001
0.05152073762000001
0.05152073762000001
0.05142857172000001
0.05142857172000001
0.05142857172000001
0.051336405780000004
0.051336405780000004
0.051336405780000004
0.05124423984
0.05124423984
0.05124423984
0.05124423984
0.0513364057
0.05152073754000001
0.05152073754000001
0.05161290340000001
0.05152073754000001
0.05142857164000001
0.051336405700000004
0.051428571560000004
0.051428571560000004
0.051428571560000004
0.051428571560000004
0.051428571560000004
0.051428571560000004
0.051428571560000004
0.051428571560000004
0.051428571560000004
0.051428571560000004
0.051428571560000004
0.051428571560000004
0.051336405700000004
0.051336405700000004
0.051336405700000004
0.051336405700000004
0.051244239800000015
0.051244239800000015
0.051244239800000015
0.05133640574000001
0.05133640574000001
0.05133640574000001
0.05133640574000001
0.05133640574000001
0.05133640574000001
0.05133640574000001
0.051244239800000015
0.05105990804000001
0.05105990804000001
0.05105990804000001
0.05105990804000001
0.05105990804000001
0.05105990804000001
0.05105990804000001
0.05087557620000002
0.05087557620000002
0.05087557620000002
0.05087557620000002
0.05078341030000002
0.05078341030000002
0.05078341030000002
0.05069124440000002
0.050599078460000016
0.050599078460000016
0.050599078460000016
0.050599078460000016
0.05050691256000001
0.05050691256000001
0.05050691256000001
0.05050691256000001
0.05050691256000001
0.05050691256000001
0.05050691256000001
0.05050691256000001
0.05050691256000001
0.05050691256000001
0.05050691256000001
0.05050691256000001
0.05050691256000001
0.05059907850000002
0.05069124430000002
0.05069124430000002
0.05059907844000002
0.05059907844000002
0.05059907844000002
0.05050691250000003
0.05050691250000003
0.05050691250000003
0.05050691250000003
0.05050691250000003
0.05050691250000003
0.05050691250000003
0.050414746600000025
0.050414746600000025
0.050414746600000025
0.050414746600000025
0.050414746600000025
0.050414746600000025
0.050322580660000026
0.05041474656000002
0.05032258062000002
0.050414746520000026
0.050414746520000026
0.050414746520000026
0.050414746520000026
0.050414746520000026
0.050414746520000026
0.050414746520000026
0.050414746520000026
0.050414746520000026
0.050414746520000026
0.050414746520000026
0.05032258058000002
0.05032258058000002
0.05032258058000002
0.05041474644000002
0.05041474644000002
0.05041474644000002
0.05041474644000002
0.05041474644000002
0.05041474644000002
0.05041474644000002
0.05041474644000002
0.05041474644000002
0.05041474644000002
0.05041474644000002
0.05041474644000002
0.05041474644000002
0.05041474644000002
0.05041474644000002
0.05041474644000002
0.05041474644000002
0.05041474644000002
0.05041474644000002
0.05041474644000002
0.05032258058000002
0.05032258058000002
0.05032258058000002
0.05032258058000002
0.05032258058000002
0.05032258058000002
0.05032258058000002
0.05023041472000002
0.05023041472000002
0.05023041472000002
0.05023041472000002
0.05023041472000002
0.05013824886000001
0.05013824886000001
0.05013824886000001
0.050046082960000016
0.050046082960000016
0.050046082960000016
0.050046082960000016
0.050046082960000016
0.050046082960000016
0.050046082960000016
0.050046082960000016
0.050046082960000016
0.050046082960000016
0.050046082960000016
0.050046082960000016
0.050046082960000016
0.050046082960000016
0.050046082960000016
0.050046082960000016
0.050046082960000016
0.050046082960000016
0.050046082960000016
0.050046082960000016
0.050046082960000016
0.050046082960000016
0.050046082960000016
0.050046082960000016
0.050046082960000016
0.050046082960000016
0.050046082960000016
0.050138248820000016
0.05023041472000002
0.05023041472000002
0.05023041472000002
0.05023041472000002
0.05023041472000002
0.05023041472000002
0.05023041472000002
0.05013824892000002
0.05013824892000002
0.05013824892000002
0.05013824892000002
0.05013824892000002
0.05013824892000002
0.05013824892000002
0.05013824892000002
0.05013824892000002
0.05013824892000002
0.05013824892000002
0.05023041478000002
0.05023041478000002
0.05032258068000002
0.05032258068000002
0.05032258068000002
0.05032258068000002
0.05032258068000002
0.05032258068000002
0.05032258068000002
0.05032258068000002
0.05032258068000002
0.05032258068000002
0.05032258068000002
0.05032258068000002
0.05032258068000002
0.05032258068000002
0.05032258068000002
0.050230414740000014
0.050230414740000014
0.050230414740000014
0.05032258064000002
0.05032258064000002
0.05032258064000002
0.05032258064000002
0.05032258064000002
0.05032258064000002
0.05032258064000002
0.05032258064000002
0.05032258064000002
0.05032258064000002
0.05041474658000001
0.05041474658000001
0.05032258072000001
0.05032258072000001
0.05023041486000001
0.05023041486000001
0.05023041486000001
0.05023041486000001
0.05023041486000001
0.05023041486000001
0.05032258072000001
0.05032258072000001
0.05032258072000001
0.05032258072000001
0.05032258072000001
0.05032258072000001
0.05032258072000001
0.05032258072000001
0.05032258072000001
0.05023041478000002
0.05023041478000002
0.05023041478000002
0.05023041478000002
0.05023041478000002
0.05023041478000002
0.05023041478000002
0.05023041478000002
0.05023041478000002
0.05023041478000002
0.05023041478000002
0.05023041478000002
0.05023041478000002
0.05023041478000002
0.05023041478000002
0.05023041478000002
0.05023041478000002
0.05023041478000002
0.05023041478000002
0.05023041478000002
0.05023041478000002
0.05023041478000002
0.05013824884000001
0.05013824884000001
0.05013824884000001
0.05013824884000001
0.05013824884000001
0.05013824884000001
0.05013824884000001
0.05013824884000001
0.05013824884000001
0.05013824884000001
0.05013824884000001
0.05013824884000001
0.05013824884000001
0.05013824884000001
0.05013824884000001
0.05013824884000001
0.05013824884000001
0.05004608294000001
0.05004608294000001
0.05004608294000001
0.04995391704000001
0.04995391704000001
0.04995391704000001
0.04995391704000001
0.04995391704000001
0.04995391704000001
0.04995391704000001
0.04995391704000001
0.04995391704000001
0.04995391704000001
0.04995391704000001
0.04995391704000001
0.04995391704000001
0.04995391704000001
0.04995391704000001
0.04995391704000001
0.04995391704000001
0.04995391704000001
0.04995391704000001
0.04995391704000001
0.04995391704000001
0.04995391704000001
0.04995391704000001
0.04995391704000001
0.04995391704000001
0.04995391704000001
0.04995391704000001
0.04995391704000001
0.04995391704000001
0.04995391704000001
0.049861751100000004
0.049861751100000004
0.049861751100000004
0.049769585240000004
0.049769585240000004
0.049769585240000004
0.049769585240000004
0.049769585240000004
0.049769585240000004
0.049769585240000004
0.049769585240000004
0.049769585240000004
0.049769585240000004
0.049769585240000004
0.049769585240000004
0.049769585240000004
0.049769585240000004
0.049769585240000004
0.049769585240000004
0.049769585240000004
0.049769585240000004
0.049769585240000004
0.049769585240000004
0.049769585240000004
0.049769585240000004
0.049769585240000004
0.049769585240000004
0.049769585240000004
0.049769585240000004
0.049861751040000006
0.049861751040000006
0.049861751040000006
0.0497695851
0.0497695851
0.0497695851
0.0497695851
0.0497695851
0.0497695851
0.0497695851
0.0497695851
0.0497695851
0.049861751040000006
0.049861751040000006
0.049861751040000006
0.049861751040000006
0.049861751040000006
0.049861751040000006
0.0497695851
0.0497695851
0.0497695851
0.0497695851
0.0497695851
0.0497695851
0.0497695851
0.0497695851
0.0497695851
0.0497695851
0.0497695851
0.0497695851
0.0497695851
0.0497695851
0.0497695851
0.0497695851
0.0497695851
0.0497695851
0.0497695851
0.0497695851
0.0497695851
0.0497695851
0.0497695851
0.0497695851
0.0497695851
0.0497695851
0.0497695851
0.0497695851
0.04967741924
0.04967741924
0.04967741924
0.04967741924
0.04967741924
0.04967741924
0.049769585180000006
0.049861751040000006
0.049861751040000006
0.049861751040000006
0.049861751040000006
0.049861751040000006
0.049861751040000006
0.049861751040000006
0.049861751040000006
0.049861751040000006
0.049861751040000006
0.049861751040000006
0.049861751040000006
0.049861751040000006
0.049861751040000006
0.049861751040000006
0.049861751040000006
0.049861751040000006
0.049861751040000006
0.049861751040000006
0.049861751040000006
0.04976958510000001
0.04976958510000001
0.04976958510000001
0.04976958510000001
0.04976958510000001
0.04976958510000001
0.04976958510000001
0.04976958510000001
0.04976958510000001
0.04976958510000001
0.04976958510000001
0.04976958510000001
0.04976958510000001
0.04967741920000001
0.04967741920000001
0.04967741920000001
0.04967741920000001
0.04976958506000001
0.04967741926
0.04967741926
0.04967741926
0.04967741926
0.04967741926
0.04976958512
0.04976958512
0.04967741926
0.04967741926
0.04976958512
0.049769585160000004
0.049769585160000004
0.049769585160000004
0.049769585160000004
0.049769585160000004
0.049769585160000004
0.049769585160000004
0.049769585160000004
0.049769585160000004
0.049769585160000004
0.049769585160000004
0.049677419300000004
0.049677419300000004
0.049677419300000004
0.04967741934000001
0.04967741934000001
0.04976958520000001
0.04976958520000001
0.04976958520000001
