0.5141935544
0.45419355448000004
0.4155760410000001
0.39023041779999995
0.3697695888000001
0.34764977400000013
0.3309677454000001
0.32119815920000006
0.3095852584000001
0.29428571760000005
0.28129032552
0.2658986204400001
0.25078341291999995
0.24064516356
0.22820276632000003
0.21612903271999998
0.20350230516
0.1927188952
0.18285714384
0.17327189014000002
0.16497695914000005
0.16000000174
0.15447004625999997
0.14967742044
0.14608295136000002
0.14046083027999998
0.1368663612
0.13373272032
0.12958525454
0.12700460966
0.12608295098
0.12387096918000003
0.12248848130000001
0.12119815830000003
0.1202764991
0.11926267442000003
0.11824884960000002
0.11732719012000001
0.11622119859999999
0.11585253523999998
0.11465437851999997
0.11308755856
0.11235023120000001
0.11142857220000002
0.11096774292000001
0.11050691340000002
0.11004608378
0.10912442428
0.1082949315
0.10755760410000001
0.10691244284000001
0.10645161366
0.10617511596
0.10571428614
0.10516129098000002
0.10451612934
0.10442396324
0.10396313404
0.10294930967999999
0.10221198245999999
0.10129032383999999
0.10073732826000001
0.10036866474000002
0.09981566904000001
0.09926267338
0.09870967820000003
0.09824884860000002
0.09751152158000004
0.09686635998000004
0.09649769648
0.09612903298000001
0.09594470106000001
0.09520737369999999
0.0947465443
0.09419354919999998
0.09345622240000001
0.0929953929
0.09244239720000003
0.09216589958000002
0.09152073846000004
0.09087557718000003
0.09013825008000004
0.08958525510000001
0.08894009340000002
0.08801843430000002
0.08654378000000001
0.08589861840000003
0.08470046250000003
0.08405530090000003
0.08341013952000002
0.08304147612000003
0.08248848022000002
0.08184331890000003
0.08110599150000003
0.08073732820000001
0.08046083040000003
0.08009216680000003
0.07944700550000001
0.07880184400000004
0.07852534630000003
0.07806451650000003
0.07732718930000003
0.07658986210000002
0.07622119872000002
0.07594470102000003
0.07548387142000004
0.07502304212000004
0.07465437840000003
0.07428571542000002
0.07373272002000003
0.07299539272000004
0.07235023110000005
0.07216589910000004
0.07198156730000005
0.07179723538000005
0.07161290344000004
0.07115207364000004
0.07115207384000004
0.07115207384000004
0.07087557622000004
0.07059907852000002
0.07032258072000004
0.07004608308000003
0.06986175108000002
0.06930875576000002
0.06903225818000001
0.06875576048000001
0.06829493130000001
0.06792626776
0.06783410170000001
0.06755760390000001
0.06718894028000001
0.06709677434
0.06691244244
0.06682027673999999
0.06663594484
0.06608294940000001
0.06562211980000002
0.06543778796000004
0.06525345612000004
0.06516128998000004
0.06479262656000002
0.06451612880000003
0.06451612870000004
0.06405529932000004
0.06396313336000004
0.06377880180000002
0.06359446996000004
0.06341013826000004
0.06322580646000003
0.06313364076000003
0.06285714316000003
0.06267281136000002
0.06221198156000003
0.06211981576000003
0.061843317880000026
0.061843317880000026
0.06156682012000004
0.06138248838000002
0.06119815668000004
0.06092165902000004
0.06073732722000003
0.06073732726000003
0.06009216598000002
0.059631336540000024
0.059354839040000024
0.05907834138000004
0.05907834138000004
0.058986175280000025
0.05880184348000003
0.058525345680000035
0.058525345680000035
0.05824884784000004
0.05815668198000004
0.05751152070000004
0.05732718894000004
0.057235023140000035
0.05695852548000004
0.05658986208000003
0.05640553028000004
0.05603686668000003
0.05585253478000004
0.055760368880000036
0.055668202940000036
0.055668202940000036
0.05557603700000004
0.05539170516000004
0.05548387102000004
0.05539170512000004
0.055299539220000034
0.05520737322000004
0.055391705120000044
0.055207373280000034
0.055207373280000034
0.05511520748000003
0.055023041540000026
0.055023041540000026
0.054654377840000025
0.054285714400000025
0.05410138270000003
0.05410138270000003
0.05419354856000003
0.05410138270000003
0.05391705090000003
0.053824885000000024
0.05373271910000002
0.05373271910000002
0.05336405554000003
0.05327188968000003
0.05317972378000003
0.05299539198000002
0.05299539198000002
0.05290322612000002
0.05281106022000002
0.052811060120000024
0.052534562420000014
0.052534562420000014
0.05253456238000001
0.05262672828000002
0.05262672828000002
0.05253456238000002
0.05253456238000002
0.05253456238000002
0.05235023058000002
0.05235023050000001
0.052073732820000024
0.05198156688000002
0.05207373274000002
0.05207373274000002
0.05207373274000002
0.052165898640000014
0.05225806456000001
0.05225806456000001
0.052258064760000014
0.052350230620000014
0.052258064620000017
0.052258064620000017
0.052350230520000006
0.052442396380000006
0.05216589872000001
0.05216589872000001
0.05216589872000001
0.05235023048000001
0.05244239638000001
0.05225806458000001
0.05225806458000001
0.05198156692000001
0.05188940112000001
0.05198156698000001
0.051981567020000015
0.051889401160000015
0.051889401160000015
0.051889401160000015
0.051889401160000015
0.05179723526000001
0.05161290336000001
0.05152073746000001
0.05142857160000001
0.05142857160000001
0.05142857160000001
0.05170506930000001
0.051612903400000014
0.051612903400000014
0.051612903400000014
0.051612903400000014
0.05161290336000001
0.05161290336000001
0.05152073742000002
0.05142857148000001
0.051336405580000015
0.051336405580000015
0.051336405580000015
0.05124423968000001
0.05124423968000001
0.05124423968000001
0.05133640562000001
0.051244239720000015
0.05115207382000001
0.05115207382000001
0.051059907920000015
0.05105990796000002
0.05105990796000002
0.05105990796000002
0.05105990796000002
0.05087557616000002
0.050967742060000015
0.05087557612000002
0.05087557612000002
0.05096774198000002
0.05096774198000002
0.050875576040000016
0.050783410180000016
0.050783410180000016
0.050783410180000016
0.050691244320000016
0.05041474658000001
0.050322580680000006
0.050322580680000006
0.050322580680000006
0.050322580680000006
0.050322580680000006
0.050322580680000006
0.05050691248000001
0.05041474658000001
0.05032258072000001
0.05032258072000001
0.05041474658000001
0.05032258064000002
0.05032258064000002
0.05023041470000001
0.05013824884000001
0.05004608284000001
0.04995391690000002
0.04995391690000002
0.04995391690000002
0.04995391690000002
0.04995391690000002
0.04995391690000002
0.04995391690000002
0.05004608284000001
0.04995391698000001
0.04986175108000002
0.04976958518000002
0.04967741924000002
0.04976958510000002
0.04976958510000002
0.04976958510000002
0.04967741924000002
0.04958525330000002
0.049493087360000014
0.049493087360000014
0.049493087360000014
0.04940092156000001
0.04921658984000001
0.04921658984000001
0.04921658984000001
0.04921658984000001
0.04921658984000001
0.049032258040000005
0.049032258040000005
0.048940092140000016
0.048940092140000016
0.048940092140000016
0.048940092140000016
0.048940092140000016
0.048940092140000016
0.04884792620000001
0.04884792620000001
0.04875576034000001
0.04875576034000001
0.04875576034000001
0.04875576034000001
0.048847926280000016
0.048847926280000016
0.048847926280000016
0.048847926280000016
0.048847926280000016
0.048847926280000016
0.048847926280000016
0.048847926280000016
0.048847926280000016
0.048847926280000016
0.048847926280000016
0.048847926280000016
0.048847926280000016
0.048847926280000016
0.048847926280000016
0.04875576034000001
0.04875576034000001
0.04875576034000001
0.04866359440000001
0.04866359440000001
0.04866359440000001
0.04866359440000001
0.04866359440000001
0.04866359440000001
0.04866359440000001
0.04866359440000001
0.048755760300000006
0.048755760300000006
0.048755760300000006
0.048755760300000006
0.048755760300000006
0.048663594360000006
0.048755760220000006
0.048755760220000006
0.048755760220000006
0.04884792612000001
0.04884792612000001
0.04884792612000001
0.04884792612000001
0.04884792612000001
0.04884792612000001
0.04884792612000001
0.04884792612000001
0.048940092020000006
0.048940092020000006
0.048940092020000006
0.048940092020000006
0.048755760220000006
0.048663594360000006
0.048663594360000006
0.048663594360000006
0.048755760220000006
0.048755760220000006
0.04884792612000001
0.04884792612000001
0.04884792612000001
0.04884792612000001
0.04884792612000001
0.04884792612000001
0.04884792612000001
0.04884792612000001
0.04884792612000001
0.04884792612000001
0.04884792612000001
0.04884792612000001
0.04894009206000001
0.04894009206000001
0.04894009206000001
0.04894009206000001
0.04894009206000001
0.04894009206000001
0.04884792616000001
0.04884792616000001
0.048755760220000006
0.048847926080000006
0.048847926080000006
0.048847926080000006
0.04894009202000001
0.04894009202000001
0.04894009202000001
0.04894009202000001
0.04894009202000001
0.04894009202000001
0.04894009202000001
0.04894009202000001
0.04894009202000001
0.04894009202000001
0.04894009202000001
0.04894009202000001
0.04894009202000001
0.04894009202000001
0.04894009202000001
0.04894009202000001
0.04894009202000001
0.04894009202000001
0.04894009202000001
0.04894009202000001
0.04894009202000001
0.04894009202000001
0.04894009202000001
0.04894009202000001
0.04894009202000001
0.04894009202000001
0.04894009202000001
0.04884792616000001
0.04884792616000001
0.04875576026000001
0.04875576026000001
0.04875576026000001
0.04875576026000001
0.04875576026000001
0.04875576026000001
0.04884792612000001
0.04884792612000001
0.04884792612000001
0.04894009206000001
0.04894009206000001
0.04894009206000001
0.04894009210000001
0.04884792616000001
0.04875576026000001
0.04875576026000001
0.04875576026000001
0.04875576026000001
0.048847926200000016
0.048847926200000016
0.048847926200000016
0.048847926200000016
0.048847926200000016
0.048847926200000016
0.048847926200000016
0.048847926200000016
0.04894009210000001
0.04894009210000001
0.04894009210000001
0.04884792624000001
0.04875576038000001
0.04875576038000001
0.04875576038000001
0.04875576038000001
0.04875576038000001
0.04875576038000001
0.04875576038000001
0.04875576038000001
0.04884792632000002
0.04884792632000002
0.04884792632000002
0.04884792632000002
0.04884792632000002
0.04875576046000002
0.04875576046000002
0.04894009226000001
0.04894009226000001
0.04894009226000001
0.04894009226000001
0.04894009226000001
0.04894009226000001
0.04903225820000001
0.04903225820000001
0.04903225820000001
0.04903225820000001
0.04903225820000001
0.04903225820000001
0.04903225820000001
0.04903225820000001
0.04903225820000001
0.04903225820000001
0.04903225820000001
0.04903225820000001
0.04903225820000001
0.04903225820000001
0.04903225820000001
0.04912442406000001
0.04912442406000001
0.04912442406000001
0.04912442406000001
0.04912442406000001
0.04912442406000001
0.04912442406000001
0.04912442406000001
0.04912442406000001
0.04912442406000001
0.04903225812000001
0.04903225812000001
0.04903225812000001
0.04903225812000001
0.04903225812000001
0.04912442402000001
0.04912442402000001
0.04912442402000001
0.04912442402000001
0.04912442402000001
0.04921658992000001
0.04930875578000001
0.04949308750000001
0.04949308750000001
0.04949308750000001
0.04949308750000001
0.04949308750000001
0.04949308750000001
0.049493087540000015
0.049493087540000015
0.049493087540000015
0.049493087540000015
0.049493087540000015
0.049493087540000015
0.04940092160000001
0.04940092160000001
0.04940092160000001
0.04940092160000001
0.04949308750000001
0.04949308750000001
0.04949308750000001
0.049585253400000015
0.049585253400000015
0.049677419260000015
0.04976958520000001
0.04976958520000001
0.04986175106000001
0.04986175106000001
0.04986175106000001
0.04986175106000001
0.04986175106000001
0.04986175106000001
0.04986175106000001
0.04986175106000001
0.049953917000000014
0.050046082860000014
0.050046082860000014
0.050046082860000014
0.050046082860000014
0.050046082860000014
0.050046082860000014
0.050046082860000014
0.049953917000000014
0.049953917000000014
0.049953917000000014
0.049953917000000014
0.049953917000000014
0.049953917000000014
0.050046082940000014
0.05013824884000002
0.05013824884000002
0.05013824884000002
0.05013824884000002
0.05013824884000002
0.05013824884000002
0.05013824884000002
0.05013824884000002
0.05013824884000002
0.05013824884000002
0.05013824884000002
0.05013824884000002
0.05013824884000002
0.05023041470000002
0.05023041470000002
0.05023041470000002
0.05023041470000002
0.05032258060000002
0.05032258060000002
0.05032258060000002
0.05032258060000002
0.05032258060000002
0.05032258060000002
0.05032258060000002
0.05032258060000002
0.05032258060000002
0.05032258060000002
0.05032258060000002
0.05032258060000002
0.05032258060000002
0.05041474646000002
0.05041474646000002
0.05041474646000002
0.05050691232000002
0.05059907818000002
0.05059907818000002
0.05059907818000002
0.05059907818000002
0.05059907818000002
0.05059907818000002
0.05059907818000002
0.05059907818000002
0.05059907818000002
0.05059907818000002
0.05059907818000002
0.05059907818000002
0.05059907818000002
0.05059907818000002
0.05059907818000002
0.05069124408000001
0.05069124408000001
0.05069124408000001
0.05069124408000001
0.05078340994000001
0.05078340994000001
0.05078340994000001
0.05087557580000001
0.05078340994000001
0.05087557584000001
0.05087557584000001
0.05087557584000001
0.05087557584000001
0.05087557584000001
0.05096774178000001
0.05096774178000001
0.05096774178000001
0.05096774178000001
0.05096774178000001
0.05105990764000001
0.05105990764000001
0.05105990764000001
0.05105990764000001
0.05105990764000001
0.05105990764000001
0.05105990764000001
0.05105990764000001
0.05105990764000001
0.05105990764000001
0.05105990764000001
0.05105990764000001
0.05105990764000001
0.05105990764000001
0.05115207350000001
0.05115207350000001
0.05115207350000001
0.05115207350000001
0.05115207350000001
0.05115207350000001
0.05115207350000001
0.05115207350000001
0.05115207350000001
0.05115207350000001
0.05115207350000001
0.05124423936000001
0.05124423936000001
0.05124423936000001
0.05133640530000002
0.05133640530000002
0.05133640530000002
0.05133640530000002
0.051520737180000026
0.051520737180000026
0.051520737180000026
0.051520737180000026
0.051520737180000026
0.051705068980000025
0.051705068980000025
0.051705068980000025
0.051797234840000025
0.05188940074000002
0.05188940074000002
0.05188940074000002
0.05188940074000002
0.05188940074000002
0.05198156668000002
0.05198156668000002
0.05198156668000002
0.05198156668000002
0.052073732620000014
0.052073732620000014
0.05216589840000002
0.05216589840000002
0.05216589840000002
0.05216589840000002
0.05216589840000002
0.05216589840000002
0.05216589840000002
0.05216589840000002
0.052258064340000014
0.052258064340000014
0.05235023024000001
0.05235023024000001
0.05235023024000001
0.05235023024000001
0.05235023024000001
0.05244239618000002
0.05244239618000002
0.05244239618000002
0.05244239618000002
0.05244239618000002
0.052534562120000024
0.052534562120000024
0.052626727920000026
0.052626727920000026
0.052626727920000026
0.052626727920000026
0.05271889382000002
0.05281105976000002
0.05281105976000002
0.05281105976000002
0.05281105976000002
0.05281105976000002
0.05281105976000002
0.05281105976000002
0.05281105976000002
0.05281105976000002
0.05281105976000002
0.05281105976000002
0.05290322562000002
0.05290322562000002
0.05290322562000002
0.05299539156000002
0.05299539156000002
0.05299539156000002
0.05299539156000002
0.05299539156000002
0.05299539156000002
0.05299539156000002
0.05299539156000002
0.05299539156000002
0.05299539156000002
0.05299539156000002
0.05299539156000002
0.05299539156000002
0.05299539156000002
0.05299539156000002
0.05299539156000002
0.05299539156000002
0.05308755750000002
0.05317972336000002
0.05317972336000002
0.05317972336000002
0.05317972336000002
0.05327188930000002
0.05327188930000002
0.05327188930000002
0.05327188930000002
0.05336405516000002
0.05336405516000002
0.05336405516000002
0.05336405516000002
0.05336405516000002
0.05336405516000002
0.05336405516000002
0.05336405516000002
0.05336405516000002
0.05345622102000002
0.05345622102000002
0.05345622102000002
0.05345622102000002
0.05345622102000002
0.05345622102000002
0.05345622102000002
0.05345622102000002
0.05345622102000002
0.05345622102000002
0.05345622102000002
0.05364055282000003
0.05364055282000003
0.05373271872000003
0.05373271872000003
0.05373271872000003
0.05373271872000003
0.05373271872000003
0.05373271872000003
0.05382488462000002
0.05382488462000002
0.05382488462000002
0.05382488462000002
0.05382488462000002
0.05382488462000002
0.05382488462000002
0.05382488462000002
0.05382488462000002
0.05391705056000002
0.05391705056000002
0.05391705056000002
0.05391705056000002
0.05391705056000002
0.05391705056000002
0.05391705056000002
0.05391705056000002
0.05391705056000002
0.05391705056000002
0.05391705056000002
0.05391705056000002
0.05400921646000002
0.05400921646000002
0.05400921646000002
0.05400921646000002
0.054193548200000025
0.054193548200000025
0.054193548200000025
0.054193548200000025
0.054193548200000025
0.054193548200000025
0.054193548200000025
0.054193548200000025
0.054193548200000025
0.054193548200000025
0.054193548200000025
0.054193548200000025
0.054193548200000025
0.054193548200000025
0.054193548200000025
0.054193548200000025
0.054193548200000025
0.054193548200000025
0.054193548200000025
0.054193548200000025
0.054193548200000025
0.054193548200000025
0.054193548200000025
0.054193548200000025
0.054193548200000025
0.054193548200000025
0.054193548200000025
0.054193548200000025
0.054193548200000025
0.054193548200000025
0.054285714140000024
0.054285714140000024
0.054285714140000024
0.054285714140000024
0.054285714140000024
0.054377880080000024
0.05447004598000002
0.05447004598000002
0.05447004598000002
0.05447004598000002
0.05447004598000002
0.05447004598000002
0.05447004598000002
0.05447004598000002
0.05447004598000002
0.05447004598000002
0.05447004598000002
0.05447004598000002
0.05447004598000002
0.05447004598000002
0.05447004598000002
0.05447004598000002
0.05456221192000003
0.05456221192000003
0.05456221192000003
0.05456221192000003
0.05456221192000003
0.05456221192000003
0.05456221192000003
0.05456221192000003
0.05456221192000003
0.05456221192000003
0.05456221192000003
0.05456221192000003
0.05456221192000003
0.05456221192000003
0.05456221192000003
0.05465437782000002
0.05465437782000002
0.05465437782000002
0.05465437782000002
0.05474654368000002
0.05474654368000002
0.05474654368000002
0.05474654368000002
0.05483870958000003
0.05483870958000003
0.05483870958000003
0.05483870958000003
0.054930875480000016
0.054930875480000016
0.054930875480000016
0.054930875480000016
0.054930875480000016
0.054930875480000016
0.05502304138000002
0.05502304138000002
0.05502304138000002
0.05502304138000002
0.05502304138000002
0.05502304138000002
0.05502304138000002
0.05502304138000002
0.05502304138000002
0.05502304138000002
0.05502304138000002
0.05502304138000002
0.05502304138000002
0.05502304138000002
0.05502304138000002
0.05502304138000002
0.05502304138000002
0.05502304138000002
0.05502304138000002
0.05511520728000002
0.05511520728000002
0.05511520728000002
0.05511520728000002
0.05511520728000002
0.05511520728000002
0.05511520728000002
0.05511520728000002
0.05511520728000002
0.05511520728000002
0.05511520728000002
0.05511520728000002
0.05511520728000002
0.05511520728000002
0.05511520728000002
0.05511520728000002
0.05511520728000002
0.05511520728000002
0.05511520728000002
0.05520737322000002
0.055115207280000016
0.055115207280000016
0.055115207280000016
0.055115207280000016
0.055115207280000016
0.055115207280000016
0.055115207280000016
0.055115207280000016
0.05520737318000002
0.05520737318000002
0.05520737318000002
0.05520737318000002
0.05520737318000002
0.05520737318000002
0.05520737318000002
0.05520737318000002
0.05520737318000002
0.05529953912000002
0.05529953912000002
0.05529953912000002
0.05529953912000002
0.05529953912000002
0.05529953912000002
0.05529953912000002
0.05529953912000002
0.05520737318000002
0.05520737318000002
0.05520737318000002
0.05520737318000002
0.05520737318000002
0.05520737318000002
0.05520737318000002
0.05520737318000002
0.055299539120000026
0.055391704980000026
0.055391704980000026
0.055391704980000026
0.055391704980000026
0.055391704980000026
0.055391704980000026
0.055391704980000026
0.055391704980000026
0.055391704980000026
0.055391704980000026
