0.4965898702
0.4833179769999999
0.4609216637999998
0.4341013885999999
0.4197235051999998
0.3945622126
0.36718894359999993
0.34829493388000005
0.3365898659999999
0.3241474674
0.31308755900000007
0.29612903327999995
0.28304147548
0.27152073975999996
0.25972350288
0.24691244327999995
0.23612903248000003
0.2255299550800001
0.216866361
0.20700460864
0.19520737316000003
0.18764977012
0.180829494
0.1718894026
0.16571428740000002
0.16064516220000002
0.15428571444
0.15059907832
0.14866359412
0.14460829496000002
0.14313364128000003
0.14073732860000004
0.13815668346000004
0.13631336566000002
0.13493087682000002
0.13419355002000002
0.1329953934
0.132073734
0.13078341079999997
0.12866359475999997
0.12755760478
0.12709677526
0.12589861788
0.12525345747999997
0.12451612979999999
0.12387096839999998
0.12313364083999997
0.12276497728
0.12211981596000002
0.12129032356
0.12018433252
0.11926267308000002
0.11870967788000002
0.11797235003999999
0.11732718928000001
0.11668202820000002
0.11612903292000003
0.11612903292000003
0.11557603796000002
0.11511520856000004
0.11456221280000005
0.11373271970000007
0.11336405654000005
0.11281106078000006
0.11216589956000007
0.11170507028000008
0.11087557648000006
0.11041474728000006
0.11004608384000004
0.10949308834000003
0.10903225892000001
0.10829493159999998
0.107926268
0.10737327232
0.10654377954000001
0.10617511602
0.10589861826000004
0.10562212066000003
0.10488479328000003
0.10442396364000002
0.10405529984000003
0.10377880212000001
0.10322580682000002
0.10285714326000002
0.10239631356000002
0.10221198184000002
0.10193548436000002
0.10147465482000002
0.10092165926000003
0.10027649796000002
0.09990783444000004
0.09944700524000004
0.09926267364000002
0.09852534656000002
0.09815668286000002
0.09778801926
0.09769585325999999
0.09714285816000003
0.09668202886000003
0.09622119946000002
0.09557603754
0.09529953964
0.09456221231999999
0.09437788044
0.09419354856000002
0.09391705108000002
0.09317972406000002
0.09281106036000003
0.09271889436000003
0.09262672856000002
0.09235023106000001
0.09198156738000002
0.09152073808000001
0.09087557710000002
0.09078341090000003
0.09050691320000002
0.09023041540000001
0.08995391792000001
0.08958525474000004
0.08912442524000003
0.08884792744000002
0.08875576124000002
0.08857142944000003
0.08811059970000003
0.08811059970000003
0.0875576041
0.0875576041
0.0873732725
0.08709677488
0.0865437797
0.08608295028000003
0.08599078436000003
0.08562212096000003
0.08543778914000003
0.08506912584000004
0.08451613036000002
0.08433179856000005
0.08405530086000004
0.08405530086000004
0.08387096886000003
0.08368663686000004
0.08341013936000002
0.08313364178000004
0.08322580768000004
0.08304147598000004
0.08267281228000004
0.08258064638000003
0.08248848058000002
0.08221198298000001
0.08184331936000001
0.08138248958000002
0.08101382578
0.08082949390000001
0.08027649840000003
0.08000000060000004
0.07981566880000003
0.07953917130000004
0.07935483950000005
0.07917050790000003
0.07907834200000004
0.07889401040000003
0.07861751270000004
0.07815668320000003
0.07778801940000003
0.07769585360000003
0.07732718990000004
0.07668202850000004
0.07649769670000003
0.07658986260000003
0.07640553080000004
0.07612903290000003
0.07594470120000003
0.07566820360000003
0.07520737400000002
0.07493087620000002
0.07474654430000004
0.07456221260000004
0.07428571480000004
0.07400921730000003
0.07410138310000003
0.07391705126000003
0.07391705126000003
0.07354838772000004
0.07364055358000003
0.07345622188000003
0.07336405598000004
0.07317972438000003
0.07290322664000003
0.07281106074000003
0.07253456294000003
0.07207373344000001
0.07170506974000002
0.07142857194000002
0.07142857204000001
0.07142857204000001
0.07124424014000001
0.07115207424000002
0.07087557634000001
0.07050691254000001
0.07041474664000001
0.07032258074000003
0.07013824914000003
0.06995391730000003
0.06967741960000003
0.06958525360000004
0.06903225858000002
0.06903225858000002
0.06884792678000003
0.06847926328000002
0.06829493148000002
0.06820276554000002
0.06801843358000002
0.06783410164000003
0.06783410164000003
0.06755760380000003
0.06709677436000003
0.06700460846000003
0.06691244256000002
0.06682027666000002
0.06654377902000003
0.06626728112000001
0.06635944702000002
0.06635944712000001
0.06635944712000001
0.06635944716000002
0.06626728126
0.06608294956000002
0.06589861766000002
0.06580645180000003
0.06580645180000001
0.06552995410000001
0.0653456223
0.0652534564
0.0652534564
0.06506912460000001
0.06488479280000001
0.06488479280000001
0.06460829500000002
0.06442396316000001
0.06433179736000003
0.06414746562000002
0.06414746562000002
0.06377880212000003
0.06368663602000002
0.06350230412000002
0.06350230412
0.06331797232000001
0.06331797232000001
0.06341013822000002
0.06304147448000003
0.06285714268000002
0.06276497688000002
0.06285714288000002
0.06267281102000002
0.06267281102000002
0.06258064508000002
0.06230414724000002
0.06202764946000002
0.06184331772000003
0.061751151920000025
0.061658985980000025
0.061658985980000025
0.06156682018000002
0.06147465428000003
0.06147465428000003
0.06138248838000004
0.06147465418000003
0.06138248838000004
0.06119815648000003
0.06119815648000003
0.060737326980000034
0.06073732698000004
0.060460829280000045
0.060368663480000036
0.060092165960000034
0.05990783408000003
0.05990783398000004
0.05981566818000004
0.05972350218000003
0.05963133628000004
0.059539170380000034
0.059539170380000034
0.059447004380000036
0.05953917032000003
0.059354838520000036
0.059354838520000036
0.059170506860000034
0.05907834096000004
0.05898617506000004
0.05898617506000004
0.058894009060000044
0.05889400898000004
0.05861751134000004
0.05861751134000004
0.05861751134000004
0.05861751134000004
0.05870967728000004
0.058617511280000034
0.05852534538000003
0.05843317948000003
0.05843317948000003
0.05852534542000003
0.05852534542000003
0.058433179520000024
0.05824884782000003
0.05788018402000003
0.057788018120000034
0.05788018396000003
0.05769585220000004
0.05760368640000004
0.05751152054000004
0.05751152054000004
0.05760368640000004
0.05760368640000004
0.05723502290000002
0.05723502290000002
0.05705069102000003
0.05705069102000003
0.05705069102000003
0.05686635928000003
0.056774193420000035
0.05668202752000004
0.05658986166000004
0.05649769572000004
0.05640552978000004
0.05649769558000004
0.05649769558000004
0.05649769558000004
0.05622119788000004
0.055944700280000044
0.05585253438000004
0.05557603678000004
0.055483870880000036
0.055483870880000036
0.055483870880000036
0.055207373360000034
0.05529953926000003
0.05511520746000004
0.05502304146000004
0.054930875560000036
0.054930875560000036
0.054930875560000036
0.05483870966000003
0.05483870966000003
0.05456221202000003
0.05456221202000003
0.05456221202000003
0.05456221202000003
0.054470046120000025
0.054470046120000025
0.05437788022000003
0.054285714320000025
0.054285714320000025
0.054285714320000025
0.05419354838000003
0.054193548340000036
0.054193548340000036
0.054193548340000036
0.05419354838000003
0.05428571432000004
0.05437788026000004
0.05410138258000004
0.05410138258000004
0.05410138258000004
0.05410138258000004
0.05410138258000004
0.05410138258000004
0.05410138258000004
0.05391705078000003
0.05382488488000003
0.05382488488000003
0.054009216680000034
0.05419354852000002
0.05410138272000003
0.05410138272000003
0.05410138264000002
0.05410138264000002
0.05419354858000003
0.05400921670000002
0.05373271892000002
0.05354838716000002
0.05364055302000002
0.05373271896000003
0.05373271896000003
0.05373271896000003
0.05373271896000003
0.05364055310000003
0.05345622130000002
0.05345622130000002
0.05345622130000002
0.05345622130000002
0.05345622130000002
0.05345622130000002
0.053456221220000016
0.053271889420000024
0.053271889420000024
0.053271889420000024
0.05336405532000002
0.05336405532000002
0.05327188938000002
0.05327188938000002
0.05317972352000002
0.05308755766000002
0.05308755766000002
0.05308755766000002
0.05308755766000002
0.05299539166000002
0.05299539166000002
0.05299539166000002
0.05299539166000002
0.05299539166000002
0.05299539170000002
0.05299539170000002
0.052903225900000024
0.052903225900000024
0.05281106000000003
0.05271889406000002
0.05262672816000003
0.05262672816000003
0.05262672816000003
0.05262672816000003
0.05253456230000003
0.05253456230000003
0.05253456230000003
0.05244239640000003
0.05244239640000003
0.05253456226000003
0.05253456226000003
0.05244239632000003
0.05244239632000003
0.052350230340000026
0.052350230340000026
0.052350230340000026
0.052258064480000026
0.05216589858000002
0.05216589858000002
0.05207373268000002
0.051981566780000016
0.051981566780000016
0.051981566780000016
0.051981566780000016
0.051981566780000016
0.051981566780000016
0.05188940088000002
0.05179723502000002
0.05170506912000002
0.05170506912000002
0.05161290326000002
0.05161290326000002
0.05152073736000002
0.05161290322000002
0.05161290322000002
0.05161290322000002
0.05161290322000002
0.05152073728000001
0.05152073728000001
0.05152073728000001
0.05142857148000002
0.05142857148000002
0.05124423968000002
0.05124423968000002
0.05115207382000002
0.05115207382000002
0.05115207382000002
0.05115207382000002
0.05115207382000002
0.05115207382000002
0.05115207382000002
0.05124423972000002
0.05115207386000002
0.05105990788000001
0.05105990788000001
0.05105990788000001
0.05096774202000001
0.05087557616000002
0.05078341022000002
0.05078341022000002
0.05078341022000002
0.05078341022000002
0.050691244320000016
0.050691244320000016
0.050691244320000016
0.050691244320000016
0.050691244320000016
0.050691244320000016
0.05059907842000001
0.05050691248000001
0.05041474654000002
0.05032258064000002
0.05032258064000002
0.05032258064000002
0.05032258064000002
0.05032258064000002
0.05032258064000002
0.05032258064000002
0.05023041470000002
0.05023041470000002
0.05032258056000002
0.05032258056000002
0.05032258056000002
0.05032258056000002
0.05032258056000002
0.05032258056000002
0.05032258056000002
0.05032258056000002
0.050230414660000014
0.050230414660000014
0.050230414660000014
0.050230414660000014
0.050230414660000014
0.050230414660000014
0.050138248800000014
0.050138248800000014
0.050138248800000014
0.050138248800000014
0.050046082940000014
0.050230414740000014
0.050138248800000014
0.05004608290000001
0.05013824884000001
0.05013824884000001
0.05013824884000001
0.05004608290000001
0.05004608290000001
0.05004608290000001
0.05004608290000001
0.05004608290000001
0.04995391700000001
0.04995391700000001
0.04995391700000001
0.04995391700000001
0.04995391700000001
0.04995391700000001
0.04995391700000001
0.04995391700000001
0.04995391700000001
0.04995391700000001
0.04995391700000001
0.04995391700000001
0.04995391700000001
0.049861751100000004
0.049769585240000004
0.049769585240000004
0.049769585240000004
0.049769585240000004
0.049769585240000004
0.049769585240000004
0.049861751100000004
0.049861751100000004
0.049861751100000004
0.049861751100000004
0.049861751100000004
0.049861751100000004
0.049861751100000004
0.049861751100000004
0.049861751100000004
0.049861751100000004
0.049953916960000004
0.04986175106000001
0.04995391696000001
0.04995391696000001
0.04995391696000001
0.04995391696000001
0.04995391696000001
0.049861751020000004
0.049861751020000004
0.049861751020000004
0.049861751020000004
0.049861751020000004
0.049861751020000004
0.049861751020000004
0.049861751020000004
0.049769585120000015
0.04967741922000001
0.04967741922000001
0.04967741922000001
0.04967741922000001
0.049769585120000015
0.049769585120000015
0.049769585120000015
0.049769585120000015
0.049769585120000015
0.049769585120000015
0.049769585120000015
0.049769585120000015
0.04967741918000001
0.04967741918000001
0.04967741918000001
0.04967741918000001
0.04967741918000001
0.04967741918000001
0.04967741918000001
0.04967741918000001
0.04958525332000001
0.04958525332000001
0.04949308746000001
0.04949308746000001
0.04949308746000001
0.04949308746000001
0.04940092160000001
0.04940092160000001
0.04940092160000001
0.04940092160000001
0.04940092160000001
0.04930875566000001
0.04930875566000001
0.04930875566000001
0.04930875566000001
0.04930875566000001
0.04930875566000001
0.04930875566000001
0.04930875566000001
0.04921658980000001
0.04921658980000001
0.04921658980000001
0.04921658980000001
0.04921658980000001
0.04921658980000001
0.04921658980000001
0.04921658980000001
0.04912442394000001
0.04912442394000001
0.04912442394000001
0.04912442394000001
0.04912442394000001
0.04912442394000001
0.04903225808000001
0.04903225808000001
0.04903225808000001
0.04903225808000001
0.04903225808000001
0.04903225808000001
0.04903225808000001
0.04903225808000001
0.04903225808000001
0.04903225808000001
0.04903225808000001
0.04903225808000001
0.04903225808000001
0.04903225808000001
0.04903225808000001
0.04903225808000001
0.04903225808000001
0.04912442394000001
0.04912442394000001
0.04912442394000001
0.04912442394000001
0.04912442394000001
0.04912442394000001
0.04912442394000001
0.04912442394000001
0.04912442394000001
0.04912442394000001
0.04912442394000001
0.04912442394000001
0.04912442394000001
0.04912442394000001
0.04912442394000001
0.04912442394000001
0.04912442394000001
0.04912442394000001
0.04912442394000001
0.04912442394000001
0.04912442394000001
0.04912442394000001
0.04912442394000001
0.04912442394000001
0.04912442394000001
0.04912442394000001
0.04912442394000001
0.04912442394000001
0.04903225808000001
0.04903225808000001
0.04903225808000001
0.04903225808000001
0.04903225808000001
0.04903225808000001
0.04903225808000001
0.04903225808000001
0.04903225808000001
0.04903225808000001
0.04903225808000001
0.04903225808000001
0.04903225808000001
0.04903225808000001
0.04903225808000001
0.04903225808000001
0.04903225808000001
0.04903225808000001
0.04903225808000001
0.04912442398000001
0.04912442398000001
0.04912442398000001
0.04912442398000001
0.04912442398000001
0.04921658984000001
0.04921658984000001
0.04930875570000001
0.04930875570000001
0.04930875570000001
0.04930875570000001
0.04930875570000001
0.04930875570000001
0.04930875570000001
0.04930875570000001
0.04930875570000001
0.04930875570000001
0.04930875570000001
0.04930875570000001
0.04930875570000001
0.04930875570000001
0.04930875570000001
0.04930875570000001
0.04930875570000001
0.04930875570000001
0.04930875570000001
0.04930875570000001
0.04930875570000001
0.04930875570000001
0.04930875570000001
0.04930875570000001
0.04930875570000001
0.04930875570000001
0.04930875570000001
0.04930875570000001
0.04921658984000001
0.04921658984000001
0.04921658984000001
0.04921658984000001
0.04921658984000001
0.04921658984000001
0.04921658984000001
0.04921658984000001
0.04921658984000001
0.04921658984000001
0.04930875570000001
0.04930875570000001
0.04930875570000001
0.04930875570000001
0.04930875570000001
0.04930875570000001
0.04930875570000001
0.04930875570000001
0.049216589760000005
0.049216589760000005
0.049216589760000005
0.049216589760000005
0.049216589760000005
0.049216589760000005
0.049216589760000005
0.049216589760000005
0.049216589760000005
0.049216589760000005
0.049216589760000005
0.049216589760000005
0.049124423860000016
0.049124423860000016
0.049124423860000016
0.049124423860000016
0.049124423860000016
0.049124423860000016
0.049124423860000016
0.049124423860000016
0.049124423860000016
0.049124423860000016
0.049124423860000016
0.049124423860000016
0.04921658980000001
0.04930875566000001
0.04930875566000001
0.04930875566000001
0.04930875566000001
0.04930875566000001
0.04930875566000001
0.04930875566000001
0.04921658980000001
0.04921658980000001
0.04921658980000001
0.04921658980000001
0.04921658980000001
0.04921658980000001
0.04921658980000001
0.04921658980000001
0.04921658980000001
0.04921658980000001
0.04921658980000001
0.04921658980000001
0.04921658980000001
0.04921658980000001
0.04921658980000001
0.04921658980000001
0.04930875566000001
0.04930875566000001
0.04930875566000001
0.04930875566000001
0.04930875566000001
0.04930875566000001
0.04930875566000001
0.04930875566000001
0.04940092156000001
0.04949308742000001
0.04949308742000001
0.04949308742000001
0.04949308742000001
0.04958525332000001
0.04958525332000001
0.04958525332000001
0.04958525332000001
0.04958525332000001
0.04958525332000001
0.04958525332000001
0.04958525332000001
0.049677419260000015
0.049677419260000015
0.049677419260000015
0.049677419260000015
0.049677419260000015
0.049677419260000015
0.049677419260000015
0.049677419260000015
0.049677419260000015
0.04976958520000001
0.04976958520000001
0.04976958520000001
0.04976958520000001
0.04976958520000001
0.04976958520000001
0.04976958520000001
0.04976958520000001
0.04976958520000001
0.04976958520000001
0.04976958520000001
0.04976958520000001
0.04976958520000001
0.04976958520000001
0.04976958520000001
0.04976958520000001
0.04976958520000001
0.04976958520000001
0.04976958520000001
0.04976958520000001
0.04976958520000001
0.049677419300000004
0.049677419300000004
0.049677419300000004
0.049677419300000004
0.049677419300000004
0.049677419300000004
0.049677419300000004
0.049677419300000004
0.049677419300000004
0.049677419300000004
0.049677419300000004
0.049677419300000004
0.049677419300000004
0.049677419300000004
0.049677419300000004
0.04976958524000001
0.04976958524000001
0.04976958524000001
0.04976958524000001
0.04976958524000001
0.04976958524000001
0.04976958524000001
0.04986175114000001
0.04986175114000001
0.04986175114000001
0.04986175114000001
0.04986175114000001
0.04986175114000001
0.04986175114000001
0.04986175114000001
0.04986175114000001
0.04976958524000001
0.04976958524000001
0.04976958524000001
0.04976958524000001
0.04976958524000001
0.04976958524000001
0.04976958524000001
0.04976958524000001
0.04976958524000001
0.04976958524000001
0.04976958524000001
0.04976958524000001
0.04976958524000001
0.04976958524000001
0.04976958524000001
0.04976958524000001
0.04976958524000001
0.04986175110000001
0.04986175110000001
0.04995391704000001
0.04995391704000001
0.04995391704000001
0.04995391704000001
0.04995391704000001
0.04995391704000001
0.04986175118000001
0.04986175118000001
0.04986175118000001
0.049953917080000014
0.049953917080000014
0.049953917080000014
0.049861751140000014
0.049861751140000014
0.049861751140000014
0.049861751140000014
0.049861751140000014
0.049861751140000014
0.049861751140000014
0.049861751140000014
0.049861751140000014
0.049861751140000014
0.049953917000000014
0.049953917000000014
0.049953917000000014
0.049953917000000014
0.049953917000000014
0.049953917000000014
0.049861751140000014
0.049861751140000014
0.049861751140000014
0.049861751140000014
0.049861751140000014
0.049861751140000014
0.049861751140000014
0.049861751140000014
0.049861751140000014
0.049861751140000014
0.049861751140000014
0.049861751140000014
0.049861751140000014
0.049861751140000014
0.049861751140000014
0.049861751140000014
0.049861751140000014
0.049861751140000014
0.049861751140000014
0.049861751140000014
0.049861751140000014
0.049861751140000014
0.049861751140000014
0.049861751140000014
0.049861751140000014
0.049861751140000014
0.049861751140000014
0.049861751140000014
0.049861751140000014
0.049861751140000014
0.049861751140000014
0.049861751140000014
0.049861751140000014
0.049861751140000014
0.049953917080000014
0.049953917080000014
0.049953917080000014
0.049953917080000014
0.049953917080000014
0.049953917080000014
0.04986175114000001
0.04986175114000001
0.04986175114000001
0.04986175114000001
0.04986175114000001
0.04986175114000001
0.04986175114000001
0.04986175114000001
0.04986175114000001
0.04986175114000001
0.04986175114000001
0.04986175114000001
0.04986175114000001
0.04986175114000001
0.04986175114000001
0.04986175114000001
0.04986175114000001
0.04986175114000001
0.04986175114000001
0.04986175114000001
0.04986175114000001
0.04986175114000001
0.04986175114000001
0.04986175114000001
0.04986175114000001
0.04986175114000001
0.04986175114000001
0.04986175114000001
0.04986175114000001
0.04986175114000001
0.04986175114000001
0.04986175114000001
0.04986175114000001
0.04986175114000001
0.04986175114000001
0.04986175114000001
0.04986175114000001
0.04986175114000001
0.049953917080000014
0.049953917080000014
0.049953917080000014
