0.5212903313999999
0.16884792735999998
0.12129032412000003
0.10930875652000001
0.10009216606
0.09327189002000001
0.08829493106000001
0.08267281176000002
0.07778801916000001
0.07364055430000002
0.06940092206000002
0.06645161298000002
0.06442396344000001
0.06175115216000001
0.05963133636000002
0.05732718908000003
0.056313364260000026
0.05493087544000003
0.05447004596000002
0.054101382360000026
0.05345622102000003
0.053179723500000026
0.05290322588000002
0.05253456212
0.05188940098
0.05188940102
0.05142857156
0.05096774202
0.0503225808
0.050138248919999996
0.04995391715999999
0.04986175125999999
0.04967741942
0.04949308766
0.04921659012
0.04912442422
0.04921659008
0.04958525376000001
0.04976958552
0.0499539172
0.0502304149
0.04995391728
0.049953917240000006
0.05004608314
0.05023041486000001
0.05050691264000001
0.05059907854
0.050967742220000015
0.05087557632000001
0.05087557632000001
0.05078341042000001
0.05124423988000002
0.05142857172000002
0.05198156700000002
0.05235023046000002
0.05253456230000002
0.05290322594000002
0.052995391760000024
0.053179723640000016
0.05317972368000002
0.053271889580000016
0.053640553220000026
0.053824884980000015
0.05428571448000001
0.054377880380000014
0.054377880380000014
0.054654377960000014
0.05483870976000002
0.05493087566000002
0.05493087566000002
0.05511520742000002
0.055299539260000016
0.05520737336000001
0.05529953930000002
0.05548387090000003
0.05557603676000003
0.05566820270000003
0.05585253456000003
0.05612903230000002
0.05612903230000002
0.05622119824000002
0.056497695980000026
0.056866359540000015
0.056958525400000015
0.056958525400000015
0.05705069130000002
0.05705069130000002
0.05741935494000003
0.05741935494000003
0.05751152074000003
0.05778801844000002
0.05778801844000002
0.05788018438000002
0.05797235032000001
0.05797235032000001
0.05806451612000002
0.058156682020000024
0.05824884792000003
0.058341013820000016
0.05852534552000001
0.058709677260000016
0.05889400896000002
0.05926267260000003
0.05917050670000003
0.05926267260000003
0.05926267260000003
0.05926267260000003
0.05926267260000003
0.059447004300000036
0.059447004300000036
0.05963133618000003
0.059723502080000025
0.05981566798000003
0.05981566798000003
0.059999999920000026
0.059999999920000026
0.06009216582000003
0.06027649770000003
0.06027649770000003
0.06027649770000003
0.06027649770000003
0.06036866360000002
0.06036866360000002
0.060460829500000014
0.06055299540000002
0.06073732720000002
0.06092165904000001
0.06092165904000001
0.06092165904000001
0.061198156740000016
0.06129032264000002
0.06147465448000002
0.061658986280000015
0.061843318080000015
0.06202764968000002
0.06221198138000002
0.06221198138000002
0.06221198138000002
0.06221198138000002
0.06230414728000001
0.06230414728000001
0.06248847908
0.06267281092000002
0.06276497692
0.06285714282
0.06304147452000002
0.06304147452000002
0.06313364032000002
0.06331797222000002
0.06341013812000001
0.06350230392000002
0.06359446972000002
0.06377880142000002
0.06377880142000002
0.06377880142000002
0.06368663552000003
0.06350230372000003
0.06368663562000004
0.06368663562000004
0.06368663562000004
0.06368663562000004
0.06368663562000004
0.06377880152000004
0.06377880152000004
0.06405529932000004
0.06405529932000004
0.06405529932000004
0.06405529932000004
0.06405529932000004
0.06414746522000002
0.06423963102000002
0.06423963102000002
0.06433179682000002
0.06433179682000002
0.06442396272000002
0.06442396272000002
0.06451612862000002
0.06451612862000002
0.06451612862000002
0.06470046042000002
0.06479262622000002
0.06479262622000002
0.06470046032000004
0.06470046032000004
0.06470046032000004
0.06470046032000004
0.06479262632000003
0.06479262632000003
0.06479262632000003
0.06479262632000003
0.06479262632000003
0.06479262632000003
0.06479262632000003
0.06488479226000003
0.06497695826000004
0.06506912406000004
0.06516128996000005
0.06525345586000005
0.06525345586000005
0.06534562176000006
0.06534562176000006
0.06543778766000004
0.06543778766000004
0.06543778766000004
0.06543778766000004
0.06543778766000004
0.06543778766000004
0.06552995346000005
0.06552995346000005
0.06552995346000005
0.06552995346000005
0.06543778756000006
0.06552995346000005
0.06552995356000005
0.06552995356000005
0.06562211936000005
0.06571428536000005
0.06571428536000005
0.06589861716000005
0.06599078306000003
0.06599078306000003
0.06589861716000005
0.06589861716000005
0.06608294886000005
0.06608294886000005
0.06608294886000005
0.06608294886000005
0.06617511486000004
0.06617511486000004
0.06617511486000004
0.06617511486000004
0.06617511476000004
0.06617511476000004
0.06617511476000004
0.06617511476000004
0.06626728076000005
0.06626728076000005
0.06626728076000005
0.06608294906000003
0.06608294906000003
0.06608294906000003
0.06617511496000003
0.06626728086000004
0.06626728086000004
0.06617511496000004
0.06617511496000004
0.06617511496000004
0.06617511496000004
0.06608294906000003
0.06599078306000003
0.06599078306000003
0.06599078306000003
0.06599078306000003
0.06589861706000004
0.06589861706000004
0.06589861716000005
0.06580645126000005
0.06571428526000005
0.06571428526000005
0.06571428526000005
0.06571428526000005
0.06571428526000005
0.06580645106000005
0.06580645106000005
0.06580645106000005
0.06580645106000005
0.06580645106000005
0.06571428516000005
0.06562211896000004
0.06562211896000004
0.06552995306000003
0.06552995306000003
0.06552995306000003
0.06552995306000003
0.06562211896000004
0.06562211886000005
0.06562211886000005
0.06562211886000005
0.06562211886000005
0.06552995286000005
0.06552995286000005
0.06552995286000005
0.06552995286000005
0.06552995286000005
0.06552995286000005
0.06552995286000005
0.06543778706000004
0.06543778706000004
0.06562211886000004
0.06571428476000003
0.06571428476000003
0.06571428476000003
0.06571428476000003
0.06571428476000003
0.06562211896000003
0.06543778726000003
0.06534562136000002
0.06534562136000002
0.06543778736000003
0.06543778736000003
0.06543778736000003
0.06534562136000004
0.06525345546000003
0.06543778736000003
0.06543778736000003
0.06543778736000003
0.06543778736000003
0.06543778736000003
0.06543778736000003
0.06543778736000003
0.06543778736000003
0.06543778736000003
0.06552995316000003
0.06552995316000003
0.06543778726000003
0.06543778726000003
0.06543778726000003
0.06534562146000003
0.06534562156000003
0.06534562156000003
0.06534562156000003
0.06534562156000003
0.06534562156000003
0.06525345576000002
0.06525345576000002
0.06525345576000002
0.06525345576000002
0.06525345576000002
0.06525345576000002
0.06516128986000001
0.06516128986000001
0.06497695816000001
0.06497695816000001
0.06497695816000001
0.06497695816000001
0.06497695816000001
0.06497695816000001
0.06488479226000003
0.06479262646000002
0.06479262646000002
0.06479262656000002
0.06479262656000002
0.06488479246000002
0.06479262656000002
0.06479262656000002
0.06479262656000002
0.06488479236000003
0.06479262646000002
0.06479262646000002
0.06470046056000003
0.06470046056000003
0.06460829466000002
0.06460829476000002
0.06460829476000002
0.06460829476000002
0.06460829476000002
0.06460829476000002
0.06460829476000002
0.06451612876000001
0.06460829476000002
0.06442396286000002
0.06442396286000002
0.06442396286000002
0.06423963106000001
0.06423963106000001
0.06433179696
0.06433179696
0.06433179696
0.06423963096000002
0.06414746496000001
0.06414746496000001
0.06414746496000001
0.06423963076000001
0.06423963076000001
0.06423963076000001
0.06423963076000001
0.06423963076000001
0.06433179656000002
0.06433179656000002
0.06433179656000002
0.06433179656000002
0.06423963066000002
0.06423963066000002
0.06423963066000002
0.06433179656000002
0.06433179656000002
0.06433179656000002
0.06433179656000002
0.06433179656000002
0.06433179656000002
0.06433179656000002
0.06433179656000002
0.06433179656000002
0.06423963066000002
0.06423963066000002
0.06433179666000002
0.06433179666000002
0.06423963086000001
0.06414746492000002
0.06405529912000002
0.06405529912000002
0.06405529912000002
0.06414746502
0.06414746502
0.06414746502
0.06414746502
0.06414746502
0.06414746502
0.06414746502
0.06405529912000002
0.06405529912000002
0.06405529912000002
0.06405529912000002
0.06405529912000002
0.06405529912000002
0.06405529912000002
0.06405529912000002
0.06405529912000002
0.06396313332
0.06396313332
0.06396313332
0.06387096742000002
0.06387096742000002
0.06377880152000001
0.06368663558000001
0.06368663558000001
0.06368663558000001
0.06368663558000001
0.06350230378000002
0.06350230378000002
0.06341013788000001
0.06350230378000002
0.06350230378000002
0.06341013798000002
0.06322580618000002
0.06331797198000003
0.06331797198000003
0.06331797198000003
0.06331797198000003
0.06322580608000003
0.06322580608000003
0.06322580608000003
0.06322580608000003
0.06322580608000003
0.06322580608000003
0.06313364018000002
0.06313364018000002
0.06313364018000002
0.06304147438000003
0.06313364018000003
0.06313364018000003
0.06322580608000003
0.06322580608000003
0.06322580608000003
0.06322580608000003
0.06322580608000003
0.06322580608000003
0.06322580608000003
0.06322580608000003
0.06322580608000003
0.06331797198000003
0.06331797198000003
0.06331797198000003
0.06331797208000002
0.06331797208000002
0.06322580614000002
0.06322580614000002
0.06313364024000002
0.06313364024000002
0.06313364024000002
0.06313364024000002
0.06322580614000001
0.06322580614000001
0.06322580614000001
0.06322580614000001
0.06313364024000001
0.06322580614000001
0.06322580614000001
0.06313364024000002
0.06322580614000001
0.06322580614000001
0.06331797208
0.06331797208
0.06331797208
0.06322580628
0.06331797218000002
0.06331797218000002
0.06331797218000002
0.06322580618000001
0.06313364028000001
0.06313364028000001
0.06313364028000001
0.06313364028000001
0.06304147438000002
0.06304147438000002
0.06304147438000002
0.06304147438000002
0.06304147438000002
0.06313364032
0.06313364032
0.06294930848000002
0.06294930848000002
0.06285714258000001
0.06285714258000001
0.06294930858000002
0.06285714268000002
0.06276497678000002
0.06267281098000002
0.06267281098000002
0.06267281098000002
0.06258064518
0.06258064518
0.06258064518
0.06258064518
0.06258064518
0.06267281108000002
0.06248847918000002
0.06230414738000002
0.06239631332000002
0.06239631332000002
0.06239631332000002
0.062488479220000025
0.06239631332000002
0.06239631332000002
0.06230414752000001
0.06221198162000001
0.06221198162000001
0.06221198162000001
0.06221198162000001
0.06221198162000001
0.06221198172000001
0.06221198172000001
0.062119815720000006
0.062027649820000016
0.062027649820000016
0.062027649820000016
0.06211981562000002
0.061935483720000024
0.061935483720000024
0.06202764962000003
0.06193548382000002
0.062027649620000014
0.061935483720000024
0.061935483720000024
0.061935483720000024
0.061935483720000024
0.06202764972000002
0.06211981572000002
0.06211981572000002
0.06202764992000001
0.06202764992000001
0.06202764992000001
0.06193548402000002
0.06193548402000002
0.06193548402000002
0.06193548402000002
0.06211981562000002
0.06211981562000002
0.06211981562000002
0.06211981562000002
0.06202764982000002
0.06202764982000002
0.06211981582000003
0.06211981582000003
0.06211981582000003
0.06221198162000002
0.06221198162000002
0.06221198162000002
0.062304147520000026
0.06221198162000002
0.06221198162000002
0.062304147520000026
0.062396313520000024
0.062396313520000024
0.06239631352000004
0.06239631352000004
0.06239631352000004
0.06239631352000004
0.06239631352000004
0.06239631352000004
0.06230414762000004
0.06230414762000004
0.06230414762000004
0.062119815920000036
0.062119815720000034
0.062119815720000034
0.062119815720000034
0.06221198172000004
0.06221198172000004
0.06230414762000004
0.06230414762000004
0.06221198182000004
0.06211981592000004
0.06211981592000004
0.06202765002000004
0.06202765002000004
0.06202765002000004
0.06202765002000004
0.06202765002000004
0.06202765002000004
0.06202765002000004
0.06202765002000004
0.06221198172000004
0.06221198172000004
0.06221198162000005
0.06230414752000004
0.062396313420000044
0.06248847932000005
0.06248847932000005
0.06258064522000004
0.06258064522000004
0.06258064522000004
0.06267281112000003
0.06267281112000003
0.06267281112000003
0.06267281112000003
0.06267281112000003
0.06267281112000003
0.06267281112000003
0.06267281112000003
0.06267281112000003
0.06267281112000003
0.06267281112000003
0.06267281112000003
0.06276497702000004
0.06276497702000004
0.06276497702000004
0.06276497702000004
0.06276497702000004
0.06276497702000004
0.06276497702000004
0.06276497702000004
0.06276497702000004
0.06276497698000004
0.06276497698000004
0.06276497698000004
0.06276497698000004
0.06276497698000004
0.06276497698000004
0.06285714298000004
0.06285714298000004
0.06285714298000004
0.06285714298000004
0.06285714298000004
0.06285714298000004
0.06285714298000004
0.06285714298000004
0.06294930892000003
0.06294930892000003
0.06285714292000004
0.06285714292000004
0.06304147472000003
0.06304147472000003
0.06304147472000003
0.06304147472000003
0.06304147472000003
0.06304147472000003
0.06304147472000003
0.06304147482000003
0.06304147482000003
0.06304147482000003
0.06304147482000003
0.06304147482000003
0.06304147482000003
0.06294930902000002
0.06285714302000002
0.06285714302000002
0.06304147492000002
0.06304147492000002
0.06313364086000002
0.06313364076000001
0.06313364076000001
0.06313364076000001
0.06313364076000001
0.06313364076000001
0.06322580666000002
0.06322580666000002
0.06322580666000002
0.06322580666000002
0.06322580666000002
0.06313364076000001
0.06313364076000001
0.06313364076000001
0.06322580676000002
0.06322580676000002
0.06322580676000002
0.06322580676000002
0.06313364086000002
0.06313364086000002
0.06313364086000002
0.06304147486000003
0.06313364076000003
0.06313364076000003
0.06313364076000003
0.06313364076000003
0.06304147476000002
0.06294930896000003
0.06294930896000003
0.06294930896000003
0.06294930896000003
0.06294930896000003
0.06294930896000003
0.06294930896000003
0.06294930896000003
0.06276497726000002
0.06276497726000002
0.06276497726000002
0.06276497726000002
0.06276497726000002
0.06276497726000002
0.06285714316000003
0.06276497726000002
0.06285714306000002
0.06285714306000002
0.06285714306000002
0.06285714306000002
0.06285714306000002
0.06285714306000002
0.06285714306000002
0.06285714306000002
0.06285714306000002
0.06285714306000002
0.06285714306000002
0.06285714306000002
0.06285714306000002
0.06285714306000002
0.06276497716000003
0.06276497716000003
0.06276497716000003
0.06276497716000003
0.06276497716000003
0.06276497716000003
0.06276497716000003
0.06276497716000003
0.06276497716000003
0.06276497716000003
0.06276497716000003
0.06276497716000003
0.06276497716000003
0.06276497716000003
0.06276497716000003
0.06267281126000003
0.06267281126000003
0.06267281126000003
0.06267281126000003
0.06267281126000003
0.06267281126000003
0.06267281126000003
0.06267281126000003
0.06267281126000003
0.06276497716000003
0.06276497716000003
0.06285714296000003
0.06285714296000003
0.06285714296000003
0.06285714296000003
0.06294930886000003
0.06294930886000003
0.06294930886000003
0.06285714296000001
0.06276497706000002
0.06285714296000001
0.06294930886000001
0.06294930886000001
0.06294930886000001
0.06304147476000002
0.06304147476000002
0.06294930886000003
0.06294930886000003
0.06294930886000003
0.06294930886000003
0.06294930886000003
0.06285714286000002
0.06276497686000002
0.06267281092000002
0.06267281092000002
0.06267281092000002
0.06267281092000002
0.06267281092000002
0.06267281092000002
0.06267281092000002
0.06267281092000002
0.06267281092000002
0.06267281092000002
0.06267281092000002
0.06267281092000002
0.06267281092000002
0.06276497692
0.06276497692
0.06267281112000002
0.06267281112000002
0.06267281112000002
0.06258064532000002
0.06258064532000002
0.06258064532000002
0.06258064532000002
0.06258064532000002
0.06258064532000002
0.06258064532000002
0.06258064532000002
0.06258064532000002
0.06267281112000002
0.06267281112000002
0.06267281112000002
0.06267281112000002
0.06267281112000002
0.06267281112000002
0.06267281112000002
0.06267281112000002
0.06267281112000002
0.06276497712000001
0.06276497712000001
0.06276497712000001
0.06276497712000001
0.06285714292000001
0.06285714292000001
0.06285714292000001
0.06285714292000001
0.06285714292000001
0.06285714292000001
0.06285714292000001
0.06285714292000001
0.06285714292000001
0.06285714292000001
0.06285714292000001
0.06276497712000001
0.06276497712000001
0.06276497712000001
0.06276497712000001
0.06276497712000001
0.06276497712000001
0.06276497712000001
0.06276497712000001
0.06276497712000001
0.06276497712000001
0.06276497712000001
0.06276497712000001
0.06276497712000001
0.06276497712000001
0.06276497712000001
0.06276497712000001
0.06276497712000001
0.06276497712000001
0.06285714302000002
0.06285714302000002
0.06285714302000002
0.06285714302000002
0.06285714302000002
0.06285714302000002
0.06276497712000001
0.06276497712000001
0.06276497712000001
0.06276497712000001
0.06276497712000001
0.06276497712000001
0.06276497712000001
0.06285714312000001
0.06285714312000001
0.06276497732000001
0.06276497732000001
0.06276497732000001
0.06276497732000001
0.06285714322000001
0.06285714322000001
0.06285714322000001
0.06276497742
0.06285714336
0.06285714336
0.06285714336
0.06285714336
0.06285714336
0.06285714336
0.06285714336
0.06285714336
0.06285714336
0.06285714336
0.06285714336
0.06285714336
0.06285714336
0.06285714336
0.06285714336
0.06285714336
0.06285714336
0.06285714336
0.06285714336
0.06285714336
0.06285714336
0.06285714336
0.06285714336
0.06285714336
0.06285714336
0.06285714336
0.06285714336
0.06285714336
0.06285714336
0.06285714336
0.06285714336
0.06285714336
0.06285714336
0.06285714336
0.06276497742
0.06276497742
0.06276497742
0.06276497742
0.06276497742
0.06276497742
0.06276497742
0.06276497742
0.06276497742
0.06276497742
0.06285714332
0.06285714332
0.06285714332
0.06294930922000001
0.06294930922000001
0.06304147502
0.06304147502
0.06313364102
0.06313364102
0.06313364102
0.06313364102
0.06313364102
0.06304147512
0.06304147512
0.06313364102
0.06313364102
0.06313364102
0.06313364102
0.06313364102
0.06313364102
0.06304147512
0.06304147512
0.06304147512
0.06322580682000001
0.06322580682000001
0.06331797282000001
0.06331797282000001
0.06331797282000001
0.06341013872000001
0.06341013872000001
0.06341013872000001
0.06341013872000001
0.06341013872000001
0.06341013872000001
0.06341013872000001
0.06341013872000001
0.06341013872000001
0.06341013872000001
0.06350230452000001
0.06350230452000001
0.06350230452000001
0.06359447052000002
0.06359447052000002
0.06359447052000002
0.06359447052000002
0.06359447052000002
0.06368663646
0.06368663646
0.06368663646
0.06368663646
0.06368663646
0.06368663646
0.06368663646
0.06368663646
0.06368663646
0.06368663646
0.06368663646
0.06368663646
0.06368663646
0.06368663646
0.06368663646
0.06368663646
0.06368663646
0.06368663646
0.06368663646
0.06368663646
0.06368663646
0.06368663646
0.06368663646
0.06368663646
0.06368663646
0.06368663646
0.06368663646
0.06368663646
0.06368663646
0.06368663646
0.06368663646
0.06368663646
0.06368663646
0.06368663646
0.06368663646
0.06368663646
0.06368663646
0.06368663646
0.06368663646
0.06368663646
0.06368663646
0.06368663646
0.06377880236
0.06377880236
0.06377880236
