0.5282949398
0.24875576268000002
0.13658986304000004
0.11299539270000002
0.10414746578
0.0966820283
0.09225806478000001
0.08811059982000004
0.08331797242
0.08000000046000003
0.07769585296000005
0.07456221248000001
0.07096774204000002
0.06737327238000003
0.06580645188000003
0.06423963156000001
0.06184331814000001
0.06036866368000002
0.059354839120000016
0.05778801884000002
0.05649769620000001
0.05576036904000001
0.05502304154
0.05493087582000002
0.054470046080000015
0.053917050740000014
0.05354838726000002
0.05317972376000001
0.05253456250000002
0.05253456254000002
0.052350230780000014
0.05179723550000001
0.05170506974000001
0.05170506970000002
0.05115207422000002
0.05124424004000003
0.051428571880000024
0.051244240040000014
0.051336405900000014
0.05124423988000002
0.05115207410000002
0.05087557640000002
0.05069124456000003
0.05059907862000003
0.05050691268000002
0.05087557620000003
0.050599078500000026
0.05059907850000002
0.05069124440000002
0.050783410380000026
0.05087557620000002
0.050783410260000016
0.05096774206000001
0.05115207398000001
0.05170506930000002
0.051797235320000024
0.05198156708000002
0.05244239658000002
0.05262672838000002
0.05262672838000002
0.052903226040000015
0.05345622144000001
0.05391705082000001
0.05400921676000002
0.053824884880000014
0.05400921672000002
0.054285714540000016
0.05465437806000002
0.05483870994000003
0.05502304178000003
0.05520737362000003
0.05529953956000003
0.055391705460000024
0.055391705460000024
0.05557603734000002
0.055944700940000015
0.05594470102000002
0.05603686692000001
0.05603686692000001
0.05603686692000001
0.05603686692000001
0.05612903282000001
0.05622119876000001
0.05622119876000001
0.05631336456
0.056497696300000004
0.05668202804000002
0.056958525740000016
0.05714285750000002
0.057142857500000026
0.057142857500000026
0.057511521140000015
0.057603687080000014
0.05769585298000002
0.05769585298000002
0.05797235068000002
0.05824884818000001
0.05843317988000002
0.05852534578000001
0.05852534578000001
0.05870967768000001
0.05870967768000001
0.05870967768000001
0.05880184358000001
0.058986175340000016
0.058986175340000016
0.059078341240000005
0.059078341240000005
0.05926267300000001
0.05953917070000001
0.05953917070000001
0.05963133656000002
0.05972350236000002
0.05981566822000002
0.05999999992000002
0.05999999992000002
0.06027649772000003
0.060460829620000024
0.06055299552000003
0.06064516132000002
0.06064516132000002
0.06064516132000002
0.060737327220000026
0.060737327220000026
0.060737327220000026
0.06064516132000003
0.06073732722000003
0.06082949302000004
0.06082949302000004
0.060921658880000035
0.06101382478000003
0.06110599058000003
0.061198156480000036
0.06110599058000003
0.06119815652000003
0.06138248832000003
0.06147465422000002
0.061658986060000025
0.061935483560000025
0.06202764946000002
0.06221198116000003
0.06230414706000003
0.06248847876000003
0.06276497636000003
0.06304147410000002
0.06322580590000003
0.06341013750000003
0.06341013750000003
0.06341013750000003
0.06341013730000003
0.06350230324000003
0.06359446924000003
0.06359446924000003
0.06359446924000003
0.06359446924000003
0.06359446924000003
0.06368663514000003
0.06377880114000004
0.06377880114000004
0.06377880114000004
0.06377880114000004
0.06377880114000004
0.06387096714000004
0.06396313294000003
0.06405529884000004
0.06414746484000004
0.06423963084000003
0.06423963084000003
0.06433179674000003
0.06433179674000003
0.06433179674000003
0.06433179674000003
0.06460829424000003
0.06460829424000003
0.06460829424000003
0.06460829424000003
0.06460829424000003
0.06460829424000003
0.06460829424000003
0.06460829424000003
0.06460829424000003
0.06470046018000003
0.06479262608000003
0.06479262608000003
0.06488479188000003
0.06479262598000003
0.06497695798000004
0.06497695798000004
0.06497695798000004
0.06506912398000003
0.06516128978000003
0.06525345558000004
0.06534562152000004
0.06552995332000004
0.06562211922000002
0.06562211922000002
0.06562211922000002
0.06552995332000004
0.06562211912000003
0.06562211912000003
0.06562211908000003
0.06571428498000004
0.06571428498000004
0.06580645088000003
0.06580645088000003
0.06580645088000003
0.06580645088000003
0.06599078278000003
0.06589861678000003
0.06599078278000003
0.06599078278000003
0.06599078278000003
0.06599078278000003
0.06608294868000003
0.06608294868000003
0.06608294868000003
0.06608294868000003
0.06608294868000003
0.06608294868000003
0.06608294868000003
0.06608294868000003
0.06617511448000003
0.06635944618000003
0.06635944618000003
0.06626728018000003
0.06617511428000003
0.06635944618000003
0.06645161208000004
0.06645161208000004
0.06645161208000004
0.06645161208000004
0.06654377788000004
0.06654377788000004
0.06654377788000004
0.06645161208000004
0.06645161208000004
0.06645161208000004
0.06645161208000004
0.06645161208000004
0.06645161208000004
0.06645161208000004
0.06645161208000004
0.06645161208000004
0.06645161208000004
0.06645161208000004
0.06635944608000004
0.06645161188000004
0.06654377788000004
0.06645161202000004
0.06654377792000003
0.06654377792000003
0.06654377792000003
0.06654377792000003
0.06663594386000003
0.06663594386000003
0.06654377786000003
0.06654377786000003
0.06654377786000003
0.06654377786000003
0.06654377786000003
0.06654377786000003
0.06654377786000003
0.06663594372000003
0.06663594372000003
0.06663594372000003
0.06663594372000003
0.06635944592000004
0.06635944592000004
0.06635944592000004
0.06635944592000004
0.06635944592000004
0.06635944592000004
0.06635944592000004
0.06645161192000004
0.06645161192000004
0.06645161192000004
0.06645161192000004
0.06654377772000004
0.06654377772000004
0.06654377772000004
0.06654377772000004
0.06645161192000004
0.06645161192000004
0.06645161192000004
0.06645161192000004
0.06645161192000004
0.06645161192000004
0.06626727992000003
0.06626727992000003
0.06626727992000003
0.06626727992000003
0.06617511392000004
0.06617511392000004
0.06617511392000004
0.06608294812000005
0.06608294812000005
0.06608294812000005
0.06608294812000005
0.06608294812000005
0.06617511402000004
0.06617511402000004
0.06617511402000004
0.06617511402000004
0.06617511402000004
0.06626727992000003
0.06599078232000004
0.06599078232000004
0.06599078232000004
0.06599078232000004
0.06608294832000004
0.06608294832000004
0.06608294832000004
0.06608294832000004
0.06608294832000004
0.06608294832000004
0.06599078242000003
0.06599078242000003
0.06599078242000003
0.06599078242000003
0.06599078242000003
0.06608294842000004
0.06599078262000004
0.06599078262000004
0.06599078262000004
0.06617511446000003
0.06617511466000003
0.06617511466000003
0.06617511466000003
0.06617511466000003
0.06617511466000003
0.06617511466000003
0.06617511466000003
0.06626728056000003
0.06626728056000003
0.06626728056000003
0.06626728056000003
0.06626728056000003
0.06626728056000003
0.06626728056000003
0.06626728056000003
0.06626728056000003
0.06626728056000003
0.06626728056000003
0.06626728056000003
0.06635944646000003
0.06654377836000003
0.06654377836000003
0.06654377836000003
0.06654377836000003
0.06654377836000003
0.06654377836000003
0.06635944656000003
0.06635944656000003
0.06635944656000003
0.06635944656000003
0.06635944656000003
0.06626728066000004
0.06635944656000003
0.06635944656000003
0.06626728056000003
0.06626728056000003
0.06617511466000003
0.06617511466000003
0.06617511466000003
0.06608294876000004
0.06608294876000004
0.06608294876000004
0.06608294876000004
0.06608294876000004
0.06599078286000003
0.06599078286000003
0.06599078286000003
0.06580645116000003
0.06562211926000003
0.06552995346000003
0.06543778746000002
0.06543778746000002
0.06543778746000002
0.06543778746000002
0.06525345566000001
0.06525345566000001
0.06525345566000001
0.06525345566000001
0.06525345566000001
0.06516128976000003
0.06516128976000003
0.06516128976000003
0.06516128976000003
0.06516128976000003
0.06506912376000003
0.06506912376000003
0.06506912376000003
0.06506912376000003
0.06506912376000003
0.06506912376000003
0.06506912376000003
0.06506912376000003
0.06506912376000003
0.06506912376000003
0.06506912376000003
0.06506912376000003
0.06506912376000003
0.06506912376000003
0.06506912376000003
0.06516128966000002
0.06525345556000003
0.06534562146000003
0.06525345546000003
0.06525345546000003
0.06525345546000003
0.06516128956000003
0.06516128956000003
0.06516128956000003
0.06516128956000003
0.06516128956000003
0.06516128956000003
0.06506912366000003
0.06506912386000004
0.06506912386000004
0.06497695796000003
0.06497695796000003
0.06506912386000002
0.06506912386000002
0.06497695796000003
0.06506912396000003
0.06497695806000002
0.06497695806000002
0.06497695806000002
0.06497695806000002
0.06488479216000002
0.06488479216000002
0.06479262626000003
0.06470046036000003
0.06479262626000003
0.06470046026000004
0.06470046026000004
0.06470046026000004
0.06470046026000004
0.06470046026000004
0.06479262616000003
0.06479262616000003
0.06479262616000003
0.06479262616000003
0.06470046026000004
0.06470046022000003
0.06470046022000003
0.06460829432000004
0.06470046022000005
0.06460829432000004
0.06451612852000004
0.06451612852000004
0.06451612852000004
0.06451612852000004
0.06451612852000004
0.06442396262000004
0.06442396262000004
0.06442396262000004
0.06442396262000004
0.06442396262000004
0.06442396262000004
0.06442396262000004
0.06442396262000004
0.06442396262000004
0.06433179672000003
0.06433179672000003
0.06433179672000003
0.06433179672000003
0.06433179672000003
0.06442396262000004
0.06442396262000004
0.06442396262000004
0.06442396262000004
0.06433179672000004
0.06433179672000004
0.06433179672000004
0.06423963082000003
0.06433179672000004
0.06433179672000004
0.06423963072000004
0.06414746482000004
0.06423963072000004
0.06423963072000004
0.06423963072000004
0.06423963072000004
0.06423963072000004
0.06423963072000004
0.06423963072000004
0.06423963072000004
0.06433179666000004
0.06433179666000004
0.06423963076000004
0.06423963076000004
0.06423963076000004
0.06423963076000004
0.06423963076000004
0.06414746496000004
0.06414746496000004
0.06405529906000003
0.06405529906000003
0.06405529906000003
0.06396313326000003
0.06396313326000003
0.06396313326000003
0.06396313326000003
0.06405529926000003
0.06396313336000004
0.06396313326000004
0.06405529916000004
0.06414746516000004
0.06414746516000004
0.06414746516000004
0.06414746516000004
0.06414746516000004
0.06414746516000004
0.06414746516000004
0.06414746516000004
0.06414746516000004
0.06414746516000004
0.06405529936000004
0.06405529936000004
0.06396313346000004
0.06396313346000004
0.06396313346000004
0.06396313326000003
0.06396313326000003
0.06396313326000003
0.06396313326000003
0.06405529906000003
0.06405529906000003
0.06405529906000003
0.06405529906000003
0.06405529906000003
0.06414746496000004
0.06414746496000004
0.06414746496000004
0.06414746496000004
0.06423963096000003
0.06423963096000003
0.06423963096000003
0.06433179686000003
0.06433179686000003
0.06433179686000003
0.06433179686000003
0.06433179686000003
0.06433179686000003
0.06423963106000002
0.06423963106000002
0.06423963106000002
0.06423963106000002
0.06433179696000002
0.06423963116000002
0.06423963116000002
0.06423963116000002
0.06414746536000003
0.06414746536000003
0.06414746536000003
0.06405529946000002
0.06405529946000002
0.06405529946000002
0.06396313356000002
0.06387096766000003
0.06387096766000003
0.06387096766000003
0.06387096766000003
0.06396313356000002
0.06387096776000002
0.06387096776000002
0.06387096776000002
0.06387096776000002
0.06387096776000002
0.06387096776000002
0.06387096776000002
0.06396313366000003
0.06396313366000003
0.06396313366000003
0.06405529956000003
0.06405529956000003
0.06405529956000003
0.06405529956000003
0.06405529956000003
0.06405529956000003
0.06405529956000003
0.06405529956000003
0.06405529956000003
0.06396313366000003
0.06396313366000003
0.06396313366000003
0.06396313366000003
0.06377880186000003
0.06377880186000003
0.06377880186000003
0.06368663596000003
0.06368663596000003
0.06368663596000003
0.06368663596000003
0.06359447016000003
0.06359447016000003
0.06368663610000003
0.06359447010000002
0.06359447010000002
0.06350230420000003
0.06350230420000003
0.06350230420000003
0.06350230420000003
0.06350230420000003
0.06359447010000002
0.06359447010000002
0.06359447010000002
0.06350230420000001
0.06341013830000003
0.06341013830000003
0.06341013830000003
0.06331797236000003
0.06331797236000003
0.06331797236000003
0.06331797236000003
0.06331797236000003
0.06331797236000003
0.06331797236000003
0.06331797236000003
0.06341013836000002
0.06341013836000002
0.06350230416000002
0.06350230416000002
0.06341013826000003
0.06350230416000001
0.06350230416000001
0.06350230416000001
0.06341013816000002
0.06322580626000002
0.06322580626000002
0.06322580626000002
0.06322580626000002
0.06322580626000002
0.06322580626000002
0.06313364032000002
0.06313364032000002
0.06313364032000002
0.06313364032000002
0.06313364032000002
0.06313364032000002
0.06313364032000002
0.06313364032000002
0.06313364032000002
0.06313364032000002
0.06294930852000002
0.06304147452000003
0.06304147452000003
0.06304147452000003
0.06304147456000003
0.06313364056000002
0.06304147476000002
0.06304147476000002
0.06304147476000002
0.06294930896
0.06304147486000002
0.06313364066000002
0.06313364066000002
0.06304147486000002
0.06304147486000002
0.06304147486000002
0.06313364076000001
0.06313364076000001
0.06313364076000001
0.06313364076000001
0.06313364076000001
0.06313364076000001
0.06313364076000001
0.06313364076000001
0.06313364076000001
0.06313364076000001
0.06313364076000001
0.06313364076000001
0.06313364076000001
0.06313364076000001
0.06313364076000001
0.06304147486000002
0.06304147486000002
0.06304147486000002
0.06294930906000001
0.06285714316000002
0.06285714316000002
0.06285714316000002
0.06285714316000002
0.06285714316000002
0.06285714316000002
0.06285714316000002
0.06285714316000002
0.06285714316000002
0.06285714316000002
0.06285714316000002
0.06285714316000002
0.06285714316000002
0.06285714316000002
0.06285714316000002
0.06285714316000002
0.06285714316000002
0.06285714316000002
0.06285714316000002
0.06285714316000002
0.06285714316000002
0.06285714316000002
0.06276497726000002
0.06267281126000002
0.06276497716000001
0.06276497716000001
0.06294930896
0.06294930896
0.06294930896
0.06304147486000002
0.06304147486000002
0.06304147486000002
0.06313364076000001
0.06304147486000002
0.06304147486000002
0.06304147486000002
0.06294930896000002
0.06294930896000002
0.06294930896000002
0.06294930896000002
0.06285714306000002
0.06285714306000002
0.06285714306000002
0.06285714306000002
0.06285714306000002
0.06285714306000002
0.06285714306000002
0.06285714306000002
0.06285714306000002
0.06276497706000003
0.06285714286000003
0.06285714286000003
0.06276497706000003
0.06276497706000003
0.06258064506000004
0.06258064506000004
0.06258064506000004
0.06267281106000003
0.06258064516000003
0.06258064516000003
0.06258064516000003
0.06258064516000003
0.06258064516000003
0.06258064516000003
0.06258064516000003
0.062488479160000034
0.062488479160000034
0.062488479160000034
0.062488479160000034
0.06239631326000003
0.06239631326000003
0.06239631326000003
0.06239631326000003
0.06239631326000003
0.06221198156000003
0.06221198156000003
0.06221198156000003
0.06221198156000003
0.06221198156000003
0.06221198156000003
0.06230414746000003
0.06230414746000003
0.06230414746000003
0.06230414746000003
0.06230414746000003
0.06230414746000003
0.06221198156000003
0.062119815560000034
0.062119815560000034
0.06211981576000003
0.06211981576000003
0.06211981576000003
0.06211981576000003
0.06211981576000003
0.06211981576000003
0.06211981576000003
0.06211981576000003
0.06202764986000003
0.06202764986000003
0.06193548396000003
0.06193548396000003
0.06184331816000003
0.062027650060000036
0.062027650060000036
0.062027650060000036
0.06193548416000004
0.06193548416000004
0.06193548416000004
0.06193548416000004
0.061843318360000045
0.061843318360000045
0.061843318360000045
0.061843318360000045
0.06193548426000005
0.06193548426000005
0.062027650160000045
0.06184331832000004
0.06175115242000004
0.06175115242000004
0.06175115242000004
0.06175115242000004
0.061843318320000035
0.061843318320000035
0.061843318320000035
0.061843318320000035
0.061843318320000035
0.061843318320000035
0.061843318320000035
0.06175115252000003
0.06175115252000003
0.06175115252000003
0.061658986720000024
0.06175115262000002
0.06184331852000002
0.06184331852000002
0.06184331852000002
0.06175115258000002
0.06175115258000002
0.06175115272000002
0.06184331862000001
0.06175115272000002
0.06175115272000002
0.06175115272000002
0.06175115272000002
0.06165898678000002
0.06165898678000002
0.061751152580000024
0.061751152580000024
0.061751152580000024
0.06165898668000002
0.06165898672000002
0.06165898672000002
0.06165898672000002
0.06156682092000002
0.06156682092000002
0.06156682092000002
0.06156682092000002
0.061658986820000025
0.06156682092000003
0.06156682092000003
0.06156682092000003
0.061658986820000025
0.061658986820000025
0.061658986820000025
0.061658986820000025
0.061658986820000025
0.061658986820000025
0.061658986820000025
0.061658986820000025
0.061658986820000025
0.061658986820000025
0.061658986820000025
0.061658986820000025
0.061658986820000025
0.06175115262000003
0.06175115262000003
0.06156682082000002
0.06156682082000002
0.06156682082000002
0.06165898672000002
0.06165898672000002
0.06165898672000002
0.06156682082000002
0.06156682082000002
0.06156682082000002
0.06156682082000002
0.06156682082000002
0.06156682082000002
0.06165898662000003
0.06165898662000003
0.06165898662000003
0.061566820720000026
0.061566820720000026
0.061566820720000026
0.061566820720000026
0.061566820720000026
0.06165898662000003
0.06165898662000003
0.06165898662000003
0.06165898662000003
0.06165898662000003
0.06175115242000003
0.06193548422000003
0.06193548422000003
0.06193548422000003
0.06193548422000003
0.06193548422000003
0.06193548422000003
0.06193548422000003
0.06193548422000003
0.06193548422000003
0.06184331822000003
0.06184331822000003
0.06184331822000003
0.06184331822000003
0.06184331822000003
0.06175115228000003
0.06175115228000003
0.06165898638000002
0.06165898638000002
0.06165898638000002
0.06165898638000002
0.06165898638000002
0.06165898638000002
0.06165898638000002
0.06165898638000002
0.06165898638000002
0.06165898638000002
0.06156682048000002
0.06147465458000003
0.06147465458000003
0.06147465458000003
0.06147465458000003
0.06147465458000003
0.06147465458000003
0.06147465458000003
0.06147465458000003
0.06147465458000003
0.06147465458000003
0.06156682058000003
0.06156682058000003
0.06156682058000003
0.06156682058000003
0.06156682058000003
0.06156682058000003
0.06156682058000003
0.06156682058000003
0.061658986520000035
0.061658986520000035
0.061658986520000035
0.061658986520000035
0.061658986520000035
0.061658986520000035
0.061658986520000035
0.061658986520000035
0.061658986520000035
0.061658986520000035
0.061658986520000035
0.061658986520000035
0.061658986520000035
0.06175115242000003
0.06175115242000003
0.06156682072000003
0.06156682072000003
0.06156682072000003
0.06156682072000003
0.06156682072000003
0.06156682072000003
0.06156682072000003
0.06156682072000003
0.06156682072000003
0.06156682072000003
0.06165898662000003
0.06165898662000003
0.06165898662000003
0.06165898662000003
0.06175115252000002
0.06175115252000002
0.06175115252000002
0.06175115252000002
0.06175115252000002
0.06175115252000002
0.06175115252000002
0.06175115252000002
0.06175115252000002
0.06175115252000002
0.06175115252000002
0.061658986620000016
0.061658986620000016
0.061658986620000016
0.061658986620000016
0.06175115252000002
0.06175115252000002
0.06175115252000002
0.06175115252000002
0.06175115252000002
0.06175115252000002
0.06175115252000002
0.06175115252000002
0.06175115252000002
0.06165898662000003
0.06165898662000003
0.06165898662000003
0.06165898662000003
0.06165898662000003
0.06165898662000003
0.06165898662000003
0.06165898662000003
0.061566820720000026
0.061566820720000026
0.061566820720000026
0.06147465482000002
0.06147465482000002
0.061566820620000025
0.061566820620000025
0.061566820620000025
0.061566820620000025
0.061566820620000025
0.061566820620000025
0.061566820620000025
0.06147465472000003
