0.5465437858
0.3701382534000001
0.3334562259200001
0.28451613168000006
0.2365898630200001
0.19447004891999994
0.16672811262000004
0.15456221286000005
0.14221198310000005
0.13124424048
0.12221198164000001
0.11594470086
0.11198156824000001
0.10903225853999998
0.10589861820000003
0.10304147526000004
0.10082949464000002
0.09898617618000002
0.0967741947
0.09557603819999999
0.09400921760000001
0.09161290480000002
0.08930875692
0.08728110718000004
0.08571428734000004
0.08423963264000005
0.08304147586000005
0.08119815774000004
0.07981566878000003
0.07778801858000003
0.07732718894000004
0.07529953948000002
0.07364055376000003
0.07032258140000003
0.06857142894000005
0.06700460914000005
0.06663594540000005
0.06580645210000004
0.06516129092000003
0.06423963196000003
0.06350230454000004
0.06304147506000003
0.06211981588000004
0.06165898656000003
0.06138248902000004
0.06129032304000003
0.06119815712000003
0.06064516190000003
0.06027649816000003
0.06009216628000003
0.06009216628000003
0.05990783458000003
0.05944700504000004
0.059631336760000035
0.05953917094000003
0.05972350278000003
0.059447005040000035
0.05953917094000003
0.05972350270000002
0.05935483902000003
0.058894009440000034
0.05880184354000004
0.05870967768000004
0.05889400952000004
0.05889400956000004
0.05880184366000003
0.05843317994000004
0.05834101404000005
0.05843317994000004
0.058248848060000046
0.058156682280000045
0.058341014120000034
0.05834101416000002
0.05834101420000002
0.05834101420000002
0.058617511940000026
0.05843318018000002
0.058525346060000025
0.05834101418000003
0.058248848280000036
0.05815668238000004
0.05815668238000004
0.05824884832000004
0.058156682420000036
0.058341014260000025
0.05834101426000004
0.05843318016000003
0.05824884842000003
0.058156682560000034
0.058156682560000034
0.058064516620000034
0.05806451656000003
0.05788018432000003
0.05797235030000003
0.05732718910000003
0.05723502322000003
0.055944700820000026
0.05483871012000002
0.053640553320000034
0.052995392000000016
0.05170506934000002
0.05152073746000002
0.05170506934000001
0.05179723520000001
0.05179723516000001
0.05161290340000001
0.051520737500000004
0.05152073754000001
0.05152073754000001
0.05152073754000001
0.05170506934000001
0.051889401099999996
0.05188940118
0.05207373306
0.05207373306
0.05216589895999999
0.05235023079999999
0.05253456251999999
0.05253456247999999
0.05253456247999999
0.05262672833999999
0.052718894239999994
0.05290322604000001
0.05299539198000001
0.05299539198000001
0.05299539198000001
0.05299539198000001
0.052811060220000004
0.05299539192000001
0.05308755778000001
0.05317972364000001
0.05327188954000001
0.05327188954000001
0.05327188954000001
0.05354838720000001
0.05373271904000001
0.05391705084000001
0.05400921678000001
0.05400921678000001
0.05400921678000001
0.05410138258000001
0.054193548520000016
0.05428571446000001
0.05419354856000002
0.05410138266000002
0.05410138266000002
0.05410138270000003
0.054193548640000026
0.05428571458000002
0.05428571458000002
0.05428571458000002
0.05437788044000002
0.05437788044000002
0.05465437814000002
0.055023041700000025
0.055115207640000025
0.05520737354000002
0.05529953948000003
0.055207373580000024
0.05539170528000002
0.055483871180000026
0.055576037040000026
0.055576037040000026
0.055668202900000026
0.055668202900000026
0.055576036960000026
0.055668202900000026
0.055668202900000026
0.05576036880000003
0.055852534740000036
0.055852534740000036
0.05594470064000003
0.056036866540000035
0.056036866540000035
0.056036866540000035
0.056129032440000025
0.056129032440000025
0.05622119834000003
0.05622119834000003
0.05622119834000003
0.05631336424000003
0.05649769600000003
0.05677419370000004
0.05695852544000004
0.05723502318000004
0.05723502318000004
0.05723502318000004
0.05723502318000004
0.05723502318000004
0.05723502318000003
0.05741935488000002
0.05741935488000002
0.05760368664000002
0.057695852540000016
0.057695852540000016
0.057695852540000016
0.057695852540000016
0.05788018430000002
0.05797235024000002
0.05797235024000002
0.05815668212000002
0.05815668212000002
0.05815668212000002
0.05824884798000002
0.05824884798000002
0.05834101378000003
0.05834101378000003
0.05834101378000003
0.05843317972000002
0.05852534562000002
0.05852534562000002
0.05870967736000002
0.05870967736000002
0.05870967736000002
0.058801843260000014
0.05889400920000001
0.05889400920000001
0.05889400920000001
0.05898617500000001
0.059078340940000015
0.05917050684000002
0.05917050684000002
0.059170506880000015
0.05926267278000002
0.05935483864000002
0.05953917044000002
0.05981566814000001
0.05981566814000001
0.05981566814000001
0.05981566814000001
0.05981566814000001
0.05981566814000001
0.05981566814000001
0.05981566814000001
0.05981566814000001
0.059999999940000014
0.060092165800000014
0.060092165800000014
0.060092165800000014
0.06018433170000002
0.06027649750000002
0.06027649750000002
0.06027649750000002
0.06027649750000002
0.06027649750000002
0.06036866330000002
0.06036866330000002
0.060460829300000025
0.06055299520000002
0.06055299520000002
0.060645161140000015
0.060645161140000015
0.06073732704000002
0.06073732704000002
0.06073732704000002
0.06092165884000002
0.06092165884000002
0.06110599068000002
0.061105990780000015
0.061105990780000015
0.061105990780000015
0.061105990780000015
0.061105990780000015
0.061198156580000024
0.061198156580000024
0.061198156580000024
0.06138248828000003
0.061566819980000034
0.061566819980000034
0.061566819980000034
0.061566819980000034
0.06165898588000003
0.06165898588000003
0.061751151780000034
0.061843317580000036
0.06193548348000004
0.06193548348000004
0.06202764948000003
0.06202764948000003
0.06202764948000003
0.06202764948000003
0.06202764948000003
0.06211981538000003
0.06221198138000004
0.06221198138000004
0.06230414718000004
0.062211981280000044
0.06230414718000005
0.062396313120000046
0.062396313120000046
0.06248847892000004
0.06248847892000004
0.06258064472000005
0.06267281062000003
0.06267281062000003
0.06267281062000003
0.06267281062000003
0.06267281062000003
0.06276497656000003
0.06285714236000003
0.06285714236000003
0.06285714236000003
0.06285714236000003
0.06285714236000003
0.06285714236000003
0.06285714236000003
0.06285714236000003
0.06285714236000003
0.06285714236000003
0.06285714236000003
0.06276497636000004
0.06276497636000004
0.06276497636000004
0.06276497636000004
0.06276497636000004
0.06276497636000004
0.06276497636000004
0.06276497636000004
0.06276497636000004
0.06276497636000004
0.06276497636000004
0.06267281042000004
0.06258064462000004
0.06258064462000004
0.06258064462000004
0.06258064462000004
0.06258064462000004
0.06258064462000004
0.06258064462000004
0.06267281056000004
0.06267281056000004
0.06267281056000004
0.06267281056000004
0.06276497656000005
0.06276497656000005
0.06276497656000005
0.06276497656000005
0.06285714236000005
0.06285714236000005
0.06294930826000004
0.06294930826000004
0.06294930826000004
0.06294930826000004
0.06294930826000004
0.06294930826000004
0.06304147406000005
0.06304147406000005
0.06294930816000005
0.06294930816000005
0.06294930816000005
0.06294930816000005
0.06304147406000003
0.06304147406000003
0.06304147406000003
0.06304147406000003
0.06304147406000003
0.06313363996000004
0.06304147396000004
0.06313363986000003
0.06313363986000003
0.06322580576000005
0.06322580576000005
0.06322580576000005
0.06322580576000005
0.06331797156000005
0.06331797156000005
0.06331797156000005
0.06331797156000005
0.06331797156000005
0.06331797156000005
0.06331797156000005
0.06331797156000005
0.06331797156000005
0.06331797156000005
0.06331797156000005
0.06331797156000005
0.06341013746000004
0.06341013746000004
0.06341013746000004
0.06350230340000004
0.06350230340000004
0.06359446930000004
0.06368663520000004
0.06368663530000003
0.06368663530000003
0.06368663530000003
0.06368663530000003
0.06377880120000003
0.06387096710000004
0.06387096710000004
0.06387096696000003
0.06387096696000003
0.06387096696000003
0.06377880106000003
0.06377880106000003
0.06377880106000003
0.06377880106000003
0.06377880106000003
0.06387096706000003
0.06387096706000003
0.06396313296000003
0.06405529876000003
0.06414746466000003
0.06414746466000003
0.06414746466000003
0.06414746466000003
0.06414746466000003
0.06423963046000003
0.06423963046000003
0.06423963046000003
0.06423963046000003
0.06423963046000003
0.06423963046000003
0.06423963046000003
0.06433179626000003
0.06433179626000003
0.06442396226000004
0.06451612816000002
0.06460829416000002
0.06460829416000002
0.06460829416000002
0.06460829416000002
0.06460829416000002
0.06460829416000002
0.06460829416000002
0.06460829416000002
0.06460829416000002
0.06460829416000002
0.06460829416000002
0.06460829416000002
0.06460829416000002
0.06460829416000002
0.06470046006000002
0.06470046006000002
0.06479262606000002
0.06479262606000002
0.06479262606000002
0.06488479206000003
0.06488479206000003
0.06488479206000003
0.06488479206000003
0.06488479206000003
0.06488479206000003
0.06497695786000003
0.06497695786000003
0.06497695786000003
0.06497695786000003
0.06497695786000003
0.06497695786000003
0.06497695786000003
0.06497695786000003
0.06497695786000003
0.06497695786000003
0.06497695786000003
0.06506912376000003
0.06516128966000004
0.06516128966000004
0.06525345566000004
0.06525345566000004
0.06534562156000004
0.06534562156000004
0.06543778756000004
0.06552995346000004
0.06552995346000004
0.06552995346000004
0.06552995346000004
0.06552995346000004
0.06552995346000004
0.06552995346000004
0.06552995346000004
0.06552995346000004
0.06543778752000004
0.06543778752000004
0.06543778752000004
0.06543778752000004
0.06543778752000004
0.06562211922000005
0.06562211922000005
0.06562211922000005
0.06562211922000005
0.06562211922000005
0.06562211922000005
0.06562211922000005
0.06562211922000005
0.06562211922000005
0.06562211922000005
0.06562211922000005
0.06562211922000005
0.06562211922000005
0.06562211922000005
0.06571428512000005
0.06571428512000005
0.06571428512000005
0.06580645102000005
0.06580645102000005
0.06580645102000005
0.06580645102000005
0.06580645102000005
0.06580645102000005
0.06580645102000005
0.06580645102000005
0.06580645102000005
0.06580645102000005
0.06580645102000005
0.06580645102000005
0.06580645102000005
0.06580645102000005
0.06580645102000005
0.06580645102000005
0.06580645102000005
0.06580645102000005
0.06580645102000005
0.06580645102000005
0.06580645102000005
0.06589861682000005
0.06589861682000005
0.06589861682000005
0.06589861682000005
0.06589861682000005
0.06589861682000005
0.06589861682000005
0.06589861682000005
0.06589861682000005
0.06589861682000005
0.06589861682000005
0.06589861682000005
0.06589861682000005
0.06589861682000005
0.06589861682000005
0.06589861682000005
0.06589861682000005
0.06599078272000004
0.06599078272000004
0.06599078272000004
0.06599078272000004
0.06599078272000004
0.06599078272000004
0.06599078272000004
0.06599078292000005
0.06599078292000005
0.06599078292000005
0.06599078292000005
0.06599078292000005
0.06599078292000005
0.06599078292000005
0.06599078292000005
0.06599078292000005
0.06599078292000005
0.06599078292000005
0.06599078292000005
0.06599078292000005
0.06608294882000004
0.06608294882000004
0.06608294882000004
0.06608294882000004
0.06617511472000004
0.06617511472000004
0.06617511472000004
0.06626728052000004
0.06626728052000004
0.06626728052000004
0.06635944632000004
0.06635944632000004
0.06635944632000004
0.06635944632000004
0.06635944632000004
0.06635944632000004
0.06635944632000004
0.06635944632000004
0.06635944632000004
0.06635944632000004
0.06635944632000004
0.06635944632000004
0.06626728042000005
0.06626728042000005
0.06626728042000005
0.06626728042000005
0.06626728042000005
0.06626728042000005
0.06635944622000003
0.06635944622000003
0.06635944622000003
0.06626728042000003
0.06635944622000003
0.06635944622000003
0.06626728042000005
0.06617511452000004
0.06617511452000004
0.06617511452000004
0.06617511452000004
0.06617511452000004
0.06617511452000004
0.06617511452000004
0.06617511452000004
0.06608294862000004
0.06608294862000004
0.06608294862000004
0.06608294862000004
0.06599078262000004
0.06599078262000004
0.06599078262000004
0.06599078262000004
0.06599078262000004
0.06599078262000004
0.06599078262000004
0.06599078262000004
0.06599078262000004
0.06599078262000004
0.06599078262000004
0.06599078262000004
0.06599078262000004
0.06599078262000004
0.06599078262000004
0.06599078262000004
0.06599078262000004
0.06599078262000004
0.06599078262000004
0.06599078262000004
0.06599078262000004
0.06599078262000004
0.06599078262000004
0.06599078262000004
0.06599078262000004
0.06599078262000004
0.06589861668000004
0.06589861668000004
0.06589861668000004
0.06589861668000004
0.06580645088000003
0.06589861678000003
0.06589861668000002
0.06580645068000003
0.06580645068000003
0.06580645068000003
0.06580645068000003
0.06571428468000003
0.06571428468000003
0.06571428468000003
0.06571428468000003
0.06571428468000003
0.06571428468000003
0.06571428468000003
0.06571428468000003
0.06571428468000003
0.06571428468000003
0.06571428468000003
0.06562211878000003
0.06562211878000003
0.06562211878000003
0.06562211878000003
0.06562211878000003
0.06562211878000003
0.06552995288000003
0.06552995288000003
0.06552995288000003
0.06552995288000003
0.06552995288000003
0.06552995288000003
0.06552995288000003
0.06552995288000003
0.06543778688000003
0.06543778688000003
0.06543778688000003
0.06543778688000003
0.06543778688000003
0.06543778688000003
0.06543778688000003
0.06543778688000003
0.06534562088000002
0.06534562088000002
0.06534562088000002
0.06534562088000002
0.06534562088000002
0.06534562088000002
0.06543778668000003
0.06543778668000003
0.06543778668000003
0.06543778668000003
0.06543778668000003
0.06543778668000003
0.06543778668000003
0.06543778668000003
0.06534562078000003
0.06534562078000003
0.06534562078000003
0.06534562078000003
0.06534562078000003
0.06525345488000003
0.06525345488000003
0.06525345488000003
0.06516128908000002
0.06516128908000002
0.06516128908000002
0.06516128908000002
0.06516128908000002
0.06516128908000002
0.06516128908000002
0.06516128908000002
0.06516128908000002
0.06506912328000002
0.06497695748000001
0.06497695748000001
0.06497695748000001
0.06497695748000001
0.06497695748000001
0.06497695748000001
0.06506912338000002
0.06506912338000002
0.06506912338000002
0.06506912338000002
0.06506912338000002
0.06506912338000002
0.06506912338000002
0.06506912338000002
0.06506912338000002
0.06497695758000002
0.06497695758000002
0.06497695758000002
0.06497695758000002
0.06497695758000002
0.06497695758000002
0.06497695758000002
0.06497695758000002
0.06497695758000002
0.06488479178
0.06470045998000003
0.06470045998000003
0.06470045998000003
0.06470045998000003
0.06470045998000003
0.06470045998000003
0.06460829418000003
0.06460829418000003
0.06460829418000003
0.06460829418000003
0.06460829418000003
0.06460829418000003
0.06460829418000003
0.06460829418000003
0.06460829418000003
0.06460829418000003
0.06460829418000003
0.06460829418000003
0.06460829418000003
0.06460829418000003
0.06460829418000003
0.06460829418000003
0.06460829418000003
0.06460829418000003
0.06460829418000003
0.06460829418000003
0.06460829418000003
0.06460829418000003
0.06460829418000003
0.06460829418000003
0.06460829418000003
0.06460829408000003
0.06460829408000003
0.06460829408000003
0.06460829408000003
0.06460829408000003
0.06460829408000003
0.06460829408000003
0.06460829408000003
0.06460829408000003
0.06460829408000003
0.06470045998000003
0.06470045998000003
0.06470045998000003
0.06470045998000003
0.06470045998000003
0.06470045998000003
0.06470045998000003
0.06470045998000003
0.06470045998000003
0.06470045998000003
0.06470045998000003
0.06470045998000003
0.06460829418000003
0.06460829418000003
0.06460829418000003
0.06460829418000003
0.06460829418000003
0.06460829418000003
0.06460829418000003
0.06460829418000003
0.06442396228000002
0.06442396228000002
0.06442396228000002
0.06442396228000002
0.06442396228000002
0.06442396228000002
0.06442396228000002
0.06442396228000002
0.06442396228000002
0.06442396228000002
0.06442396228000002
0.06442396228000002
0.06442396228000002
0.06442396228000002
0.06442396228000002
0.06433179648000004
0.06433179648000004
0.06433179648000004
0.06433179648000004
0.06433179648000004
0.06433179648000004
0.06433179648000004
0.06433179648000004
0.06433179648000004
0.06433179648000004
0.06433179648000004
0.06433179648000004
0.06433179648000004
0.06433179648000004
0.06433179648000004
0.06433179648000004
0.06433179648000004
0.06433179648000004
0.06433179648000004
0.06423963058000004
0.06423963058000004
0.06423963058000004
0.06423963058000004
0.06423963058000004
0.06423963058000004
0.06423963058000004
0.06423963058000004
0.06423963058000004
0.06423963058000004
0.06423963058000004
0.06423963058000004
0.06423963058000004
0.06423963058000004
0.06423963058000004
0.06423963058000004
0.06423963058000004
0.06433179648000004
0.06433179648000004
0.06433179648000004
0.06433179648000004
0.06433179648000004
0.06442396238000003
0.06451612832000003
0.06451612832000003
0.06451612832000003
0.06451612832000003
0.06451612832000003
0.06451612832000003
0.06451612832000003
0.06451612832000003
0.06451612832000003
0.06460829422000003
0.06460829422000003
0.06460829422000003
0.06460829422000003
0.06460829422000003
0.06460829422000003
0.06460829422000003
0.06460829422000003
0.06451612832000003
0.06451612832000003
0.06451612832000003
0.06451612832000003
0.06451612832000003
0.06451612832000003
0.06451612832000003
0.06451612832000003
0.06451612832000003
0.06451612832000003
0.06460829422000003
0.06460829422000003
0.06460829422000003
0.06460829422000003
0.06460829422000003
0.06460829422000003
0.06460829422000003
0.06460829422000003
0.06460829422000003
0.06460829422000003
0.06470046012000003
0.06470046012000003
0.06470046012000003
0.06470046012000003
0.06470046012000003
0.06470046012000003
0.06479262602000002
0.06479262602000002
0.06479262602000002
0.06479262602000002
0.06479262602000002
0.06479262602000002
0.06479262602000002
0.06479262602000002
0.06479262602000002
0.06479262602000002
0.06479262602000002
0.06479262602000002
0.06470046008000002
0.06470046008000002
0.06470046008000002
0.06470046008000002
0.06479262602000002
0.06479262602000002
0.06479262602000002
0.06479262602000002
0.06479262602000002
0.06479262602000002
0.06479262602000002
0.06479262602000002
0.06470046002000002
0.06470046002000002
0.06470046002000002
0.06470046002000002
0.06470046002000002
0.06470046002000002
0.06470046002000002
0.06470046002000002
0.06470046002000002
0.06470046002000002
0.06470046002000002
0.06470046002000002
0.06470046002000002
0.06460829412000002
0.06460829412000002
0.06460829412000002
0.06460829412000002
0.06460829412000002
0.06470045992000002
0.06460829402000001
0.06460829402000001
0.06451612822000002
0.06451612822000002
0.06451612822000002
0.06442396232000001
0.06442396232000001
0.06442396232000001
0.06442396232000001
0.06442396232000001
0.06442396232000001
0.06442396232000001
0.06442396232000001
0.06442396232000001
0.06442396232000001
0.06433179652000001
0.06433179652000001
0.06433179652000001
0.06433179652000001
0.06433179652000001
0.06433179652000001
0.06433179652000001
0.06433179652000001
0.06433179652000001
0.06423963072000001
0.06423963072000001
0.06423963072000001
0.06423963072000001
0.06423963072000001
0.06423963072000001
0.06423963072000001
0.06423963072000001
0.06423963072000001
0.06423963072000001
0.06423963072000001
0.06423963072000001
0.06423963072000001
0.06423963072000001
0.06423963072000001
0.06423963072000001
0.06423963072000001
0.06423963072000001
0.06423963072000001
0.06423963072000001
0.06423963072000001
0.06423963072000001
0.06423963072000001
0.06423963072000001
0.06423963072000001
0.06423963072000001
0.06423963072000001
0.06423963072000001
0.06433179652000001
0.06433179652000001
0.06433179652000001
0.06433179652000001
0.06433179652000001
0.06433179652000001
0.06433179652000001
0.06423963072000002
0.06433179672000003
0.06433179672000003
0.06423963092000001
0.06423963092000001
0.06423963092000001
0.06423963092000001
0.06423963092000001
0.06423963092000001
0.06423963092000001
0.06423963092000001
0.06423963092000001
0.06414746512000002
