0.5293087618000001
0.33281106552000006
0.21032258319999997
0.15013825076
0.11935483948
0.10976958628000003
0.10322580758000005
0.09834101528000001
0.09188940166000004
0.08829493154000005
0.08497695946000001
0.08082949360000001
0.07658986256000003
0.07281106090000003
0.06930875668000001
0.06552995442000002
0.06368663592000003
0.06175115228000003
0.06018433184000003
0.05880184346000001
0.05788018462000002
0.05732718908000003
0.056589861740000025
0.05631336428000003
0.05493087590000003
0.053917051020000016
0.054009216880000016
0.05391705098000003
0.05345622152000001
0.053179723820000004
0.052811060300000004
0.052534562640000004
0.05207373302
0.05179723516
0.05152073758
0.05161290348000001
0.0515207375
0.05179723532
0.051705069500000006
0.05170506954000002
0.05179723544000001
0.051981567160000026
0.05198156708000002
0.05188940118000002
0.05179723528000001
0.05207373298000001
0.05244239662000002
0.05235023076000002
0.052626728420000025
0.052626728300000016
0.05271889424000002
0.052718894320000015
0.05290322620000002
0.05308755796000003
0.053271889620000026
0.053271889620000026
0.05364055308000003
0.05373271902000003
0.05400921668000002
0.054009216680000034
0.05428571446000003
0.05447004630000003
0.05493087588000003
0.05520737362000003
0.055299539560000034
0.05566820312000004
0.05557603718000003
0.05557603718000003
0.05576036898000004
0.055852534880000027
0.056036866680000026
0.056129032540000026
0.05640553014000003
0.05640553014000003
0.05658986194000002
0.05668202774000003
0.05658986180000003
0.05705069134000003
0.05705069134000003
0.05705069134000003
0.05751152064000003
0.05760368658000003
0.05788018424000002
0.05797235018000003
0.058064516080000024
0.058156681940000024
0.058248847940000015
0.05843317978000002
0.05852534568000002
0.05870967748000002
0.05898617518000002
0.05898617518000002
0.05917050706000003
0.059262672960000026
0.059354838860000016
0.059539170560000014
0.059539170560000014
0.059631336500000014
0.059631336500000014
0.059631336500000014
0.05981566830000001
0.05981566830000001
0.05990783420000002
0.06009216600000001
0.06018433180000002
0.06018433180000002
0.06018433180000002
0.06018433180000002
0.06036866350000001
0.06046082940000001
0.06046082940000001
0.06055299520000002
0.06073732680000002
0.06082949260000002
0.06092165850000002
0.06092165850000002
0.061198156000000024
0.061105990100000035
0.061105990100000035
0.061105990100000035
0.06119815600000003
0.06119815600000003
0.06138248784000003
0.06147465364000003
0.06165898530000003
0.061751151000000046
0.06184331690000004
0.06202764874000004
0.062304146480000044
0.062304146580000046
0.062304146580000046
0.062304146580000046
0.062304146580000046
0.062396312580000036
0.06258064448000003
0.06248847868000004
0.06267281052000002
0.06267281052000002
0.06276497642000003
0.06276497642000003
0.06276497642000003
0.06285714232000003
0.06294930826000003
0.06294930826000003
0.06304147416000004
0.06304147416000004
0.06304147416000004
0.06322580596000003
0.06331797176000004
0.06331797176000004
0.06331797176000004
0.06341013766000003
0.06341013766000003
0.06341013766000003
0.06341013766000003
0.06350230346000003
0.06350230346000003
0.06350230346000003
0.06377880116000004
0.06396313296000004
0.06396313296000004
0.06396313296000004
0.06405529886000004
0.06405529886000004
0.06405529886000004
0.06433179636000003
0.06433179636000003
0.06433179636000003
0.06442396226000004
0.06442396226000004
0.06460829406000004
0.06479262586000002
0.06488479166000002
0.06506912346000003
0.06516128936000003
0.06516128936000003
0.06525345530000003
0.06516128950000002
0.06516128950000002
0.06525345540000002
0.06525345540000002
0.06525345540000002
0.06525345540000002
0.06534562116000003
0.06534562116000003
0.06534562116000003
0.06552995306000002
0.06552995306000002
0.06552995306000002
0.06552995296000003
0.06552995296000003
0.06552995296000003
0.06562211890000003
0.06562211890000003
0.06562211890000003
0.06571428470000003
0.06571428470000003
0.06580645060000002
0.06571428480000002
0.06580645060000002
0.06580645060000002
0.06580645060000002
0.06580645060000002
0.06580645060000002
0.06580645060000002
0.06580645060000002
0.06580645060000002
0.06580645060000002
0.06580645060000002
0.06571428480000002
0.06571428480000002
0.06562211890000003
0.06571428480000002
0.06571428480000002
0.06571428480000002
0.06571428480000002
0.06571428480000002
0.06580645060000002
0.06580645070000002
0.06580645070000002
0.06580645070000002
0.06580645070000002
0.06580645070000002
0.06580645070000002
0.06580645070000002
0.06589861660000002
0.06589861660000002
0.06580645080000001
0.06580645080000001
0.06580645080000001
0.065622119
0.065622119
0.065622119
0.065622119
0.065622119
0.0657142849
0.0658064507
0.0658064507
0.0658986165
0.0658986165
0.0658986165
0.0658986165
0.0658986165
0.0658986165
0.0658986165
0.06580645060000002
0.06580645060000002
0.06589861660000002
0.06599078250000003
0.06599078250000003
0.06599078250000003
0.06599078250000003
0.06608294840000002
0.06617511440000003
0.06617511440000003
0.06617511440000003
0.06589861670000002
0.06589861670000002
0.06589861670000002
0.06580645080000003
0.06580645080000003
0.06580645080000003
0.06589861680000003
0.06589861680000003
0.06589861680000003
0.06589861680000003
0.06599078260000003
0.06599078260000003
0.06599078260000003
0.06599078260000003
0.06599078260000003
0.06599078260000003
0.06599078260000003
0.06599078260000003
0.06589861680000003
0.06580645100000003
0.06580645100000003
0.06571428520000003
0.06571428520000003
0.06571428520000003
0.06580645110000004
0.06571428530000004
0.06571428530000004
0.06571428530000004
0.06571428530000004
0.06571428530000004
0.06571428530000004
0.06571428530000004
0.06571428530000004
0.06571428530000004
0.06571428530000004
0.06571428520000004
0.06571428520000004
0.06571428520000004
0.06571428520000004
0.06571428520000004
0.06571428520000004
0.06571428520000004
0.06571428520000004
0.06571428520000004
0.06571428520000004
0.06580645120000003
0.06580645120000003
0.06589861700000003
0.06589861700000003
0.06589861700000003
0.06589861700000003
0.06580645120000003
0.06580645120000003
0.06571428520000003
0.06571428520000003
0.06571428520000003
0.06571428520000003
0.06571428520000003
0.06571428520000003
0.06571428520000003
0.06562211920000002
0.06562211920000002
0.06562211920000002
0.06552995330000003
0.06552995330000003
0.06552995330000003
0.06552995330000003
0.06552995330000003
0.06552995330000003
0.06552995330000003
0.06552995330000003
0.06552995330000003
0.06552995330000003
0.06543778750000002
0.06543778750000002
0.06543778750000002
0.06543778750000002
0.06534562160000001
0.06516128980000001
0.06506912386000002
0.06506912386000002
0.06506912386000002
0.06497695806
0.06497695806
0.06497695806
0.06497695806
0.06488479216000001
0.06488479216000001
0.06497695806
0.06497695806
0.06497695806
0.06488479226
0.06497695816
0.06497695816
0.06497695816
0.06497695816
0.06497695816
0.06488479222
0.06488479222
0.06488479222
0.06488479222
0.06497695822
0.06497695822
0.06497695822
0.06497695822
0.06488479232000001
0.06488479232000001
0.06479262642000001
0.06479262642000001
0.06479262642000001
0.06479262642000001
0.06470046042000001
0.06470046042000001
0.06470046042000001
0.06460829452
0.06460829452
0.06460829442000002
0.06451612842000001
0.06451612842000001
0.06451612842000001
0.06451612842000001
0.06451612842000001
0.06442396252000002
0.06433179652000001
0.06433179652000001
0.06433179652000001
0.06423963062000002
0.06433179662000002
0.06433179662000002
0.06442396252
0.06433179662000002
0.06433179662000002
0.06423963068000002
0.06423963058000001
0.06423963058000001
0.06414746478000002
0.06414746478000002
0.06414746478000002
0.06414746478000002
0.06414746478000002
0.06414746478000002
0.06414746478000002
0.06414746478000002
0.06414746478000002
0.06414746478000002
0.06414746478000002
0.06414746478000002
0.06414746478000002
0.06396313302000001
0.06396313302000001
0.06396313302000001
0.06387096722
0.06396313312000002
0.06387096732000001
0.06387096732000001
0.06377880152
0.06377880152
0.06377880152
0.06377880152
0.06377880152
0.06377880152
0.06377880152
0.06377880152
0.06377880152
0.06377880152
0.06377880152
0.06368663572
0.06368663572
0.06368663572
0.06368663572
0.06368663572
0.06368663572
0.06368663572
0.06368663572
0.06368663572
0.06368663572
0.06368663572
0.06368663572
0.06377880162
0.06368663572
0.06368663572
0.06368663572
0.06359446982
0.06350230392
0.06350230392
0.06350230392
0.06322580628
0.06322580628
0.06313364028
0.06313364028
0.06313364028
0.06313364028
0.06313364028
0.06313364028
0.06304147448
0.06304147448
0.06304147448
0.06304147448
0.06304147448
0.06304147448
0.06304147448
0.06294930858
0.06294930858
0.06304147452
0.06304147452
0.06304147452
0.06304147452
0.06304147452
0.06294930852
0.06294930852
0.06294930852
0.06285714262
0.06285714262
0.06285714262
0.06285714262
0.06285714252
0.06285714252
0.06276497658
0.06276497658
0.06276497658
0.06267281078
0.06267281078
0.06267281078
0.06267281078
0.06267281078
0.06276497658
0.06276497658
0.06276497658
0.06285714252
0.06294930842000002
0.06294930842000002
0.06294930842000002
0.06294930842000002
0.06304147432000001
0.06304147432000001
0.06304147432000001
0.06294930842
0.06294930842
0.06294930842
0.06294930842
0.06294930842
0.06294930842
0.06294930842
0.06276497672000002
0.06276497672000002
0.06267281092000002
0.06267281092000002
0.06267281092000002
0.06267281092000002
0.06267281092000002
0.06267281092000002
0.06267281092000002
0.06276497692
0.06276497692
0.06258064508000001
0.06258064508000001
0.06248847918000001
0.06248847918000001
0.06248847918000001
0.062396313380000006
0.062396313380000006
0.062396313380000006
0.062396313380000006
0.062396313380000006
0.062396313380000006
0.062396313380000006
0.062396313380000006
0.062396313380000006
0.062396313380000006
0.062396313380000006
0.062396313380000006
0.062396313380000006
0.062396313380000006
0.062396313380000006
0.062396313380000006
0.062396313380000006
0.06230414748000001
0.062396313380000006
0.062211981540000016
0.06211981574000001
0.06211981574000001
0.06211981574000001
0.06211981574000001
0.06211981574000001
0.06211981574000001
0.062027649840000004
0.062027649840000004
0.062027649840000004
0.062027649840000004
0.06184331814000001
0.061658986340000006
0.061658986340000006
0.06175115228
0.06175115228
0.06175115228
0.06184331818
0.06184331818
0.06184331818
0.06175115228000001
0.06175115228000001
0.06175115228000001
0.06175115228000001
0.061658986480000004
0.061658986480000004
0.06175115238000001
0.06175115238000001
0.06175115238000001
0.06175115238000001
0.06175115238000001
0.06175115238000001
0.061843318280000004
0.061843318280000004
0.06175115238000001
0.06175115238000001
0.06175115238000001
0.06175115238000001
0.06184331828000001
0.06184331828000001
0.06184331828000001
0.06184331828000001
0.06184331828000001
0.06184331828000001
0.06184331828000001
0.061935484180000014
0.061935484180000014
0.061935484180000014
0.061935484180000014
0.061935484180000014
0.06184331828000001
0.06175115248000001
0.061843318380000005
0.061843318380000005
0.061843318380000005
0.061843318380000005
0.06193548418000001
0.06193548418000001
0.06193548418000001
0.061843318380000005
0.061843318380000005
0.06175115248
0.06175115248
0.06175115248
0.06165898648
0.06165898648
0.06165898648
0.06165898648
0.06156682058
0.06138248878000001
0.06147465468000001
0.06147465468000001
0.06147465468000001
0.06147465468000001
0.06147465468000001
0.061382488780000015
0.06147465458000002
0.06156682058000002
0.06156682058000002
0.06147465468000002
0.06147465468000002
0.06147465468000002
0.06147465468000002
0.06147465468000002
0.06147465468000002
0.06138248874000002
0.06138248874000002
0.06138248874000002
0.06138248874000002
0.06138248874000002
0.06138248874000002
0.06138248874000002
0.06138248874000002
0.061290322840000015
0.061290322840000015
0.061290322840000015
0.061290322840000015
0.061290322840000015
0.061290322840000015
0.061290322840000015
0.061290322840000015
0.061382488780000015
0.06129032288000001
0.06129032288000001
0.06129032288000001
0.06129032288000001
0.06129032288000001
0.06129032288000001
0.06129032288000001
0.06138248882000002
0.06138248882000002
0.061474654720000015
0.061474654720000015
0.061474654720000015
0.06138248882000001
0.06138248882000001
0.06138248882000001
0.06138248882000001
0.06138248882000001
0.06138248882000001
0.06138248882000001
0.06138248882000001
0.06129032292000001
0.06129032292000001
0.06119815702000001
0.06110599112000001
0.06110599112000001
0.06110599112000001
0.06110599112000001
0.06110599112000001
0.06110599112000001
0.06110599112000001
0.06110599112000001
0.06119815692000001
0.06119815692000001
0.06119815692000001
0.06119815692000001
0.06110599102000002
0.06110599102000002
0.06110599102000002
0.061013825020000016
0.061013825020000016
0.061013825020000016
0.061013825020000016
0.06092165912000001
0.06082949322000001
0.06073732732000001
0.060645161420000024
0.060645161420000024
0.060645161420000024
0.060645161420000024
0.06055299562000002
0.06055299562000002
0.06055299562000002
0.06055299562000002
0.06055299562000002
0.06055299562000002
0.06064516152000002
0.06064516152000002
0.06064516152000002
0.06073732742000002
0.06064516152000003
0.06064516152000003
0.060552995620000036
0.060460829820000034
0.060460829820000034
0.06055299572000003
0.06055299572000003
0.06055299572000003
0.06055299572000003
0.06055299572000003
0.060552995820000025
0.060552995820000025
0.060552995820000025
0.060552995820000025
0.06046082992000002
0.06046082992000002
0.06036866402000002
0.06036866402000002
0.060184332220000025
0.060184332220000025
0.060184332220000025
0.060184332220000025
0.060184332220000025
0.060184332220000025
0.060184332220000025
0.060184332220000025
0.06009216632000003
0.06009216632000003
0.06009216632000003
0.06009216632000003
0.06009216632000003
0.06009216632000003
0.06009216632000003
0.06009216632000003
0.060000000420000026
0.060000000420000026
0.060000000420000026
0.06009216642000003
0.06009216642000003
0.06009216642000003
0.06009216642000003
0.06009216642000003
0.06009216642000003
0.06000000052000003
0.06000000052000003
0.06009216642000003
0.06009216642000003
0.06009216642000003
0.06018433232000002
0.06009216642000003
0.06009216642000003
0.06009216642000003
0.06009216642000003
0.06009216642000003
0.06009216642000003
0.06009216642000003
0.06009216642000003
0.06009216642000003
0.06009216642000003
0.060000000520000034
0.060000000520000034
0.060000000520000034
0.060000000520000034
0.060000000520000034
0.060000000520000034
0.060000000520000034
0.060000000520000034
0.06009216642000004
0.06009216642000004
0.06009216642000004
0.06009216642000004
0.06009216642000004
0.060184332320000034
0.060184332320000034
0.060184332320000034
0.060184332320000034
0.060184332320000034
0.060276498260000026
0.060276498260000026
0.060276498260000026
0.06018433236000004
0.06018433236000004
0.06018433236000004
0.06018433236000004
0.06018433236000004
0.06018433236000004
0.06027649826000004
0.06027649826000004
0.06027649826000004
0.06027649826000004
0.06027649826000004
0.06036866416000003
0.06036866416000003
0.06036866416000003
0.06036866416000003
0.06036866416000003
0.06036866416000003
0.06036866416000003
0.06046083006000003
0.06046083006000003
0.06046083006000003
0.06055299596000003
0.06055299596000003
0.06055299596000003
0.06055299596000003
0.06055299596000003
0.06055299596000003
0.06055299596000003
0.06055299596000003
0.06055299596000003
0.06055299596000003
0.06046083016000003
0.06055299606000002
0.06055299606000002
0.06064516200000002
0.06073732790000003
0.06073732790000003
0.06064516200000004
0.06073732790000003
0.06073732790000003
0.06073732790000003
0.06073732790000003
0.06073732790000003
0.06073732790000003
0.06073732790000003
0.060829493700000035
0.060829493700000035
0.060829493700000035
0.06092165970000003
0.06101382560000003
0.06101382560000003
0.061105991500000026
0.061105991500000026
0.061105991500000026
0.061105991500000026
0.061198157400000015
0.061105991500000026
0.061105991500000026
0.06119815740000003
0.06119815740000003
0.06119815740000003
0.06119815740000003
0.06119815740000003
0.06110599150000003
0.06110599150000003
0.061198157400000036
0.061198157400000036
0.061198157400000036
0.061198157400000036
0.061198157400000036
0.061198157400000036
0.061198157400000036
0.061198157300000035
0.061198157300000035
0.061198157300000035
0.061198157300000035
0.061198157300000035
0.061198157300000035
0.061198157300000035
0.061198157300000035
0.061198157300000035
0.061198157300000035
0.061198157300000035
0.061198157300000035
0.061198157300000035
0.061198157300000035
0.061198157300000035
0.061198157300000035
0.061198157300000035
0.06129032320000003
0.06129032320000003
0.06129032320000003
0.06129032320000003
0.061198157260000025
0.06129032316000003
0.06129032316000003
0.06138248906000002
0.06138248906000002
0.06138248906000002
0.06138248906000002
0.06138248906000002
0.06138248906000002
0.06138248906000002
0.061474654860000026
0.061474654860000026
0.061474654860000026
0.061474654860000026
0.061474654860000026
0.061474654860000026
0.061474654860000026
0.061474654860000026
0.061474654860000026
0.06165898676000002
0.06165898676000002
0.06165898676000002
0.06165898676000002
0.06165898676000002
0.061566820860000024
0.061566820860000024
0.061566820860000024
0.061566820860000024
0.061566820860000024
0.061566820860000024
0.061566820860000024
0.061566820860000024
0.061566820860000024
0.061566820860000024
0.06165898676000002
0.06165898676000002
0.06165898676000002
0.06165898676000002
0.06165898676000002
0.06165898676000002
0.061751152660000024
0.061751152660000024
0.061751152660000024
0.06165898666000002
0.06175115256000002
0.06175115256000002
0.06175115256000002
0.06175115256000002
0.06175115256000002
0.06175115256000002
0.06175115256000002
0.06175115256000002
0.06175115256000002
0.06175115256000002
0.06175115256000002
0.06184331836000003
0.06184331836000003
0.06184331836000003
0.06184331836000003
0.06184331836000003
0.06193548426000002
0.06193548426000002
0.06193548426000002
0.06193548426000002
0.06193548426000002
0.06193548426000002
0.06202765006000002
0.06211981596000002
0.06211981596000002
0.06211981596000002
0.06211981596000002
0.06211981596000002
0.06211981596000002
0.062027650060000016
0.06211981596000001
0.06202765006000001
0.06202765006000001
0.06202765006000001
0.06202765006000001
0.06202765006000001
0.06202765006000001
0.06193548416000001
0.06193548416000001
0.06193548416000001
0.06193548416000001
0.06193548416000001
0.06193548416000001
0.06202765016000002
0.061843318460000025
0.061843318460000025
0.061843318460000025
0.06193548436000003
0.06193548436000003
0.06193548436000003
0.06193548436000003
0.06193548436000003
0.06193548436000003
0.06193548436000003
0.06193548436000003
0.06193548436000003
0.06193548436000003
0.06193548436000003
0.06193548436000003
0.06193548436000003
0.06193548436000003
0.06193548436000003
0.06193548436000003
0.06193548436000003
0.06193548436000003
0.06193548436000003
0.06202765016000003
0.06202765016000003
0.06202765016000003
0.06202765016000003
0.06202765016000003
0.06202765016000003
0.06202765016000003
0.06202765016000003
0.06202765016000003
0.06202765016000003
0.06202765016000003
0.06202765016000003
0.06202765016000003
0.06202765016000003
0.06202765016000003
0.06211981606000003
0.06211981606000003
0.06211981606000003
0.06211981606000003
0.06221198196000002
0.06230414786000003
0.06230414786000003
0.06230414786000003
