(0.8663595 0.13364056 0.10599078 0.08755761 0.078341015 0.07373272 0.06912442
 0.06912442 0.07373272 0.06912442 0.06912442 0.06912442 0.06912442 0.06912442
 0.06912442 0.06912442 0.06912442 0.06912442 0.06912442 0.06451613 0.06451613
 0.06451613 0.06451613 0.06451613 0.06451613 0.06451613 0.06451613 0.06451613
 0.06451613 0.06451613 0.06451613 0.06451613 0.06451613 0.06451613 0.06451613
 0.06451613 0.06451613 0.06451613 0.06451613 0.06451613 0.06451613 0.06451613
 0.06451613 0.06451613 0.06451613 0.06451613 0.06451613 0.06912442 0.06912442
 0.06912442 0.06912442 0.06912442 0.06912442 0.06912442 0.06912442 0.06912442
 0.06912442 0.06912442 0.06912442 0.06912442 0.06912442 0.06912442 0.06912442
 0.06912442 0.06912442 0.06912442 0.06912442 0.06912442 0.06912442 0.06912442
 0.07373272 0.07373272 0.07373272 0.07373272 0.07373272 0.07373272 0.07373272
 0.07373272 0.07373272 0.07373272 0.07373272 0.07373272 0.07373272 0.07373272
 0.07373272 0.07373272 0.07373272 0.07373272 0.07373272 0.07373272 0.07373272
 0.07373272 0.07373272 0.07373272 0.07373272 0.07373272 0.07373272 0.06912442
 0.06912442 0.06912442 0.06912442 0.06912442 0.06912442 0.06912442 0.06912442
 0.06912442 0.06912442 0.06912442 0.06912442 0.06912442 0.06912442 0.06912442
 0.06912442 0.06912442 0.06912442 0.06912442 0.06912442 0.06912442 0.06912442
 0.06912442 0.06912442 0.06912442 0.06912442 0.06912442 0.06912442 0.06912442
 0.06912442 0.06912442 0.06912442 0.06912442 0.06912442 0.06912442 0.06912442
 0.06912442 0.06912442 0.06912442 0.06912442 0.06912442 0.06912442 0.06912442
 0.06912442 0.06912442 0.06912442 0.06912442 0.06912442 0.06912442 0.06912442
 0.06912442 0.06912442 0.06912442 0.06912442 0.06912442 0.06912442 0.06912442
 0.06912442 0.06912442 0.06912442 0.06912442 0.06912442 0.06912442 0.06912442
 0.06912442 0.07373272 0.07373272 0.07373272 0.07373272 0.07373272 0.07373272
 0.07373272 0.07373272 0.07373272 0.07373272 0.07373272 0.07373272 0.07373272
 0.07373272 0.07373272 0.07373272 0.07373272 0.07373272 0.07373272 0.07373272
 0.07373272 0.07373272 0.07373272 0.07373272 0.07373272 0.07373272 0.07373272
 0.07373272 0.07373272 0.07373272 0.07373272 0.07373272 0.07373272 0.07373272
 0.07373272 0.07373272 0.07373272 0.07373272 0.07373272 0.07373272 0.07373272
 0.07373272 0.07373272 0.07373272 0.07373272 0.07373272 0.07373272 0.07373272
 0.07373272 0.07373272 0.07373272 0.07373272 0.06912442 0.06912442 0.06912442
 0.06912442 0.06912442 0.06912442 0.06912442 0.06912442 0.06912442 0.06912442
 0.06912442 0.06912442 0.06912442 0.06912442 0.06912442 0.06912442 0.06912442
 0.06912442 0.06912442 0.06912442 0.06912442 0.06912442 0.06912442 0.06912442
 0.06912442 0.06912442 0.06912442 0.06912442 0.06912442 0.06912442 0.06912442
 0.06912442 0.06912442 0.06912442 0.06912442 0.06912442 0.06912442 0.06912442
 0.06912442 0.06912442 0.06912442 0.06912442 0.06912442 0.06912442 0.06912442
 0.07373272 0.06912442 0.06912442 0.06912442 0.06912442 0.06912442 0.06912442
 0.06912442 0.06912442 0.06912442 0.06912442 0.06912442 0.06912442 0.06451613
 0.06451613 0.06451613 0.06451613 0.06451613 0.06451613 0.06451613 0.06451613
 0.06451613 0.06451613 0.06451613 0.06451613 0.06451613 0.06451613 0.06451613
 0.06451613 0.06451613 0.06451613 0.06451613 0.06451613 0.06451613 0.06451613
 0.06451613 0.06451613 0.06451613 0.06451613 0.06451613 0.06451613 0.06451613
 0.06451613 0.06451613 0.06451613 0.06451613 0.06451613 0.06451613 0.06451613
 0.06451613 0.06451613 0.06451613 0.06451613 0.06451613 0.06451613 0.06451613
 0.06451613 0.06451613 0.06451613 0.06451613 0.06451613 0.06451613 0.06451613
 0.06451613 0.06451613 0.06451613 0.06451613 0.06451613 0.06451613 0.06451613
 0.06451613 0.06451613 0.06451613 0.06451613 0.06451613 0.06451613 0.06451613
 0.06451613 0.06451613 0.06451613 0.06451613 0.06451613 0.06451613 0.06451613
 0.06451613 0.06451613 0.06451613 0.06451613 0.06451613 0.06451613 0.06451613
 0.06451613 0.06451613 0.06451613 0.06451613 0.06451613 0.06451613 0.06451613
 0.06451613 0.06451613 0.06451613 0.06451613 0.06451613 0.06451613 0.06451613
 0.06451613 0.06451613 0.06451613 0.06451613 0.06451613 0.06451613 0.06451613
 0.06451613 0.06451613 0.06451613 0.06451613 0.06451613 0.06451613 0.06451613
 0.06451613 0.06451613 0.06451613 0.06451613 0.06451613 0.06451613 0.06451613
 0.06451613 0.06451613 0.06451613 0.06451613 0.06451613 0.06451613 0.06451613
 0.06451613 0.06451613 0.06451613 0.06451613 0.06451613 0.06451613 0.06451613
 0.06451613 0.06451613 0.06451613 0.06451613 0.06451613 0.06451613 0.06451613
 0.06451613 0.06451613 0.06451613 0.06451613 0.06451613 0.06451613 0.06451613
 0.06451613 0.06451613 0.06451613 0.06451613 0.06451613 0.06451613 0.06451613
 0.06451613 0.06451613 0.06451613 0.06451613 0.06451613 0.06451613 0.06451613
 0.06451613 0.06451613 0.06451613 0.06451613 0.06451613 0.06451613 0.06451613
 0.06451613 0.06451613 0.06451613 0.06451613 0.06451613 0.06451613 0.06451613
 0.06451613 0.06451613 0.06451613 0.06451613 0.06451613 0.06451613 0.06451613
 0.06451613 0.06451613 0.06451613 0.06451613 0.06451613 0.06451613 0.06451613
 0.059907835 0.059907835 0.059907835 0.059907835 0.059907835 0.059907835
 0.059907835 0.059907835 0.059907835 0.059907835 0.059907835 0.059907835
 0.059907835 0.059907835 0.059907835 0.059907835 0.059907835 0.059907835
 0.059907835 0.059907835 0.059907835 0.059907835 0.059907835 0.059907835
 0.059907835 0.059907835 0.059907835 0.059907835 0.059907835 0.059907835
 0.059907835 0.059907835 0.059907835 0.059907835 0.059907835 0.059907835
 0.059907835 0.059907835 0.059907835 0.059907835 0.059907835 0.059907835
 0.059907835 0.059907835 0.059907835 0.059907835 0.059907835 0.059907835
 0.059907835 0.059907835 0.059907835 0.059907835 0.059907835 0.059907835
 0.059907835 0.059907835 0.059907835 0.06451613 0.06451613 0.06451613
 0.06451613 0.06451613 0.06451613 0.06451613 0.06451613 0.06451613 0.06451613
 0.06451613 0.06451613 0.06451613 0.06451613 0.06451613 0.06451613 0.06451613
 0.06451613 0.059907835 0.059907835 0.059907835 0.059907835 0.059907835
 0.059907835 0.059907835 0.059907835 0.059907835 0.059907835 0.059907835
 0.059907835 0.059907835 0.059907835 0.059907835 0.059907835 0.059907835
 0.059907835 0.059907835 0.059907835 0.059907835 0.059907835 0.059907835
 0.059907835 0.059907835 0.059907835 0.059907835 0.059907835 0.059907835
 0.059907835 0.059907835 0.059907835 0.059907835 0.059907835 0.059907835
 0.059907835 0.059907835 0.059907835 0.06451613 0.06451613 0.06451613
 0.06451613 0.06451613 0.06451613 0.06451613 0.06451613 0.06451613 0.06451613
 0.06451613 0.06451613 0.06451613 0.06451613 0.06451613 0.06451613 0.06451613
 0.06451613 0.06451613 0.06451613 0.06451613 0.06451613 0.06451613 0.06451613
 0.06451613 0.06451613 0.06451613 0.06451613 0.06451613 0.06451613 0.06451613
 0.06451613 0.06451613 0.06451613 0.06451613 0.06451613 0.06451613 0.06451613
 0.06451613 0.06451613 0.06451613 0.06451613 0.06451613 0.06451613 0.06451613
 0.06451613 0.06451613 0.06451613 0.06451613 0.06451613 0.06451613 0.06451613
 0.06451613 0.06451613 0.06451613 0.06451613 0.06451613 0.06451613 0.06451613
 0.06451613 0.06451613 0.06451613 0.06451613 0.06451613 0.06451613 0.06451613
 0.06451613 0.06451613 0.06451613 0.06451613 0.06451613 0.06451613 0.06451613
 0.06451613 0.06451613 0.06451613 0.06451613 0.06451613 0.06451613 0.06451613
 0.06451613 0.06451613 0.06451613 0.06451613 0.06451613 0.06451613 0.06451613
 0.06451613 0.06451613 0.06451613 0.06451613 0.06451613 0.06451613 0.06451613
 0.06451613 0.06451613 0.06451613 0.06451613 0.06451613 0.06451613 0.06451613
 0.06451613 0.06451613 0.06451613 0.06451613 0.06451613 0.06451613 0.06451613
 0.06451613 0.06451613 0.06451613 0.06451613 0.06451613 0.06451613 0.06451613
 0.06451613 0.06451613 0.06451613 0.06451613 0.06451613 0.06451613 0.06451613
 0.06451613 0.06451613 0.06451613 0.06451613 0.06451613 0.06451613 0.06451613
 0.06451613 0.06451613 0.06451613 0.06451613 0.06451613 0.06451613 0.06451613
 0.06451613 0.06451613 0.06451613 0.06451613 0.06451613 0.06451613 0.06451613
 0.06451613 0.06451613 0.06451613 0.06451613 0.06451613 0.06451613 0.06451613
 0.06451613 0.06451613 0.06451613 0.06451613 0.06451613 0.06451613 0.06451613
 0.06451613 0.06451613 0.06451613 0.06451613 0.06451613 0.06451613 0.06451613
 0.06451613 0.06451613 0.06451613 0.06451613 0.06451613 0.06451613 0.06451613
 0.06451613 0.06451613 0.06451613 0.06451613 0.06451613 0.06451613 0.06451613
 0.06451613 0.06451613 0.06451613 0.06451613 0.06451613 0.06451613 0.06451613
 0.06451613 0.06451613 0.06451613 0.06451613 0.06451613 0.06451613 0.06451613
 0.06451613 0.06451613 0.06451613 0.06451613 0.06451613 0.06451613 0.06451613
 0.06451613 0.06451613 0.06451613 0.06451613 0.06451613 0.06451613 0.06451613
 0.06451613 0.06451613 0.06451613 0.06451613 0.06451613 0.06451613 0.06451613
 0.06451613 0.06451613 0.06451613 0.06451613 0.06451613 0.06451613 0.06451613
 0.06451613 0.06451613 0.06451613 0.06451613 0.06451613 0.06451613 0.06451613
 0.06451613 0.06451613 0.06451613 0.06451613 0.06451613 0.06451613 0.06451613
 0.06451613 0.06451613 0.06451613 0.06451613 0.06451613 0.06451613 0.06451613
 0.06451613 0.06451613 0.06451613 0.06451613 0.06451613 0.06451613 0.06451613
 0.06451613 0.06451613 0.06451613 0.06451613 0.06451613 0.06451613 0.06451613
 0.06451613 0.06451613 0.06451613 0.06451613 0.06451613 0.06451613 0.06451613
 0.06451613 0.06451613 0.06451613 0.06451613 0.06451613 0.06451613 0.06451613
 0.06451613 0.06451613 0.06451613 0.06451613 0.06451613 0.06451613 0.06451613
 0.06451613 0.06451613 0.06451613 0.06451613 0.06451613 0.06451613 0.06451613
 0.06451613 0.06451613 0.06451613 0.06451613 0.06451613 0.06451613 0.06451613
 0.06451613 0.06451613 0.06451613 0.06451613 0.06451613 0.06451613 0.06451613
 0.06451613 0.06451613 0.06451613 0.06451613 0.06451613 0.06451613 0.06451613
 0.06451613 0.06451613 0.06451613 0.06451613 0.06451613 0.06451613 0.06451613
 0.06451613 0.06451613 0.06451613 0.06451613 0.06451613 0.06451613 0.06451613
 0.06451613 0.06451613 0.06451613 0.06451613 0.06451613 0.06451613 0.06451613
 0.06451613 0.06451613 0.06451613 0.06451613 0.06451613 0.06451613 0.06451613
 0.06451613 0.06451613 0.06451613 0.06451613 0.06451613 0.06451613 0.06451613
 0.06451613 0.06451613 0.06451613 0.06451613 0.06451613 0.06451613 0.06451613
 0.06451613 0.06451613 0.06451613 0.06451613 0.06451613 0.06451613 0.06451613
 0.06451613 0.06451613 0.06451613 0.06451613 0.06451613 0.06451613 0.06451613
 0.06451613 0.06451613 0.06451613 0.06451613 0.06451613 0.06451613 0.06451613
 0.06451613 0.06451613 0.06451613 0.06451613 0.06451613 0.06451613 0.06451613
 0.06451613 0.06451613 0.06451613 0.06451613 0.06451613 0.06451613 0.06451613
 0.06451613 0.06451613 0.06451613 0.06451613 0.06451613 0.06451613 0.06451613
 0.06451613 0.06451613 0.06451613 0.06451613 0.06451613 0.06451613 0.06451613
 0.06451613 0.06451613 0.06451613 0.06451613 0.06451613 0.06451613 0.06451613
 0.06451613 0.06451613 0.06451613 0.06451613 0.06451613 0.06451613 0.06451613
 0.06451613 0.06451613 0.06451613 0.06451613 0.06451613 0.06451613 0.06451613
 0.06451613 0.06451613 0.06451613 0.06451613 0.06451613 0.06451613 0.06451613
 0.06451613 0.06451613 0.06451613 0.06451613 0.06451613 0.06451613 0.06451613
 0.06451613 0.06451613 0.06451613)