0.5122580723999999
0.15105990898
0.10101382539999999
0.08894009296
0.08027649856000002
0.07179723526000002
0.06608294994000002
0.061566820320000035
0.05880184346000004
0.05649769578000002
0.05548387140000001
0.05511520744000003
0.05566820274000004
0.05539170514000003
0.05539170514000003
0.05539170540000003
0.055115207760000035
0.055483871420000025
0.05622119844000004
0.05612903250000003
0.05668202784000002
0.05658986194000002
0.05668202780000002
0.05714285738000003
0.05723502310000003
0.05751152076000003
0.05769585270000002
0.05815668222000001
0.05843317996
0.058894009479999995
0.05898617548000001
0.05953917078000001
0.059723502520000006
0.059907834220000004
0.06009216592000002
0.06036866352000001
0.060460829420000015
0.060645161300000014
0.06073732730000001
0.06110599090000002
0.061382488580000005
0.06147465448000001
0.06165898618000001
0.061935484020000015
0.062211981760000014
0.062396313560000013
0.06276497706000002
0.06294930876000002
0.06313364056000001
0.06341013816000002
0.06368663576000003
0.06377880156000003
0.06396313316000003
0.06433179666000002
0.06442396246000003
0.06460829416000002
0.06470046006000002
0.06470046006000002
0.06488479196000002
0.06488479196000002
0.06497695776000004
0.06506912376000003
0.06525345566000004
0.06543778756000004
0.06552995336000005
0.06580645086000005
0.06589861666000005
0.06599078256000004
0.06599078256000004
0.06599078256000004
0.06626728016000005
0.06635944606000005
0.06645161196000005
0.06654377776000005
0.06654377776000005
0.06663594366000006
0.06663594366000006
0.06654377766000005
0.06635944592000005
0.06645161182000005
0.06645161182000005
0.06645161182000003
0.06645161182000003
0.06635944582000004
0.06635944582000004
0.06635944582000004
0.06645161172000004
0.06645161172000004
0.06645161172000004
0.06626728002000003
0.06635944602000003
0.06635944602000003
0.06654377796000002
0.06663594386000002
0.06663594386000002
0.06654377806000002
0.06654377806000003
0.06663594386000003
0.06663594386000003
0.06663594386000003
0.06663594386000003
0.06645161196000003
0.06635944606000002
0.06626728026000002
0.06617511426000003
0.06617511426000003
0.06617511426000003
0.06626728020000003
0.06645161200000003
0.06635944606000004
0.06645161196000003
0.06635944606000004
0.06672810956000004
0.06682027546000004
0.06682027556000002
0.06672810966000002
0.06654377786000001
0.06654377786000001
0.06645161192000001
0.06645161192000001
0.06645161192000001
0.06626728012000001
0.06635944602000002
0.06645161202000001
0.06645161202000001
0.06654377792
0.06654377792
0.06645161206000001
0.06645161206000001
0.06635944616000002
0.06645161206000001
0.06626728036000001
0.06626728026000002
0.06635944616000002
0.06617511446000002
0.06608294866000002
0.06608294866000002
0.06608294866000002
0.06608294866000002
0.06608294866000002
0.06589861686000002
0.06552995326000002
0.06543778736000003
0.06534562156000003
0.06525345556000003
0.06525345556000003
0.06525345556000003
0.06525345556000003
0.06525345556000003
0.06525345556000003
0.06516128956000003
0.06506912366000002
0.06506912366000002
0.06506912366000002
0.06497695776000002
0.06497695776000002
0.06497695776000002
0.06497695776000002
0.06488479186000001
0.06488479186000001
0.06488479186000001
0.06470046002000002
0.06479262592000003
0.06479262592000003
0.06470046006000002
0.06470046006000002
0.06460829416000002
0.06451612826000003
0.06460829416000002
0.06451612836000002
0.06451612836000002
0.06451612836000002
0.06442396246000003
0.06442396246000003
0.06442396246000003
0.06442396260000002
0.06442396260000002
0.06442396260000002
0.06442396260000002
0.06433179680000002
0.06433179680000002
0.06423963100000002
0.06433179690000002
0.06433179690000002
0.06414746516000001
0.06414746516000001
0.06405529926000002
0.06405529926000002
0.06396313346000002
0.06387096756000002
0.06377880166000002
0.06377880166000002
0.06396313346000002
0.06387096746000002
0.06387096746000002
0.06377880166000002
0.06368663586000002
0.06350230406000001
0.06359446986000002
0.06359446986000002
0.06359446986000002
0.06359446986000002
0.06359446986000002
0.06368663586000002
0.06350230416000002
0.06350230416000002
0.06359447006000002
0.06368663586000002
0.06377880176000002
0.06377880176000002
0.06368663586000002
0.06377880166000002
0.06387096760000002
0.06387096760000002
0.06377880166000002
0.06377880166000002
0.06368663566000002
0.06368663566000002
0.06368663566000002
0.06359446986000003
0.06368663576000003
0.06377880166000002
0.06377880156000003
0.06368663566000002
0.06368663576000003
0.06368663576000003
0.06377880166000001
0.06377880166000001
0.06377880166000001
0.06368663576000003
0.06368663576000003
0.06377880166000002
0.06387096756000003
0.06377880176000002
0.06377880176000002
0.06377880176000002
0.06368663596000002
0.06377880186000003
0.06359447006000002
0.06350230416000001
0.06331797236
0.06313364066
0.06304147476000001
0.06304147472
0.06304147472
0.06294930882000001
0.06294930872000001
0.06294930872000001
0.06294930872000001
0.06294930872000001
0.06294930862000002
0.06294930862000002
0.06276497702000002
0.06267281112000002
0.06267281112000002
0.06267281102000002
0.062488479220000025
0.062488479220000025
0.062488479220000025
0.062488479220000025
0.062488479220000025
0.06258064502000002
0.06248847916000003
0.06248847920000003
0.06248847920000003
0.06267281080000003
0.06258064480000003
0.06258064480000003
0.06267281070000003
0.06267281070000003
0.06267281070000003
0.06267281090000003
0.06267281090000003
0.06267281090000003
0.06267281090000003
0.06267281090000003
0.06276497680000002
0.06276497680000002
0.06285714260000003
0.06276497670000003
0.06285714270000002
0.06294930850000002
0.06285714270000002
0.06285714270000002
0.06285714270000002
0.06276497680000002
0.06276497680000002
0.06276497680000002
0.06258064500000002
0.06258064500000002
0.06258064500000002
0.06258064500000002
0.06267281080000003
0.06258064490000002
0.06267281080000002
0.06267281080000002
0.06267281080000002
0.06267281080000002
0.06248847900000002
0.06248847900000002
0.06248847900000002
0.06248847900000002
0.06248847900000002
0.06239631320000002
0.06239631320000002
0.06239631320000002
0.06248847890000001
0.06248847890000001
0.06248847890000001
0.06248847890000001
0.06248847890000001
0.0625806448
0.06248847890000001
0.06258064480000002
0.06258064480000002
0.06285714260000001
0.06294930860000002
0.06285714280000002
0.06285714280000002
0.06285714280000002
0.06285714280000002
0.06285714280000002
0.06285714280000002
0.06285714280000002
0.06285714280000002
0.06285714280000002
0.06276497690000002
0.06276497690000002
0.06276497690000002
0.06285714280000003
0.06285714280000003
0.06258064500000002
0.06258064500000002
0.06248847920000003
0.06248847920000003
0.06248847920000003
0.06248847920000003
0.062304147500000025
0.06248847920000002
0.06248847920000002
0.06248847920000002
0.06258064500000002
0.06258064500000002
0.062488479060000025
0.06258064496000003
0.06258064496000003
0.06267281076000003
0.06267281076000003
0.06276497656000003
0.06276497656000003
0.06276497656000003
0.06276497656000003
0.06276497656000003
0.06276497656000003
0.06285714256000002
0.06285714266000003
0.06276497686000003
0.06285714286000003
0.06285714286000003
0.06285714286000003
0.06294930876000003
0.06285714286000003
0.06304147456000003
0.06313364056000004
0.06304147466000004
0.06304147466000004
0.06304147466000004
0.06304147466000004
0.06294930886000004
0.06294930886000004
0.06294930886000004
0.06304147476000004
0.06294930876000003
0.06294930876000003
0.06294930876000003
0.06294930876000003
0.06294930876000003
0.06294930876000003
0.06294930876000003
0.06294930876000003
0.06294930876000003
0.06304147466000004
0.06304147466000004
0.06294930866000004
0.06313364046000003
0.06313364046000003
0.06313364046000003
0.06322580636000003
0.06331797236000003
0.06341013830000003
0.06341013830000003
0.06350230420000003
0.06359447000000001
0.06359447000000001
0.06359447000000001
0.06368663576000003
0.06368663576000003
0.06359446986000002
0.06368663576000003
0.06359446996000001
0.06368663586000002
0.06377880176000002
0.06377880176000002
0.06387096766000001
0.06387096766000001
0.06396313366
0.06387096776000002
0.06387096786000002
0.06377880196000002
0.06387096796000001
0.06387096796000001
0.06387096796000001
0.06387096796000001
0.06387096796000001
0.06387096796000001
0.06387096796000001
0.06387096796000001
0.06387096796000001
0.06387096796000001
0.06377880206000003
0.06377880206000003
0.06350230452000002
0.06368663636000002
0.06368663636000002
0.06368663636000002
0.06368663636000002
0.06359447036000003
0.06359447036000003
0.06359447036000003
0.06368663626000003
0.06368663626000003
0.06368663626000003
0.06368663626000003
0.06377880206000003
0.06377880206000003
0.06387096786000003
0.06405529970000001
0.06414746550000001
0.06414746550000001
0.06405529970000001
0.06405529970000001
0.06414746560000001
0.06414746560000001
0.06414746560000001
0.06414746560000001
0.06414746560000001
0.06405529970000001
0.06414746550000001
0.06414746550000001
0.06414746550000001
0.06414746550000001
0.06414746530000001
0.06414746530000001
0.06414746530000001
0.06405529950000001
0.06405529950000001
0.06405529950000001
0.06396313370000001
0.06396313370000001
0.06396313370000001
0.06396313370000001
0.06396313370000001
0.0638709678
0.0638709679
0.06405529980000002
0.06405529980000002
0.06405529980000002
0.06405529980000002
0.06423963160000003
0.06423963160000003
0.06423963160000003
0.06433179740000002
0.06433179740000002
0.06442396320000002
0.06442396320000002
0.06442396320000002
0.06442396320000002
0.06423963150000002
0.06423963150000002
0.06433179740000002
0.06433179740000002
0.06442396330000001
0.06442396330000001
0.06442396330000001
0.06451612910000001
0.06442396330000001
0.06442396330000001
0.06451612900000002
0.06451612900000002
0.06442396310000004
0.06442396310000004
0.06451612900000002
0.06451612900000002
0.06451612900000002
0.06451612910000003
0.06460829500000002
0.06470046090000002
0.06470046090000002
0.06479262670000002
0.06479262670000002
0.06488479260000002
0.06479262670000002
0.06479262670000002
0.06488479260000002
0.06479262670000002
0.06479262670000002
0.06479262670000002
0.06488479260000002
0.06497695860000002
0.06497695860000002
0.06497695860000002
0.06497695860000002
0.06497695860000002
0.06497695860000002
0.06497695860000002
0.06516129050000002
0.06516129050000002
0.06506912460000001
0.06506912460000001
0.06497695860000001
0.0650691245
0.0650691245
0.0650691245
0.0650691245
0.0650691245
0.0650691245
0.0650691245
0.0650691245
0.06497695860000001
0.06488479270000001
0.06479262676000003
0.06488479266000001
0.06488479266000001
0.06497695866000001
0.06488479286000001
0.06497695886000002
0.06497695886000002
0.06497695886000002
0.06497695886000002
0.06497695886000002
0.06497695886000002
0.06497695886000002
0.06497695886000002
0.06516129056000003
0.06525345650000001
0.06516129070000001
0.06516129070000001
0.06516129070000001
0.06516129070000001
0.06516129070000001
0.06525345660000001
0.06516129070000001
0.06516129070000001
0.06516129070000001
0.06516129070000001
0.06516129070000001
0.06516129070000001
0.06525345660000001
0.06525345660000001
0.06525345660000001
0.06525345660000001
0.06525345660000001
0.06525345660000001
0.0653456225
0.0653456225
0.0653456225
0.0654377884
0.0654377884
0.0655299544
0.06543778850000001
0.06543778850000001
0.06543778850000001
0.06543778850000001
0.0655299544
0.0655299544
0.0655299544
0.0655299544
0.0654377885
0.0653456226
0.0653456226
0.0653456226
0.0653456226
0.0653456226
0.0653456226
0.0653456226
0.0653456226
0.0653456226
0.0653456226
0.0653456226
0.0653456226
0.0653456226
0.0652534567
0.0652534567
0.06516129080000001
0.06516129080000001
0.06516129080000001
0.06516129080000001
0.06516129080000001
0.06516129080000001
0.06516129080000001
0.06516129080000001
0.06525345680000001
0.06525345680000001
0.06516129100000001
0.06516129100000001
0.06516129100000001
0.06516129100000001
0.06506912510000001
0.06516129100000001
0.06516129100000001
0.06516129100000001
0.0652534569
0.0652534569
0.0653456228
0.0653456228
0.0653456228
0.0653456228
0.0653456228
0.0653456228
0.0654377887
0.0654377887
0.0654377887
0.06543778880000001
0.06543778880000001
0.0655299547
0.06562212049999999
0.06562212049999999
0.06562212049999999
0.0655299546
0.0655299546
0.0655299546
0.0655299546
0.0655299546
0.0657142863
0.0657142863
0.0657142863
0.0657142863
0.0657142863
0.0657142863
0.0657142863
0.06580645219999999
0.06580645219999999
0.06580645219999999
0.06580645219999999
0.06580645219999999
0.06580645219999999
0.06580645219999999
0.06580645219999999
0.0658986181
0.065990784
0.0658986181
0.06589861820000001
0.06589861820000001
0.06589861820000001
0.06589861820000001
0.06589861820000001
0.06589861820000001
0.06589861820000001
0.06589861820000001
0.06589861820000001
0.06589861820000001
0.06589861820000001
0.06589861820000001
0.06580645230000001
0.06580645230000001
0.06580645230000001
0.06589861820000001
0.06589861820000001
0.06589861820000001
0.06580645220000002
0.06580645220000002
0.06580645220000002
0.06580645220000002
0.06580645220000002
0.06589861810000003
0.06599078400000001
0.06599078400000001
0.06599078400000001
0.06599078400000001
0.06599078400000001
0.06599078400000001
0.06608294990000001
0.0661751158
0.0661751158
0.0662672816
0.0664516134
0.0664516134
0.0664516134
0.0664516134
0.06654377930000001
0.0666359452
0.0666359452
0.0666359452
0.0666359452
0.0666359452
0.0666359452
0.0666359452
0.0666359452
0.0666359452
0.0666359452
0.0666359452
0.0666359452
0.0666359452
0.0666359452
0.0666359452
0.0666359452
0.0666359452
0.0666359452
0.0666359452
0.0666359452
0.06654377930000001
0.06654377930000001
0.06654377930000001
0.06654377930000001
0.06663594510000001
0.06663594510000001
0.06663594510000001
0.06672811100000002
0.06672811100000002
0.0669124428
0.0669124428
0.0669124428
0.0669124428
0.0669124428
0.0670046088
0.0670967746
0.06718894040000001
0.0672811063
0.0672811063
0.0673732722
0.067465438
0.067465438
0.0675576039
0.0675576039
0.0675576039
0.06737327216000001
0.06737327216000001
0.06737327216000001
0.06737327216000001
0.06737327216000001
0.06737327216000001
0.06737327216000001
0.06728110636000001
0.06728110636000001
0.06718894056000001
0.06718894056000001
0.06718894056000001
0.06718894056000001
0.06718894056000001
0.06718894056000001
0.06718894056000001
0.06718894056000001
0.06718894056000001
0.06718894056000001
0.06718894056000001
0.06728110646
0.06728110646
0.06728110646
0.06728110646
0.06728110646
0.06737327246000001
0.06737327246000001
0.06737327246000001
0.06737327246000001
0.06746543836
0.06737327246
0.06746543835999999
0.06746543835999999
0.06746543835999999
0.06755760429999999
0.06755760429999999
0.06755760429999999
0.06755760429999999
0.06755760429999999
0.0674654384
0.0674654384
0.0674654384
0.06755760429999999
0.06755760429999999
0.06755760429999999
0.06755760429999999
0.06755760429999999
0.0674654384
0.06737327246
0.06737327246
0.06737327246
0.06755760416
0.06755760416
0.06755760416
0.0676497701
0.0676497701
0.0676497701
0.0676497701
0.0676497701
0.0676497701
0.0676497701
0.0676497701
0.067741936
0.067741936
0.0675576044
0.0675576044
0.0675576044
0.0675576044
0.0675576044
0.0675576044
0.0675576044
0.0675576044
0.0675576044
0.0675576044
0.0675576044
0.0675576044
0.0675576044
0.0675576044
0.0675576044
0.0675576044
0.0675576044
0.0677419361
0.0677419361
0.067834102
0.067834102
0.067834102
0.067834102
0.0680184339
0.0680184339
0.0680184339
0.0680184339
0.0680184339
0.0680184339
0.0680184339
0.0681105997
0.0681105997
0.0681105997
0.0681105997
0.0681105997
0.0681105997
0.0681105997
0.06820276549999998
0.06820276549999998
0.06820276549999998
0.06820276549999998
0.06829493149999999
0.0684792632
0.0684792632
0.0684792632
0.0684792632
0.0684792632
0.0684792632
0.0684792632
0.0684792632
0.0683870974
0.0682949315
0.0682949315
0.0682949315
0.0682949315
0.0683870974
0.0683870974
0.0683870974
0.0683870974
0.0683870974
0.0683870974
0.0684792633
0.0685714292
0.0686635951
0.0686635951
0.0686635951
0.0686635951
0.0686635951
0.0686635951
0.0686635951
0.0686635951
0.0686635951
0.0686635951
0.0686635951
0.0686635951
0.0686635951
0.0686635951
0.068755761
0.068755761
0.068755761
0.068755761
0.068755761
0.068755761
0.068755761
0.068755761
0.068755761
0.0688479268
0.0688479268
0.0688479268
0.0688479268
0.0689400927
0.0689400927
0.0689400927
0.0689400927
0.0690322586
0.0690322586
0.0690322586
0.0690322586
0.0691244246
0.0691244246
0.06903225869999999
0.06903225869999999
0.06903225869999999
0.06903225869999999
0.06903225869999999
0.06903225869999999
0.06903225869999999
0.06903225869999999
0.06903225869999999
0.06903225869999999
0.06894009279999999
0.06894009279999999
0.06894009279999999
0.0688479269
0.06875576099999998
0.06875576099999998
0.06875576099999998
0.06875576099999998
0.06866359509999999
0.06866359509999999
0.06875576099999998
0.06875576099999998
0.06875576099999998
0.06875576099999998
0.06875576099999998
0.06875576099999998
0.06875576099999998
0.06875576099999998
0.06875576099999998
0.0689400926
0.0689400926
0.0689400926
0.0689400926
0.0688479267
0.0688479267
0.0688479267
0.0688479267
0.0688479267
0.06875576080000001
0.06875576080000001
0.06875576080000001
0.06875576080000001
0.06875576080000001
0.06875576080000001
0.06875576080000001
0.06875576080000001
0.06875576080000001
0.06875576080000001
0.06875576080000001
0.06875576080000001
0.06875576080000001
0.06875576080000001
0.06875576080000001
0.0688479266
0.0688479266
0.0688479266
0.0688479266
0.0688479266
0.0688479266
0.0689400926
0.0689400926
0.0690322584
0.0690322584
0.0690322584
0.0690322584
0.0691244243
0.0691244243
0.0691244243
0.0691244243
0.0691244243
0.0691244243
0.0691244243
0.0691244243
0.0692165901
0.0692165901
0.0692165901
0.0692165901
0.06930875610000001
0.06930875610000001
0.06930875610000001
0.06930875610000001
0.06930875610000001
0.06930875610000001
0.06930875610000001
0.06930875610000001
0.06930875610000001
0.06930875610000001
0.06940092190000001
0.06940092190000001
0.06940092190000001
0.06940092190000001
0.06940092190000001
0.06940092190000001
0.06949308770000001
0.06949308770000001
0.06940092170000002
0.06949308760000002
0.06949308760000002
0.06949308760000002
0.06949308760000002
0.06949308760000002
0.06949308760000002
