0.4874654450000001
0.17612903369999994
0.11806451639999997
0.10479262735999999
0.09576036912000002
0.09023041538000001
0.08552995480000003
0.07981566926000004
0.07548387172000003
0.07299539172000002
0.07078341028000004
0.06829493108000002
0.06580645184000003
0.06294930852000002
0.061566820080000015
0.05898617516000002
0.057695852860000035
0.05668202808000003
0.05576036890000001
0.05576036888000001
0.05483870978000002
0.05419354846
0.05373271906
0.05336405546000001
0.052718894040000006
0.05225806454000002
0.051981566760000014
0.051612903400000014
0.05152073758000001
0.05124423988000002
0.05105990804000002
0.050783410380000026
0.05069124448000002
0.05032258084000001
0.050414746820000016
0.050138249080000016
0.05004608318000001
0.05023041506000002
0.050138249160000016
0.050506912720000026
0.05059907862000002
0.050599078660000026
0.05069124460000002
0.05096774230000002
0.05115207406000002
0.05152073766000001
0.05179723522000002
0.05179723518000001
0.051889401080000015
0.05198156700000001
0.052165898800000006
0.05235023060000001
0.052258064780000016
0.052442396580000016
0.05253456248000002
0.05262672828000002
0.05271889418000002
0.052626728380000015
0.05281106018
0.052903226080000004
0.053087557820000006
0.05336405548000001
0.05354838720000001
0.053640553100000016
0.05391705076000001
0.05419354842000001
0.054285714400000004
0.054562212060000004
0.054562212000000006
0.054838709660000005
0.05511520736
0.05548387092000001
0.05557603678000001
0.05566820268000001
0.05585253448000001
0.05612903222000001
0.05622119812000001
0.056405529820000015
0.056589861700000015
0.056682027600000004
0.05677419350000001
0.056866359300000016
0.056958525160000016
0.056958525160000016
0.057142857000000005
0.05741935474000001
0.05769585234
0.05788018404
0.058156681720000006
0.05824884752000001
0.05843317918
0.05843317918
0.05861751098000001
0.05861751098000001
0.05861751098000001
0.05880184282000001
0.05880184282000001
0.05898617462000002
0.05907834052000002
0.059170506460000015
0.059170506460000015
0.059262672400000015
0.05963133604000002
0.05963133604000002
0.05981566788000002
0.05981566788000002
0.05990783378000002
0.05990783378000002
0.059999999680000006
0.059999999680000006
0.06018433156000001
0.060276497460000016
0.060276497460000016
0.06036866336000001
0.06036866336000001
0.060460829260000015
0.06055299516000002
0.06055299526000001
0.06055299526000001
0.06064516106000002
0.06064516116000001
0.06082949300000001
0.0609216589
0.06101382470000001
0.06101382470000001
0.06119815640000002
0.06147465390000004
0.061382488000000034
0.061474653940000026
0.061474653940000026
0.06156681984000002
0.06165898578000002
0.061751151680000026
0.061751151680000026
0.061751151680000026
0.061751151680000026
0.06193548328000003
0.06193548328000003
0.06193548328000003
0.06193548328000003
0.06193548328000003
0.06193548328000003
0.06211981508000003
0.06230414698000002
0.06230414698000002
0.06239631288000003
0.06248847874000003
0.06258064464000003
0.06258064464000003
0.06258064464000003
0.06258064464000003
0.06258064474000002
0.06267281064000002
0.06285714244000001
0.06285714234000002
0.06276497644000002
0.06276497644000002
0.06285714244000001
0.06285714244000001
0.06294930834000002
0.06294930834000002
0.06294930834000002
0.06304147414000004
0.06304147414000004
0.06304147414000004
0.06304147414000004
0.06304147414000004
0.06313363994000004
0.06322580584000004
0.06322580584000004
0.06331797174000003
0.06331797174000003
0.06331797174000003
0.06331797174000003
0.06341013774000002
0.06341013774000002
0.06341013774000002
0.06341013774000002
0.06350230364000002
0.06350230364000002
0.06359446944000002
0.06368663524000003
0.06377880124000003
0.06377880124000003
0.06377880124000003
0.06387096704000003
0.06387096704000003
0.06396313304000004
0.06405529894000002
0.06405529894000002
0.06433179668000004
0.06433179668000004
0.06433179668000004
0.06423963078000003
0.06423963078000003
0.06423963078000003
0.06423963078000003
0.06433179668000004
0.06442396258000004
0.06442396258000004
0.06442396258000004
0.06442396258000004
0.06451612858000004
0.06460829448000004
0.06460829448000004
0.06460829448000004
0.06470046028000005
0.06470046028000005
0.06470046028000005
0.06470046028000005
0.06460829438000004
0.06460829438000004
0.06470046028000004
0.06470046028000004
0.06479262618000003
0.06479262618000003
0.06479262618000003
0.06488479208000003
0.06488479208000003
0.06488479218000003
0.06497695798000003
0.06497695798000003
0.06497695798000003
0.06506912378000003
0.06506912378000003
0.06506912378000003
0.06506912378000003
0.06516128968000004
0.06534562138000004
0.06534562138000004
0.06534562138000004
0.06534562138000004
0.06534562138000004
0.06534562138000004
0.06534562138000004
0.06534562138000004
0.06534562138000004
0.06534562138000004
0.06525345548000004
0.06534562138000005
0.06525345538000005
0.06525345538000005
0.06525345538000005
0.06525345538000005
0.06525345538000005
0.06525345538000005
0.06525345538000005
0.06516128938000004
0.06516128938000004
0.06525345518000006
0.06534562118000005
0.06534562118000005
0.06534562118000005
0.06534562118000005
0.06534562118000005
0.06534562118000005
0.06534562118000005
0.06534562118000005
0.06534562118000005
0.06534562118000005
0.06543778712000005
0.06534562132000005
0.06534562132000005
0.06534562132000005
0.06534562132000005
0.06525345552000003
0.06525345542000004
0.06525345542000004
0.06534562142000004
0.06543778732000004
0.06562211902000004
0.06562211902000004
0.06543778712000005
0.06543778712000005
0.06543778712000005
0.06543778712000005
0.06543778712000005
0.06552995292000005
0.06552995312000004
0.06552995312000004
0.06543778722000006
0.06543778722000006
0.06543778722000006
0.06525345562000004
0.06534562162000004
0.06534562162000004
0.06525345572000005
0.06525345572000005
0.06525345572000005
0.06525345572000005
0.06525345572000005
0.06525345572000005
0.06516128992000005
0.06516128992000005
0.06516128992000005
0.06506912392000004
0.06506912396000004
0.06506912396000004
0.06506912396000004
0.06497695806000003
0.06497695806000003
0.06497695806000003
0.06497695806000003
0.06497695806000003
0.06497695806000003
0.06488479216000004
0.06488479216000004
0.06488479216000004
0.06497695810000004
0.06497695820000005
0.06497695820000005
0.06497695820000005
0.06497695820000005
0.06497695820000005
0.06497695820000005
0.06497695820000005
0.06497695820000005
0.06497695820000005
0.06488479230000005
0.06470046060000004
0.06470046060000004
0.06470046060000004
0.06470046060000004
0.06470046060000004
0.06470046060000004
0.06470046050000006
0.06470046050000006
0.06470046050000006
0.06460829460000005
0.06451612866000005
0.06423963092000004
0.06433179682000004
0.06433179682000004
0.06423963092000004
0.06423963092000004
0.06423963092000004
0.06423963092000004
0.06423963092000004
0.06423963092000004
0.06423963092000004
0.06423963092000004
0.06423963092000004
0.06423963092000004
0.06423963092000004
0.06405529912000003
0.06396313322000002
0.06396313312000003
0.06405529892000003
0.06396313312000003
0.06405529902000003
0.06405529902000003
0.06405529902000003
0.06405529902000003
0.06405529902000003
0.06405529902000003
0.06405529902000003
0.06405529902000003
0.06405529902000003
0.06405529902000003
0.06405529902000003
0.06405529902000003
0.06396313322000002
0.06396313322000002
0.06396313322000002
0.06396313322000002
0.06387096742000002
0.06368663552000002
0.06359446972000002
0.06359446972000002
0.06359446972000002
0.06359446972000002
0.06359446972000002
0.06359446972000002
0.06350230382000004
0.06350230382000004
0.06359446972000003
0.06359446972000003
0.06359446972000003
0.06359446972000003
0.06359446972000003
0.06359446972000003
0.06359446972000003
0.06350230382000004
0.06350230382000004
0.06350230382000004
0.06350230382000004
0.06350230382000004
0.06350230382000004
0.06359446972000005
0.06359446972000005
0.06368663562000004
0.06368663562000004
0.06350230378000005
0.06350230378000005
0.06350230378000005
0.06350230378000005
0.06341013788000004
0.06341013788000004
0.06341013788000004
0.06341013788000004
0.06341013788000004
0.06341013788000004
0.06341013788000004
0.06341013788000004
0.06341013788000004
0.06331797198000004
0.06331797198000004
0.06331797198000004
0.06331797198000004
0.06322580598000004
0.06322580598000004
0.06322580598000004
0.06322580598000004
0.06322580598000004
0.06322580598000004
0.06322580588000004
0.06322580588000004
0.06322580588000004
0.06322580588000004
0.06331797178000004
0.06331797182000004
0.06322580602000004
0.06322580602000004
0.06322580602000004
0.06304147422000005
0.06304147422000005
0.06304147422000005
0.06304147422000005
0.06304147422000005
0.06313364016000005
0.06322580596000005
0.06322580596000005
0.06331797196000005
0.06331797196000005
0.06331797196000005
0.06322580606000004
0.06304147436000004
0.06285714256000004
0.06285714256000004
0.06285714256000004
0.06276497676000005
0.06267281096000005
0.06267281096000005
0.06267281096000005
0.06258064506000004
0.06258064506000004
0.06258064506000004
0.06258064506000004
0.062488479260000035
0.06239631346000003
0.06239631346000003
0.06239631346000003
0.062211981660000026
0.062211981660000026
0.06230414756000003
0.06230414756000003
0.06221198162000003
0.062119815720000034
0.062119815720000034
0.062119815720000034
0.062119815720000034
0.062119815720000034
0.06202764982000003
0.06202764982000003
0.06202764982000003
0.06193548392000003
0.06202764982000002
0.06202764982000002
0.06211981572000003
0.06211981572000003
0.06211981572000003
0.06211981572000003
0.06221198162000003
0.06221198162000003
0.06230414752000003
0.06221198152000003
0.062119815720000034
0.062119815720000034
0.06221198172000004
0.06221198172000004
0.06221198172000004
0.06221198172000004
0.06221198172000004
0.06221198172000004
0.062027649880000035
0.062027649880000035
0.062027649880000035
0.06193548398000003
0.06193548398000003
0.06193548398000003
0.06193548398000003
0.06193548398000003
0.06202764978000004
0.06202764978000004
0.06202764978000004
0.06202764978000004
0.06202764978000004
0.06202764978000004
0.06202764978000004
0.06202764982000003
0.06202764982000003
0.06202764982000003
0.06202764982000003
0.06211981562000004
0.06211981562000004
0.062027649620000035
0.062027649620000035
0.06193548368000003
0.061843317780000025
0.061843317780000025
0.061843317780000025
0.061843317780000025
0.061843317780000025
0.061843317780000025
0.061843317780000025
0.061843317780000025
0.061843317780000025
0.061935483720000024
0.061935483720000024
0.061935483720000024
0.061935483720000024
0.061935483720000024
0.061935483720000024
0.061935483720000024
0.061935483720000024
0.061935483720000024
0.062027649520000026
0.062027649520000026
0.062027649520000026
0.062027649520000026
0.061935483720000024
0.06184331782000002
0.06184331782000002
0.06175115202000001
0.061935483720000024
0.06202764966000003
0.062119815560000034
0.062119815560000034
0.062119815560000034
0.06202764966000004
0.061935483860000036
0.061935483860000036
0.06211981576000003
0.06211981576000003
0.06211981576000003
0.06211981576000003
0.06211981576000003
0.06202764996000003
0.06202764996000003
0.06193548406000003
0.06193548406000003
0.06193548406000003
0.06193548406000003
0.062027649960000035
0.062027649960000035
0.062027649960000035
0.062027649960000035
0.062027649960000035
0.062027649960000035
0.062027649960000035
0.062027649960000035
0.062027649960000035
0.062027649960000035
0.062027649960000035
0.06211981586000003
0.06211981586000003
0.06211981586000003
0.06211981586000003
0.06211981586000003
0.06211981586000003
0.06211981586000003
0.06211981586000003
0.06211981586000003
0.06193548416000003
0.062027649960000035
0.062027649960000035
0.062027649960000035
0.06193548416000003
0.06184331826000004
0.06184331826000004
0.06184331826000004
0.06184331826000004
0.06184331826000004
0.06184331826000004
0.06184331826000004
0.06193548416000003
0.06193548416000003
0.062027650060000036
0.062027650060000036
0.062027650060000036
0.062027650060000036
0.062027650060000036
0.062027650060000036
0.062119815960000026
0.062119815960000026
0.06211981592000002
0.06211981592000002
0.06211981592000002
0.06211981592000002
0.06211981592000002
0.062211981820000026
0.062211981820000026
0.06211981592000002
0.06221198182000002
0.06221198182000002
0.06221198182000002
0.06221198182000002
0.06221198182000002
0.06221198182000002
0.06230414772000002
0.06230414772000002
0.06230414772000002
0.06230414772000002
0.06230414772000002
0.06230414772000002
0.06230414772000002
0.06230414772000002
0.06230414772000002
0.06230414772000002
0.06230414772000002
0.06230414772000002
0.06230414772000002
0.06230414772000002
0.06230414772000002
0.06230414772000002
0.062488479560000025
0.062488479560000025
0.062488479560000025
0.06258064546000001
0.06258064546000001
0.06258064546000001
0.06267281136000001
0.06267281136000001
0.06267281136000001
0.06276497716000001
0.06276497716000001
0.06267281136000001
0.06267281136000001
0.06267281136000001
0.06267281136000001
0.06267281136000001
0.06267281136000001
0.06267281136000001
0.06276497716000001
0.06276497716000001
0.06276497716000001
0.06258064536000002
0.06258064536000002
0.06258064536000002
0.06248847946000002
0.06248847946000002
0.06248847946000002
0.06248847946000002
0.06248847946000002
0.06248847946000002
0.06258064536
0.06267281136000001
0.06267281136000001
0.06258064536
0.06258064536
0.062488479460000024
0.062488479460000024
0.062488479460000024
0.06239631356000002
0.06239631356000002
0.06239631356000002
0.06239631356000002
0.06239631356000002
0.06239631356000002
0.06239631356000002
0.06248847946000002
0.06258064546000001
0.06258064546000001
0.06267281136000002
0.06267281136000002
0.06267281136000002
0.06258064556000002
0.06258064556000002
0.06258064556000002
0.06258064556000002
0.06267281156000001
0.06267281156000001
0.06258064566000002
0.06258064566000002
0.06258064566000002
0.06248847966000001
0.06248847966000001
0.06248847966000001
0.06248847966000001
0.06248847966000001
0.06248847966000001
0.06248847966000001
0.06248847966000001
0.06248847966000001
0.06248847966000001
0.06239631366000002
0.06239631366000002
0.06239631366000002
0.06239631366000002
0.06239631366000002
0.06239631366000002
0.06239631366000002
0.062488479460000024
0.062488479460000024
0.06239631356000003
0.06239631356000003
0.06239631356000003
0.06239631356000003
0.06239631356000003
0.06239631356000003
0.06230414756000003
0.06239631346000002
0.06239631346000002
0.06239631346000003
0.06230414756000003
0.06230414756000003
0.06230414756000003
0.06230414756000003
0.06230414756000003
0.06230414756000003
0.06230414756000003
0.06230414756000003
0.06230414756000003
0.06230414756000003
0.06230414756000003
0.06230414756000003
0.06230414756000003
0.06230414756000003
0.06230414756000003
0.06230414756000003
0.06230414756000003
0.06239631346000002
0.06239631346000002
0.06239631346000002
0.06239631346000002
0.06239631346000002
0.062304147560000016
0.06239631346000002
0.06239631346000002
0.06239631346000002
0.06239631346000002
0.06239631346000002
0.06239631346000002
0.06230414756000003
0.06230414756000003
0.06230414756000003
0.06230414756000003
0.06230414756000003
0.06230414756000003
0.06230414756000003
0.06239631346000003
0.06239631346000003
0.06239631346000003
0.06239631346000003
0.06239631346000003
0.06239631346000003
0.06230414756000003
0.06230414756000003
0.06230414756000003
0.06230414756000003
0.06239631346000003
0.06239631346000003
0.06239631346000003
0.06221198186000002
0.06221198186000002
0.062119815960000026
0.062119815960000026
0.062119815960000026
0.062119815960000026
0.062119815960000026
0.062119815960000026
0.062119815960000026
0.062119815960000026
0.062119815960000026
0.06221198176000002
0.062304147660000024
0.062304147660000024
0.062304147660000024
0.062304147660000024
0.062211981760000035
0.062211981760000035
0.062304147660000024
0.062304147660000024
0.062304147660000024
0.062304147660000024
0.062304147660000024
0.062304147660000024
0.062304147660000024
0.062304147660000024
0.062304147660000024
0.062304147660000024
0.062304147660000024
0.062304147660000024
0.062304147660000024
0.062304147660000024
0.062304147660000024
0.062304147660000024
0.062304147660000024
0.062304147660000024
0.06230414770000002
0.06230414770000002
0.06230414770000002
0.06230414770000002
0.06230414770000002
0.06230414770000002
0.06230414770000002
0.06230414770000002
0.06230414770000002
0.06230414770000002
0.06230414770000002
0.06230414770000002
0.06230414770000002
0.06230414770000002
0.06221198180000002
0.06221198180000002
0.06230414770000002
0.06230414770000002
0.06230414770000002
0.06230414770000002
0.06230414770000002
0.06239631360000002
0.06230414760000001
0.06230414760000001
0.06230414760000001
0.06230414760000001
0.06230414760000001
0.06239631360000002
0.06239631360000002
0.06239631360000002
0.06239631360000002
0.06239631360000002
0.06230414770000002
0.06230414770000002
0.06230414770000002
0.06239631360000002
0.062304147700000014
0.062304147700000014
0.062304147700000014
0.06239631370000001
0.06239631370000001
0.06239631370000001
0.06239631370000001
0.06239631370000001
0.06239631370000001
0.062304147800000015
0.062304147800000015
0.062396313700000004
0.062396313700000004
0.062396313700000004
0.062396313700000004
0.062396313700000004
0.062396313700000004
0.062396313700000004
0.062396313700000004
0.06258064540000001
0.06267281130000002
0.06267281130000002
0.06267281130000002
0.06267281130000002
0.06267281130000002
0.06267281130000002
0.06267281130000002
0.06267281130000002
0.06267281130000002
0.06258064530000002
0.06258064530000002
0.06258064530000002
0.06258064530000002
0.06258064530000002
0.06258064530000002
0.06258064530000002
0.06258064530000002
0.06258064530000002
0.06248847950000002
0.06248847950000002
0.06258064540000001
0.06258064540000001
0.06258064540000001
0.06258064540000001
0.06258064540000001
0.06248847950000002
0.06248847950000002
0.06248847950000002
0.06248847950000002
0.06248847950000002
0.06248847950000002
0.062304147800000015
0.062304147800000015
0.062304147800000015
0.06221198190000002
0.06221198190000002
0.06221198190000002
0.06221198190000002
0.062304147800000015
0.062304147800000015
0.062304147800000015
0.062304147800000015
0.062304147800000015
0.062304147800000015
0.062304147800000015
0.062304147800000015
0.062304147800000015
0.06239631360000002
0.06239631360000002
0.06239631360000002
0.06239631360000002
0.06239631360000002
0.062304147800000015
0.06239631370000001
0.06239631370000001
0.06239631370000001
0.06239631370000001
0.06239631370000001
0.06239631370000001
0.06239631370000001
0.06239631370000001
0.06239631370000001
0.06239631370000001
0.062304147800000015
0.062304147800000015
0.062304147800000015
0.062396313700000004
0.0624884796
0.0624884796
0.0624884796
0.0624884796
0.0624884796
0.0624884796
0.0624884796
0.0624884796
0.0624884796
0.0624884796
0.0624884796
0.0624884796
0.0624884796
0.0624884796
0.0624884796
0.0625806455
0.0625806455
0.0625806455
0.06248847960000001
0.06248847960000001
0.06248847960000001
0.06248847960000001
0.06248847960000001
0.06248847960000001
0.06248847960000001
0.06248847960000001
0.06239631366
0.06239631366
0.06239631366
0.06239631366
0.06230414786
0.06221198196
0.06221198196
0.06221198196
0.06221198196
0.06221198196
0.06221198196
0.062304147860000006
0.062304147860000006
0.062304147860000006
0.062304147860000006
0.062304147860000006
0.062304147860000006
0.06239631376000001
0.06239631376000001
0.06248847966000001
0.06248847966000001
0.06248847966000001
0.06248847966000001
0.06248847966000001
0.06248847966000001
0.06248847966000001
0.06248847966000001
0.06248847966000001
0.06248847966000001
0.06248847966000001
0.06248847966000001
0.06248847966000001
0.06248847966000001
0.06258064556000001
0.06258064556000001
0.06258064556000001
0.06258064556000001
0.06258064556000001
0.06258064556000001
0.06258064556000001
0.06258064556000001
0.06258064556000001
0.06258064556000001
0.06258064556000001
0.06258064556000001
0.06258064556000001
0.06258064556000001
0.06258064556000001
0.06258064556000001
0.06258064556000001
0.06258064556000001
0.06258064556000001
0.06258064556000001
