0.5094009284
0.12147465532000001
0.09824884796000001
0.08552995508000003
0.07723502410000001
0.07023041546000001
0.06580645202000004
0.06294930872000001
0.06073732740000002
0.05741935494000003
0.055483871240000024
0.05437788030000001
0.053548387380000007
0.05327188976
0.05354838756
0.05327188954000001
0.053364055480000026
0.05354838748000002
0.05354838754000002
0.05419354884000002
0.05474654440000003
0.05557603746000002
0.056221198740000006
0.05695852574000001
0.05714285760000001
0.05714285760000001
0.057695852740000005
0.05806451628000001
0.058525345800000024
0.05843317990000002
0.05861751174000001
0.058709677640000006
0.05898617524000001
0.05926267308000001
0.05953917078
0.05953917078
0.059815668520000004
0.05990783426000001
0.060000000160000025
0.06036866366000002
0.06046082952000002
0.060552995420000026
0.06110599052000004
0.061474654060000036
0.06165898580000004
0.061935483460000045
0.061935483460000045
0.062027649320000044
0.062211981120000044
0.06285714252000003
0.06304147436000003
0.06313364036000002
0.06322580616000002
0.06331797196000002
0.06396313300000002
0.06414746466000003
0.06405529876000003
0.06414746456000003
0.06433179646000003
0.06442396246000003
0.06442396246000003
0.06460829416000002
0.06451612846000003
0.06451612846000003
0.06451612846000003
0.06470046026000002
0.06470046026000002
0.06516128966000002
0.06506912372000001
0.06534562122000002
0.06580645052000002
0.06599078232000002
0.06589861652000002
0.06599078232000002
0.06599078232000002
0.06599078222000002
0.06617511412000003
0.06635944582000003
0.06635944582000003
0.06635944582000003
0.06626727992000002
0.06626727992000002
0.06626727992000002
0.06626727992000002
0.06617511412000002
0.06617511392000001
0.06635944586000003
0.06645161186000002
0.06645161186000002
0.06635944586000003
0.06645161176000003
0.06654377756000002
0.06654377756000002
0.06663594346000003
0.06654377746000002
0.06663594326000002
0.06663594326000002
0.06663594326000002
0.06672810920000001
0.06672810920000001
0.06672810920000001
0.06672810920000001
0.06691244120000002
0.06691244100000002
0.06691244100000002
0.06709677270000002
0.06700460690000001
0.06700460690000001
0.06700460686000001
0.06700460686000001
0.06691244106000002
0.06691244106000002
0.06682027526000002
0.06691244106000002
0.06663594336000002
0.06663594336000002
0.06663594336000002
0.06672810936000002
0.06663594336000003
0.06645161156000003
0.06635944556000002
0.06635944546000001
0.06635944546000001
0.06645161146000003
0.06635944556000004
0.06626727976000005
0.06626727976000005
0.06617511376000004
0.06599078196000004
0.06608294786000003
0.06589861606000003
0.06580645016000003
0.06562211846000003
0.06562211846000003
0.06571428446000004
0.06552995286000002
0.06552995296000003
0.06552995316000003
0.06562211906000003
0.06562211906000003
0.06552995326000002
0.06543778736000003
0.06552995326000002
0.06543778746000002
0.06534562156000003
0.06525345556000002
0.06525345556000002
0.06525345556000002
0.06516128966000002
0.06525345566000001
0.06516128966000002
0.06516128976
0.06516128962
0.06516128968000001
0.06497695798
0.06497695798
0.06479262624
0.06470046044
0.06460829454
0.06460829454
0.06451612864
0.06442396264000001
0.06442396264000001
0.06451612844000001
0.06460829444
0.06451612864
0.06442396284
0.06433179693999999
0.06442396283999999
0.06433179703999999
0.06433179703999999
0.06433179703999999
0.06423963124
0.06423963124
0.06433179713999998
0.06433179713999998
0.06414746523999999
0.06396313354
0.06405529938
0.06405529938
0.06387096768
0.06396313358
0.06396313348000002
0.06387096748000001
0.06396313342000001
0.06377880152
0.06368663562000001
0.06359446972000002
0.06359446972000002
0.06341013802000002
0.06331797212000001
0.06341013792000001
0.06341013802000002
0.06341013802000002
0.06331797202000003
0.06322580622000001
0.06313364022000002
0.06313364022000002
0.06331797216000001
0.06322580626000002
0.06304147466000001
0.06304147462000001
0.06304147462000001
0.06294930872000001
0.06267281102000001
0.06258064512000001
0.06267281102000002
0.06267281102000002
0.06258064522000001
0.062488479420000013
0.06258064536000002
0.06267281126000002
0.06267281126000002
0.06267281126000002
0.06248847946
0.062396313560000013
0.062396313560000013
0.062396313560000013
0.062396313560000013
0.06230414766000001
0.06230414766000001
0.06230414766000001
0.06221198166000001
0.06221198166000001
0.06221198166000001
0.062304147560000016
0.062211981660000026
0.06230414736000003
0.062211981460000024
0.062211981460000024
0.062119815560000034
0.062119815560000034
0.062119815560000034
0.06165898612000002
0.06165898612000002
0.06147465442000002
0.06147465442000002
0.06119815702000001
0.06119815702000002
0.06110599122000002
0.061013825420000015
0.061013825420000015
0.06110599132000001
0.06110599132000001
0.06110599122000002
0.061013825320000034
0.06101382522000003
0.06101382522000003
0.06082949342000005
0.06082949342000005
0.06082949342000005
0.06082949342000003
0.06073732752000002
0.06073732752000002
0.06073732752000002
0.060737327420000035
0.060737327420000035
0.06082949332000004
0.060921659120000034
0.060921659120000034
0.060921659120000034
0.060921659120000034
0.060737327320000034
0.060737327320000034
0.06073732732000003
0.060829493320000025
0.06101382512000003
0.06101382512000003
0.06092165922000004
0.06082949342000003
0.060921659320000036
0.060645161620000027
0.06073732752000003
0.06082949342000003
0.06082949342000003
0.06082949342000003
0.061013825220000026
0.06110599102000003
0.06110599102000003
0.06119815692000003
0.061013825220000026
0.061013825220000026
0.061013825220000026
0.061013825320000034
0.061013825320000034
0.061105991320000025
0.061105991320000025
0.06119815722000002
0.06110599122000002
0.06110599122000002
0.06110599122000002
0.06110599122000002
0.06101382532000002
0.060921659420000024
0.060921659420000024
0.06110599112000003
0.06110599112000003
0.06110599112000003
0.06101382522000003
0.06092165932000003
0.061013825260000036
0.061013825260000036
0.06119815716000002
0.06119815716000002
0.061290323060000027
0.061290323060000027
0.061290323060000027
0.06119815716000002
0.06110599126000003
0.06129032306000002
0.06147465486000001
0.06138248896000002
0.06138248896000002
0.06147465490000003
0.06119815730000003
0.06119815730000003
0.061290323200000024
0.061290323200000024
0.06119815720000002
0.06129032300000002
0.06129032300000002
0.06138248890000002
0.06138248890000002
0.06138248890000002
0.06138248890000002
0.06138248890000002
0.06138248890000002
0.06156682070000003
0.06165898650000003
0.06165898650000003
0.06165898650000003
0.06165898650000003
0.06175115230000003
0.06175115230000003
0.061843318200000025
0.061843318200000025
0.06193548410000003
0.06202765000000003
0.062119815800000026
0.062119815800000026
0.062119815800000026
0.062119815800000026
0.062119815800000026
0.06221198160000003
0.06221198160000003
0.06221198160000003
0.062396313400000035
0.062396313400000035
0.062211981700000044
0.06230414760000005
0.06230414760000005
0.06230414760000005
0.062211981800000045
0.062211981800000045
0.06230414770000004
0.06221198180000004
0.06221198180000004
0.06221198180000004
0.06230414760000003
0.06230414760000003
0.06230414760000003
0.06221198170000004
0.062488479400000026
0.06248847950000003
0.06248847950000003
0.062396313600000024
0.062396313600000024
0.06248847960000003
0.06248847960000003
0.062396313700000025
0.06248847950000003
0.06239631356000002
0.062488479560000025
0.06248847936000002
0.06248847936000002
0.06248847936000002
0.06248847936000002
0.06248847936000002
0.06239631346000003
0.06258064536000002
0.06258064536000002
0.06258064536000002
0.06248847956000003
0.06248847956000003
0.06248847956000003
0.06248847956000003
0.06267281146000003
0.06267281146000003
0.06276497736000003
0.06276497736000003
0.06276497736000003
0.06294930916000002
0.06294930916000002
0.06285714326000001
0.06294930926000002
0.06294930926000002
0.06294930926000002
0.06294930926000002
0.06294930926000002
0.06294930926000002
0.06294930926000002
0.06294930926000002
0.06294930926000002
0.06294930926000002
0.06285714336000002
0.06285714336000002
0.06285714336000002
0.06276497746000002
0.06276497746000002
0.06267281156000001
0.06267281176
0.06267281176
0.06267281176
0.06267281176
0.06258064576000001
0.06258064576000001
0.06276497755999999
0.06276497755999999
0.06276497755999999
0.06276497755999999
0.06267281175999999
0.06267281175999999
0.06267281175999999
0.06267281175999999
0.06276497755999999
0.06276497755999999
0.06276497755999999
0.06276497755999999
0.06276497755999999
0.06285714345999999
0.06285714346
0.06285714356000001
0.06294930946
0.06294930946
0.06294930946
0.06294930946
0.06304147536000002
0.06304147536000002
0.06313364126000001
0.06322580716000002
0.06322580716000002
0.06331797306000002
0.06331797306000002
0.06331797306000002
0.06331797306000002
0.06331797306000002
0.06341013896000001
0.06350230496
0.06350230496
0.06350230496
0.06341013906000001
0.06341013906000001
0.06331797316000001
0.06331797316000001
0.06331797316000001
0.06331797316000001
0.06331797316000001
0.06331797316000001
0.06331797316000001
0.06331797316000001
0.06331797316000001
0.06331797316000001
0.06331797316000001
0.06331797316000001
0.06341013896000001
0.06341013896000001
0.06341013896000001
0.06350230476000002
0.06350230476000002
0.06350230476000002
0.06350230476000002
0.06359447066000001
0.06359447066000001
0.06350230466000001
0.06350230466000001
0.06350230466000001
0.06341013876000001
0.06341013880000002
0.06331797290000002
0.06331797290000002
0.06341013880000002
0.06341013880000002
0.06331797290000002
0.06341013880000002
0.06350230460000002
0.06350230460000002
0.06350230460000002
0.06341013880000002
0.06350230480000002
0.06350230480000002
0.06341013890000002
0.06341013890000002
0.06341013890000002
0.06341013890000002
0.06341013890000002
0.06341013890000002
0.06341013890000002
0.06350230480000002
0.06350230480000002
0.06350230480000002
0.06350230490000003
0.06359447080000002
0.06359447080000002
0.06359447080000002
0.06368663670000002
0.06368663670000002
0.06368663670000002
0.06377880260000003
0.06387096850000003
0.06387096850000003
0.06396313440000002
0.06405530030000002
0.06405530030000002
0.06405530030000002
0.06405530030000002
0.06405530030000002
0.06405530030000002
0.06405530030000002
0.06405530030000002
0.06414746620000003
0.06414746620000003
0.06423963210000003
0.06423963210000003
0.06423963210000003
0.06423963210000003
0.06433179800000004
0.06433179800000004
0.06442396390000002
0.06451612980000003
0.06451612980000003
0.06451612980000003
0.06460829570000003
0.06451612980000003
0.06460829570000003
0.06460829570000003
0.06460829570000003
0.06460829570000003
0.06460829580000002
0.06460829580000002
0.06460829580000002
0.06460829580000002
0.06470046160000002
0.06470046160000002
0.06470046160000002
0.06470046160000002
0.06470046160000002
0.06479262750000003
0.06488479330000002
0.06488479330000002
0.06488479330000002
0.06488479330000002
0.06488479330000002
0.06497695920000003
0.06506912510000003
0.06516129100000002
0.06516129100000002
0.06516129100000002
0.06516129100000002
0.06516129100000002
0.06516129100000002
0.06516129100000002
0.06516129100000002
0.06525345680000003
0.06525345680000003
0.06534562260000003
0.06534562260000003
0.06534562260000003
0.06534562260000003
0.06534562260000003
0.06534562260000003
0.06534562260000003
0.06534562260000003
0.06534562260000003
0.06534562260000003
0.06534562260000003
0.06552995450000003
0.06552995450000003
0.06552995450000003
0.06552995450000003
0.06562212040000003
0.06562212040000003
0.06562212040000003
0.06562212040000003
0.06562212040000003
0.06562212040000003
0.06562212040000003
0.06562212040000003
0.06562212040000003
0.06562212040000003
0.06562212040000003
0.06562212040000003
0.06571428630000002
0.06571428630000002
0.06580645220000002
0.06589861810000001
0.0659907841
0.0659907841
0.0659907841
0.0659907841
0.0659907841
0.06608295
0.06608295
0.06608295
0.06608295
0.06608295
0.0661751159
0.0661751159
0.0662672818
0.0662672818
0.0661751159
0.0661751159
0.0661751159
0.0661751159
0.0661751159
0.0662672818
0.06645161370000001
0.06645161370000001
0.06645161370000001
0.06645161370000001
0.06645161370000001
0.0665437796
0.0665437796
0.0665437796
0.0665437796
0.0665437796
0.0666359455
0.0666359455
0.0667281114
0.0667281114
0.06682027730000001
0.06682027730000001
0.06691244310000001
0.06691244310000001
0.067004609
0.067004609
0.067004609
0.067004609
0.067004609
0.067004609
0.067004609
0.067004609
0.067004609
0.06691244310000001
0.06691244310000001
0.06700460890000001
0.06700460890000001
0.06709677490000002
0.06718894090000002
0.06718894090000002
0.06718894090000002
0.06718894090000002
0.06718894080000001
0.0671889407
0.0671889407
0.0671889407
0.0671889407
0.0671889407
0.0671889407
0.0671889407
0.0671889407
0.0671889407
0.0671889407
0.0671889407
0.0672811065
0.0672811065
0.0672811065
0.0672811065
0.06737327250000001
0.06737327250000001
0.06737327250000001
0.06737327250000001
0.06737327250000001
0.06737327250000001
0.06746543840000001
0.06746543840000001
0.06746543840000001
0.06746543840000001
0.06746543840000001
0.0675576043
0.0675576043
0.0675576043
0.0675576043
0.0675576043
0.0675576043
0.0675576043
0.0675576043
0.06774193610000001
0.06792626810000002
0.06792626810000002
0.06801843400000002
0.06811059980000002
0.06811059980000002
0.06811059980000002
0.06811059980000002
0.0682027657
0.06829493160000001
0.06829493160000001
0.06838709750000001
0.06838709750000001
0.06838709750000001
0.06838709750000001
0.06838709750000001
0.06838709750000001
0.06838709750000001
0.06847926350000001
0.06857142940000001
0.06847926350000001
0.06847926350000001
0.06847926350000001
0.06847926350000001
0.06847926346000001
0.06847926346000001
0.06847926346000001
0.06847926346000001
0.06857142936000002
0.06866359526000002
0.06857142926000001
0.06875576126
0.06875576126
0.06875576126
0.06866359526
0.06866359526
0.06866359526
0.06866359526
0.06866359526
0.06857142935999999
0.06857142935999999
0.06857142935999999
0.06866359516
0.06866359516
0.06875576105999999
0.06875576105999999
0.06875576105999999
0.068847927
0.0689400928
0.0689400928
0.0689400928
0.0689400928
0.0689400928
0.0689400928
0.0689400928
0.0689400928
0.0689400928
0.06894009270000001
0.06894009270000001
0.06894009270000001
0.06894009270000001
0.06894009270000001
0.06903225860000001
0.06903225860000001
0.06903225860000001
0.06903225860000001
0.06903225860000001
0.06903225860000001
0.06903225860000001
0.06903225860000001
0.06903225860000001
0.06903225860000001
0.06903225860000001
0.06903225860000001
0.06903225860000001
0.06903225860000001
0.06903225860000001
0.06903225860000001
0.0691244245
0.0691244245
0.0691244245
0.0692165904
0.06930875620000002
0.06930875620000002
0.06930875620000002
0.06930875620000002
0.06949308800000001
0.06949308800000001
0.0695852539
0.0695852539
0.0695852539
0.0694930881
0.0694930881
0.0694930881
0.0694930881
0.0694930881
0.0694930881
0.0694930881
0.0694930881
0.0694930881
0.069585254
0.069585254
0.069585254
0.069585254
0.069585254
0.069585254
0.069585254
0.069585254
0.069585254
0.0696774198
0.0697695857
0.0697695857
0.0697695857
0.0697695857
0.0697695857
0.0697695857
0.0697695857
0.0697695857
0.0697695857
0.0698617516
0.0698617516
0.0698617516
0.0698617516
0.0698617516
0.0698617516
0.0698617516
0.0698617516
0.0698617516
0.0698617516
0.0699539176
0.0699539176
0.0699539176
0.0699539176
0.07004608359999999
0.07013824959999998
0.07023041549999999
0.07023041549999999
0.07013824959999998
0.07013824959999998
0.07013824959999998
0.07013824959999998
0.07013824959999998
0.07013824959999998
0.07013824959999998
0.07013824959999998
0.07013824959999998
0.07023041539999998
0.07023041539999998
0.07023041539999998
0.07023041539999998
0.07023041539999998
0.07023041539999998
0.07023041539999998
0.07023041539999998
0.07023041539999998
0.07023041539999998
0.07023041539999998
0.07032258139999999
0.07032258139999999
0.07032258139999999
0.0705069132
0.0705069132
0.0705069132
0.0705069132
0.0705069132
0.0705069132
0.0705069132
0.0705069132
0.0705990792
0.0705990792
0.0705990792
0.0705990792
0.0705990792
0.0705990792
0.0705990792
0.070783411
0.070783411
0.070783411
0.0708755768
0.0708755768
0.0708755768
0.0708755768
0.0708755768
0.0708755768
0.0708755768
0.0708755768
0.0708755768
0.0708755768
0.0708755768
0.0709677428
0.0709677428
0.0710599088
0.0710599088
0.0710599088
0.0710599088
0.0710599088
0.0711520746
0.0711520746
0.0711520746
0.0711520746
0.0711520746
0.0711520746
0.07124424050000001
0.07124424050000001
0.07124424050000001
0.07124424050000001
0.07124424050000001
0.07124424050000001
0.07124424050000001
0.07124424050000001
0.07124424050000001
0.07124424050000001
0.07124424050000001
0.0711520746
0.0711520746
0.0711520746
0.0711520746
0.0711520746
0.0711520746
0.0711520746
0.07105990870000001
0.07105990870000001
0.07115207450000001
0.07115207450000001
0.07115207450000001
0.07115207450000001
0.07115207450000001
0.07115207450000001
0.07115207450000001
0.07115207450000001
0.07115207450000001
0.07124424030000001
0.07124424030000001
0.07124424030000001
0.07133640620000001
0.0712442402
0.0712442402
0.0712442402
0.0712442402
0.0712442402
0.0712442402
0.0712442402
0.0712442402
0.0712442402
0.0712442402
0.07133640620000001
0.07133640620000001
0.07133640620000001
0.07133640620000001
0.07133640620000001
0.07142857200000001
0.07142857200000001
0.07142857200000001
0.07142857200000001
0.07142857200000001
0.07133640610000001
0.07133640610000001
0.07133640610000001
0.07142857190000002
0.07142857190000002
0.07142857190000002
0.07142857190000002
0.07142857190000002
0.07142857190000002
0.07142857190000002
0.07142857190000002
0.07142857190000002
0.07133640610000001
0.07133640610000001
0.07133640610000001
0.07133640610000001
0.07142857200000001
0.07142857200000001
0.07142857200000001
0.07142857200000001
0.0715207379
0.0715207379
0.07142857200000001
0.07142857200000001
0.07142857200000001
0.07142857200000001
0.07142857200000001
0.07142857200000001
0.07142857200000001
0.07142857200000001
0.07142857200000001
0.07142857200000001
0.07142857200000001
0.07152073780000001
0.07152073780000001
0.07161290380000002
0.07170506970000001
0.07170506970000001
0.07170506970000001
0.07170506970000001
0.07170506970000001
0.07179723560000002
0.07170506960000002
0.07170506960000002
0.07170506960000002
0.07170506960000002
0.07170506960000002
0.07170506960000002
0.07170506960000002
0.07170506960000002
0.07170506960000002
0.07170506960000002
0.07170506960000002
0.07170506960000002
0.07170506960000002
0.07170506960000002
0.07170506960000002
0.07170506960000002
0.07170506960000002
0.07170506960000002
