0.4905069205999999
0.2482027644
0.15069124540000003
0.12479262748
0.11594470086
0.11032258090000002
0.10543778803999998
0.10156682126000001
0.09797235208000003
0.09474654544000005
0.09207373384000002
0.08903225860000001
0.08654377964000004
0.08359447092000001
0.08101382536000001
0.07824884870000001
0.07631336506000003
0.07373272006000002
0.07216589974000001
0.07032258144000002
0.06930875618000001
0.06737327224
0.06534562170000002
0.0641474654
0.06304147491999999
0.062119815679999996
0.060737327220000005
0.05972350266000001
0.05880184348000001
0.05769585262000002
0.05677419382000003
0.05649769622000003
0.05576036874000003
0.05529953926000003
0.05465437814000002
0.054285714320000025
0.053548387080000016
0.05345622132000001
0.053732719020000014
0.05336405546000002
0.05308755772000001
0.05271889396000001
0.05244239626000002
0.052258064420000014
0.05216589870000001
0.05207373280000001
0.051981566940000015
0.05170506924000001
0.05133640560000001
0.05133640560000001
0.05133640560000001
0.05096774204000001
0.050967742040000014
0.05078341034000002
0.050783410380000026
0.05069124448000002
0.05050691268000002
0.050599078660000026
0.05032258084000002
0.050322580800000016
0.05023041490000001
0.05004608306000002
0.049861751220000014
0.049769585280000014
0.04967741934000002
0.04976958524000001
0.04986175118000002
0.049769585280000014
0.04986175114000001
0.04967741934000001
0.04958525348000001
0.049493087620000015
0.04940092168000001
0.04921658996000001
0.049400921800000004
0.04949308774000001
0.049400921880000004
0.04958525368000001
0.04940092188000001
0.04949308774000001
0.04967741958000001
0.04958525372000001
0.04958525372000001
0.04958525372000001
0.04958525372000001
0.04949308778000001
0.04958525364000001
0.04949308770000001
0.04958525358
0.049861751280000005
0.05004608308
0.05004608308
0.05004608308
0.05013824894
0.050230414880000004
0.050230414880000004
0.050322580820000004
0.05041474664000001
0.050599078440000014
0.050599078440000014
0.05069124434000002
0.05069124434000002
0.05087557614000002
0.050875576020000014
0.050967741880000014
0.050967741880000014
0.05115207364000002
0.05133640540000002
0.05142857130000001
0.05142857130000001
0.05170506912000002
0.05179723506000003
0.05188940096000003
0.051981566860000036
0.05188940092000002
0.051981566860000036
0.05216589866000003
0.05216589866000003
0.05216589866000003
0.05216589866000003
0.05216589866000003
0.052258064560000025
0.052442396360000025
0.052442396360000025
0.05271889402000002
0.052811059960000024
0.052811059960000024
0.053087557740000034
0.053271889540000034
0.053456221340000026
0.05354838728000003
0.05354838728000003
0.053456221340000026
0.053548387280000026
0.05373271904000003
0.05382488490000003
0.05391705076000003
0.05400921666000002
0.05410138260000002
0.05410138260000002
0.05428571432000002
0.054193548420000015
0.054193548420000015
0.05437788026000002
0.05447004612000002
0.05447004612000002
0.05447004612000002
0.05447004612000002
0.05456221192000002
0.05456221192000002
0.054746543760000016
0.054746543760000016
0.054838709700000016
0.05474654380000001
0.054838709700000016
0.05493087560000002
0.05493087560000002
0.05502304154000002
0.05502304154000002
0.05502304154000002
0.05520737334000001
0.05539170514000001
0.05539170514000001
0.055576036980000014
0.05566820288000002
0.05576036868000001
0.055852534580000016
0.05594470048000002
0.05585253454000002
0.05585253450000002
0.05585253450000002
0.05612903234000002
0.05612903234000002
0.05622119824000002
0.05622119824000002
0.05622119824000002
0.05631336414000002
0.05622119824000003
0.05631336410000003
0.05640553000000003
0.05640553000000003
0.05649769594000003
0.05658986188000003
0.05658986188000003
0.05677419372000002
0.05677419372000002
0.05714285726000003
0.05723502312000003
0.05723502312000003
0.05723502312000003
0.05723502312000003
0.05732718902000002
0.05732718902000002
0.05732718902000002
0.05732718902000002
0.05741935492000001
0.05760368672000002
0.057695852620000015
0.057695852620000015
0.057695852620000015
0.05778801852000002
0.05778801852000002
0.05788018442000002
0.05788018442000002
0.058064516220000015
0.058248847880000024
0.058341013680000026
0.058341013680000026
0.058341013680000026
0.058341013680000026
0.058341013680000026
0.058341013680000026
0.05852534552000002
0.05852534552000002
0.05852534552000002
0.05870967732000002
0.05870967732000002
0.05870967732000002
0.05880184326000002
0.05880184326000002
0.05898617516000002
0.05898617516000002
0.05898617516000002
0.05898617516000002
0.05898617516000002
0.05898617516000002
0.059078341060000025
0.059170507000000025
0.059170507000000025
0.059170507000000025
0.059170507000000025
0.05935483880000003
0.05944700470000003
0.05944700470000003
0.05953917060000002
0.05953917060000002
0.05972350240000002
0.05972350240000002
0.05972350240000002
0.05981566830000001
0.05981566830000001
0.05981566830000001
0.06000000014000001
0.060092166040000006
0.06018433194000001
0.060276497880000016
0.060276497880000016
0.060276497880000016
0.060276497880000016
0.060276497880000016
0.060276497880000016
0.06036866382000002
0.06036866382000002
0.06036866382000002
0.06036866382000002
0.06036866382000002
0.060460829720000026
0.060460829720000026
0.060460829720000026
0.06055299562000003
0.06055299562000003
0.06064516152000002
0.06064516152000002
0.06064516146000001
0.06064516146000001
0.06073732736000002
0.060829493160000025
0.060921659060000015
0.061013824860000024
0.06110599076000001
0.06110599076000001
0.06110599076000001
0.06110599076000001
0.06110599076000001
0.06110599076000001
0.06110599076000001
0.06110599076000001
0.06119815670000001
0.06119815670000001
0.06119815670000001
0.061105990760000006
0.06119815666
0.06119815666
0.06119815666
0.06119815666
0.06119815666
0.06119815666
0.061290322460000005
0.06156681996000001
0.06156681996000001
0.06156681996000001
0.06156681996000001
0.061658985960000016
0.06184331776
0.06184331776
0.06184331776
0.06184331776
0.06184331776
0.06184331776
0.06184331762000001
0.06184331762000001
0.06184331762000001
0.06193548342000001
0.06193548342000001
0.06193548342000001
0.06193548342000001
0.06202764932000002
0.06202764932000002
0.06202764926000001
0.06202764926000001
0.06202764936000002
0.06202764936000002
0.06202764936000002
0.06202764936000002
0.06211981530000003
0.06211981530000003
0.06211981530000003
0.06211981530000003
0.062211981300000024
0.062211981300000024
0.062211981300000024
0.062211981300000024
0.062211981300000024
0.062211981300000024
0.062211981300000024
0.06211981540000003
0.06211981540000003
0.06211981540000003
0.06221198134000003
0.06230414724000002
0.06230414724000002
0.06230414724000002
0.06230414724000002
0.06239631314000002
0.06248847894000002
0.06258064484000002
0.06258064484000002
0.06258064484000002
0.06267281064000002
0.06267281064000002
0.06267281064000002
0.06276497664000003
0.06276497664000003
0.06276497664000003
0.06276497664000003
0.06276497664000003
0.06276497664000003
0.06276497664000003
0.06276497664000003
0.06276497664000003
0.06276497664000003
0.06276497664000003
0.06285714254000002
0.06285714254000002
0.06304147424000002
0.06304147424000002
0.06304147424000002
0.06304147424000002
0.06313364014000002
0.06313364014000002
0.06304147414000003
0.06313364004000004
0.06313364004000004
0.06313364004000004
0.06313364004000004
0.06313364004000004
0.06322580584000002
0.06331797174000003
0.06331797174000003
0.06331797174000003
0.06331797174000003
0.06331797174000003
0.06331797174000003
0.06341013768000002
0.06341013768000002
0.06341013768000002
0.06341013768000002
0.06341013768000002
0.06341013768000002
0.06341013768000002
0.06341013768000002
0.06341013768000002
0.06341013768000002
0.06341013768000002
0.06350230348000002
0.06350230348000002
0.06350230348000002
0.06350230348000002
0.06350230348000002
0.06350230348000002
0.06350230348000002
0.06350230348000002
0.06350230348000002
0.06350230348000002
0.06350230348000002
0.06350230348000002
0.06359446938000003
0.06368663518000003
0.06368663518000003
0.06377880098000004
0.06377880098000004
0.06396313278000004
0.06396313278000004
0.06396313278000004
0.06405529858000003
0.06414746448000003
0.06414746448000003
0.06414746448000003
0.06423963048000003
0.06442396236000004
0.06433179646000003
0.06442396236000003
0.06442396236000003
0.06442396236000003
0.06442396236000003
0.06442396226000004
0.06451612816000005
0.06451612816000005
0.06451612816000005
0.06442396226000004
0.06442396226000004
0.06442396226000004
0.06442396226000004
0.06442396226000004
0.06433179636000004
0.06433179636000004
0.06433179636000004
0.06433179636000004
0.06442396226000004
0.06442396226000004
0.06442396226000004
0.06442396226000004
0.06442396226000004
0.06442396226000004
0.06433179646000003
0.06433179646000003
0.06442396236000003
0.06442396236000003
0.06442396236000003
0.06442396236000003
0.06442396236000003
0.06442396236000003
0.06442396236000003
0.06442396236000003
0.06442396236000003
0.06442396236000003
0.06442396236000003
0.06442396236000003
0.06442396236000003
0.06442396236000003
0.06442396236000003
0.06442396236000003
0.06442396236000003
0.06442396236000003
0.06442396236000003
0.06442396236000003
0.06442396236000003
0.06442396236000003
0.06442396236000003
0.06442396236000003
0.06442396236000003
0.06442396236000003
0.06442396236000003
0.06442396236000003
0.06451612822000002
0.06460829422000003
0.06460829422000003
0.06460829422000003
0.06460829422000003
0.06460829422000003
0.06460829422000003
0.06460829422000003
0.06460829422000003
0.06460829422000003
0.06460829422000003
0.06460829422000003
0.06460829422000003
0.06451612832000003
0.06451612832000003
0.06451612832000003
0.06451612832000003
0.06451612832000003
0.06451612832000003
0.06451612832000003
0.06451612832000003
0.06451612832000003
0.06442396252000003
0.06442396252000003
0.06442396252000003
0.06442396252000003
0.06442396252000003
0.06442396252000003
0.06433179662000003
0.06433179662000003
0.06433179662000003
0.06433179662000003
0.06433179662000003
0.06433179662000003
0.06433179662000003
0.06433179662000003
0.06433179662000003
0.06433179662000003
0.06433179662000003
0.06423963082000003
0.06423963082000003
0.06423963082000003
0.06423963082000003
0.06433179672000003
0.06423963082000003
0.06423963082000003
0.06423963082000003
0.06433179672000003
0.06433179672000003
0.06433179672000003
0.06433179672000003
0.06433179672000003
0.06433179692000002
0.06433179692000002
0.06414746512000002
0.06414746512000002
0.06423963102000002
0.06423963102000002
0.06433179692000002
0.06423963092000001
0.06414746502000002
0.06405529912000002
0.06405529912000002
0.06405529912000002
0.06405529912000002
0.06396313318000002
0.06396313318000002
0.06396313318000002
0.06387096728000002
0.06387096728000002
0.06387096728000002
0.06387096728000002
0.06387096728000002
0.06387096728000002
0.06396313328000003
0.06396313328000003
0.06396313328000003
0.06387096738000002
0.06387096738000002
0.06387096738000002
0.06387096738000002
0.06387096738000002
0.06377880148000002
0.06377880148000002
0.06377880148000002
0.06377880148000002
0.06377880148000002
0.06377880148000002
0.06377880148000002
0.06377880148000002
0.06377880148000004
0.06377880148000004
0.06377880148000004
0.06377880148000004
0.06377880148000004
0.06377880148000004
0.06377880148000004
0.06377880148000004
0.06368663568000003
0.06368663568000003
0.06368663568000003
0.06368663568000003
0.06368663568000003
0.06368663568000003
0.06368663568000003
0.06368663568000003
0.06368663568000003
0.06368663568000003
0.06368663568000003
0.06368663568000003
0.06359446978000004
0.06359446978000004
0.06350230388000004
0.06341013798000003
0.06341013798000003
0.06341013798000003
0.06341013798000003
0.06341013798000003
0.06341013798000003
0.06341013798000003
0.06341013798000003
0.06331797208000003
0.06331797208000003
0.06341013798000003
0.06341013798000003
0.06341013798000003
0.06341013798000003
0.06331797208000003
0.06331797208000003
0.06331797208000003
0.06331797208000003
0.06331797208000003
0.06331797208000003
0.06331797208000003
0.06331797208000003
0.06331797208000003
0.06331797208000003
0.06331797208000003
0.06331797208000003
0.06331797208000003
0.06331797208000003
0.06331797208000003
0.06331797208000003
0.06331797208000003
0.06331797208000003
0.06331797208000003
0.06322580628000002
0.06322580628000002
0.06322580628000002
0.06322580628000002
0.06331797218000002
0.06331797218000002
0.06341013818000002
0.06341013818000002
0.06341013818000002
0.06341013818000002
0.06341013818000002
0.06341013818000002
0.06341013818000002
0.06350230412000002
0.06350230412000002
0.06350230412000002
0.06350230412000002
0.06359447002000002
0.06359447002000002
0.06359447002000002
0.06359447002000002
0.06359447002000002
0.06350230422000001
0.06359447012000001
0.06359447012000001
0.06359447012000001
0.06359447012000001
0.06359447012000001
0.06368663592000001
0.06368663592000001
0.06368663592000001
0.06359447012000001
0.06350230422000001
0.06350230422000001
0.06350230422000001
0.06350230422000001
0.06350230422000001
0.06350230422000001
0.06341013822000001
0.06350230412
0.06350230412
0.06359447002
0.06359447002
0.06359447002
0.06359447002
0.06350230412
0.06350230412
0.06350230412
0.06350230412
0.06350230412
0.06350230412
0.06350230412
0.06341013818000002
0.06350230418000001
0.06350230418000001
0.06350230418000001
0.06359446998000001
0.06359446998000001
0.06359446998000001
0.06359446998000001
0.06359446998000001
0.06341013808000003
0.06341013808000003
0.06350230398000002
0.06350230398000002
0.06350230398000002
0.06350230398000002
0.06341013808000003
0.06341013808000003
0.06341013808000003
0.06341013808000003
0.06341013808000003
0.06341013808000003
0.06341013808000003
0.06341013808000003
0.06341013808000003
0.06350230398000002
0.06350230398000002
0.06350230398000002
0.06359446992000001
0.06359446992000001
0.06359446992000001
0.06359446992000001
0.06350230402000002
0.06350230402000002
0.06341013812000001
0.06359446972000002
0.06359446972000002
0.06359446972000002
0.06359446972000002
0.06359446972000002
0.06350230392000002
0.06350230392000002
0.06350230392000002
0.06350230392000002
0.06350230392000002
0.06350230392000002
0.06350230392000002
0.06350230392000002
0.06341013802000002
0.06341013802000002
0.06341013802000002
0.06341013802000002
0.06331797222000002
0.06331797222000002
0.06331797222000002
0.06331797222000002
0.06331797222000002
0.06331797222000002
0.06350230392000002
0.06350230392000002
0.06350230392000002
0.06350230392000002
0.06350230392000002
0.06350230392000002
0.06341013798000002
0.06341013798000002
0.06341013798000002
0.06322580618000002
0.06322580618000002
0.06322580618000002
0.06322580618000002
0.06322580618000002
0.06322580618000002
0.06331797198000003
0.06331797198000003
0.06331797198000003
0.06331797198000003
0.06322580618000002
0.06313364038000002
0.06313364038000002
0.06313364038000002
0.06304147448000003
0.06304147448000003
0.06304147448000003
0.06294930868000002
0.06285714268000003
0.06285714268000003
0.06285714268000003
0.06285714268000003
0.06285714268000003
0.06285714268000003
0.06285714268000003
0.06285714268000003
0.06285714268000003
0.06285714268000003
0.06285714268000003
0.06285714268000003
0.06285714268000003
0.06285714268000003
0.06285714268000003
0.06285714268000003
0.06285714268000003
0.06285714268000003
0.06285714268000003
0.06285714268000003
0.06285714268000003
0.06285714268000003
0.06285714268000003
0.06285714268000003
0.06276497678000004
0.06276497678000004
0.06276497678000004
0.06276497678000004
0.06276497678000004
0.06276497678000004
0.06276497678000004
0.06285714268000003
0.06285714268000003
0.06285714268000003
0.06285714268000003
0.06285714268000003
0.06285714268000003
0.06285714268000003
0.06285714268000003
0.06285714268000003
0.06285714268000003
0.06285714268000003
0.06285714268000003
0.06285714268000003
0.06285714268000003
0.06285714268000003
0.06285714268000003
0.06285714268000003
0.06285714268000003
0.06285714268000003
0.06294930858000003
0.06294930858000003
0.06294930858000003
0.06276497678000004
0.06276497678000004
0.06276497678000004
0.06267281088000004
0.06267281088000004
0.06267281088000004
0.06267281088000004
0.06258064498000004
0.06258064498000004
0.06258064498000004
0.06258064498000004
0.06258064498000004
0.06258064498000004
0.06258064498000004
0.062488479080000034
0.062488479080000034
0.062488479080000034
0.062488479080000034
0.062488479080000034
0.062488479080000034
0.06239631328000004
0.062488479180000035
0.062488479180000035
0.062488479180000035
0.062488479180000035
0.062488479180000035
0.06239631338000003
0.06239631338000003
0.06239631338000003
0.06239631338000003
0.06239631338000003
0.06239631338000003
0.06239631338000003
0.06239631338000003
0.06239631338000003
0.06239631338000003
0.06239631338000003
0.06239631338000003
0.06239631338000003
0.06239631338000003
0.06239631338000003
0.06239631338000003
0.06239631338000003
0.06239631338000003
0.06239631338000003
0.06239631338000003
0.06239631338000003
0.06239631338000003
0.06239631338000003
0.06239631338000003
0.06239631338000003
0.06239631338000003
0.06239631338000003
0.06239631338000003
0.06239631338000003
0.06239631338000003
0.06239631338000003
0.06248847928000004
0.06248847928000004
0.06248847928000004
0.06248847928000004
0.06248847928000004
0.06248847928000004
0.06248847928000004
0.06248847928000004
0.06248847928000004
0.06248847928000004
0.06248847928000004
0.06248847928000004
0.06248847928000004
0.06248847928000004
0.06248847928000004
0.06248847928000004
0.06248847928000004
0.06258064518000003
0.06258064518000003
0.06248847924000003
0.06248847924000003
0.06248847924000003
0.06248847924000003
0.06248847924000003
0.06258064514000003
0.06258064514000003
0.06258064514000003
0.06276497694000004
0.06276497694000004
0.06276497694000004
0.06276497694000004
0.06276497694000004
0.06276497694000004
0.06276497694000004
0.06276497694000004
0.06276497694000004
0.06267281094000005
0.06267281094000005
0.06267281094000005
0.06267281094000005
0.06276497684000003
0.06276497684000003
0.06276497684000003
0.06276497684000003
0.06276497684000003
0.06267281094000005
0.06267281094000005
0.06267281094000005
0.06267281094000005
0.06267281094000005
0.06267281094000005
0.06267281094000005
0.06267281094000005
0.06267281094000005
0.06276497684000004
0.06276497684000004
0.06276497684000004
0.06276497684000004
0.06276497684000004
0.06276497684000004
0.06276497684000004
0.06267281098000005
0.06267281098000005
0.06267281098000005
0.06267281098000005
0.06276497678000005
0.06276497678000005
0.06285714268000003
0.06285714268000003
0.06285714268000003
0.06285714268000003
0.06285714268000003
0.06285714268000003
0.06285714268000003
0.06285714268000003
0.06285714268000003
0.06285714268000003
0.06276497668000004
0.06276497668000004
0.06267281074000003
0.06258064484000003
0.06258064484000003
0.06267281084000004
0.06267281084000004
0.06267281084000004
0.06267281084000004
0.06258064494000003
0.062488479040000024
0.06239631324000002
0.06239631324000002
0.06230414730000002
0.06239631320000002
0.06239631320000002
0.06239631320000002
0.06239631320000002
0.06239631320000002
0.06239631320000002
0.06239631320000002
0.06239631320000002
0.06239631320000002
0.062488479100000015
0.062396313300000006
0.062396313300000006
0.062396313300000006
0.062396313300000006
0.062396313300000006
0.062396313300000006
0.062396313300000006
0.062396313300000006
0.062396313300000006
0.062396313300000006
0.062396313300000006
0.06221198146000001
0.06221198146000001
0.06221198146000001
0.06221198146000001
0.06221198146000001
0.06221198146000001
0.06221198146000001
0.06221198146000001
0.06221198146000001
0.062211981360000015
0.062211981360000015
0.062211981360000015
0.062211981360000015
0.062211981360000015
0.062119815460000026
0.062119815460000026
0.062119815460000026
0.062119815460000026
0.062119815460000026
0.062119815460000026
0.06202764956000002
0.06202764956000002
0.06202764956000002
0.06202764956000002
0.06202764956000002
0.06202764956000002
0.06202764966000001
0.06202764966000001
0.06202764966000001
0.06202764966000001
0.06202764966000001
0.062211981360000015
0.062211981360000015
