0.5282949372000001
0.27317972531999996
0.163410139
0.13216589996000003
0.12248848022000003
0.11594470066
0.11133640585999999
0.10682027758
0.10313364059999998
0.09999999981999996
0.09658986172000002
0.09235023128000001
0.08903225868000002
0.08626728202
0.08423963148000002
0.08119815760000001
0.07953917176000003
0.07834101416000003
0.07695852538000003
0.07456221196000001
0.07244239596000003
0.06995391714000002
0.06940092154000004
0.06811059918000004
0.06599078360000003
0.0643317978
0.06331797276000001
0.06184331816000003
0.06027649784000005
0.05953917032000004
0.05843317978000004
0.05760368654000003
0.05732718870000003
0.05677419344000003
0.055852534580000016
0.05493087580000002
0.054654378100000026
0.05447004624000003
0.05410138278000003
0.05391705090000003
0.05364055328000004
0.05336405558000003
0.05327188964000003
0.05345622144000003
0.05364055328000003
0.05336405550000002
0.05290322596000003
0.052811060060000026
0.05235023060000002
0.05216589880000002
0.05216589880000003
0.05188940114000002
0.05207373298000003
0.05161290344000002
0.05142857160000002
0.051428571680000014
0.051152073860000015
0.05115207390000001
0.05133640578000001
0.05133640578000001
0.05115207390000002
0.051059908080000015
0.05087557632000002
0.05087557632000002
0.05069124452000001
0.050691244520000026
0.05059907858000002
0.05059907858000002
0.05069124448000001
0.050691244440000005
0.050506912720000005
0.050506912720000005
0.050506912680000016
0.050322580880000016
0.050322580880000016
0.050230415020000016
0.050230415020000016
0.05032258092000002
0.05041474682000002
0.05041474678000001
0.050414746740000016
0.050414746740000016
0.05050691260000001
0.05059907850000001
0.05059907850000001
0.05059907850000001
0.05059907850000001
0.05059907850000001
0.050506912720000005
0.050506912720000005
0.050506912720000005
0.050322580840000006
0.050322580840000006
0.050414746700000006
0.05059907854
0.05059907854
0.050691244440000005
0.050691244440000005
0.050691244440000005
0.050599078580000005
0.05059907854
0.05059907858
0.05078341032000001
0.05105990806000001
0.05096774216000002
0.05105990802000001
0.05115207388000001
0.051336405680000016
0.051428571540000016
0.051428571540000016
0.051428571540000016
0.051428571540000016
0.05133640560000001
0.05133640560000001
0.05142857150000001
0.05142857150000001
0.0515207374
0.0517050692
0.0517050692
0.051981566820000005
0.051981566820000005
0.051981566820000005
0.051981566820000005
0.05225806444
0.05235023034
0.05235023034
0.05235023034
0.052534562220000004
0.052534562220000004
0.052626728020000006
0.05271889396000001
0.05271889396000001
0.052811059820000006
0.052718893960000006
0.052718893960000006
0.052903225680000006
0.052995391540000006
0.05317972338000001
0.05327188918000001
0.05327188918000001
0.053364055120000004
0.053364055120000004
0.05345622106
0.05345622106
0.053640552900000006
0.054009216459999995
0.054285714160000005
0.054285714160000005
0.054470045999999994
0.0545622119
0.0545622119
0.05447004595999999
0.05447004595999999
0.054562211859999994
0.0546543778
0.0547465437
0.0547465437
0.0547465437
0.05483870956
0.05493087542
0.05511520712
0.05520737298
0.05520737294
0.05520737294
0.0552995388
0.0552995388
0.0552995388
0.055391704740000006
0.05548387064000001
0.055760368340000005
0.055944700180000015
0.05603686618000002
0.05603686618000002
0.05603686618000002
0.05603686618000002
0.05603686618000002
0.05622119788000002
0.05631336382000002
0.05631336382000002
0.05631336382000002
0.05631336382000002
0.05631336382000002
0.05631336382000002
0.05658986156000003
0.056682027360000026
0.056682027360000026
0.056682027360000026
0.056866359100000034
0.056866359100000034
0.056866359100000034
0.056958525000000024
0.056958525000000024
0.05705069100000003
0.05723502274000003
0.05723502274000002
0.05741935458000002
0.05741935458000002
0.05741935458000002
0.05741935458000002
0.05741935458000002
0.057511520520000026
0.05760368642000002
0.05760368642000002
0.05760368642000002
0.05769585232000002
0.05778801826000001
0.05788018416000001
0.057972350060000004
0.0581566819
0.0582488478
0.0583410137
0.058433179640000006
0.05852534564000001
0.05861751150000001
0.05861751150000001
0.058709677440000003
0.058709677440000003
0.058709677440000003
0.058709677440000003
0.058709677440000003
0.058709677440000003
0.058709677440000003
0.058801843300000003
0.05889400920000001
0.05889400920000001
0.05880184330000002
0.05880184330000002
0.05907834100000001
0.05917050690000002
0.05917050690000002
0.05917050690000002
0.05917050690000002
0.05917050690000002
0.05917050690000002
0.05917050690000002
0.05917050690000002
0.05926267270000001
0.05926267280000001
0.05926267280000001
0.059354838740000006
0.059354838740000006
0.059354838740000006
0.059354838740000006
0.059354838740000006
0.059354838740000006
0.05944700464000001
0.05944700464000001
0.05944700464000001
0.05953917044000002
0.05953917044000002
0.05963133630000002
0.05963133630000002
0.05963133610000001
0.05963133610000001
0.05963133610000001
0.05963133610000001
0.05972350200000001
0.05972350200000001
0.05972350200000001
0.05972350200000001
0.05972350200000001
0.05972350200000001
0.05972350200000001
0.05972350200000001
0.05972350200000001
0.05990783384000001
0.05990783384000001
0.05990783384000001
0.05990783384000001
0.05990783384000001
0.05999999978000001
0.06009216568000001
0.060184331580000014
0.060184331580000014
0.06009216578000001
0.060184331680000015
0.060184331680000015
0.06027649762000002
0.06027649762000002
0.06027649762000002
0.06027649762000002
0.060368663520000025
0.06046082942000003
0.06046082942000003
0.06046082942000003
0.06046082942000003
0.06046082942000003
0.06046082942000003
0.06055299532000002
0.06055299532000002
0.06055299532000002
0.06055299532000002
0.06055299532000002
0.06055299532000002
0.06055299532000002
0.06055299532000002
0.06055299532000002
0.060645161220000014
0.060645161220000014
0.06073732722000002
0.06073732722000002
0.06082949312000001
0.06082949312000001
0.06082949312000001
0.06110599080000002
0.06110599080000002
0.06110599080000002
0.06110599080000002
0.06119815670000001
0.06110599076000001
0.06110599076000001
0.061290322500000015
0.061290322500000015
0.061290322500000015
0.061290322500000015
0.06119815650000002
0.061290322500000015
0.061290322500000015
0.061290322500000015
0.061290322500000015
0.061290322500000015
0.061290322500000015
0.061290322500000015
0.061198156640000015
0.061198156640000015
0.061198156640000015
0.061198156640000015
0.061198156640000015
0.061198156640000015
0.061198156640000015
0.061198156640000015
0.061198156640000015
0.06129032254000001
0.06129032254000001
0.061382488440000015
0.061382488440000015
0.061382488440000015
0.061382488440000015
0.06147465434000002
0.06147465434000002
0.06147465434000002
0.06147465434000002
0.06147465434000002
0.06147465434000002
0.06147465434000002
0.061566820240000014
0.061566820240000014
0.06165898614000001
0.06165898614000001
0.06165898614000001
0.06184331784000001
0.06184331784000001
0.061935483740000005
0.061935483740000005
0.061935483740000005
0.061843317800000006
0.061843317800000006
0.061843317800000006
0.0619354837
0.062027649500000004
0.06211981530000001
0.06211981530000001
0.062027649500000004
0.06211981540000001
0.062027649500000004
0.062027649500000004
0.06211981530000001
0.06202764940000001
0.06202764940000001
0.06202764940000001
0.06202764940000001
0.06211981530000001
0.062211981240000006
0.062211981240000006
0.062211981240000006
0.062211981240000006
0.062211981240000006
0.062211981240000006
0.062211981240000006
0.062119815440000004
0.062119815440000004
0.062119815440000004
0.062119815440000004
0.062119815440000004
0.062119815440000004
0.062119815440000004
0.062119815440000004
0.06221198134
0.062304147280000007
0.062304147280000007
0.062304147280000007
0.062304147280000007
0.062304147280000007
0.062304147280000007
0.062304147280000007
0.06248847908
0.06258064498
0.06258064498
0.06258064498
0.06258064498
0.06258064498
0.06258064498
0.06258064498
0.06267281078
0.06267281078
0.06267281078
0.06267281078
0.06285714234
0.06285714234
0.06285714234
0.06285714234
0.06285714234
0.06285714234
0.06285714234
0.06294930824000002
0.06294930824000002
0.06294930824000002
0.06294930824000002
0.06294930824000002
0.06294930824000002
0.06304147414000001
0.06304147414000001
0.06304147414000001
0.06304147414000001
0.06313364008000001
0.06313364008000001
0.06313364008000001
0.06313364008000001
0.06313364008000001
0.06313364008000001
0.06313364008000001
0.06313364008000001
0.06313364008000001
0.06313364008000001
0.06304147408000002
0.06294930828000002
0.06294930828000002
0.06294930828000002
0.06294930828000002
0.06304147418000002
0.06304147418000002
0.06304147418000002
0.06304147418000002
0.06304147418000002
0.06304147418000002
0.06294930824000002
0.06285714244000001
0.06285714244000001
0.06294930844000002
0.06294930844000002
0.06294930844000002
0.06294930844000002
0.06294930844000002
0.06304147444000002
0.06304147444000002
0.06294930854000001
0.06304147444000002
0.06304147444000002
0.06294930854000001
0.06285714274000001
0.06285714274000001
0.06294930864
0.06304147458
0.06304147458
0.06304147458
0.06304147458
0.06304147458
0.06304147458
0.06304147458
0.06304147458
0.06304147458
0.06304147458
0.06304147458
0.06313364048
0.06313364048
0.06313364048
0.06304147458
0.06304147458
0.06304147458
0.06304147458
0.06304147458
0.06304147458
0.06304147458
0.06294930872000001
0.06294930872000001
0.06294930872000001
0.06294930872000001
0.06294930872000001
0.06294930872000001
0.06304147466000001
0.06304147466000001
0.06304147466000001
0.06304147466000001
0.06304147466000001
0.06304147466000001
0.06322580626000002
0.06322580626000002
0.06322580626000002
0.06322580626000002
0.06322580626000002
0.06322580626000002
0.06322580626000002
0.06322580626000002
0.06322580626000002
0.06322580626000002
0.06331797206000002
0.06331797206000002
0.06331797206000002
0.06331797206000002
0.06331797206000002
0.06331797206000002
0.06331797206000002
0.06331797206000002
0.06331797206000002
0.06331797206000002
0.06331797206000002
0.06341013786000002
0.06341013786000002
0.06341013786000002
0.06331797196000002
0.06341013786000003
0.06341013786000003
0.06341013786000003
0.06341013786000003
0.06341013786000003
0.06341013786000003
0.06341013786000003
0.06341013786000003
0.06341013786000003
0.06331797206000003
0.06331797206000003
0.06331797206000003
0.06331797206000003
0.06331797206000003
0.06331797206000003
0.06331797206000003
0.06331797206000003
0.06331797206000003
0.06331797206000003
0.06331797206000003
0.06331797206000003
0.06331797206000003
0.06331797206000003
0.06331797206000003
0.06331797206000003
0.06331797206000003
0.06331797206000003
0.06331797206000003
0.06331797206000003
0.06331797206000003
0.06331797206000003
0.06331797206000003
0.06331797206000003
0.06331797206000003
0.06331797206000003
0.06331797206000003
0.06331797206000003
0.06331797206000003
0.06341013796000003
0.06341013796000003
0.06341013796000003
0.06341013796000003
0.06341013796000003
0.06341013796000003
0.06341013796000003
0.06359446972000003
0.06359446972000003
0.06350230392000003
0.06350230392000003
0.06350230392000003
0.06359446972000003
0.06359446972000003
0.06377880162000003
0.06387096752000003
0.06387096752000003
0.06387096752000003
0.06396313332000003
0.06396313332000003
0.06396313332000003
0.06396313332000003
0.06387096742000002
0.06387096742000002
0.06396313332000002
0.06396313332000002
0.06377880162000003
0.06377880162000003
0.06368663572000002
0.06368663572000002
0.06368663572000002
0.06368663572000002
0.06368663572000002
0.06368663572000002
0.06368663572000002
0.06368663572000002
0.06368663572000002
0.06368663572000002
0.06359446972000002
0.06359446972000002
0.06359446972000002
0.06359446972000002
0.06359446972000002
0.06359446972000002
0.06359446972000002
0.06368663558000003
0.06368663558000003
0.06368663558000003
0.06368663558000003
0.06368663558000003
0.06368663558000003
0.06368663558000003
0.06368663558000003
0.06368663558000003
0.06368663558000003
0.06368663558000003
0.06368663558000003
0.06368663558000003
0.06359446968000002
0.06368663558000001
0.06368663558000001
0.06368663558000001
0.06368663558000001
0.06368663558000001
0.06368663558000001
0.06368663558000001
0.06368663558000001
0.06359446968000002
0.06359446968000002
0.06359446968000002
0.06359446968000002
0.06359446968000002
0.06359446968000002
0.06359446968000002
0.06359446968000002
0.06359446968000002
0.06359446968000002
0.06350230378000002
0.06350230378000002
0.06350230378000002
0.06350230378000002
0.06350230378000002
0.06331797198000003
0.06331797198000003
0.06331797198000003
0.06331797198000003
0.06331797198000003
0.06331797198000003
0.06331797198000003
0.06331797198000003
0.06331797198000003
0.06331797198000003
0.06331797198000003
0.06331797198000003
0.06313364038000002
0.06313364038000002
0.06304147448000003
0.06304147448000003
0.06304147448000003
0.06304147448000003
0.06304147448000003
0.06304147448000003
0.06313364038000002
0.06313364038000002
0.06304147448000003
0.06304147448000003
0.06304147448000003
0.06294930848000002
0.06285714254000002
0.06285714254000002
0.06285714254000002
0.06285714254000002
0.06285714254000002
0.06285714254000002
0.06285714254000002
0.06285714254000002
0.06285714254000002
0.06285714254000002
0.06285714254000002
0.06285714254000002
0.06285714264000003
0.06267281084000004
0.06267281084000004
0.06267281084000004
0.06267281084000004
0.06267281084000004
0.06267281084000004
0.06267281084000004
0.06267281084000004
0.06267281084000004
0.06267281084000004
0.06267281084000004
0.06267281084000004
0.062488479040000024
0.062488479040000024
0.062488479040000024
0.062488479040000024
0.062488479040000024
0.062488479040000024
0.062488479040000024
0.06258064494000003
0.06258064494000003
0.06258064494000003
0.06258064494000003
0.06258064494000003
0.06258064494000003
0.06258064494000003
0.062488479140000025
0.062488479140000025
0.062488479140000025
0.062488479140000025
0.06258064504000002
0.06258064504000002
0.06267281104000003
0.06267281104000003
0.06267281104000003
0.06267281104000003
0.06267281104000003
0.06267281104000003
0.06258064514000003
0.06258064514000003
0.06258064514000003
0.06258064514000003
0.06258064514000003
0.06248847924000003
0.06239631344000003
0.06239631344000003
0.06239631344000003
0.06239631344000003
0.06239631344000003
0.06239631344000003
0.06239631344000003
0.06239631344000003
0.06239631344000003
0.06239631344000003
0.06239631344000003
0.06239631344000003
0.06239631344000002
0.06239631344000002
0.06239631344000002
0.06239631344000002
0.06239631344000002
0.06239631344000002
0.062488479140000025
0.06239631328000004
0.06239631328000004
0.06239631328000004
0.06239631328000004
0.06230414748000004
0.06230414748000004
0.06230414748000004
0.06230414748000004
0.06230414748000004
0.06230414748000004
0.06230414748000004
0.06230414748000004
0.06230414748000004
0.06230414748000004
0.06230414748000004
0.06221198148000004
0.06221198148000004
0.06221198148000004
0.06221198148000004
0.06221198148000004
0.06230414738000003
0.06230414738000003
0.06230414738000003
0.06221198148000004
0.06221198148000004
0.06221198148000004
0.06221198148000004
0.06221198148000004
0.06221198148000004
0.06221198148000004
0.062211981480000025
0.062211981480000025
0.062211981480000025
0.062211981480000025
0.062211981480000025
0.062211981480000025
0.062211981480000025
0.062211981480000025
0.062211981480000025
0.062211981480000025
0.062211981480000025
0.062211981480000025
0.06211981558000002
0.06211981558000002
0.06211981558000002
0.06211981558000002
0.06211981558000002
0.06211981558000002
0.062027649580000024
0.061935483780000015
0.061843317980000014
0.06165898618000003
0.06165898618000003
0.06165898618000003
0.061566820280000024
0.061566820280000024
0.061566820280000024
0.061566820280000024
0.061566820280000024
0.061566820280000024
0.061566820280000024
0.061566820280000024
0.06147465448000002
0.06147465448000002
0.061566820380000026
0.061566820380000026
0.061566820380000026
0.061566820380000026
0.061566820380000026
0.061566820380000026
0.06147465448000002
0.06147465448000002
0.06147465448000002
0.06147465448000002
0.06147465448000002
0.061382488580000026
0.061382488580000026
0.06129032268000002
0.06129032268000002
0.06129032268000002
0.06129032268000002
0.06129032268000002
0.06129032268000002
0.06129032268000002
0.06119815678000002
0.06119815678000002
0.06110599084000002
0.06101382494000002
0.06101382494000002
0.06101382494000002
0.060921659040000006
0.060921659040000006
0.06082949314
0.06082949314
0.06082949314
0.06082949314
0.06082949314
0.06082949314
0.06082949314
0.06082949314
0.06082949314
0.06082949314
0.06092165908000001
0.06092165908000001
0.06092165908000001
0.06092165908000001
0.06092165908000001
0.060829493180000006
0.06073732728
0.06073732728
0.06073732728
0.06073732728
0.06073732728
0.06073732728
0.06073732728
0.06073732728
0.06073732728
0.06064516138
0.06064516138
0.06064516138
0.06064516138
0.06064516138
0.06064516138
0.06064516138
0.06064516138
0.06064516138
0.06064516138
0.06073732728
0.06073732728
0.06073732728
0.06064516148
0.06064516148
0.06064516148
0.06064516148
0.06055299558
0.06055299558
0.06055299558
0.06055299558
0.06055299558
0.06055299568
0.06055299568
0.06064516158
0.06064516158
0.06064516158
0.06064516158
0.060552995680000006
0.060552995680000006
0.060552995680000006
0.060552995680000006
0.060552995680000006
0.060552995680000006
0.060552995680000006
0.060552995680000006
0.060552995680000006
0.060552995680000006
0.060552995680000006
0.060552995680000006
0.060552995680000006
0.060552995680000006
0.060552995680000006
0.060552995680000006
0.06064516158000001
0.06064516158000001
0.06064516158000001
0.06073732748000001
0.06073732748000001
0.06073732748000001
0.06073732748000001
0.06073732748000001
0.06073732748000001
0.06073732748000001
0.06073732748000001
0.06073732748000001
0.06082949338000001
0.06082949338000001
0.06082949338000001
0.06082949338000001
0.06082949338000001
0.06082949338000001
0.06082949338000001
0.06082949338000001
0.060737327480000006
0.060737327480000006
0.060737327480000006
0.060737327480000006
0.060737327480000006
0.06082949338000001
0.06082949338000001
0.06082949338000001
0.06082949338000001
0.06082949338000001
0.06082949338000001
0.06082949338000001
0.06082949338000001
0.06082949338000001
0.06073732748000001
0.06073732748000001
0.06064516158000001
0.060737327480000006
0.060737327480000006
0.060737327480000006
0.06064516168
0.06055299588
0.06055299588
0.06055299588
0.06055299588
0.06055299588
0.06055299588
0.06055299588
0.06055299588
0.06055299588
0.06055299588
0.06055299588
0.06055299588
0.06055299588
0.06046082998
0.06064516188
0.06064516188
0.06064516188
0.06064516188
0.06064516188
0.06064516188
0.06064516188
0.06055299598
0.06055299598
0.06055299598
0.06055299598
0.06055299598
0.06055299598
0.06055299598
0.06055299598
0.06055299598
0.06055299598
0.06055299598
0.06055299598
0.06055299598
0.06055299598
0.06055299598
0.06055299598
0.06055299598
0.06055299598
0.06055299598
0.06055299598
0.06055299598
0.06055299598
0.06055299598
0.06055299598
0.06064516188
0.06064516188
0.06064516188
0.06064516188
0.06064516188
0.06064516188
0.06064516188
0.06055299598
0.06055299598
0.06055299598
0.06055299598
0.06046083008000001
