0.5107834137999999
0.34894009680000004
0.24488479300000002
0.17207373340000004
0.1401843332
0.1283870971
0.11963133726000003
0.11502304275999999
0.11170507020000002
0.10811059930000003
0.10497695956
0.10175115324000002
0.09926267360000002
0.09741935566000003
0.09465437840000003
0.09299539258000003
0.09059907922
0.08774193642000004
0.08589861786000003
0.08387096836000002
0.08184331864000001
0.08082949396000001
0.07972350274000001
0.07815668274
0.07668202846000001
0.07447004656
0.07271889430000003
0.07207373334000004
0.07069124418000003
0.06967741964
0.06829493114000001
0.06746543838000002
0.06682027696000001
0.06562212010000001
0.06506912476000001
0.06488479300000001
0.06433179740000002
0.06341013830000002
0.06294930900000002
0.06211981596000002
0.06138248882000002
0.060460829840000035
0.06027649814000003
0.06000000024000003
0.059170507180000026
0.05880184354000002
0.05852534602000003
0.05778801906000003
0.057603687120000024
0.057511521040000034
0.05705069154000003
0.05695852580000002
0.057050691520000016
0.056682027680000024
0.056405530020000025
0.05631336430000003
0.056221198400000026
0.05603686656000002
0.05557603688000002
0.055576036920000016
0.05520737342000002
0.05483870996000002
0.054377880640000015
0.05419354878000002
0.053917051040000004
0.053548387500000016
0.05336405570000001
0.053179723800000016
0.05308755790000001
0.052811060160000006
0.05271889422000001
0.05281106004
0.052811060000000014
0.05253456226000001
0.052534562300000004
0.052165898800000006
0.0520737329
0.05188940118
0.05170506934000001
0.05161290344
0.051612903480000014
0.051520737620000014
0.051428571680000014
0.05133640578000001
0.05124423984000001
0.05105990800000001
0.050691244280000006
0.050691244280000006
0.05059907838000001
0.05050691252000001
0.05050691252000001
0.05032258064
0.050414746540000006
0.05032258064
0.05023041478
0.05023041478
0.05013824892
0.050322580680000006
0.05013824892000002
0.04995391720000002
0.04995391720000002
0.04986175134000001
0.04986175134000001
0.04995391720000002
0.04986175126000001
0.04986175126000001
0.04986175126000001
0.04976958536000001
0.04976958536000001
0.04967741942000001
0.04967741942000001
0.04976958532000001
0.049677419380000004
0.049677419380000004
0.049677419380000004
0.04940092172000001
0.04940092172000001
0.04940092172000001
0.04940092172000001
0.04940092172000001
0.04949308758000001
0.04949308758000001
0.04949308758000001
0.04949308758000001
0.04949308758000001
0.04949308758000001
0.049677419380000004
0.049677419380000004
0.049769585240000004
0.04986175118000001
0.04986175118000001
0.04995391708000001
0.04995391708000001
0.04995391708000001
0.050046083020000014
0.050046083020000014
0.050046083020000014
0.049953917080000014
0.04995391700000001
0.04995391700000001
0.04986175114000001
0.04986175114000001
0.04986175114000001
0.04986175114000001
0.04986175114000001
0.04967741934000001
0.04986175110000001
0.049953917000000014
0.050046082940000014
0.05004608290000001
0.05004608290000001
0.05004608290000001
0.05004608290000001
0.05004608290000001
0.05013824876000001
0.05032258056000002
0.050414746500000024
0.050414746500000024
0.050414746500000024
0.050414746500000024
0.050414746500000024
0.05050691234000002
0.050599078280000015
0.050599078280000015
0.05050691234000002
0.05050691234000002
0.05050691234000002
0.05059907820000002
0.05069124406000002
0.05069124402000002
0.05069124402000002
0.05069124402000002
0.05069124402000002
0.05078340992000002
0.05078340992000002
0.050691243980000016
0.050691243980000016
0.050691243980000016
0.050691243980000016
0.050691243980000016
0.050691243980000016
0.050691243980000016
0.050691243980000016
0.050691243980000016
0.050783409840000016
0.050783409840000016
0.050783409840000016
0.050783409840000016
0.050783409840000016
0.05087557578000002
0.05078340992000002
0.05087557582000001
0.050783409880000005
0.050783409880000005
0.050783409880000005
0.05087557578000001
0.05087557578000001
0.05096774172000001
0.05096774172000001
0.05096774172000001
0.05096774172000001
0.05096774172000001
0.05096774172000001
0.051059907660000015
0.051059907660000015
0.05115207360000002
0.05115207360000002
0.05115207360000002
0.05124423954000002
0.051336405480000014
0.051336405480000014
0.051336405480000014
0.051336405480000014
0.051336405480000014
0.051336405480000014
0.05142857138000002
0.05152073728000002
0.05142857142000002
0.05142857142000002
0.05142857142000002
0.051428571460000023
0.051428571460000023
0.051428571460000023
0.051428571460000023
0.051520737320000023
0.051520737320000023
0.051520737320000023
0.051520737320000023
0.051520737320000023
0.051612903180000023
0.051612903180000023
0.05170506904000002
0.05179723490000002
0.05179723490000002
0.05179723490000002
0.05198156674000001
0.05198156674000001
0.05198156674000001
0.05198156674000001
0.05198156674000001
0.05207373260000001
0.05216589846000001
0.05216589846000001
0.05207373256000002
0.05207373256000002
0.05207373256000002
0.05207373256000002
0.05207373256000002
0.052165898500000016
0.05244239618000002
0.05244239618000002
0.05244239618000002
0.05244239618000002
0.05244239618000002
0.05262672798000002
0.05253456204000002
0.05253456204000002
0.052626727940000013
0.052718893880000006
0.052903225720000016
0.052903225720000016
0.053179723460000015
0.05327188940000002
0.05327188940000002
0.053364055260000015
0.053456221200000015
0.053456221200000015
0.053456221200000015
0.053456221200000015
0.053456221200000015
0.053456221200000015
0.053364055260000015
0.053364055260000015
0.053364055260000015
0.053364055260000015
0.053364055260000015
0.053364055260000015
0.053456221200000015
0.053456221200000015
0.053456221200000015
0.053456221200000015
0.053456221200000015
0.05354838714000002
0.05364055308000003
0.05364055308000003
0.05354838722000003
0.05364055312000003
0.05364055312000003
0.05364055312000003
0.05373271906000003
0.05373271906000003
0.05391705094000002
0.05400921688000003
0.05400921688000003
0.05400921688000003
0.05400921688000003
0.05410138282000004
0.05419354868000004
0.05419354868000004
0.05419354868000004
0.05419354868000004
0.05419354868000004
0.05419354868000004
0.05419354868000004
0.05419354868000004
0.05419354868000004
0.05419354868000004
0.05419354868000004
0.05419354868000004
0.05437788044000003
0.054470046340000036
0.054470046340000036
0.054470046340000036
0.054470046340000036
0.054470046340000036
0.054470046340000036
0.054470046340000036
0.054562212340000034
0.054562212340000034
0.054562212340000034
0.054654378200000034
0.054654378200000034
0.05456221226000004
0.05456221226000004
0.05474654410000004
0.05474654410000004
0.05474654410000004
0.05474654410000004
0.05474654410000004
0.05474654410000004
0.05483870996000004
0.05483870996000004
0.054930875860000034
0.054930875860000034
0.05502304176000004
0.05502304176000004
0.05502304176000004
0.05502304176000004
0.055115207660000026
0.05520737360000003
0.05520737360000003
0.05520737360000003
0.05520737360000003
0.05520737360000003
0.05520737360000003
0.05539170540000004
0.05539170540000004
0.05539170540000004
0.055483871300000036
0.05557603710000004
0.05557603710000004
0.05566820304000004
0.05566820304000004
0.05566820304000004
0.055760368940000034
0.055760368940000034
0.05594470070000004
0.056036866600000027
0.056036866600000027
0.05612903240000003
0.05622119826000003
0.05622119826000003
0.05622119826000003
0.05622119826000003
0.05622119826000003
0.05622119826000003
0.056313364160000025
0.056313364160000025
0.056313364160000025
0.05640553006000003
0.05640553006000003
0.05640553006000003
0.05649769596000003
0.05658986190000004
0.05658986190000004
0.05658986190000004
0.05658986190000004
0.05658986190000004
0.05658986190000004
0.05658986190000004
0.05658986190000004
0.05658986190000004
0.05658986190000004
0.056682027800000034
0.056682027800000034
0.056866359680000034
0.056866359680000034
0.05695852558000004
0.05705069148000003
0.05705069148000003
0.05714285738000004
0.05714285738000004
0.05714285738000004
0.05714285738000004
0.057235023320000036
0.05732718922000004
0.05732718922000004
0.05732718922000004
0.05732718922000004
0.05732718922000004
0.05751152092000003
0.05751152092000003
0.05760368686000003
0.05760368686000003
0.05760368686000003
0.05778801866000003
0.057880184560000034
0.057880184560000034
0.057880184560000034
0.057880184560000034
0.05797235046000004
0.058064516360000026
0.058064516360000026
0.058064516360000026
0.058064516360000026
0.05815668226000003
0.05815668226000003
0.05824884826000003
0.05834101416000003
0.05834101416000003
0.05834101416000003
0.05834101416000003
0.05834101416000003
0.05834101416000003
0.05834101416000003
0.05834101416000003
0.05843318006000002
0.05843318006000002
0.05843318006000002
0.05843318006000002
0.05843318006000002
0.05843318006000002
0.05843318006000002
0.05852534600000002
0.05861751194000002
0.058801843740000026
0.058801843740000026
0.058801843740000026
0.058801843740000026
0.05889400964000003
0.05889400964000003
0.05889400964000003
0.05889400964000003
0.05889400964000003
0.05898617554000002
0.05898617554000002
0.05898617554000002
0.05898617554000002
0.05898617554000002
0.05917050734000002
0.05917050734000002
0.05917050734000002
0.05917050734000002
0.05917050734000002
0.05917050734000002
0.05917050734000002
0.05917050734000002
0.05917050734000002
0.059262673240000015
0.059262673240000015
0.059354839140000004
0.059354839140000004
0.059354839140000004
0.059354839140000004
0.05944700508000001
0.05944700508000001
0.05944700508000001
0.05944700508000001
0.05944700508000001
0.05953917098000001
0.05963133684000001
0.05963133684000001
0.05963133684000001
0.05963133684000001
0.05963133684000001
0.05972350274000001
0.05972350274000001
0.05972350274000001
0.05972350274000001
0.05972350274000001
0.05972350274000001
0.05972350274000001
0.05972350274000001
0.05972350274000001
0.059815668640000014
0.059815668640000014
0.05990783458000001
0.060000000380000015
0.060000000380000015
0.060000000380000015
0.060000000380000015
0.060000000380000015
0.060000000380000015
0.06009216618000002
0.06009216618000002
0.06009216618000002
0.06009216618000002
0.06009216618000002
0.06009216618000002
0.06009216618000002
0.06018433208000002
0.06018433208000002
0.060276497980000024
0.060276497980000024
0.06036866388000003
0.06036866388000003
0.06036866388000003
0.06036866388000003
0.060460829680000015
0.060552995540000015
0.060552995540000015
0.060552995540000015
0.06064516144000001
0.06064516144000001
0.06064516144000001
0.06064516144000001
0.060737327340000015
0.060737327340000015
0.060737327340000015
0.060737327340000015
0.060737327340000015
0.06082949324000002
0.06082949324000002
0.06082949324000002
0.06082949324000002
0.06082949324000002
0.06082949324000002
0.06092165918000002
0.06092165918000002
0.06092165918000002
0.06092165918000002
0.06092165918000002
0.06092165918000002
0.06101382498000002
0.061105990880000016
0.061105990880000016
0.06119815678000002
0.061290322680000016
0.06138248858000002
0.06147465448000002
0.06147465448000002
0.06147465448000002
0.06147465448000002
0.06147465448000002
0.06156682034000002
0.06156682034000002
0.061474654440000026
0.061474654440000026
0.06156682034000002
0.06156682034000002
0.06156682034000002
0.06156682034000002
0.06156682034000002
0.06156682034000002
0.06156682034000002
0.06156682034000002
0.06156682024000003
0.06156682024000003
0.06156682024000003
0.06156682024000003
0.06165898604000003
0.06165898604000003
0.06165898604000003
0.06165898604000003
0.06165898604000003
0.06165898604000003
0.06165898604000003
0.061751151940000026
0.061751151940000026
0.061751151940000026
0.061751151940000026
0.061751151940000026
0.061751151940000026
0.061751151940000026
0.061658986140000024
0.061658986140000024
0.061658986140000024
0.061658986140000024
0.061751151940000026
0.061751151940000026
0.061751151940000026
0.061751151940000026
0.061751151940000026
0.061751151940000026
0.061751151940000026
0.061751151940000026
0.061751151940000026
0.061751151940000026
0.061751151940000026
0.061751151940000026
0.061751151940000026
0.061751151940000026
0.06184331774000002
0.06175115180000002
0.06175115180000002
0.06175115180000002
0.06175115180000002
0.06175115180000002
0.06175115180000002
0.06184331760000003
0.06184331760000003
0.06184331760000003
0.06184331760000003
0.06184331760000003
0.06184331760000003
0.06184331760000003
0.06184331760000003
0.06184331760000003
0.06184331760000003
0.06184331760000003
0.06184331760000003
0.06193548340000003
0.06193548340000003
0.06193548340000003
0.06193548340000003
0.06193548340000003
0.06202764940000003
0.062119815400000035
0.062119815400000035
0.062119815400000035
0.062119815400000035
0.062119815400000035
0.062119815400000035
0.062119815400000035
0.062119815400000035
0.06221198120000004
0.06221198120000004
0.06221198120000004
0.06221198120000004
0.06221198120000004
0.06221198120000004
0.06221198120000004
0.06221198120000004
0.06221198120000004
0.06230414714000004
0.06230414714000004
0.06230414714000004
0.06230414714000004
0.06230414714000004
0.06230414714000004
0.06230414714000004
0.06230414714000004
0.06230414714000004
0.06230414714000004
0.06230414714000004
0.06230414714000004
0.06230414714000004
0.06230414714000004
0.06230414714000004
0.06230414714000004
0.06230414714000004
0.06230414714000004
0.06230414714000004
0.06230414714000004
0.06230414714000004
0.06230414714000004
0.06230414714000004
0.06230414714000004
0.06230414714000004
0.06230414714000004
0.06230414714000004
0.06230414714000004
0.06230414714000004
0.06230414714000004
0.06230414714000004
0.06230414714000004
0.06230414714000004
0.06230414714000004
0.06230414714000004
0.06230414714000004
0.06230414714000004
0.06230414714000004
0.06230414714000004
0.06230414714000004
0.06230414714000004
0.06230414714000004
0.06230414714000004
0.06239631294000005
0.06239631294000005
0.06239631294000005
0.06239631294000005
0.06248847874000005
0.06248847874000005
0.06258064454000005
0.06258064454000005
0.06258064454000005
0.06258064454000005
0.06258064454000005
0.06258064454000005
0.06258064454000005
0.06258064454000005
0.06258064454000005
0.06258064454000005
0.06258064454000005
0.06276497638000005
0.06276497638000005
0.06276497638000005
0.06276497638000005
0.06285714224000004
0.06285714224000004
0.06285714224000004
0.06285714224000004
0.06285714224000004
0.06285714224000004
0.06285714224000004
0.06285714224000004
0.06285714224000004
0.06285714224000004
0.06285714224000004
0.06285714224000004
0.06285714224000004
0.06285714224000004
0.06285714224000004
0.06285714224000004
0.06285714224000004
0.06285714224000004
0.06285714224000004
0.06285714224000004
0.06285714224000004
0.06294930818000004
0.06294930818000004
0.06294930818000004
0.06294930818000004
0.06294930818000004
0.06294930818000004
0.06304147398000004
0.06304147398000004
0.06304147398000004
0.06304147398000004
0.06304147398000004
0.06304147398000004
0.06304147398000004
0.06304147398000004
0.06304147398000004
0.06304147398000004
0.06304147398000004
0.06304147398000004
0.06304147398000004
0.06304147398000004
0.06304147398000004
0.06304147398000004
0.06304147398000004
0.06294930818000004
0.06294930818000004
0.06294930818000004
0.06294930818000004
0.06294930818000004
0.06304147408000003
0.06304147408000003
0.06313363988000004
0.06313363988000004
0.06313363988000004
0.06313363988000004
0.06313363988000004
0.06322580578000005
0.06322580578000005
0.06322580578000005
0.06322580578000005
0.06322580578000005
0.06322580578000005
0.06322580578000005
0.06322580578000005
0.06322580578000005
0.06322580578000005
0.06322580578000005
0.06322580578000005
0.06322580578000005
0.06322580578000005
0.06322580578000005
0.06331797178000005
0.06331797178000005
0.06331797178000005
0.06331797178000005
0.06331797178000005
0.06331797178000005
0.06331797178000005
0.06341013778000006
0.06341013778000006
0.06341013778000006
0.06341013778000006
0.06341013778000006
0.06341013778000006
0.06341013778000006
0.06350230358000006
0.06350230358000006
0.06350230358000006
0.06341013768000005
0.06341013768000005
0.06331797188000005
0.06331797188000005
0.06331797188000005
0.06331797188000005
0.06331797188000005
0.06331797188000005
0.06331797188000005
0.06331797188000005
0.06331797188000005
0.06331797188000005
0.06331797188000005
0.06331797188000005
0.06331797188000005
0.06331797188000005
0.06331797188000005
0.06331797188000005
0.06331797188000005
0.06331797188000005
0.06341013778000004
0.06341013778000004
0.06341013778000004
0.06341013778000004
0.06341013778000004
0.06341013778000004
0.06341013778000004
0.06341013778000004
0.06341013778000004
0.06341013778000004
0.06341013778000004
0.06341013778000004
0.06341013778000004
0.06341013778000004
0.06341013778000004
0.06341013778000004
0.06341013778000004
0.06341013778000004
0.06341013778000004
0.06341013778000004
0.06341013778000004
0.06350230368000004
0.06350230368000004
0.06359446948000004
0.06359446948000004
0.06359446948000004
0.06359446948000004
0.06359446948000004
0.06359446948000004
0.06368663538000004
0.06368663538000004
0.06368663538000004
0.06368663538000004
0.06368663538000004
0.06368663538000004
0.06368663538000004
0.06368663538000004
0.06368663538000004
0.06368663538000004
0.06368663538000004
0.06368663538000004
0.06368663538000004
0.06368663538000004
0.06368663538000004
0.06368663538000004
0.06368663538000004
0.06368663538000004
0.06368663538000004
0.06368663538000004
0.06387096708000004
0.06387096708000004
0.06387096708000004
0.06387096708000004
0.06377880118000004
0.06377880118000004
0.06387096712000004
0.06387096712000004
0.06387096712000004
0.06387096712000004
0.06387096712000004
0.06387096712000004
0.06377880112000003
0.06377880112000003
0.06377880112000003
0.06377880112000003
0.06368663522000004
0.06368663522000004
0.06368663522000004
0.06368663522000004
0.06377880122000003
0.06377880122000003
0.06377880122000003
0.06377880122000003
0.06377880122000003
0.06377880122000003
0.06368663528000003
0.06368663528000003
0.06368663528000003
0.06368663528000003
0.06368663528000003
0.06359446948000003
0.06359446948000003
0.06359446948000003
0.06368663538000004
0.06368663538000004
0.06368663538000004
0.06368663538000004
0.06368663538000004
0.06368663538000004
0.06368663538000004
0.06368663538000004
0.06368663538000004
0.06368663538000004
0.06368663538000004
0.06368663538000004
0.06368663538000004
0.06368663538000004
0.06368663538000004
0.06368663538000004
0.06368663538000004
0.06368663538000004
0.06368663538000004
0.06368663538000004
0.06368663538000004
0.06368663538000004
0.06368663538000004
0.06368663538000004
0.06368663538000004
0.06368663538000004
0.06368663538000004
0.06368663538000004
0.06368663538000004
0.06368663538000004
0.06368663538000004
0.06368663538000004
0.06368663538000004
0.06368663538000004
0.06368663538000004
0.06368663538000004
0.06368663538000004
0.06368663538000004
0.06368663538000004
0.06368663538000004
0.06368663538000004
0.06368663538000004
0.06368663538000004
0.06368663538000004
0.06368663538000004
0.06368663538000004
0.06368663538000004
0.06368663538000004
0.06377880128000003
0.06377880128000003
0.06377880128000003
0.06377880128000003
0.06377880128000003
0.06377880128000003
0.06368663548000005
0.06368663548000005
0.06377880138000004
0.06377880138000004
0.06377880138000004
0.06377880138000004
0.06377880138000004
0.06368663558000004
0.06368663558000004
0.06368663558000004
0.06368663558000004
0.06368663558000004
0.06368663558000004
0.06368663558000004
0.06368663558000004
0.06368663558000004
0.06368663558000004
0.06368663558000004
0.06368663558000004
0.06368663558000004
0.06368663558000004
0.06368663558000004
0.06368663558000004
0.06368663558000004
0.06359446958000003
0.06359446958000003
0.06359446958000003
0.06359446958000003
0.06359446958000003
0.06368663548000005
0.06368663548000005
0.06368663548000005
0.06368663548000005
0.06368663548000005
0.06368663548000005
0.06368663548000005
0.06368663548000005
0.06368663548000005
0.06368663548000005
0.06368663548000005
0.06368663548000005
0.06368663548000005
0.06368663548000005
0.06368663548000005
0.06368663548000005
0.06377880142000004
0.06377880142000004
0.06377880142000004
0.06377880142000004
0.06377880142000004
0.06377880142000004
0.06387096732000004
0.06387096732000004
0.06387096732000004
0.06387096732000004
0.06387096732000004
0.06387096732000004
0.06387096732000004
