0.500460837
0.48433180540000004
0.47373272240000014
0.46110599560000004
0.44506912979999996
0.4265437850000001
0.4101382534000001
0.39889401380000017
0.3895852572000002
0.3818433216000002
0.37576037120000017
0.3685714338
0.36294931080000004
0.35769585560000006
0.3507834134000001
0.3462672844000001
0.3395391754000003
0.33290322860000016
0.32506912960000006
0.3179723538
0.31271889860000013
0.3053456242
0.2983410144
0.29262673000000006
0.288571432
0.2832258088000001
0.27834101600000005
0.27216590032
0.2679262687200001
0.26285714532000004
0.25677419544
0.25299539343999994
0.24976958632
0.24396313592000002
0.23935483979999997
0.23714285848000002
0.23474654400000003
0.23041474684000005
0.22571428692
0.22156682119999996
0.21824884899999997
0.21400921831999997
0.21115207512
0.20764977080000002
0.20442396372000002
0.20138248972000003
0.19714285784000002
0.19447004684000002
0.19179723656000003
0.19041474892000004
0.18847926484000005
0.18691244379999997
0.18359447176
0.18175115295999997
0.18000000163999996
0.17741935575999995
0.17493087648
0.17345622228
0.1715207383
0.1700460845
0.1689400939
0.16847926322000004
0.16682027838000002
0.16460829578000002
0.16294930898000004
0.1620276503
0.16009216634
0.15935483902
0.1579723511
0.15548387190000004
0.15419354934000004
0.15188940222000005
0.15078341176000007
0.15023041572
0.14912442528
0.1487557612
0.14672811030000002
0.14599078395999998
0.14506912487999998
0.14479262748
0.14405529945999995
0.14304147577999995
0.14221198274
0.14138248894
0.14046083085999997
0.1391705077
0.13834101450000003
0.1380645165
0.13741935530000002
0.13677419426000004
0.13529953906
0.13465437734000002
0.13373271890000002
0.13290322610000002
0.13161290350000004
0.13124423970000001
0.13032258102000005
0.12967742042000002
0.12801843338000002
0.12774193602000006
0.12709677422000004
0.12663594438000003
0.12562211946
0.12451612882000002
0.12433179694
0.12377880134000002
0.12313363934000002
0.12285714206000004
0.12248847858000003
0.12156681986000002
0.12129032183999999
0.12119815603999999
0.12092165835999999
0.12046082872
0.12018433104000001
0.1195391702
0.11889400832000002
0.11834101292000003
0.11806451564000002
0.11769585256000001
0.11732718908000002
0.11723502316000003
0.11705069156000002
0.11677419364000002
0.11640553008000003
0.11594470058
0.11529953898
0.11465437794000001
0.11437788002000002
0.11428571402000001
0.11400921642000002
0.11391705062000002
0.11373271902000003
0.11354838722000002
0.11345622122000001
0.11308755722000002
0.11290322522000001
0.11271889334000001
0.11244239562000001
0.11225806374000001
0.11235022942
0.11225806362
0.11198156626000001
0.11161290274
0.11142857094000001
0.11133640514000001
0.11133640514000001
0.11115207294000001
0.11105990714000002
0.11050691166000004
0.11041474576000003
0.11013824808000003
0.10967741900000004
0.10921658980000004
0.10921658980000004
0.10921658980000004
0.10903225788000004
0.10894009188000003
0.10884792608000003
0.10866359420000003
0.10838709672000003
0.10801843264000004
0.10755760320000002
0.10718893968000001
0.10700460788000003
0.10691244184000002
0.10672811004000002
0.10672811004000002
0.10663594436000003
0.10663594436000003
0.10645161236000002
0.10635944644000002
0.10599078304000001
0.10580645144000002
0.10543778792000003
0.10488479224000004
0.10470046036000005
0.10442396284000005
0.10414746536000002
0.10405529956000001
0.10359447028000002
0.10331797276000002
0.10322580696000001
0.10304147504000001
0.10276497744000002
0.10239631366000002
0.10202764986000001
0.10193548384000001
0.10193548384000001
0.10165898615999999
0.10156682016000002
0.10119815666000001
0.10101382506
0.10055299566
0.10046082986
0.10036866406
0.10018433205999999
0.10018433226
0.09981566896
0.09990783496000001
0.09981566916000002
0.09981566896000002
0.09953917126
0.09963133726000001
0.09963133726000001
0.09935483946000001
0.09935483946000001
0.09935483946000001
0.09935483946000001
0.09935483966000003
0.09917050776000004
0.09907834176000004
0.09889400996000003
0.09861751236000003
0.09834101474000004
0.09806451724000004
0.09788018524000003
0.09769585304000003
0.09751152144000003
0.09751152144000003
0.09751152144000003
0.09741935544000002
0.09732718944000003
0.09705069164000003
0.09668202824000004
0.09658986244000003
0.09640553024000002
0.09622119852000005
0.09603686674000005
0.09603686674000005
0.09585253494000004
0.09576036904000004
0.09576036904000004
0.09566820312000003
0.09548387144000003
0.09548387144000003
0.09529953964000004
0.09529953964000004
0.09520737384000004
0.09511520792000004
0.09493087624000003
0.09483871044000004
0.09483871044000004
0.09474654464000004
0.09465437874000003
0.09456221286000004
0.09447004686000003
0.09447004686000003
0.09437788094000002
0.09419354926000002
0.09400921748000003
0.09373271988000004
0.09354838816000005
0.09345622236000004
0.09327189056000003
0.09327189056000003
0.09308755876000002
0.09308755876000002
0.09299539276000003
0.09290322696000004
0.09262672918000003
0.09235023148000003
0.09225806548000003
0.09198156780000005
0.09179723620000005
0.09170507040000003
0.09161290460000006
0.09133640692000004
0.09133640692000004
0.09124424092000004
0.09096774312000004
0.09087557722000005
0.09069124522000005
0.09059907928000005
0.09032258156000003
0.09023041556000003
0.08976958616000003
0.08949308836000001
0.08940092244000003
0.08921659076000005
0.08875576096000003
0.08847926336000005
0.08838709736000004
0.08838709736000004
0.08829493156000004
0.08820276556000003
0.08811059966000002
0.08811059966000002
0.08811059966000002
0.08811059966000002
0.08774193596000002
0.08755760396000001
0.08755760396000001
0.08737327216000003
0.08718894076000001
0.08718894076000001
0.08691244286000002
0.08682027686000002
0.08682027686000002
0.08663594506000002
0.08635944746000002
0.08626728166000001
0.08626728166000001
0.08599078406000002
0.08599078406000002
0.08580645226000003
0.08552995446000003
0.08552995454000001
0.08552995454000001
0.08525345684000002
0.08516129084000001
0.08488479324000003
0.08479262744000003
0.08470046164000003
0.08470046164000003
0.08460829572000003
0.08451612992000004
0.08442396392000004
0.08396313432000004
0.08377880252000003
0.08359447092000004
0.08341013902000004
0.08341013902000004
0.08341013902000004
0.08331797312000004
0.08331797312000004
0.08313364144000003
0.08313364144000003
0.08294930954000003
0.08294930954000003
0.08285714354000003
0.08285714354000003
0.08276497754000003
0.08267281174000002
0.08258064584000004
0.08211981634000003
0.08193548434000002
0.08165898650000003
0.08165898650000003
0.08165898650000003
0.08165898650000003
0.08165898650000003
0.0814746548
0.0814746548
0.08138248880000001
0.08138248880000001
0.081290323
0.081290323
0.081198157
0.08110599110000001
0.08101382530000001
0.08101382530000001
0.08082949364000001
0.08073732774
0.08073732774
0.08055299594000001
0.08046083004
0.08046083004
0.08046083004
0.08046083004
0.08027649834
0.08018433234
0.08009216644
0.08009216644
0.08000000044
0.07981566874
0.07981566874
0.07926267333999999
0.07889400974
0.07898617568
0.07898617568
0.07898617568
0.07898617568
0.07898617568
0.07898617568
0.07880184398000001
0.07880184398000001
0.07870967818
0.07861751228000001
0.07843318048
0.07834101468000002
0.07834101478000001
0.07824884898000001
0.07815668298000002
0.07788018548000002
0.07778801954000002
0.07760368754000002
0.07769585334000001
0.07760368744000001
0.07751152164000001
0.07723502394000001
0.07714285800000002
0.0770506922
0.07695852620000002
0.0768663604
0.07668202864000001
0.07658986274000001
0.07658986274000001
0.07631336494000002
0.07631336494000002
0.07622119914
0.07631336504
0.07612903344000001
0.07603686744
0.07594470144
0.07576036974
0.07576036974
0.07566820374000001
0.07548387190000001
0.07548387190000001
0.07529954004000002
0.07529954004000002
0.07502304224000002
0.07483871054000002
0.07483871054000002
0.07474654454000002
0.07465437864000002
0.07456221274000002
0.07447004684000003
0.07428571514000003
0.07410138324000001
0.07410138324000001
0.07410138324000001
0.07410138324000001
0.07382488576000001
0.07382488576000001
0.07382488576000001
0.07382488566000002
0.07373271966000002
0.07345622206
0.07317972426
0.07317972426
0.07308755836
0.07290322656000002
0.07290322656000002
0.07281106066000001
0.07271889476000001
0.07253456296000002
0.07262672896000003
0.07244239702000002
0.07244239702000002
0.07244239702000002
0.07244239702000002
0.07244239702000002
0.07235023108000002
0.07225806514000002
0.07216589934000002
0.07207373344000004
0.07198156754000004
0.07198156754000004
0.07179723564000004
0.07170506978000005
0.07161290378000004
0.07152073788000003
0.07152073792000004
0.07142857202000004
0.07142857202000004
0.07115207442000003
0.07096774248000004
0.07087557668000004
0.07087557668000004
0.07087557668000004
0.07069124488000006
0.07069124488000006
0.07059907898000006
0.07059907898000006
0.07050691318000006
0.07041474728000005
0.07050691322000005
0.07050691322000005
0.07032258128000005
0.07023041538000005
0.07032258128000005
0.07032258128000005
0.07004608358000004
0.07004608358000004
0.07004608358000004
0.06995391758000004
0.06986175174000003
0.06976958574000004
0.06958525384000004
0.06949308784000004
0.06958525364000004
0.06958525364000004
0.06949308764000003
0.06949308764000003
0.06949308764000003
0.06940092184000003
0.06930875594000004
0.06930875594000004
0.06921658994000003
0.06912442394000003
0.06894009224000003
0.06857142868000003
0.06829493108000002
0.06820276518000004
0.06811059918000004
0.06801843338000003
0.06801843338000003
0.06801843338000003
0.06792626758000003
0.06792626758000003
0.06764976968000003
0.06746543778000003
0.06746543778000003
0.06737327198000002
0.06728110618000004
0.06718894038000003
0.06709677438000003
0.06700460844000003
0.06691244250000003
0.06691244250000003
0.06691244250000003
0.06691244250000003
0.06691244250000003
0.06672811070000004
0.06654377870000003
0.06654377870000003
0.06654377870000003
0.06654377870000003
0.06654377870000003
0.06654377870000003
0.06654377870000003
0.06645161290000003
0.06645161290000003
0.06645161290000003
0.06645161290000003
0.06626728130000002
0.06617511530000003
0.06617511530000003
0.06608294940000002
0.06599078350000002
0.06580645180000003
0.06571428580000002
0.06562211990000003
0.06552995400000003
0.06543778800000002
0.06543778800000002
0.06543778800000002
0.06543778800000002
0.06543778800000002
0.06543778800000002
0.06525345626000002
0.06516129036000003
0.06506912446000003
0.06497695856000002
0.06497695856000002
0.06479262676000003
0.06470046086000003
0.06442396296000003
0.06442396296000003
0.06442396296000003
0.06442396296000003
0.06433179706000003
0.06423963112000003
0.06414746522000002
0.06414746522000002
0.06414746522000002
0.06405529932000004
0.06387096752000004
0.06377880162000003
0.06368663582000003
0.06359446992000004
0.06359446992000004
0.06350230402000004
0.06341013812000003
0.06341013826000004
0.06350230416000004
0.06359447016000003
0.06359447016000003
0.06341013842000003
0.06341013842000003
0.06341013842000003
0.06341013842000003
0.06331797242000002
0.06331797242000002
0.06322580662000003
0.06313364082000002
0.06304147496000002
0.06304147492000003
0.06276497722000003
0.06258064542000003
0.06248847952000003
0.06230414772000002
0.06221198178000002
0.062027649840000025
0.062027649840000025
0.062027649840000025
0.062027649740000024
0.06184331788000001
0.06184331788000001
0.061474654240000016
0.06138248834000001
0.06138248834000001
0.06147465424000001
0.061382488240000005
0.061290322380000005
0.061290322380000005
0.061198156520000005
0.061198156520000005
0.061105990620000016
0.061013824760000016
0.06082949296000001
0.06073732716
0.06073732716
0.06082949296000001
0.06082949296000001
0.06073732710000001
0.0606451613
0.06055299540000001
0.06046082960000001
0.06046082960000001
0.06046082960000001
0.06046082960000001
0.06046082956000001
0.06046082970000002
0.06027649804000001
0.060184332240000006
0.060276498100000006
0.060276498100000006
0.060276498100000006
0.0601843322
0.0601843322
0.060092166300000006
0.060092166300000006
0.060092166300000006
0.0601843322
0.0601843322
0.06009216620000001
0.06009216620000001
0.060184332140000005
0.06009216634
0.06009216634
0.060000000440000006
0.060000000440000006
0.060000000440000006
0.05990783464000002
0.05972350274000001
0.05963133684000001
0.05944700500000002
0.05944700500000002
0.05935483910000002
0.05935483910000002
0.05935483910000002
0.059447005000000025
0.05935483910000002
0.05926267330000002
0.05926267330000002
0.05926267330000002
0.05926267330000002
0.05917050736000002
0.05917050736000002
0.05917050732000002
0.05917050732000002
0.059262673260000016
0.059262673260000016
0.05917050726000001
0.05917050726000001
0.05917050726000001
0.05917050726000001
0.05917050726000001
0.05917050726000001
0.05907834136000001
0.059078341360000015
0.05898617546000001
0.05898617546000001
0.05889400966000002
0.05889400966000002
0.05889400966000002
0.05889400956000002
0.058801843760000014
0.058801843760000014
0.058801843760000014
0.058801843660000006
0.05870967772
0.058525345920000006
0.058525345920000006
0.05834101408
0.05834101408
0.05834101408
0.05834101408
0.05834101408
0.05824884818000001
0.05824884818000001
0.05834101404000001
0.05834101404000001
0.05834101404000001
0.05834101404000001
0.05834101404000001
0.05834101404000001
0.058433179980000007
0.058433179980000007
0.058433179980000007
0.058433179980000007
0.05852534588000001
0.05852534588000001
0.05834101404000002
0.05824884824000001
0.05824884824000001
0.05815668230000002
0.058064516300000014
0.05797235050000002
0.057972350460000016
0.05788018456000002
0.05769585286000003
0.057603686860000024
0.057603686860000024
0.057603686860000024
0.05751152096000003
0.05732718926000002
0.05741935506000002
0.05751152096000002
0.05751152096000002
0.057419355060000024
0.05732718912000002
0.05723502326000002
0.05723502326000002
0.05723502326000002
0.05723502326000002
0.05723502326000002
0.05732718912000002
0.05732718912000002
0.05732718912000002
0.057235023220000014
0.057327189080000014
0.057327189080000014
0.05714285720000002
0.05714285720000002
0.05695852536000002
0.05695852536000002
0.05695852536000002
0.056866359460000016
0.056866359460000016
0.056774193560000026
0.056774193560000026
0.056774193560000026
0.056774193560000026
0.056774193560000026
0.056774193560000026
0.05658986176000002
0.05658986176000002
0.05658986176000002
0.05649769582000002
0.056405529920000017
0.056405529920000017
0.05631336406000002
0.05631336406000002
0.05622119816000002
0.05622119816000002
0.05612903226000003
0.05612903226000003
0.05612903226000003
0.05612903226000003
0.05612903226000003
0.05612903226000003
0.05612903226000003
0.05612903226000003
0.056036866360000034
0.056036866360000034
0.056129032220000034
0.056129032220000034
0.056129032220000034
0.056129032220000034
0.056129032220000034
0.05622119812000003
0.05612903222000003
0.05622119816000002
0.05612903216000002
0.05612903216000002
0.05603686630000002
0.05594470050000002
0.055852534500000016
0.055852534500000016
0.055852534500000016
0.055760368640000016
0.05566820274000002
0.05566820274000002
0.055576036840000016
0.055576036840000016
0.055576036840000016
0.055668202700000016
0.055576036700000025
0.055576036700000025
0.05539170498000002
0.05539170498000002
0.05520737328000002
0.05520737328000002
0.05520737328000002
0.05520737328000002
0.05520737328000002
0.05520737328000002
0.05520737328000002
0.05520737328000002
0.05520737328000002
0.05520737328000002
0.05520737328000002
0.05529953922000001
0.055207373320000024
0.05529953922000003
0.05520737342000002
0.05511520748000001
0.05511520748000001
0.05483870992000002
0.05465437826000001
0.05456221240000001
0.05456221240000001
0.05456221240000001
0.05456221240000001
0.05465437826000001
0.05465437826000001
0.05465437826000001
0.05465437826000001
0.05465437826000001
0.05465437826000001
0.05465437826000001
0.05465437826000001
0.05465437826000001
0.05465437826000001
0.05456221236000001
0.054470046420000015
0.054562212280000015
0.054562212280000015
0.054562212280000015
0.05437788044000001
0.05410138274000001
0.054009216880000016
0.05400921684000002
0.05400921684000002
0.053917050940000016
0.053917050940000016
0.053917050940000016
0.053917050940000016
0.053917050940000016
0.053917050940000016
0.053917050940000016
0.053917050940000016
0.05400921684000001
0.05391705090000001
0.05382488496000001
0.05382488496000001
0.05382488496000001
0.05382488496000001
0.05382488496000001
0.05382488496000001
0.05382488496000001
0.05382488496000001
0.05391705090000001
0.05400921684000002
0.05400921684000002
0.05400921684000002
0.05391705094000002
0.05391705094000002
0.05391705094000002
0.05391705094000002
0.05391705094000002
0.05391705094000002
0.05382488504000002
0.05382488504000002
0.05373271910000001
0.053640553200000024
0.05354838730000002
0.05345622144000002
0.05345622144000002
0.053364055500000014
0.05327188960000001
0.053179723700000014
0.053179723700000014
0.053179723700000014
0.05308755776000001
0.05308755776000001
0.05308755776000001
0.05308755776000001
0.05299539190000001
0.05299539190000001
0.05299539190000001
0.05299539190000001
0.05299539190000001
0.05299539190000001
0.05299539190000001
0.05299539190000001
0.052903226100000006
0.052903226100000006
0.052903226100000006
0.05281106020000001
0.05271889426
0.05262672826000001
0.05253456236000001
0.05244239650000001
0.05244239650000001
0.05244239650000001
0.05244239658000001
0.05244239658000001
0.052350230680000005
0.052350230680000005
0.052350230680000005
0.05225806478000001
0.05225806478000001
0.05225806478000001
0.05225806478000001
0.05216589892
0.05216589892
0.05216589892
0.052073733020000006
0.051981567080000006
0.05207373298
0.05207373298
0.05207373298
0.051981567080000006
0.051981567080000006
0.051981567080000006
0.052073733020000006
0.052073733020000006
0.052073733020000006
0.052073733020000006
0.051981567160000006
0.051981567160000006
0.051981567160000006
0.051981567160000006
0.051981567160000006
0.05188940126000001
0.05188940126000001
0.05188940126000001
0.05188940126000001
0.05198156716000001
0.05198156716000001
0.05198156716000001
0.05198156716000001
0.05188940126000001
0.05188940126000001
0.05188940126000001
0.05179723536000002
0.05179723536000002
0.05179723536000002
0.05179723536000002
0.05170506946000002
0.05170506946000002
0.05179723536000002
0.05179723536000002
0.05188940126000001
0.05188940126000001
0.05188940126000001
0.05188940126000001
0.05188940126000001
0.05188940126000001
0.05188940126000001
0.05179723536000002
0.05179723536000002
0.05188940122000002
0.05188940122000002
0.05188940122000002
0.05188940122000002
0.05188940122000002
0.05188940122000002
0.05188940122000002
0.05188940122000002
0.05188940122000002
0.05188940122000002
0.05188940122000002
0.05170506928000001
0.05170506928000001
0.05170506928000001
0.05170506928000001
0.05170506928000001
0.05170506928000001
0.05170506928000001
0.05170506928000001
0.05170506928000001
0.05170506928000001
0.05170506928000001
0.05170506928000001
0.05179723518000001
0.05179723518000001
0.05179723518000001
0.05179723518000001
0.05170506928000001
0.05170506928000001
0.05179723518000001
0.05179723518000001
0.05188940108000001
0.05188940108000001
0.05188940108000001
0.05198156694000001
0.05198156694000001
0.05198156694000001
0.05198156694000001
0.05198156694000001
0.05198156694000001
0.05198156694000001
0.05198156694000001
0.05188940114000001
0.05188940114000001
0.05188940114000001
0.05179723520000001
0.05179723520000001
0.05179723520000001
0.05179723520000001
0.05179723520000001
0.05179723520000001
0.05179723520000001
0.05179723520000001
0.05179723520000001
