0.5070046199999999
0.3039631394800001
0.19963133934000002
0.18092166235999996
0.16940092412
0.15281106241999998
0.14608295166
0.13944700646
0.13456221364000004
0.13188940268
0.12912442472000002
0.12331797332
0.1185253469
0.11760368828000005
0.11695852702000005
0.11585253626000006
0.10995391876000005
0.10746544010000005
0.10387096954000004
0.10377880380000004
0.10396313546000002
0.10423963304000003
0.10506912582
0.10451613020000003
0.09963133770000004
0.09898617646000003
0.09907834244
0.09981566952000001
0.10009216726000002
0.10046083090000002
0.10110599193999999
0.10165898741999997
0.10193548511999997
0.10193548508
0.10211981637999999
0.10248847957999999
0.10294930898000003
0.10294930898000003
0.10304147518000002
0.10331797278
0.10350230451999998
0.10322580682
0.10304147508
0.10276497758
0.10156682058000001
0.09631336448
0.09631336467999999
0.09529953937999998
0.08986175128
0.08995391717999998
0.09023041501999998
0.09013824911999999
0.09023041471999999
0.09059907812000001
0.09078340991999999
0.09096774142000001
0.09096774142000001
0.09096774142000001
0.09105990742000002
0.09115207332000001
0.09124423922000002
0.09152073698000002
0.09170506872000002
0.09198156656000002
0.09198156656000003
0.09207373246000004
0.09216589822000004
0.09235023002000003
0.09235023012000003
0.09244239592000002
0.09244239602000003
0.09235023002000002
0.09262672782
0.09225806428
0.09161290257999999
0.08903225767999999
0.08543778734000003
0.08552995320000005
0.08497695798000005
0.08322580592000003
0.07889400862000004
0.07843317922000004
0.07843317922000004
0.07843317922000004
0.07843317922000004
0.07843317922000004
0.07843317922000004
0.07843317922000004
0.07880184242000005
0.07870967652000005
0.07880184232000005
0.07889400822000005
0.07889400822000005
0.07880184236000005
0.07870967656000005
0.07870967656000005
0.07870967656000005
0.07880184216000004
0.07870967626000006
0.07870967632000005
0.07870967632000005
0.07861751032000004
0.07861751032000004
0.07870967632000003
0.07870967632000003
0.07870967638000004
0.07861751038000003
0.07852534448000004
0.07852534448000004
0.07861751048000004
0.07870967628000003
0.07870967628000003
0.07870967648000003
0.07880184238000004
0.07870967648000005
0.07861751048000004
0.07861751048000004
0.07861751044000004
0.07861751044000004
0.07861751044000004
0.07880184214000004
0.07880184214000004
0.07870967620000005
0.07861751020000005
0.07861751020000005
0.07852534430000005
0.07852534440000004
0.07861751034000003
0.07861751034000003
0.07861751034000003
0.07852534444000005
0.07861751028000002
0.07861751028000002
0.07852534438000003
0.07843317858000003
0.07834101268000003
0.07852534438000004
0.07852534438000004
0.07852534438000004
0.07843317858000004
0.07834101258000004
0.07824884678000003
0.07806451518000002
0.07788018328000003
0.07788018328000003
0.07778801748000003
0.07769585158000003
0.07769585158000003
0.07769585158000003
0.07760368558000003
0.07760368558000003
0.07760368558000003
0.07751151978000002
0.07769585162000002
0.07769585162000002
0.07778801752000003
0.07769585158000003
0.07769585158000003
0.07769585158000003
0.07769585158000003
0.07769585158000003
0.07778801752000003
0.07769585162000002
0.07760368582000002
0.07751151992000002
0.07741935392000002
0.07751151982000001
0.07751151982000001
0.07741935392000002
0.07741935392000002
0.07741935392000002
0.07751151986000002
0.07741935396000002
0.07751151986000002
0.07760368576000003
0.07760368576000003
0.07769585176000002
0.07778801766000001
0.07788018356
0.07788018356
0.07788018356
0.07806451526000001
0.07806451526000001
0.07806451526000001
0.07806451526000001
0.07806451526000001
0.07806451526000001
0.07806451526000001
0.07806451506
0.07797234926000002
0.07788018336000001
0.07788018336000001
0.07788018336000001
0.07797234930000001
0.07797234930000001
0.07797234930000001
0.07797234930000001
0.07797234930000001
0.07806451520000002
0.07806451520000002
0.07806451520000002
0.07797234930000002
0.07797234930000002
0.07797234930000002
0.07788018340000002
0.07778801750000003
0.07778801750000003
0.07778801750000003
0.07778801750000003
0.07778801750000003
0.07778801750000003
0.07778801750000003
0.07778801750000003
0.07769585170000001
0.07769585170000001
0.07760368580000002
0.07760368580000002
0.07751151980000003
0.07751151980000003
0.07751151980000003
0.07751151980000003
0.07751151980000003
0.07751151980000003
0.07751151980000003
0.07751151980000003
0.07741935400000002
0.07732718810000001
0.07732718810000001
0.07732718810000001
0.07741935390000002
0.07741935390000002
0.07732718820000001
0.07723502240000002
0.07723502240000002
0.07723502240000002
0.07723502240000002
0.07714285660000002
0.07714285660000002
0.07705069070000002
0.07705069070000002
0.07705069070000002
0.07705069070000002
0.07705069070000002
0.07705069070000002
0.07695852480000002
0.07695852480000002
0.07686635890000003
0.07686635890000003
0.07686635890000003
0.07677419310000003
0.07668202720000003
0.07668202720000003
0.07658986130000005
0.07649769540000004
0.07640552960000004
0.07640552960000004
0.07640552960000004
0.07631336390000003
0.07631336390000003
0.07622119810000004
0.07622119810000004
0.07612903230000004
0.07612903230000004
0.07612903230000004
0.07612903230000004
0.07612903230000004
0.07612903230000004
0.07612903230000004
0.07603686650000002
0.07603686660000002
0.07603686660000002
0.07603686660000002
0.07603686660000002
0.07612903260000002
0.07603686670000002
0.07603686670000002
0.07603686670000002
0.07603686670000002
0.07603686670000002
0.07603686670000002
0.07594470080000003
0.07594470080000003
0.07585253480000004
0.07585253480000004
0.07576036890000003
0.07576036890000003
0.07566820296000003
0.07548387116000002
0.07548387116000002
0.07548387116000002
0.07548387116000002
0.07539170536000002
0.07539170556000002
0.07539170556000002
0.07529953966000003
0.07529953966000003
0.07529953966000003
0.07520737386000002
0.07520737386000002
0.07529953976000002
0.07502304216000003
0.07502304216000003
0.07502304216000003
0.07502304216000003
0.07502304216000003
0.07502304216000003
0.07502304216000003
0.07502304216000003
0.07502304216000003
0.07502304216000003
0.07502304216000003
0.07502304216000003
0.07502304216000003
0.07502304216000003
0.07502304216000003
0.07502304216000003
0.07502304206000003
0.07502304206000003
0.07502304206000003
0.07502304206000003
0.07493087626000001
0.07493087626000001
0.07493087626000001
0.07483871036000003
0.07493087606000003
0.07493087606000003
0.07493087606000003
0.07493087606000003
0.07493087606000003
0.07502304200000004
0.07493087620000004
0.07493087620000004
0.07493087620000004
0.07493087620000004
0.07483871030000003
0.07483871030000003
0.07483871030000003
0.07483871030000003
0.07474654450000003
0.07465437860000003
0.07465437860000003
0.07465437860000003
0.07465437860000003
0.07456221270000003
0.07465437860000003
0.07474654450000003
0.07474654450000003
0.07474654450000003
0.07483871040000002
0.07474654450000003
0.07474654450000003
0.07474654450000003
0.07474654450000003
0.07474654450000003
0.07474654450000003
0.07474654450000003
0.07465437860000003
0.07465437860000003
0.07465437860000003
0.07465437860000003
0.07465437860000003
0.07465437860000003
0.07465437860000003
0.07474654450000003
0.07474654450000003
0.07474654450000003
0.07474654450000003
0.07474654450000003
0.07483871040000002
0.07483871040000002
0.07483871040000002
0.07483871040000002
0.07474654450000003
0.07474654450000003
0.07474654450000003
0.07474654450000003
0.07474654450000003
0.07474654450000003
0.07474654450000003
0.07474654450000003
0.07483871050000003
0.07474654460000003
0.07474654460000003
0.07474654460000003
0.07474654460000003
0.07474654460000003
0.07474654460000003
0.07474654460000003
0.07474654460000003
0.07483871050000003
0.07483871050000003
0.07483871050000003
0.07493087640000003
0.07493087640000003
0.07493087640000003
0.07493087640000003
0.07474654450000003
0.07474654450000003
0.07474654450000003
0.07474654450000003
0.07474654450000003
0.07474654450000003
0.07474654450000003
0.07474654450000003
0.07474654450000003
0.07474654450000003
0.07474654450000003
0.07474654456000003
0.07474654456000003
0.07474654456000003
0.07474654456000003
0.07474654456000003
0.07465437866000003
0.07465437866000003
0.07465437866000003
0.07465437866000003
0.07465437866000003
0.07465437866000003
0.07447004686000003
0.07447004686000003
0.07437788096000003
0.07437788096000003
0.07437788096000003
0.07437788096000003
0.07437788096000003
0.07437788096000003
0.07456221276000004
0.07456221276000004
0.07456221276000004
0.07456221276000004
0.07456221276000004
0.07456221276000004
0.07456221276000004
0.07456221276000004
0.07456221276000004
0.07456221276000004
0.07456221276000004
0.07456221276000004
0.07456221276000004
0.07456221276000004
0.07465437866000003
0.07465437866000003
0.07465437866000003
0.07465437866000003
0.07465437866000003
0.07465437866000003
0.07456221286000003
0.07447004692000003
0.07447004692000003
0.07447004692000003
0.07447004692000003
0.07437788102000004
0.07437788102000004
0.07437788102000004
0.07447004682000004
0.07437788092000004
0.07447004672000004
0.07437788082000005
0.07437788082000005
0.07437788082000005
0.07437788082000005
0.07437788082000005
0.07437788082000005
0.07437788082000005
0.07437788082000005
0.07447004672000004
0.07447004672000004
0.07447004672000004
0.07447004672000004
0.07447004672000004
0.07447004672000004
0.07447004672000004
0.07447004672000004
0.07456221266000004
0.07456221266000004
0.07447004676000005
0.07447004676000005
0.07456221256000005
0.07456221256000005
0.07447004666000005
0.07447004666000005
0.07447004666000005
0.07447004666000005
0.07447004666000005
0.07447004666000005
0.07447004666000005
0.07447004666000005
0.07447004666000005
0.07456221246000005
0.07465437846000005
0.07465437846000005
0.07465437846000005
0.07465437846000005
0.07465437846000005
0.07465437846000005
0.07465437846000005
0.07456221252000005
0.07456221252000005
0.07456221252000005
0.07456221252000005
0.07465437852000005
0.07465437852000005
0.07465437852000005
0.07465437852000005
0.07465437852000005
0.07474654442000003
0.07474654442000003
0.07474654442000003
0.07474654442000003
0.07474654442000003
0.07465437862000003
0.07465437862000003
0.07465437862000003
0.07465437862000003
0.07483871042000004
0.07483871042000004
0.07483871042000004
0.07483871042000004
0.07483871042000004
0.07483871042000004
0.07483871042000004
0.07483871042000004
0.07483871042000004
0.07483871042000004
0.07483871042000004
0.07483871042000004
0.07483871042000004
0.07483871042000004
0.07483871042000004
0.07483871042000004
0.07493087632000005
0.07493087632000005
0.07493087632000005
0.07493087632000005
0.07493087632000005
0.07493087632000005
0.07483871042000005
0.07483871042000005
0.07483871042000005
0.07483871042000005
0.07483871042000005
0.07483871042000005
0.07483871042000005
0.07483871042000005
0.07483871042000005
0.07493087632000005
0.07493087632000005
0.07483871052000005
0.07483871052000005
0.07483871052000005
0.07483871052000005
0.07483871052000005
0.07456221292000004
0.07456221292000004
0.07456221292000004
0.07447004702000003
0.07456221302000002
0.07456221302000002
0.07456221302000002
0.07456221302000002
0.07456221302000002
0.07447004712000002
0.07447004712000002
0.07447004712000002
0.07447004712000002
0.07447004712000002
0.07437788118000004
0.07437788118000004
0.07437788118000004
0.07456221288000003
0.07465437878000003
0.07465437878000003
0.07474654458000003
0.07474654458000003
0.07465437868000004
0.07465437868000004
0.07465437868000004
0.07465437868000004
0.07465437868000004
0.07465437868000004
0.07465437868000004
0.07465437868000004
0.07465437868000004
0.07474654458000003
0.07474654458000003
0.07474654458000003
0.07474654458000003
0.07474654458000003
0.07465437868000004
0.07465437868000004
0.07465437868000004
0.07465437868000004
0.07456221274000004
0.07456221274000004
0.07456221274000004
0.07456221274000004
0.07456221274000004
0.07456221274000004
0.07456221274000004
0.07456221274000004
0.07456221274000004
0.07456221274000004
0.07447004694000003
0.07447004694000003
0.07447004694000003
0.07447004694000003
0.07447004694000003
0.07437788100000003
0.07437788100000003
0.07437788100000003
0.07437788100000003
0.07437788100000003
0.07437788100000003
0.07456221274000004
0.07456221274000004
0.07456221274000004
0.07456221274000004
0.07447004684000003
0.07447004684000003
0.07465437864000003
0.07456221284000003
0.07456221284000003
0.07456221284000003
0.07456221284000003
0.07456221284000003
0.07456221284000003
0.07456221284000003
0.07447004694000002
0.07447004694000002
0.07447004694000002
0.07447004694000002
0.07447004694000002
0.07437788100000002
0.07437788100000002
0.07437788100000002
0.07437788100000002
0.07437788100000002
0.07437788100000002
0.07437788100000002
0.07437788100000002
0.07456221270000003
0.07456221270000003
0.07456221270000003
0.07456221270000003
0.07447004680000004
0.07447004680000004
0.07447004680000004
0.07447004680000004
0.07447004680000004
0.07447004680000004
0.07447004680000004
0.07447004680000004
0.07447004680000004
0.07447004680000004
0.07447004680000004
0.07447004680000004
0.07447004680000004
0.07447004680000004
0.07447004680000004
0.07447004680000004
0.07447004680000004
0.07456221270000003
0.07456221270000003
0.07465437864000003
0.07465437864000003
0.07465437864000003
0.07465437864000003
0.07465437864000003
0.07456221274000004
0.07456221274000004
0.07456221274000004
0.07456221274000004
0.07456221274000004
0.07456221274000004
0.07456221274000004
0.07447004684000004
0.07447004684000004
0.07437788104000004
0.07437788104000004
0.07437788104000004
0.07428571504000003
0.07428571504000003
0.07428571504000003
0.07428571504000003
0.07428571504000003
0.07428571504000003
0.07428571504000003
0.07428571504000003
0.07428571504000003
0.07437788094000003
0.07437788094000003
0.07437788094000003
0.07447004684000003
0.07447004684000003
0.07447004684000003
0.07447004684000003
0.07447004684000003
0.07437788094000003
0.07437788094000003
0.07437788094000003
0.07419354910000003
0.07419354900000003
0.07428571490000002
0.07428571490000002
0.07428571490000002
0.07428571490000002
0.07428571490000002
0.07428571490000002
0.07428571490000002
0.07428571490000002
0.07428571490000002
0.07428571490000002
0.07428571490000002
0.07428571490000002
0.07428571490000002
0.07428571490000002
0.07428571490000002
0.07419354900000003
0.07419354900000003
0.07419354900000003
0.07419354900000003
0.07419354900000003
0.07428571490000002
0.07428571490000002
0.07419354900000003
0.07419354900000003
0.07419354900000003
0.07419354900000003
0.07419354900000003
0.07419354900000003
0.07437788084000002
0.07437788084000002
0.07437788084000002
0.07437788084000002
0.07428571494000002
0.07428571494000002
0.07428571494000002
0.07428571494000002
0.07428571494000002
0.07410138314000003
0.07410138314000003
0.07410138314000003
0.07410138314000003
0.07410138314000003
0.07410138314000003
0.07410138314000003
0.07410138314000003
0.07410138314000003
0.07410138314000003
0.07410138314000003
0.07410138314000003
0.07410138314000003
0.07410138314000003
0.07410138314000003
0.07410138314000003
0.07410138314000003
0.07419354904000004
0.07419354904000004
0.07428571504000003
0.07428571504000003
0.07428571504000003
0.07428571504000003
0.07428571504000003
0.07428571504000003
0.07419354910000003
0.07419354910000003
0.07419354910000003
0.07419354910000003
0.07419354910000003
0.07419354910000003
0.07428571504000005
0.07428571504000005
0.07428571504000005
0.07428571504000005
0.07419354904000004
0.07419354904000004
0.07419354904000004
0.07419354904000004
0.07419354904000004
0.07419354904000004
0.07419354904000004
0.07419354904000004
0.07419354904000004
0.07419354904000004
0.07410138310000003
0.07410138310000003
0.07400921720000003
0.07400921720000003
0.07400921720000003
0.07400921720000003
0.07410138320000004
0.07410138320000004
0.07410138320000004
0.07410138320000004
0.07410138320000004
0.07419354910000003
0.07419354910000003
0.07419354910000003
0.07419354910000003
0.07419354910000003
0.07419354910000003
0.07419354910000003
0.07428571500000003
0.07428571500000003
0.07428571500000003
0.07428571500000003
0.07428571500000003
0.07428571500000003
0.07428571500000003
0.07437788090000003
0.07437788090000003
0.07437788090000003
0.07437788090000003
0.07437788090000003
0.07447004684000003
0.07447004684000003
0.07447004684000003
0.07447004684000003
0.07447004684000003
0.07447004684000003
0.07428571504000003
0.07437788094000003
0.07437788094000003
0.07428571504000003
0.07437788098000003
0.07447004692000003
0.07447004692000003
0.07447004692000003
0.07447004692000003
0.07456221282000003
0.07447004692000002
0.07447004692000002
0.07456221282000003
0.07465437872000001
0.07465437872000001
0.07465437872000001
0.07465437872000001
0.07465437872000001
0.07465437872000001
0.07465437872000001
0.07474654462000002
0.07474654462000002
0.07474654462000002
0.07474654462000002
0.07474654462000002
0.07474654462000002
0.07474654462000002
0.07474654462000002
0.07465437872000003
0.07465437872000003
0.07465437872000003
0.07465437872000003
0.07456221282000003
0.07456221282000003
0.07456221282000003
0.07447004692000003
0.07447004692000003
0.07447004692000003
0.07447004692000003
0.07447004692000003
0.07437788098000003
0.07437788098000003
0.07428571508000002
0.07428571508000002
0.07428571508000002
0.07428571508000002
0.07428571508000002
0.07428571508000002
0.07428571508000002
0.07428571508000002
0.07428571508000002
0.07428571508000002
0.07428571508000002
0.07419354918000003
0.07419354918000003
0.07419354918000003
0.07419354918000003
0.07410138328000003
0.07410138328000003
0.07410138328000003
0.07400921734000003
0.07400921734000003
0.07410138324000003
0.07400921734000003
0.07400921734000003
0.07391705134000003
0.07391705134000003
0.07382488544000003
0.07382488544000003
0.07382488544000003
0.07382488544000003
0.07391705134000003
0.07391705134000003
0.07391705134000003
0.07391705134000003
0.07391705134000003
0.07391705134000003
0.07391705134000003
0.07391705134000003
0.07391705134000003
0.07382488544000003
0.07382488544000003
0.07382488544000003
0.07382488544000003
0.07382488544000003
0.07382488544000003
0.07382488544000003
0.07382488544000003
0.07382488544000003
0.07382488544000003
0.07373271950000003
0.07373271950000003
0.07364055360000003
0.07364055360000003
0.07373271954000002
0.07373271944000002
0.07373271944000002
0.07364055354000003
0.07364055354000003
0.07364055354000003
0.07364055354000003
0.07364055354000003
0.07364055354000003
0.07373271914000003
0.07373271914000003
0.07373271914000003
0.07373271914000003
0.07373271914000003
0.07373271914000003
0.07373271914000003
0.07373271914000003
0.07373271914000003
0.07373271914000003
0.07373271914000003
0.07382488504000002
0.07382488504000002
0.07382488504000002
0.07382488504000002
0.07382488504000002
0.07391705094000003
0.07391705094000003
0.07391705094000003
0.07391705094000003
0.07391705094000003
0.07400921684000003
0.07400921684000003
0.07400921684000003
0.07400921684000003
0.07400921684000003
0.07400921684000003
0.07400921684000003
0.07400921684000003
0.07400921684000003
0.07400921684000003
0.07400921684000003
0.07400921684000003
0.07400921684000003
0.07400921684000003
0.07400921684000003
0.07400921684000003
0.07400921684000003
0.07400921684000003
0.07400921684000003
0.07400921684000003
0.07400921684000003
0.07400921684000003
0.07400921684000003
0.07400921684000003
0.07400921684000003
0.07400921684000003
0.07400921684000003
0.07400921684000003
0.07400921684000003
0.07410138274000003
0.07410138274000003
0.07410138274000003
0.07400921684000003
0.07400921684000003
0.07400921684000003
0.07400921684000003
0.07400921684000003
0.07400921684000003
0.07400921684000003
0.07400921684000003
0.07400921684000003
0.07391705090000002
0.07391705090000002
0.07391705090000002
0.07391705090000002
0.07391705090000002
0.07391705090000002
0.07391705090000002
0.07391705090000002
0.07391705090000002
0.07391705090000002
0.07391705090000002
0.07391705090000002
0.07391705090000002
0.07391705090000002
0.07391705090000002
0.07391705090000002
