0.5297695959999998
0.5117050769999999
0.48036866500000003
0.4491244267999999
0.42248847880000007
0.4060829544000001
0.39124424319999995
0.3753917074000001
0.36313364279999993
0.35069124459999995
0.3408294947999999
0.3289400928
0.3202764986
0.31456221240000004
0.30783410328000005
0.3033179730800001
0.29658986507999996
0.28838709900000004
0.281382491
0.2720737341200001
0.26470046192
0.25677419488
0.24506912540000003
0.23815668439999998
0.23069124540000008
0.22479262620000004
0.21852534600000006
0.21244239791999997
0.20866359499999998
0.20175115232000004
0.19557603624000006
0.19069124599999998
0.1858064526
0.18304147535999998
0.17861751228000003
0.17391705176000002
0.16903225972000002
0.16543778832
0.16294930911999997
0.16009216704
0.15788018564
0.15539170636000005
0.15345622184000002
0.15152073840000002
0.1499539182
0.14884792676
0.14755760404
0.14608294928
0.14488479252000003
0.14433179748
0.14350230419999999
0.14221198244
0.14175115244
0.140737328
0.14027649828
0.13953917100000002
0.13806451760000002
0.13760368752000002
0.13658986284000002
0.1359447008
0.1356682032
0.1349308764
0.13428571528
0.13373271988
0.13253456308
0.13188940208000002
0.13170507020000005
0.13105990868000003
0.13050691256
0.13013824916
0.12976958555999998
0.12949308816
0.12921659064
0.12838709744
0.12811059983999998
0.12801843375999997
0.12764977004
0.12718894047999998
0.12663594519999996
0.12608294991999996
0.12599078411999998
0.12589861872
0.12525345744000002
0.12488479344
0.12470046144
0.12414746623999999
0.12359447099999998
0.12313364112
0.12248847964
0.12211981624
0.12193548464000001
0.12202765076000002
0.12175115316000001
0.12156682144000001
0.12110599236000003
0.12101382656000002
0.12064516276000001
0.12018433308000001
0.11981566950000001
0.11963133786
0.11944700608
0.1189861762
0.118525347
0.11824884932
0.11797235152
0.11797235152
0.11760368812
0.11723502431999998
0.11723502431999998
0.11714285835999999
0.11705069235999999
0.11686636035999999
0.11658986251999998
0.11631336479999999
0.11612903307999996
0.11576036895999996
0.11529953943999997
0.11502304195999997
0.11502304195999997
0.11483870995999997
0.11456221255999997
0.11437788079999998
0.11410138339999999
0.11391705172
0.1136405538
0.11327189007999999
0.11271889456
0.11253456267999999
0.11253456267999999
0.11216589964000004
0.11207373364000002
0.11188940192000002
0.11142857244000001
0.11105990916000001
0.11087557736000003
0.11087557736000003
0.11069124524000003
0.11059907932000003
0.11032258132000003
0.11013824932000002
0.10995391760000002
0.10986175168000002
0.10958525428000003
0.10940092248000002
0.10912442476000002
0.10884792716000004
0.10866359556000002
0.10829493186000004
0.10811060014000004
0.10801843434000004
0.10774193652000003
0.10764977064000003
0.10755760484000003
0.10728110744000002
0.10700460984000003
0.10654378024000004
0.10645161424000003
0.10635944844000005
0.10608295052000002
0.10599078464000002
0.10589861876000002
0.10525345668
0.10525345668
0.10506912488000002
0.10479262708
0.10433179762000001
0.10396313402000003
0.10368663630000002
0.10341013842000002
0.10322580670000005
0.10313364070000004
0.10285714300000004
0.10258064520000003
0.10202764996000001
0.10184331816000002
0.10147465426000002
0.10119815656000002
0.10110599076000001
0.10101382484000002
0.10082949294000003
0.10073732694000002
0.10046082926000002
0.10046082926000002
0.10036866326000002
0.10027649736000001
0.10027649736000001
0.10018433146000001
0.09999999998000002
0.09963133638000005
0.09935483898000003
0.09935483898000003
0.09917050718000002
0.09907834150000001
0.09907834150000001
0.09898617550000002
0.09870967766000004
0.09861751176000003
0.09852534576000002
0.09843317996000002
0.09834101428000003
0.09815668228000002
0.09778801858000001
0.09778801858000001
0.09760368688000001
0.09751152088000001
0.09751152078000003
0.09732718878000002
0.09723502286000002
0.09732718866000002
0.09732718866000002
0.09705069078
0.09686635898000001
0.09658986146
0.09649769566000002
0.09640552976
0.09631336396000002
0.09603686656000003
0.09557603716000003
0.09557603716000003
0.09529953954000003
0.09529953954000003
0.09483870974000004
0.09456221206000003
0.09447004606000002
0.09437788006000002
0.09419354846000003
0.09419354838000002
0.09382488490000006
0.09345622120000004
0.09317972360000004
0.09299539200000005
0.09271889420000004
0.09244239650000002
0.09216589860000003
0.09207373280000003
0.09198156688
0.09170506898000001
0.09161290298000001
0.09152073708
0.09152073708
0.09142857108
0.09133640508000002
0.09105990748
0.09105990748
0.09105990748
0.09115207327999998
0.09087557548
0.09087557548
0.09087557548
0.09078340958
0.09041474598
0.09041474598
0.0901382483
0.08986175069999999
0.08986175069999999
0.08949308750000001
0.08940092150000002
0.08912442400000002
0.08884792630000002
0.08884792630000002
0.08857142890000003
0.08847926290000004
0.08829493120000002
0.08820276540000002
0.08792626760000001
0.087741936
0.08746543820000001
0.08746543820000001
0.08700460902000001
0.08691244322000001
0.08654377942
0.08617511602
0.08617511602
0.08608295022
0.08608295022
0.08589861832000001
0.08580645232
0.08543778862
0.08516129072
0.08488479312000001
0.08479262732000001
0.08479262732000001
0.08488479332000001
0.08470046140000001
0.0846082955
0.08451612970000001
0.08433179798000001
0.08433179798000001
0.08414746628000001
0.08405530028000001
0.08396313460000002
0.08387096860000001
0.08387096860000001
0.08368663670000002
0.08350230500000003
0.08350230500000003
0.08341013920000001
0.08313364160000003
0.08313364160000003
0.08285714378000003
0.08285714378000002
0.08267281218000001
0.08239631448000001
0.08230414868000001
0.08211981678000001
0.08202765078
0.08193548478
0.08193548478
0.08175115318
0.08165898738
0.08156682148000001
0.08138248958000002
0.08110599218
0.08101382628000002
0.08073732868
0.08064516278000002
0.08027649914000001
0.08009216734
0.07990783554000003
0.07981566964000003
0.07981566964000003
0.07972350374000003
0.07944700634000004
0.07935484054000005
0.07917050874000005
0.07907834274000006
0.07898617684000005
0.07889401094000005
0.07861751314000004
0.07843318114000003
0.07843318114000003
0.07843318114000003
0.07815668344000003
0.07815668344000003
0.07824884928000003
0.07778801978000004
0.07751152198000003
0.07741935598000002
0.07723502408000002
0.07723502408000002
0.07714285818000001
0.07705069228000001
0.07686636038000003
0.07686636038000003
0.07686636038000003
0.07658986258000003
0.07640553098000004
0.07640553098000004
0.07631336518000004
0.07631336518000004
0.07603686728000003
0.07594470128000003
0.07585253548000002
0.07585253548000002
0.07566820368000003
0.07557603782000004
0.07539170602000003
0.07529954012000002
0.07502304232000002
0.07474654432000002
0.07474654432000002
0.07465437852000002
0.07465437852000002
0.07456221262000001
0.07428571512000001
0.07419354922000002
0.07419354922000002
0.07400921742000002
0.07391705142000002
0.07382488562000003
0.07364055372000004
0.07345622212000004
0.07327189042000003
0.07327189032000003
0.07336405618000003
0.07327189028000003
0.07327189028000003
0.07308755828000002
0.07290322638000003
0.07281106038000003
0.07281106038000003
0.07271889448000002
0.07244239684000003
0.07225806512
0.07235023102
0.07207373362000001
0.07207373362000001
0.07207373362000001
0.07207373362000001
0.07198156772000001
0.07198156772000001
0.07188940172000001
0.07188940172000001
0.07179723572
0.07161290398000002
0.07170506998000001
0.07161290408000003
0.07161290408000003
0.07133640608000003
0.07124424018000002
0.07124424018000002
0.07105990838000004
0.07087557638000003
0.07078341058000003
0.07069124468000003
0.07050691284000003
0.07041474694000004
0.07032258104000003
0.07032258104000003
0.07013824914000004
0.07004608324000003
0.07004608324000003
0.07004608314000003
0.06986175124000003
0.06986175124000003
0.06976958524000003
0.06976958524000003
0.06967741924000002
0.06930875564000004
0.06921658974000003
0.06912442384000003
0.06884792614000004
0.06884792614000004
0.06875576024000003
0.06866359434000004
0.06847926254000003
0.06847926254000003
0.06838709664000003
0.06829493074000002
0.06829493074000002
0.06820276480000004
0.06829493080000003
0.06829493080000003
0.06820276486000003
0.06811059896000002
0.06811059896000002
0.06792626730000002
0.06783410150000002
0.06755760390000003
0.06746543790000002
0.06728110610000002
0.06718894030000001
0.06737327220000001
0.06728110630000002
0.06737327216000003
0.06718894036000003
0.06728110636000002
0.06728110636000002
0.06718894036000002
0.06709677456000002
0.06709677470000001
0.06709677470000001
0.06709677470000001
0.06682027690000003
0.06682027680000001
0.06672811086000001
0.06672811086000001
0.06672811086000001
0.06672811086000001
0.06654377910000002
0.06645161324000001
0.06645161334000002
0.06635944744000002
0.06626728154000003
0.06608294974000004
0.06608294974000004
0.06617511564000003
0.06626728144000003
0.06617511554000004
0.06608294964000003
0.06589861774000003
0.06580645184000003
0.06571428582000002
0.06543778792000003
0.06534562212000003
0.06525345622000003
0.06525345622000003
0.06516129032000002
0.06497695842000002
0.06497695842000002
0.06497695842000002
0.06497695842000002
0.06497695842000002
0.06497695842000002
0.06460829472000004
0.06451612878000003
0.06433179704000003
0.06433179704000003
0.06423963124000003
0.06423963124000003
0.06414746538000003
0.06387096774000003
0.06387096774000003
0.06387096774000003
0.06387096774000003
0.06387096754000003
0.06387096754000003
0.06377880154000004
0.06377880154000004
0.06377880154000004
0.06377880166000004
0.06377880166000004
0.06387096760000004
0.06387096760000004
0.06368663570000004
0.06377880160000003
0.06377880160000003
0.06377880160000003
0.06368663570000004
0.06359446984000003
0.06359446984000003
0.06350230404000003
0.06331797214000004
0.06331797214000004
0.06313364044000004
0.06294930854000004
0.06294930854000004
0.06285714274000004
0.06267281094000005
0.06267281094000005
0.06267281094000005
0.06258064504000004
0.06258064504000004
0.062488479040000044
0.062488479040000044
0.062488479040000044
0.062488479040000044
0.062488479040000044
0.062396313240000036
0.062304147440000034
0.06221198154000003
0.062027649740000045
0.06193548384000005
0.061843318040000046
0.06165898614000004
0.06165898614000004
0.06165898614000004
0.06156682024000005
0.06156682024000005
0.06156682024000005
0.06138248824000004
0.061290322340000036
0.061290322340000036
0.06119815644000005
0.06110599044000004
0.06110599044000004
0.06110599044000004
0.06101382444000004
0.06101382444000004
0.06101382444000004
0.06101382444000004
0.06101382444000004
0.06092165860000004
0.06092165860000004
0.06082949280000004
0.060737326900000034
0.06064516100000003
0.06064516100000003
0.06064516100000003
0.06064516110000003
0.06064516110000003
0.060552995160000025
0.060460829360000024
0.060460829360000024
0.060460829360000024
0.060368663360000026
0.06046082926000003
0.06046082926000003
0.06046082926000003
0.060368663360000026
0.06018433166000003
0.06018433166000003
0.06018433166000003
0.060092165760000024
0.059999999960000015
0.059999999960000015
0.059999999960000015
0.059999999960000015
0.05990783416000001
0.05990783416000001
0.05972350232000001
0.059631336420000014
0.059631336420000014
0.05953917052000001
0.05944700462000001
0.059354838720000004
0.059262672720000006
0.05917050692000001
0.059078340980000005
0.058894009280000006
0.05870967758000001
0.05861751168000001
0.058525345740000005
0.058525345740000005
0.05843317980000001
0.05843317980000001
0.058433179740000014
0.05834101384000002
0.05834101384000002
0.058156682040000005
0.05806451614
0.058156682
0.058156682
0.058064516100000005
0.05815668200000001
0.05815668200000001
0.05815668200000001
0.05815668200000001
0.05815668200000001
0.05815668200000002
0.05815668200000002
0.05815668200000002
0.05806451610000002
0.05815668200000002
0.05815668200000002
0.05815668200000002
0.05815668200000002
0.05815668200000002
0.05815668200000002
0.05815668200000002
0.05815668200000002
0.05815668200000002
0.058064516060000015
0.057972350260000007
0.05806451616000001
0.05788018446000001
0.057788018460000014
0.057788018460000014
0.057788018460000014
0.05788018436
0.05788018436
0.05788018436
0.05788018436
0.05788018436
0.05769585262000001
0.05760368682
0.05760368682
0.05760368682
0.05760368682
0.05751152092000001
0.05751152092000001
0.05751152092000001
0.057419355020000014
0.05732718912000001
0.05732718912000001
0.05732718912000001
0.057419355020000014
0.057419355020000014
0.05732718922000001
0.05732718922000001
0.057419355020000014
0.057419355020000014
0.05732718912000001
0.05751152084000001
0.05751152084000001
0.057603686640000006
0.057603686640000006
0.057603686640000006
0.057603686640000006
0.057603686640000006
0.057603686640000006
0.057603686640000006
0.05751152064
0.05741935474000001
0.05741935474000001
0.05741935474000001
0.05714285696000001
0.05714285696000001
0.05714285696000001
0.05714285696000001
0.05714285696000001
0.05714285696000001
0.05714285696000001
0.05714285696000001
0.05705069110000001
0.05705069110000001
0.05714285700000001
0.05714285700000001
0.05705069114000001
0.05695852534000001
0.05695852534000001
0.05695852534000001
0.056866359540000015
0.056682027820000015
0.05658986182000001
0.05658986182000001
0.05649769588000002
0.05649769588000002
0.056405529980000015
0.056405529980000015
0.05631336408000001
0.05631336408000001
0.05622119818000001
0.05612903224000001
0.05612903224000001
0.05612903224000001
0.05612903224000001
0.05603686638000001
0.05603686638000001
0.05594470048000002
0.05594470048000002
0.05594470048000002
0.05594470048000002
0.05594470048000002
0.05594470048000002
0.05594470048000002
0.05594470048000002
0.055760368640000016
0.055760368640000016
0.055944700440000016
0.055944700440000016
0.05585253464000001
0.055760368840000005
0.055760368840000005
0.05576036888000001
0.05576036888000001
0.05576036888000001
0.05576036888000001
0.05576036888000001
0.05576036888000001
0.05576036888000001
0.05557603708000001
0.055483871180000005
0.05548387104000001
0.05548387104000001
0.05548387104000001
0.05548387104000001
0.05548387104000001
0.05548387104000001
0.05548387104000001
0.05548387104000001
0.05548387104000001
0.05548387104000001
0.05548387104000001
0.05548387104000001
0.055391705140000004
0.055391705140000004
0.055391705140000004
0.055391705140000004
0.055391705140000004
0.055391705140000004
0.055391705140000004
0.055391705140000004
0.055391705140000004
0.055391705140000004
0.055391705140000004
0.055391705140000004
0.055391705140000004
0.05529953924000001
0.05529953924000001
0.05529953924000001
0.05529953924000001
0.05529953924000001
0.05529953924000001
0.05539170514000001
0.05539170514000001
0.05539170514000001
0.05539170514000001
0.05539170514000001
0.05539170514000001
0.05548387108000001
0.055299539380000005
0.055207373520000005
0.055299539419999995
0.055115207719999997
0.05502304182000001
0.05502304182000001
0.05502304182000001
0.05502304182000001
0.05502304182000001
0.05502304182000001
0.05502304182000001
0.05502304182000001
0.054930875920000004
0.05502304182000001
0.05502304182000001
0.05502304182000001
0.05502304182000001
0.05502304182000001
0.05502304182000001
0.05493087592000001
0.05493087592000001
0.05493087592000001
0.05493087592000001
0.05493087592000001
0.05493087592000001
0.05493087592000001
0.054930875880000014
0.054930875880000014
0.05493087574000002
0.05493087574000002
0.05493087574000002
0.05483870984000001
0.05483870984000001
0.05483870984000001
0.05483870984000001
0.05483870984000001
0.05483870984000001
0.05483870984000001
0.05483870984000001
0.05474654398000001
0.05474654398000001
0.05474654398000001
0.05474654398000001
0.05474654398000001
0.05474654398000001
0.05474654398000001
0.05474654398000001
0.05465437812000001
0.054562212180000014
0.054562212180000014
0.05437788034000001
0.05419354844000002
0.05419354844000002
0.05410138258000002
0.05410138258000002
0.05400921668000001
0.053824884880000014
0.053824884880000014
0.053824884880000014
0.053824884880000014
0.05391705088000001
0.05391705088000001
0.05391705088000001
0.05391705088000001
0.05391705088000001
0.05391705088000001
0.05400921678000001
0.05400921678000001
0.05400921678000001
0.05391705088000001
0.05391705088000001
0.05391705088000001
0.05391705088000001
0.054009216780000015
0.05391705088000001
0.05391705088000001
0.05391705088000001
0.05391705088000001
0.05391705088000001
0.05391705088000001
0.05391705088000001
0.05373271912000001
0.05373271912000001
0.05373271912000001
0.05364055326000001
0.05364055326000001
0.05354838736000001
0.05354838736000001
0.053640553260000015
0.053640553260000015
0.05373271916000002
0.05373271916000002
0.05373271916000002
0.05373271916000002
0.05373271916000002
0.05373271916000002
0.05364055322000001
0.05364055322000001
0.05364055322000001
0.05354838732000002
0.05364055318000002
0.05354838738000001
0.05354838738000001
0.05345622148000001
0.05345622148000001
0.05336405554000002
0.05336405554000002
0.05345622144000001
0.05345622144000001
0.05345622144000001
0.053364055440000016
0.053364055440000016
0.053364055440000016
0.053364055440000016
0.053364055440000016
0.053364055440000016
0.053364055440000016
0.053364055440000016
0.053364055440000016
0.053364055440000016
0.053364055440000016
0.05317972364000001
0.05317972364000001
0.05317972364000001
0.05317972364000001
0.05317972364000001
0.053271889640000014
0.053271889640000014
0.053271889640000014
0.053271889640000014
0.053271889640000014
0.053271889640000014
0.053271889640000014
0.053271889640000014
0.053271889640000014
0.053271889680000004
0.053271889680000004
0.053271889680000004
0.053271889680000004
0.053271889680000004
0.053271889680000004
0.053271889680000004
0.05317972374000001
0.053271889680000004
0.053271889680000004
0.053271889680000004
0.053271889680000004
0.053179723780000014
0.053179723780000014
0.053179723780000014
0.053179723780000014
0.053179723780000014
0.05308755788000002
0.05308755788000002
0.05308755788000002
0.05308755788000002
0.052995391980000014
0.052995391980000014
0.052995391980000014
0.052995391980000014
0.052995391980000014
0.052995391980000014
0.05290322608000002
0.05290322608000002
0.05281106014000001
0.05281106014000001
0.05281106014000001
0.05281106014000001
0.05271889428000001
0.05262672834000002
0.05262672834000002
0.05262672834000002
0.05262672834000002
0.052534562440000016
0.052534562440000016
0.052534562440000016
0.052626728380000015
0.052626728380000015
0.052626728380000015
0.052626728380000015
0.052626728380000015
0.052626728380000015
0.052626728380000015
0.05262672834000002
0.05262672834000002
0.05262672834000002
0.05262672834000002
0.05253456248000002
0.05244239654000001
0.05253456248000001
0.05253456248000001
0.05253456248000001
0.05253456248000001
0.05253456248000001
0.05244239654000001
0.05244239654000001
0.05244239654000001
0.05244239654000001
0.05244239654000001
0.05244239654000001
0.05244239654000001
0.05244239654000001
0.052350230600000006
0.052350230600000006
0.052350230600000006
0.052350230600000006
0.052350230600000006
0.052442396460000006
0.052350230520000006
0.052350230520000006
0.052350230520000006
0.052350230520000006
0.05225806452000001
0.05235023046000001
0.05235023046000001
0.05235023046000001
0.05235023046000001
0.05235023046000001
0.05235023046000001
0.05235023046000001
0.05235023046000001
0.05235023046000001
0.05235023046000001
0.05235023046000001
0.05235023046000001
0.05235023046000001
0.052258064520000015
0.052258064520000015
0.052165898580000016
0.052165898580000016
0.052165898580000016
0.052165898580000016
0.052165898580000016
0.052165898580000016
0.052165898580000016
0.052258064440000015
0.052258064440000015
0.052258064440000015
0.052258064440000015
0.052258064440000015
