0.5448848023999999
0.3788940144
0.30976958976000013
0.2341935515600001
0.18221198296000002
0.14617511702000002
0.12589861792
0.11751152031999998
0.10838709816
0.10064516255999999
0.09686636086000004
0.09142857239999999
0.08516129106000003
0.08055299658000001
0.07788018514
0.07511520792000002
0.07262672884000003
0.06986175200000003
0.06801843344000001
0.06654377908000003
0.06488479308000002
0.06331797250000001
0.06193548370000003
0.06101382450000003
0.05981566820000003
0.059078340940000036
0.05843317966000003
0.05806451616000001
0.05769585268000003
0.05732718924000004
0.05612903244000003
0.055576036760000024
0.05557603680000001
0.054838709800000024
0.05456221212000003
0.05400921674000002
0.05364055320000001
0.053364055540000024
0.05317972378000002
0.052995391980000014
0.052718894280000025
0.052534562340000014
0.052165898920000016
0.05188940110000002
0.05170506930000002
0.05179723520000002
0.051520737540000014
0.05152073758000001
0.05133640574000001
0.05161290356000001
0.05142857180000001
0.05170506946000002
0.05142857184000001
0.05133640594000002
0.051059908200000025
0.05087557636000002
0.05087557640000002
0.05078341046000001
0.050967742300000014
0.050875576440000014
0.05096774234000002
0.05124424000000001
0.05133640598000001
0.051520737820000016
0.051612903720000006
0.05161290360000001
0.051797235440000006
0.05207373314000001
0.05244239674000001
0.052811060220000004
0.05308755784000001
0.05308755784000001
0.05299539198000001
0.05317972382000002
0.05308755788000002
0.05317972382000002
0.05345622148000001
0.053640553360000016
0.05373271926000002
0.05382488512000002
0.05382488512000002
0.053917051020000016
0.05400921692000002
0.05410138278000001
0.05428571450000001
0.054470046340000015
0.05456221224000002
0.054654378180000025
0.054838710020000035
0.05520737370000003
0.05529953956000003
0.05529953956000003
0.05529953956000003
0.05548387132000003
0.05557603726000002
0.055760369100000026
0.05603686678000003
0.05603686678000003
0.05612903272000002
0.05658986226000001
0.056682028160000016
0.056866359760000026
0.056866359760000026
0.056866359760000026
0.057050691600000036
0.057142857460000036
0.057419355160000025
0.05760368690000003
0.05769585280000003
0.05769585280000003
0.05788018460000002
0.05797235054000002
0.05806451648000003
0.05806451648000003
0.058341014080000024
0.05843317998000003
0.05852534584000003
0.05852534584000003
0.05852534584000003
0.05852534584000003
0.05861751174000002
0.05861751174000002
0.05861751174000002
0.05880184354000001
0.05880184354000001
0.05880184354000001
0.05889400944000001
0.05889400944000001
0.05898617520000002
0.05917050700000002
0.05917050700000002
0.05917050700000002
0.05926267294000001
0.05926267294000001
0.05935483888000001
0.05953917068000002
0.05953917068000002
0.05972350252000002
0.05972350252000002
0.05981566842000002
0.06009216612000002
0.060276497920000026
0.06018433212000002
0.06036866388000003
0.06027649794000002
0.060368663840000024
0.06046082974000002
0.06064516144000001
0.06064516144000001
0.060737327440000016
0.06082949334000001
0.06082949334000001
0.06082949334000001
0.06073732734000001
0.06073732734000001
0.06073732734000001
0.06073732734000001
0.06082949328000001
0.06082949328000001
0.06092165918000001
0.06092165918000001
0.06110599092000001
0.061198156820000016
0.06129032262000002
0.06138248856000002
0.061658986200000016
0.061658986200000016
0.061751152000000024
0.061751152000000024
0.061751152000000024
0.061843317800000026
0.061843317800000026
0.06202764980000003
0.06221198160000003
0.06221198160000003
0.062396313300000034
0.06248847920000004
0.06248847920000004
0.06258064500000003
0.06267281090000004
0.06267281090000004
0.06267281090000004
0.06267281090000004
0.06267281090000004
0.06276497680000002
0.06285714270000002
0.06276497680000002
0.06276497680000002
0.06276497680000002
0.06276497680000002
0.06276497680000002
0.06294930860000002
0.06294930860000002
0.06304147450000003
0.06304147450000003
0.06304147450000003
0.06313364040000001
0.06313364040000001
0.06322580630000002
0.06322580630000002
0.06331797230000002
0.06331797230000002
0.06350230400000002
0.06350230400000002
0.06350230396000002
0.06359446976000002
0.06359446976000002
0.06368663566000002
0.06377880156000003
0.06377880156000003
0.06387096736000003
0.06387096736000003
0.06387096736000003
0.06396313336000004
0.06396313336000004
0.06405529916000004
0.06405529916000004
0.06414746506000003
0.06423963096000004
0.06433179686000004
0.06433179686000004
0.06433179686000004
0.06442396276000004
0.06460829436000004
0.06470046026000004
0.06460829426000005
0.06488479196000004
0.06488479196000004
0.06497695786000005
0.06497695786000005
0.06506912366000003
0.06506912366000003
0.06516128956000003
0.06516128956000003
0.06516128956000003
0.06516128956000003
0.06516128956000003
0.06516128956000003
0.06516128956000003
0.06534562116000003
0.06543778710000003
0.06552995300000003
0.06552995300000003
0.06552995300000003
0.06562211880000003
0.06562211880000003
0.06562211880000003
0.06571428460000002
0.06580645040000004
0.06580645040000004
0.06580645040000004
0.06580645040000004
0.06580645040000004
0.06571428440000003
0.06571428440000003
0.06571428440000003
0.06571428440000003
0.06580645030000003
0.06571428440000003
0.06571428440000003
0.06580645030000004
0.06580645030000004
0.06580645030000004
0.06580645030000004
0.06580645030000004
0.06580645030000004
0.06580645030000004
0.06580645030000004
0.06580645030000004
0.06580645030000004
0.06589861620000004
0.06589861620000004
0.06589861620000004
0.06589861620000004
0.06589861620000004
0.06589861620000004
0.06589861620000004
0.06589861620000004
0.06589861620000004
0.06599078210000003
0.06608294790000004
0.06599078210000003
0.06599078210000003
0.06599078210000003
0.06599078210000003
0.06599078210000003
0.06589861630000003
0.06589861630000003
0.06589861630000003
0.06589861630000003
0.06580645040000004
0.06571428450000004
0.06580645050000003
0.06589861630000003
0.06589861630000003
0.06589861630000003
0.06589861630000003
0.06589861630000003
0.06608294810000002
0.06617511410000003
0.06626728010000002
0.06635944590000004
0.06635944590000004
0.06645161170000004
0.06654377750000004
0.06654377750000004
0.06654377750000004
0.06654377750000004
0.06654377750000004
0.06654377750000004
0.06663594350000004
0.06663594350000004
0.06682027530000004
0.06682027530000004
0.06682027530000004
0.06682027530000004
0.06682027530000004
0.06682027530000004
0.06682027530000004
0.06682027530000004
0.06682027530000004
0.06691244120000003
0.06691244120000003
0.06691244120000003
0.06691244120000003
0.06691244120000003
0.06691244120000003
0.06691244120000003
0.06691244120000003
0.06700460710000003
0.06700460710000003
0.06700460710000003
0.06700460710000003
0.06700460710000003
0.06700460710000003
0.06700460710000003
0.06691244130000003
0.06700460710000003
0.06700460710000003
0.06709677310000003
0.06709677310000003
0.06700460720000004
0.06700460720000004
0.06700460720000004
0.06700460720000004
0.06700460720000004
0.06700460720000004
0.06700460720000004
0.06700460720000004
0.06700460720000004
0.06700460720000004
0.06700460720000004
0.06700460720000004
0.06700460720000004
0.06700460720000004
0.06700460720000004
0.06700460720000004
0.06700460720000004
0.06700460720000004
0.06700460720000004
0.06700460720000004
0.06700460720000004
0.06700460720000004
0.06700460720000004
0.06700460720000004
0.06700460720000004
0.06691244130000003
0.06691244130000003
0.06691244130000003
0.06691244130000003
0.06691244130000003
0.06691244130000003
0.06691244130000003
0.06691244130000003
0.06691244130000003
0.06691244130000003
0.06691244130000003
0.06682027540000003
0.06682027540000003
0.06682027540000003
0.06682027540000003
0.06682027540000003
0.06682027540000003
0.06682027540000003
0.06682027540000003
0.06682027540000003
0.06682027540000003
0.06672810950000004
0.06672810950000004
0.06672810950000004
0.06672810950000004
0.06672810950000004
0.06672810950000004
0.06663594350000003
0.06663594350000003
0.06663594350000003
0.06663594350000003
0.06663594350000003
0.06663594350000003
0.06663594350000003
0.06663594350000003
0.06663594350000003
0.06663594350000003
0.06654377760000002
0.06645161160000003
0.06635944580000003
0.06635944580000003
0.06635944580000003
0.06645161170000004
0.06645161170000004
0.06645161170000004
0.06645161170000004
0.06645161170000004
0.06645161170000004
0.06645161170000004
0.06645161170000004
0.06645161170000004
0.06645161170000004
0.06645161170000004
0.06645161170000004
0.06645161170000004
0.06645161170000004
0.06645161170000004
0.06645161170000004
0.06645161170000004
0.06635944580000003
0.06645161170000004
0.06645161170000004
0.06645161170000004
0.06635944590000004
0.06635944590000004
0.06626728000000004
0.06626728000000004
0.06626728000000004
0.06617511410000003
0.06617511410000003
0.06617511410000003
0.06608294830000003
0.06608294830000003
0.06608294830000003
0.06599078240000003
0.06599078240000003
0.06589861640000003
0.06589861640000003
0.06589861640000003
0.06589861640000003
0.06589861640000003
0.06589861640000003
0.06589861640000003
0.06589861640000003
0.06580645040000004
0.06580645040000004
0.06580645040000004
0.06589861640000003
0.06589861640000003
0.06589861640000003
0.06589861640000003
0.06589861640000003
0.06589861640000003
0.06589861640000003
0.06589861640000003
0.06580645046000004
0.06571428466000004
0.06571428466000004
0.06571428466000004
0.06580645056000003
0.06580645056000003
0.06580645056000003
0.06580645056000003
0.06580645066000003
0.06580645066000003
0.06580645066000003
0.06580645066000003
0.06580645066000003
0.06580645066000003
0.06580645066000003
0.06580645066000003
0.06580645066000003
0.06580645066000003
0.06580645066000003
0.06580645066000003
0.06580645066000003
0.06580645066000003
0.06571428466000004
0.06571428466000004
0.06571428466000004
0.06571428466000004
0.06571428466000004
0.06562211886000004
0.06562211886000004
0.06552995296000003
0.06552995296000003
0.06552995296000003
0.06552995296000003
0.06552995296000003
0.06552995296000003
0.06552995296000003
0.06552995296000003
0.06552995296000003
0.06562211876000004
0.06571428466000002
0.06571428466000002
0.06571428466000002
0.06571428466000002
0.06571428466000002
0.06571428466000002
0.06571428466000002
0.06571428466000002
0.06571428466000002
0.06571428466000002
0.06571428466000002
0.06562211886000004
0.06571428476000003
0.06571428476000003
0.06571428476000003
0.06571428476000003
0.06571428476000003
0.06571428476000003
0.06571428476000003
0.06571428476000003
0.06571428476000003
0.06571428476000003
0.06562211882000003
0.06562211882000003
0.06562211892000003
0.06552995292000002
0.06552995292000002
0.06552995292000002
0.06543778712000002
0.06543778712000002
0.06543778712000002
0.06543778712000002
0.06543778712000002
0.06543778712000002
0.06543778712000002
0.06543778712000002
0.06543778712000002
0.06543778712000002
0.06543778712000002
0.06543778712000002
0.06534562112000003
0.06525345522000003
0.06525345522000003
0.06525345522000003
0.06534562112000003
0.06534562112000003
0.06534562112000003
0.06534562112000003
0.06534562112000003
0.06525345532000003
0.06525345532000003
0.06525345532000003
0.06525345532000003
0.06525345532000003
0.06525345532000003
0.06525345532000003
0.06516128942000003
0.06516128942000003
0.06506912352000002
0.06516128942000003
0.06516128942000003
0.06516128942000003
0.06516128942000003
0.06516128942000003
0.06516128952000003
0.06516128952000003
0.06516128952000003
0.06516128952000003
0.06516128952000003
0.06516128952000003
0.06516128952000003
0.06516128952000003
0.06516128952000003
0.06525345546000003
0.06525345546000003
0.06525345546000003
0.06525345546000003
0.06525345546000003
0.06525345546000003
0.06516128956000003
0.06497695796000003
0.06488479196000002
0.06488479196000002
0.06488479196000002
0.06488479196000002
0.06488479196000002
0.06488479196000002
0.06479262596000003
0.06479262596000003
0.06488479186000001
0.06488479186000001
0.06488479186000001
0.06488479186000001
0.06488479186000001
0.06497695766000003
0.06497695766000003
0.06497695766000003
0.06497695766000003
0.06497695766000003
0.06488479176000003
0.06488479176000003
0.06488479176000003
0.06488479176000003
0.06488479176000003
0.06488479176000003
0.06488479176000003
0.06488479176000003
0.06470046002000003
0.06470046002000003
0.06460829422000003
0.06460829422000003
0.06460829422000003
0.06460829422000003
0.06460829422000003
0.06460829422000003
0.06460829422000003
0.06460829422000003
0.06460829422000003
0.06460829422000003
0.06451612832000003
0.06451612832000003
0.06451612832000003
0.06451612832000003
0.06451612832000003
0.06451612832000003
0.06451612832000003
0.06451612832000003
0.06442396242000004
0.06451612822000004
0.06451612822000004
0.06451612822000004
0.06442396222000003
0.06442396222000003
0.06442396222000003
0.06442396222000003
0.06433179632000004
0.06433179632000004
0.06423963052000004
0.06423963052000004
0.06423963052000004
0.06423963052000004
0.06423963052000004
0.06423963052000004
0.06433179652000004
0.06433179652000004
0.06423963072000002
0.06414746482000003
0.06414746482000003
0.06414746482000003
0.06414746482000003
0.06414746482000003
0.06414746482000003
0.06414746482000003
0.06405529892000003
0.06405529892000003
0.06405529892000003
0.06405529892000003
0.06405529892000003
0.06405529892000003
0.06396313298000003
0.06387096708000004
0.06387096708000004
0.06377880118000002
0.06377880118000002
0.06377880118000002
0.06377880118000002
0.06377880118000002
0.06377880118000002
0.06377880118000002
0.06377880118000002
0.06377880118000002
0.06377880118000002
0.06377880118000002
0.06377880118000002
0.06377880118000002
0.06377880118000002
0.06377880118000002
0.06377880118000002
0.06377880118000002
0.06377880118000002
0.06377880118000002
0.06377880118000002
0.06377880118000002
0.06377880118000002
0.06377880118000002
0.06377880118000002
0.06377880118000002
0.06377880118000002
0.06377880118000002
0.06377880118000002
0.06368663528000003
0.06368663528000003
0.06359446938000003
0.06359446938000003
0.06350230338000003
0.06350230338000003
0.06350230338000003
0.06350230338000003
0.06341013748000003
0.06331797168000003
0.06331797168000003
0.06331797168000003
0.06313363998000003
0.06313363998000003
0.06313363998000003
0.06313363998000003
0.06313363998000003
0.06313363998000003
0.06304147398000003
0.06304147398000003
0.06304147398000003
0.06304147398000003
0.06304147398000003
0.06304147398000003
0.06304147398000003
0.06304147398000003
0.06304147398000003
0.06304147398000003
0.06304147398000003
0.06304147398000003
0.06304147398000003
0.06304147398000003
0.06304147398000003
0.06304147398000003
0.06304147398000003
0.06304147398000003
0.06313363992000003
0.06313363992000003
0.06313363992000003
0.06322580582000002
0.06322580582000002
0.06322580582000002
0.06322580582000002
0.06322580582000002
0.06322580582000002
0.06331797176000002
0.06331797176000002
0.06331797176000002
0.06331797176000002
0.06331797176000002
0.06331797176000002
0.06331797176000002
0.06331797176000002
0.06331797176000002
0.06331797176000002
0.06331797176000002
0.06331797176000002
0.06331797176000002
0.06331797176000002
0.06322580586000003
0.06322580586000003
0.06322580586000003
0.06322580586000003
0.06322580586000003
0.06322580586000003
0.06322580586000003
0.06313364006000002
0.06313364006000002
0.06313364006000002
0.06313364006000002
0.06313364006000002
0.06304147416000003
0.06304147416000003
0.06304147416000003
0.06304147416000003
0.06304147416000003
0.06304147416000003
0.06304147416000003
0.06304147416000003
0.06313364010000004
0.06313364010000004
0.06313364010000004
0.06313364010000004
0.06313364010000004
0.06304147420000003
0.06304147420000003
0.06304147420000003
0.06304147420000003
0.06304147420000003
0.06294930830000003
0.06294930830000003
0.06294930830000003
0.06285714240000002
0.06285714240000002
0.06294930830000002
0.06294930830000002
0.06294930830000002
0.06294930830000002
0.06294930830000002
0.06304147420000002
0.06304147420000002
0.06294930840000001
0.06294930840000001
0.06294930840000001
0.06294930840000001
0.06294930840000001
0.06304147430000002
0.06294930840000001
0.06285714250000002
0.06285714250000002
0.06285714250000002
0.06276497670000002
0.06276497670000002
0.06276497670000002
0.06276497670000002
0.06276497670000002
0.06267281080000003
0.06258064490000002
0.06258064490000002
0.06258064490000002
0.06258064490000002
0.06258064490000002
0.06239631310000002
0.06239631310000002
0.06239631310000002
0.06239631310000002
0.06239631310000002
0.06239631310000002
0.06239631310000002
0.06239631310000002
0.06230414720000002
0.06221198140000002
0.06221198140000002
0.06221198140000002
0.06221198140000002
0.06221198140000002
0.06221198140000002
0.06221198140000002
0.062119815600000024
0.062119815600000024
0.062119815600000024
0.062119815600000024
0.062119815600000024
0.062119815600000024
0.062119815600000024
0.062119815600000024
0.062027649700000034
0.062027649700000034
0.062027649700000034
0.062027649700000034
0.062027649700000034
0.062027649700000034
0.062027649700000034
0.06193548380000003
0.06193548380000003
0.06193548380000003
0.06193548380000003
0.062027649700000034
0.062027649700000034
0.062027649700000034
0.062027649700000034
0.062027649700000034
0.062027649700000034
0.062119815500000036
0.062119815500000036
0.06202764960000003
0.06202764960000003
0.06202764960000003
0.06202764960000003
0.06202764960000003
0.06202764960000003
0.06184331780000003
0.06184331780000003
0.06184331780000003
0.06184331780000003
0.06184331780000003
0.06184331780000003
0.06184331780000003
0.06184331780000003
0.06184331780000003
0.06184331780000003
0.06184331780000003
0.06184331780000003
0.06184331780000003
0.06184331780000003
0.06184331780000003
0.06193548370000003
0.06193548370000003
0.06184331780000003
0.06184331780000003
0.06184331780000003
0.06184331780000003
0.06184331780000003
0.06184331780000003
0.061843318000000036
0.06175115220000004
0.06165898626000004
0.06165898626000004
0.061751152060000036
0.061751152060000036
0.061751152060000036
0.061658986260000034
0.061658986260000034
0.06156682036000004
0.06156682036000004
0.06156682036000004
0.06156682036000004
0.06156682036000004
0.06156682036000004
0.06156682036000004
0.06156682036000004
0.06156682036000004
0.06147465442000003
0.06147465442000003
0.06147465442000003
0.06147465442000003
0.06147465442000003
0.06147465442000003
0.061382488620000036
0.061382488620000036
0.061382488620000036
0.061382488620000036
0.061382488620000036
0.061382488620000036
0.061382488620000036
0.061382488620000036
0.061382488620000036
0.061382488620000036
0.061382488620000036
0.061382488620000036
0.06147465452000004
0.06147465452000004
0.061382488620000036
0.061382488620000036
0.061382488620000036
0.06129032268000004
0.06129032268000004
0.06129032268000004
0.06138248858000003
0.06138248858000003
0.06129032268000004
0.06129032268000004
0.06138248858000003
0.061474654480000036
0.061474654480000036
0.061474654480000036
0.061474654480000036
0.061474654480000036
0.061382488680000034
0.061382488680000034
0.061382488680000034
0.061382488680000034
0.061382488680000034
0.061382488680000034
0.061382488680000034
0.061382488680000034
0.061382488680000034
0.061382488680000034
0.061382488680000034
0.061382488680000034
0.061382488680000034
0.061382488680000034
0.061382488680000034
0.061382488680000034
0.061474654620000034
0.06138248872000004
0.06138248872000004
0.06138248872000004
0.06138248872000004
0.06138248872000004
0.06138248872000004
0.06138248872000004
0.06138248872000004
0.06138248872000004
0.06138248872000004
0.06138248872000004
0.06138248872000004
0.06138248872000004
0.06138248872000004
0.06138248872000004
0.06138248872000004
0.06138248872000004
0.06138248872000004
0.06138248872000004
0.06138248872000004
0.061290322920000036
0.061290322920000036
0.061290322920000036
0.061290322920000036
0.061290322920000036
0.061290322920000036
0.061290322920000036
0.061290322920000036
0.061290322920000036
0.061290322920000036
0.061290322920000036
0.061290322920000036
0.061290322920000036
0.061290322920000036
0.061290322920000036
0.061290322920000036
0.061290322920000036
0.061290322920000036
0.061290322920000036
0.061290322920000036
0.061290322920000036
0.061290322920000036
0.061290322920000036
0.061290322920000036
0.06138248882000004
0.06138248882000004
