0.533732727
0.25723502508000007
0.144792627
0.11631336476
0.10617511556000002
0.10046083036000004
0.09502304268000003
0.08940092234000005
0.08552995542000003
0.08285714372000003
0.07944700600000003
0.07622119900000002
0.07410138292000003
0.07115207414000002
0.06829493134000003
0.06562211992000001
0.06405529930000003
0.06285714296000003
0.061105991040000036
0.059723502640000044
0.05852534574000003
0.05714285748000004
0.05677419396000004
0.05612903266000003
0.055207373600000026
0.05465437808000002
0.054470046360000024
0.05400921686000002
0.05299539206000002
0.05281106022000002
0.05235023072000002
0.05235023064000002
0.05188940098000003
0.051244239640000015
0.05078341004000002
0.05032258062000002
0.05023041474000002
0.04976958508000001
0.04976958508000001
0.04967741934
0.04967741934
0.04958525336000001
0.049769585160000004
0.04976958512
0.04967741926
0.04986175122000001
0.049769585320000004
0.04958525356
0.049493087660000004
0.049585253600000004
0.04967741950000001
0.04976958544000001
0.04976958544000001
0.04976958544000001
0.04986175122
0.049953917119999997
0.0496774195
0.04958525364
0.04958525364
0.04958525364
0.04958525364
0.04976958552
0.049953917400000006
0.050230415060000005
0.05032258092
0.05050691276
0.05050691276
0.05041474682
0.05059907870000001
0.050783410460000004
0.05078341050000001
0.05096774226000001
0.05096774226000001
0.05087557636000001
0.05124424000000001
0.05170506946000002
0.05161290356000002
0.05161290352000002
0.05179723536000003
0.05188940122000003
0.05216589896000002
0.05216589896000002
0.05235023072000002
0.05262672838000002
0.05271889432000003
0.05308755792000002
0.05327188972000003
0.05354838746000002
0.05345622152000003
0.05364055328000003
0.053732719140000024
0.05391705090000003
0.05391705090000003
0.05410138278000003
0.05447004628000003
0.05456221218000002
0.054746544020000024
0.054746544020000024
0.05493087582000004
0.055115207580000034
0.05520737348000004
0.05557603716000003
0.05566820302000003
0.05576036888000003
0.055944700600000036
0.05612903248000003
0.05612903248000003
0.05640553022000003
0.05640553022000003
0.056405530220000014
0.05640553026000003
0.05668202796000003
0.05677419376000003
0.05705069156000001
0.057142857360000014
0.057327189240000014
0.057327189240000014
0.057327189240000014
0.057327189240000014
0.057327189240000014
0.057419355100000014
0.05732718920000002
0.05732718920000002
0.05732718920000002
0.05741935510000002
0.05760368694000002
0.05778801874000003
0.057972350440000035
0.05824884822000003
0.05834101402000003
0.05834101402000003
0.05834101402000003
0.058433179920000036
0.058433179920000036
0.05834101402000003
0.058433179920000036
0.058433179920000036
0.058709677520000045
0.05880184342000004
0.05880184342000004
0.058986175260000044
0.058986175260000044
0.05907834116000005
0.05926267296000003
0.05935483886000003
0.05953917066000002
0.05953917066000002
0.05953917066000002
0.059631336560000026
0.059631336560000026
0.05972350246000002
0.05990783416000003
0.06000000006000003
0.06027649776000003
0.06027649776000003
0.06027649776000003
0.06036866356000003
0.06046082936000003
0.06046082936000003
0.06046082936000003
0.06046082936000003
0.06046082936000003
0.06046082936000003
0.06064516126000004
0.06073732716000003
0.06092165896000002
0.06092165896000002
0.061013824860000024
0.06110599076000001
0.061198156660000017
0.061198156660000017
0.061198156660000017
0.06129032256000002
0.06129032256000002
0.061382488460000016
0.061382488460000016
0.061382488460000016
0.061382488460000016
0.061382488460000016
0.061382488460000016
0.061382488460000016
0.06147465436000001
0.06147465436000001
0.06147465436000001
0.061566820160000015
0.061566820160000015
0.061566820160000015
0.061566820160000015
0.06165898610000001
0.06165898610000001
0.0617511519
0.0617511519
0.062027649800000015
0.06193548390000002
0.06193548390000002
0.06193548390000002
0.06193548390000002
0.062119815700000025
0.06221198160000003
0.06221198160000003
0.06221198160000003
0.06239631348000002
0.06239631348000002
0.06248847928000003
0.06248847928000003
0.06248847928000003
0.06267281098000002
0.06267281098000002
0.06267281098000002
0.06267281098000002
0.06267281098000002
0.06267281098000002
0.06267281098000002
0.06276497688000002
0.06276497688000002
0.06276497688000002
0.06285714268000002
0.06285714268000002
0.06294930862000002
0.06294930862000002
0.06304147452000003
0.06304147452000003
0.06313364042000003
0.06313364042000003
0.06313364042000003
0.06322580632000002
0.06313364042000001
0.06313364042000001
0.06322580632000002
0.06331797222000002
0.06331797222000002
0.06341013822000002
0.06341013822000002
0.06341013822000002
0.06331797242000001
0.06331797242000001
0.06331797242000001
0.06322580642000002
0.06322580642000002
0.06322580642000002
0.06322580642000002
0.06322580642000002
0.06331797222000002
0.06331797222000002
0.06341013812000001
0.06341013812000001
0.06341013812000001
0.06341013812000001
0.06350230392000002
0.06350230392000002
0.06377880152000003
0.06377880152000003
0.06396313312000003
0.06387096722000003
0.06405529892000002
0.06423963082000002
0.06423963082000002
0.06423963082000002
0.06423963082000002
0.06433179662000002
0.06433179662000002
0.06442396252000003
0.06433179672000003
0.06433179672000003
0.06433179672000003
0.06433179672000003
0.06433179672000003
0.06433179672000003
0.06433179672000003
0.06433179672000003
0.06433179672000003
0.06433179672000003
0.06442396252000003
0.06442396252000003
0.06442396252000003
0.06442396252000003
0.06442396252000003
0.06442396252000003
0.06442396252000003
0.06442396252000003
0.06451612842000004
0.06451612842000004
0.06451612842000004
0.06451612842000004
0.06451612842000004
0.06442396262000004
0.06451612862000004
0.06442396262000004
0.06442396262000004
0.06433179682000004
0.06423963092000004
0.06423963092000004
0.06423963092000004
0.06423963092000004
0.06423963092000004
0.06433179682000004
0.06433179682000004
0.06433179682000004
0.06433179682000004
0.06433179682000004
0.06442396272000005
0.06460829452000004
0.06460829452000004
0.06460829452000004
0.06460829452000004
0.06460829452000004
0.06460829452000004
0.06470046052000004
0.06470046052000004
0.06470046052000004
0.06470046052000004
0.06470046052000004
0.06470046052000004
0.06479262646000004
0.06479262646000004
0.06488479236000004
0.06488479236000004
0.06488479236000004
0.06488479236000004
0.06488479236000004
0.06488479236000004
0.06497695830000004
0.06506912410000004
0.06506912410000004
0.06506912410000004
0.06506912410000004
0.06506912410000004
0.06506912410000004
0.06506912410000004
0.06506912410000004
0.06506912410000004
0.06506912410000004
0.06506912410000004
0.06506912410000004
0.06506912410000004
0.06506912410000004
0.06506912410000004
0.06506912410000004
0.06506912410000004
0.06506912410000004
0.06506912410000004
0.06506912410000004
0.06506912410000004
0.06506912410000004
0.06506912410000004
0.06488479230000004
0.06488479230000004
0.06488479230000004
0.06479262640000004
0.06470046040000003
0.06470046040000003
0.06470046040000003
0.06470046040000003
0.06470046040000003
0.06470046040000003
0.06470046040000003
0.06470046040000003
0.06460829450000002
0.06451612860000003
0.06451612860000003
0.06451612860000003
0.06451612860000003
0.06451612860000003
0.06451612860000003
0.06451612860000003
0.06442396270000002
0.06442396270000002
0.06442396270000002
0.06442396270000002
0.06442396270000002
0.06433179680000002
0.06433179680000002
0.06433179680000002
0.06442396270000002
0.06442396270000002
0.06442396270000002
0.06442396270000002
0.06442396270000002
0.06442396270000002
0.06442396270000002
0.06442396270000002
0.06442396270000002
0.06442396270000002
0.06442396270000002
0.06442396270000002
0.06442396270000002
0.06442396270000002
0.06442396270000002
0.06433179680000002
0.06423963086000002
0.06423963086000002
0.06423963086000002
0.06414746496000003
0.06414746496000003
0.06414746496000003
0.06414746496000003
0.06414746496000003
0.06414746496000003
0.06414746496000003
0.06423963086000002
0.06423963086000002
0.06423963086000002
0.06423963086000002
0.06423963086000002
0.06423963086000002
0.06414746486000003
0.06414746486000003
0.06414746486000003
0.06414746486000003
0.06414746486000003
0.06414746486000003
0.06414746486000003
0.06423963066000003
0.06414746472000003
0.06414746472000003
0.06396313302000002
0.06396313302000002
0.06396313302000002
0.06396313302000002
0.06396313302000002
0.06396313302000002
0.06396313302000002
0.06396313302000002
0.06396313302000002
0.06396313302000002
0.06396313302000002
0.06387096708000002
0.06377880118000001
0.06377880118000001
0.06377880118000001
0.06377880118000001
0.06377880118000001
0.06377880118000001
0.06377880118000001
0.06377880118000001
0.06377880118000001
0.06377880118000001
0.06368663524000001
0.06359446930000001
0.06368663520000002
0.06377880100000002
0.06377880100000002
0.06368663510000003
0.06368663510000003
0.06368663510000003
0.06368663510000003
0.06368663510000003
0.06368663510000003
0.06368663510000003
0.06359446920000003
0.06359446920000003
0.06359446920000003
0.06350230340000002
0.06350230340000002
0.06350230340000002
0.06341013760000003
0.06341013760000003
0.06341013760000003
0.06331797180000003
0.06331797180000003
0.06331797180000003
0.06341013780000002
0.06341013780000002
0.06341013780000002
0.06341013780000002
0.06341013780000002
0.06341013780000002
0.06341013780000002
0.06331797180000003
0.06331797180000003
0.06331797180000003
0.06331797180000003
0.06331797180000003
0.06331797184000003
0.06331797194000002
0.06313364020000002
0.06313364020000002
0.06313364020000002
0.06322580600000002
0.06322580600000002
0.06322580600000002
0.06322580600000002
0.06322580600000002
0.06331797194000002
0.06331797194000002
0.06331797194000002
0.06322580604000001
0.06341013788000002
0.06350230378000002
0.06350230378000002
0.06350230378000002
0.06350230378000002
0.06350230378000002
0.06350230378000002
0.06359446968000002
0.06359446968000002
0.06350230378000002
0.06350230378000002
0.06350230378000002
0.06350230378000002
0.06350230378000002
0.06350230378000002
0.06350230378000002
0.06350230378000002
0.06350230378000002
0.06350230378000002
0.06350230378000002
0.06350230378000002
0.06359446968000002
0.06359446968000002
0.06359446968000002
0.06359446968000002
0.06359446968000002
0.06359446968000002
0.06341013798000002
0.06331797204000003
0.06331797204000003
0.06331797204000003
0.06331797204000003
0.06331797204000003
0.06331797204000003
0.06322580614000002
0.06322580614000002
0.06313364020000002
0.06313364020000002
0.06313364020000002
0.06313364020000002
0.06313364020000002
0.06313364020000002
0.06304147440000002
0.06304147440000002
0.06304147440000002
0.0631336403
0.0631336403
0.0631336403
0.0631336403
0.0631336403
0.0631336403
0.0631336403
0.0631336403
0.0630414745
0.0629493086
0.0629493086
0.06285714270000002
0.0629493086
0.0629493086
0.0629493086
0.0629493086
0.0629493086
0.0629493086
0.0629493086
0.0629493086
0.0629493086
0.0629493086
0.0629493086
0.0629493086
0.0629493086
0.06276497680000001
0.06276497680000001
0.06276497680000001
0.06276497680000001
0.06285714270000002
0.06285714270000002
0.06285714270000002
0.06285714270000002
0.06285714270000002
0.06285714270000002
0.06276497676000002
0.06285714266000002
0.06276497686
0.06276497686
0.06276497686
0.06276497686
0.06276497686
0.06276497686
0.06267281100000001
0.06267281100000001
0.06258064510000001
0.06248847930000001
0.06258064524000001
0.06258064524000001
0.06258064524000001
0.06267281114
0.06258064534
0.06258064534
0.06258064534
0.06258064534
0.06258064534
0.06258064534
0.06267281124
0.06267281124
0.06267281124
0.06258064544
0.06258064538000001
0.06258064538000001
0.06258064538000001
0.06258064538000001
0.06258064538000001
0.06258064538000001
0.06258064538000001
0.06258064538000001
0.06258064538000001
0.062488479379999996
0.062488479379999996
0.062488479379999996
0.062488479379999996
0.062488479379999996
0.062488479379999996
0.062488479379999996
0.062488479379999996
0.06239631347999999
0.062304147580000004
0.062304147580000004
0.062304147580000004
0.06221198168
0.062119815679999996
0.062119815679999996
0.06221198158
0.06221198158
0.06221198158
0.06221198158
0.06221198158
0.06221198158
0.06221198158
0.06211981568
0.06211981568
0.06211981568
0.06211981568
0.06211981568
0.06211981568
0.06202764988
0.06202764988
0.06202764988
0.06193548398000001
0.06193548398000001
0.06193548398000001
0.06193548398000001
0.06193548398000001
0.06193548398000001
0.06193548398000001
0.06184331818
0.06184331818
0.06175115238000001
0.06175115238000001
0.061658986580000005
0.061658986580000005
0.061658986580000005
0.061658986580000005
0.061658986580000005
0.06175115248
0.06175115248
0.06165898658
0.06165898658
0.06165898658
0.06165898658
0.06165898658
0.06175115238
0.06175115238
0.06175115238
0.06175115238
0.06175115238
0.06175115238
0.06175115238
0.06175115238
0.061658986480000004
0.06156682058
0.06156682058
0.06156682058
0.06156682058
0.06156682058
0.06156682058
0.06156682058
0.06156682058
0.061658986580000005
0.061658986580000005
0.061658986580000005
0.06156682068000001
0.06165898648000002
0.06175115238000002
0.06165898658000001
0.06165898658000001
0.06175115248000001
0.06175115248000001
0.06175115248000001
0.06175115248000001
0.06175115248000001
0.06175115248000001
0.06175115248000001
0.06175115248000001
0.06175115248000001
0.06175115248000001
0.06175115248000001
0.06175115248000001
0.06184331838000001
0.06175115248000001
0.06175115248000001
0.06165898648000002
0.061566820580000015
0.061566820580000015
0.061566820580000015
0.061658986380000017
0.061658986380000017
0.061658986380000017
0.06156682048000002
0.06156682048000002
0.06156682048000002
0.06156682048000002
0.06156682048000002
0.06156682048000002
0.06156682048000002
0.06147465458000002
0.06147465458000002
0.06147465458000002
0.06147465458000002
0.06147465458000002
0.061382488680000014
0.061382488680000014
0.061382488680000014
0.061382488680000014
0.061382488680000014
0.061382488680000014
0.061382488680000014
0.061382488680000014
0.061382488680000014
0.061382488680000014
0.06129032278000001
0.06129032278000001
0.06129032278000001
0.06138248872000001
0.06138248872000001
0.06138248872000001
0.06138248872000001
0.06138248872000001
0.06138248872000001
0.06138248872000001
0.06138248872000001
0.06147465462000001
0.061566820420000015
0.061566820420000015
0.06165898632000002
0.06165898632000002
0.06165898632000002
0.06165898632000002
0.06165898632000002
0.061566820420000015
0.061566820420000015
0.061566820420000015
0.061566820420000015
0.061566820420000015
0.061566820420000015
0.061566820420000015
0.061566820420000015
0.061566820420000015
0.061566820420000015
0.061566820420000015
0.061566820420000015
0.06165898632000002
0.06156682052000002
0.06147465462000001
0.06138248882000001
0.06138248882000001
0.06138248882000001
0.06129032292000001
0.06129032292000001
0.06129032292000001
0.06129032292000001
0.06119815702000001
0.06119815702000001
0.06119815702000001
0.06119815702000001
0.06119815702000001
0.06119815702000001
0.06119815702000001
0.06119815702000001
0.06119815702000001
0.06119815702000001
0.06119815702000001
0.06119815702000001
0.06119815702000001
0.06119815702000001
0.06119815702000001
0.06138248882
0.06138248882
0.06138248882
0.06138248882
0.06129032292000001
0.061198157120000006
0.061290322980000006
0.061290322980000006
0.061290322980000006
0.061290322980000006
0.061290322980000006
0.061290322980000006
0.061290322980000006
0.06119815708000001
0.06119815708000001
0.06119815708000001
0.06129032302000001
0.06129032302000001
0.06129032302000001
0.06129032302000001
0.06129032302000001
0.06129032302000001
0.06129032302000001
0.06119815722
0.06119815722
0.06110599122
0.061198157120000006
0.061198157120000006
0.061198157120000006
0.06110599132
0.06110599132
0.06110599132
0.06110599132
0.06110599132
0.06110599132
0.06110599132
0.06110599132
0.06110599132
0.06110599132
0.061198157120000006
0.06129032306000001
0.06119815716000001
0.06119815716000001
0.06119815716000001
0.06119815716000001
0.06119815716000001
0.06101382542000001
0.06101382542000001
0.06101382542000001
0.06092165952000001
0.06092165952000001
0.06101382542000001
0.06101382542000001
0.06101382542000001
0.06101382542000001
0.06101382542000001
0.06101382542000001
0.06092165952000001
0.06092165952000001
0.06092165952000001
0.06092165952000001
0.06092165952000001
0.06092165952000001
0.06092165952000001
0.060829493620000015
0.060829493620000015
0.060829493620000015
0.060829493620000015
0.06073732768000002
0.06073732768000002
0.06073732768000002
0.06073732768000002
0.06073732768000002
0.06064516188000001
0.06064516188000001
0.06064516188000001
0.06064516188000001
0.06064516188000001
0.06064516188000001
0.06064516188000001
0.06064516188000001
0.06064516188000001
0.06073732778000002
0.06073732778000002
0.06073732778000002
0.06073732778000002
0.06073732778000002
0.06073732778000002
0.06073732778000002
0.06073732778000002
0.06073732778000002
0.06073732778000002
0.06073732778000002
0.06073732778000002
0.06073732778000002
0.06073732778000002
0.06073732778000002
0.06073732778000002
0.06073732778000002
0.06073732778000002
0.06073732778000002
0.06073732778000002
0.06073732778000002
0.06073732778000002
0.06073732778000002
0.06073732778000002
0.06073732778000002
0.06073732778000002
0.06073732778000002
0.06073732778000002
0.06082949368000001
0.06082949368000001
0.06082949368000001
0.06082949368000001
0.06082949368000001
0.060737327740000006
0.060737327740000006
0.06064516184000001
0.06064516184000001
0.06064516184000001
0.06064516184000001
0.06064516184000001
0.06064516184000001
0.06064516184000001
0.06073732778000002
0.06073732778000002
0.06073732778000002
0.06073732778000002
0.06073732778000002
0.06073732778000002
0.06073732778000002
0.06064516188000003
0.06064516188000003
0.06064516188000003
0.06064516188000003
0.06064516188000003
0.06064516188000003
0.06064516188000003
0.06064516188000003
0.06064516188000003
0.06064516188000003
0.06064516188000003
0.06055299598000003
0.06055299598000003
0.060460829980000026
0.060460829980000026
0.060460829980000026
0.060460829980000026
0.060460829980000026
0.060460829980000026
0.060460829980000026
0.06036866404000002
0.06036866404000002
0.06036866404000002
0.060276498140000016
0.060368664080000016
0.060368664080000016
0.06046082988000002
0.06046082988000002
0.06046082988000002
0.06046082988000002
0.060552995780000014
0.060552995780000014
0.060552995780000014
0.060552995780000014
0.060552995780000014
0.060552995780000014
0.060552995780000014
0.060552995780000014
0.06046082988000002
0.06046082988000002
0.06046082988000002
0.06046082988000002
0.06055299578000002
0.06055299578000002
0.06064516158000002
0.06064516158000002
0.06064516158000002
0.06082949346000002
0.060737327560000026
0.060737327560000026
0.060737327560000026
0.060737327560000026
0.060737327560000026
0.06082949350000003
0.06082949350000003
0.06082949350000003
0.06082949350000003
0.06073732770000003
0.06073732770000003
0.06073732770000003
0.06073732770000003
0.06073732770000003
0.06073732770000003
0.06073732770000003
0.06073732770000003
0.06073732770000003
0.06073732770000003
0.06073732770000003
0.06073732770000003
0.06073732770000003
0.06073732770000003
0.06073732770000003
0.06073732770000003
0.06073732770000003
0.06082949350000003
0.06082949350000003
0.06082949350000003
0.06082949350000003
0.060921659400000036
0.06101382530000004
0.060921659400000036
0.060921659400000036
0.060921659400000036
0.060921659400000036
0.060921659400000036
0.060921659400000036
0.060921659400000036
0.060921659400000036
0.060921659400000036
