0.5636866426
0.38313364388000004
0.3206451640000001
0.27170507056000004
0.2196313366800001
0.17668202812000003
0.15373271772
0.13815668284
0.12912442448000003
0.12230414748
0.11898617612000004
0.11493087658000002
0.11161290468000003
0.10894009284000003
0.10663594534000001
0.10525345702000002
0.10276497808000004
0.10147465416000001
0.09972350272000004
0.09788018474000003
0.09585253528000001
0.09437788064000005
0.09299539202000001
0.09115207444000002
0.0891244243
0.08764977018
0.08617511575999998
0.08470046157999998
0.08350230488000002
0.08258064578000003
0.08119815740000004
0.08027649840000002
0.07824884838000004
0.07677419438000002
0.07539170598000003
0.07428571476000002
0.07317972410000002
0.07235023090000003
0.07161290386000004
0.07050691262000003
0.06949308812000003
0.06857142908000004
0.06783410214000002
0.06728110654000001
0.06645161338
0.06552995468
0.06433179760000002
0.06377880210000003
0.06313364110000004
0.06276497736000003
0.06221198186000004
0.06165898666000003
0.06138248892000002
0.061013825340000036
0.06073732744000004
0.060829493440000035
0.06036866380000003
0.05981566830000005
0.059170506920000046
0.05880184332000004
0.05843317988000005
0.05797235012000004
0.057235023340000024
0.05686635970000002
0.056682027900000015
0.05668202790000002
0.05612903246000002
0.05612903246000002
0.05603686682000003
0.05576036906000002
0.055852534920000016
0.05529953954000002
0.054838710040000016
0.054562212300000024
0.054654378160000024
0.05456221226000002
0.05428571452000003
0.054193548620000025
0.054009216780000015
0.053824884840000024
0.05382488494000001
0.05354838720000002
0.053364055420000014
0.05327188960000002
0.05327188964000002
0.05354838734000001
0.053364055500000014
0.05327188960000001
0.053179723700000014
0.05327188968000002
0.05327188968000002
0.053179723780000014
0.05308755788000001
0.05299539194000001
0.05299539194000001
0.052903226040000015
0.05262672834000001
0.052626728300000016
0.052534562400000005
0.052626728260000005
0.05253456236000001
0.052534562400000005
0.052350230680000005
0.05225806478000001
0.05198156704000002
0.05188940114000001
0.05188940114000001
0.051797235200000014
0.051797235200000014
0.051797235200000014
0.051705069340000014
0.051612903400000014
0.051612903400000014
0.051428571520000015
0.051336405580000015
0.051336405580000015
0.051428571440000015
0.051244239720000015
0.05133640562000001
0.05142857156000002
0.05152073750000001
0.05152073746000002
0.051428571520000015
0.051428571520000015
0.051428571520000015
0.05133640562000001
0.051244239720000015
0.05142857160000002
0.05133640574000002
0.05142857160000002
0.05142857160000002
0.05142857160000002
0.05142857164000001
0.05152073750000001
0.051612903400000014
0.051428571680000014
0.051336405820000014
0.051336405820000014
0.051336405820000014
0.051336405820000014
0.05124423988000002
0.051336405820000014
0.051336405820000014
0.051336405820000014
0.051336405820000014
0.051336405820000014
0.05142857172000002
0.05142857172000002
0.051428571680000014
0.051428571680000014
0.051428571680000014
0.051520737620000014
0.051520737620000014
0.051612903480000014
0.05170506942000001
0.051612903480000014
0.051428571640000025
0.05133640570000002
0.05133640570000002
0.05142857164000001
0.05142857164000001
0.05142857164000001
0.05142857164000001
0.051520737540000014
0.051612903480000014
0.05179723532000002
0.05170506942000002
0.05161290356000002
0.05161290356000002
0.05161290356000002
0.05161290356000002
0.05170506946000002
0.05170506946000002
0.05170506946000002
0.05170506938000002
0.05170506938000002
0.05179723524000002
0.05188940118000002
0.05188940118000002
0.05198156704000002
0.05198156704000002
0.05198156704000002
0.05198156704000002
0.05198156696000001
0.05207373286000001
0.05207373286000001
0.052165898760000017
0.052165898760000017
0.05207373290000002
0.05207373290000002
0.05207373290000002
0.052165898760000017
0.05207373282000001
0.05216589872000001
0.05216589872000001
0.05216589872000001
0.052258064620000017
0.052258064620000017
0.052258064620000017
0.052258064620000017
0.052442396420000016
0.052442396420000016
0.052534562280000016
0.052534562280000016
0.052626728140000016
0.052718894080000016
0.05281105998000002
0.05281105998000002
0.05271889404000002
0.05271889408000002
0.05262672822000002
0.05262672822000002
0.05281106002000002
0.05281106002000002
0.05299539182000002
0.05299539182000002
0.053087557720000025
0.053179723580000025
0.05327188948000003
0.05327188948000003
0.05327188948000003
0.05336405542000002
0.05336405542000002
0.05345622128000002
0.05345622128000002
0.05345622128000002
0.05345622128000002
0.05345622128000002
0.05336405538000002
0.05336405538000002
0.05336405538000002
0.05345622124000002
0.05345622124000002
0.053548387180000025
0.05364055308000003
0.05373271902000003
0.05373271910000002
0.05373271910000002
0.053917050860000024
0.053917050860000024
0.05400921676000003
0.05400921676000003
0.05419354856000003
0.05428571442000003
0.05428571442000003
0.05437788036000003
0.05447004626000003
0.05447004626000003
0.05447004626000003
0.05447004626000003
0.05447004626000003
0.05447004626000003
0.05447004626000003
0.05447004626000003
0.05447004626000003
0.05447004626000003
0.05465437798000003
0.05465437798000003
0.05474654388000002
0.05493087558000002
0.05511520738000002
0.05511520738000002
0.055299539080000015
0.055299539080000015
0.055299539080000015
0.055299539080000015
0.055299539080000015
0.055299539080000015
0.055299539080000015
0.055299539080000015
0.05539170502000001
0.05539170502000001
0.05539170502000001
0.05548387096000001
0.05557603682000001
0.05557603682000001
0.05566820272000001
0.05566820272000001
0.05566820272000001
0.05566820272000001
0.05576036866000001
0.05576036866000001
0.05594470050000002
0.05603686644000003
0.05622119828000002
0.05622119828000002
0.05622119828000002
0.05622119828000002
0.05622119828000002
0.05622119828000002
0.05640553012000002
0.05640553012000002
0.05640553012000002
0.056497696020000016
0.056497696020000016
0.05668202778000002
0.056589861880000016
0.056589861880000016
0.056589861880000016
0.056589861880000016
0.05668202778000002
0.05668202778000002
0.056774193680000015
0.05686635958000002
0.05686635958000002
0.05695852548000002
0.05695852548000002
0.05695852548000002
0.05695852548000002
0.05705069134000002
0.05714285728000003
0.05714285728000003
0.05714285728000003
0.05714285728000003
0.05723502308000003
0.05723502316000003
0.05732718896000003
0.05732718896000003
0.05732718896000003
0.05741935490000003
0.05751152076000003
0.05751152076000003
0.057419354860000035
0.057419354860000035
0.057419354860000035
0.05751152076000004
0.05760368666000004
0.05760368666000004
0.05760368666000004
0.05760368666000004
0.05760368666000004
0.05751152080000004
0.05751152080000004
0.05751152080000004
0.05751152080000004
0.05769585256000004
0.05769585256000004
0.05769585256000004
0.05778801846000004
0.057880184260000044
0.057880184260000044
0.057880184260000044
0.05797235020000004
0.05797235020000004
0.05797235020000004
0.058064516140000036
0.05815668204000003
0.05815668204000003
0.05815668204000003
0.05834101392000004
0.05843317982000004
0.05852534572000004
0.05852534572000004
0.05852534572000004
0.05852534572000004
0.05861751158000004
0.05880184328000005
0.058894009180000054
0.058894009180000054
0.05898617498000005
0.05907834092000004
0.05907834092000004
0.05907834092000004
0.059170506820000045
0.05926267272000004
0.05926267272000004
0.05926267272000004
0.05926267272000004
0.05926267272000004
0.05926267272000004
0.05926267272000004
0.05926267272000004
0.05926267272000004
0.05935483862000004
0.05944700452000004
0.05944700452000004
0.05944700452000004
0.05944700452000004
0.05944700452000004
0.05953917042000004
0.05963133636000004
0.05963133636000004
0.05963133636000004
0.05981566820000003
0.05981566820000003
0.05981566820000003
0.05981566820000003
0.059907834000000035
0.059907834000000035
0.059907834000000035
0.059907834000000035
0.059907834000000035
0.059907834000000035
0.059907834000000035
0.059907834000000035
0.059999999900000024
0.059999999900000024
0.059999999900000024
0.059999999900000024
0.059999999900000024
0.059999999900000024
0.059999999900000024
0.06009216580000003
0.06009216580000003
0.06018433174000003
0.06018433174000003
0.06018433174000003
0.06018433174000003
0.06018433174000003
0.06018433174000003
0.060276497640000024
0.060276497640000024
0.06036866354000003
0.06046082944000003
0.06046082944000003
0.06046082944000003
0.06064516124000002
0.06064516124000002
0.06064516124000002
0.06064516124000002
0.06064516124000002
0.06064516124000002
0.06064516124000002
0.06064516124000002
0.06082949304000003
0.06082949304000003
0.06082949304000003
0.06082949304000003
0.06082949304000003
0.06073732704000003
0.06073732704000003
0.06073732704000003
0.06073732704000003
0.06073732704000003
0.06073732704000003
0.06073732704000003
0.06073732704000003
0.06073732704000003
0.06073732704000003
0.06073732704000003
0.06073732704000003
0.06073732704000003
0.06073732704000003
0.06073732704000003
0.06073732704000003
0.06073732704000003
0.060829492940000035
0.060829492940000035
0.060829492940000035
0.06092165888000003
0.06092165888000003
0.060829492940000035
0.060829492940000035
0.060829492940000035
0.060829492940000035
0.06092165884000003
0.06092165884000003
0.06092165884000003
0.06092165884000003
0.06092165884000003
0.06092165884000003
0.06092165884000003
0.06092165884000003
0.06101382474000003
0.06101382474000003
0.06101382474000003
0.06101382474000003
0.06101382474000003
0.06110599064000003
0.06110599064000003
0.06110599064000003
0.06110599064000003
0.06110599064000003
0.061198156540000034
0.061198156540000034
0.06129032244000004
0.06129032244000004
0.06129032244000004
0.06129032244000004
0.06138248844000003
0.06156682014000004
0.06156682014000004
0.06165898604000003
0.06165898604000003
0.06165898604000003
0.06165898604000003
0.06165898604000003
0.06175115194000003
0.06175115194000003
0.06175115194000003
0.06175115194000003
0.06175115194000003
0.06184331774000003
0.06184331774000003
0.06184331774000003
0.06184331774000003
0.06184331774000003
0.06193548364000003
0.06193548364000003
0.06193548364000003
0.06193548364000003
0.06202764954000003
0.06211981544000003
0.06211981544000003
0.06211981544000003
0.06211981544000003
0.062211981440000036
0.062211981440000036
0.062211981440000036
0.062211981440000036
0.062211981440000036
0.062211981440000036
0.062304147340000025
0.062304147340000025
0.062304147340000025
0.062304147340000025
0.062304147340000025
0.062304147340000025
0.062304147340000025
0.062304147240000024
0.062304147240000024
0.062304147240000024
0.062304147240000024
0.062304147240000024
0.062304147240000024
0.062304147240000024
0.06239631314000003
0.06239631314000003
0.06248847904000003
0.06248847904000003
0.06258064494000003
0.06267281084000002
0.06267281084000002
0.06276497674000002
0.06276497674000002
0.06276497674000002
0.06276497674000002
0.06276497674000002
0.06276497674000002
0.06294930844000002
0.06294930844000002
0.06285714254000002
0.06285714254000002
0.06285714254000002
0.06285714254000002
0.06313364004000004
0.06313364004000004
0.06313364004000004
0.06313364004000004
0.06322580584000004
0.06322580584000004
0.06322580584000004
0.06322580584000004
0.06322580584000004
0.06322580584000004
0.06322580584000004
0.06322580584000004
0.06322580584000004
0.06322580584000004
0.06322580584000004
0.06322580584000004
0.06322580584000004
0.06322580584000004
0.06322580584000004
0.06322580584000004
0.06322580584000004
0.06322580584000004
0.06331797164000004
0.06341013744000004
0.06341013744000004
0.06341013744000004
0.06341013744000004
0.06341013744000004
0.06341013744000004
0.06341013744000004
0.06341013744000004
0.06341013744000004
0.06350230324000004
0.06359446904000005
0.06359446904000005
0.06359446904000005
0.06350230324000004
0.06359446924000003
0.06359446924000003
0.06359446924000003
0.06359446924000003
0.06359446924000003
0.06359446924000003
0.06359446924000003
0.06359446924000003
0.06359446924000003
0.06359446924000003
0.06359446924000003
0.06368663514000004
0.06368663514000004
0.06368663514000004
0.06368663514000004
0.06368663514000004
0.06377880104000004
0.06377880104000004
0.06377880104000004
0.06377880104000004
0.06387096684000004
0.06387096684000004
0.06387096684000004
0.06387096684000004
0.06387096684000004
0.06387096684000004
0.06387096684000004
0.06387096684000004
0.06387096684000004
0.06387096684000004
0.06387096684000004
0.06387096684000004
0.06387096684000004
0.06387096684000004
0.06387096684000004
0.06387096684000004
0.06387096684000004
0.06387096684000004
0.06387096684000004
0.06396313284000005
0.06396313284000005
0.06396313284000005
0.06396313284000005
0.06396313284000005
0.06396313284000005
0.06405529864000005
0.06396313274000004
0.06396313274000004
0.06396313274000004
0.06396313274000004
0.06396313274000004
0.06396313274000004
0.06396313274000004
0.06396313274000004
0.06396313274000004
0.06396313274000004
0.06396313274000004
0.06396313274000004
0.06396313274000004
0.06396313274000004
0.06396313274000004
0.06396313274000004
0.06396313274000004
0.06396313274000004
0.06396313274000004
0.06396313274000004
0.06396313274000004
0.06396313274000004
0.06405529864000005
0.06405529864000005
0.06405529864000005
0.06405529864000005
0.06405529864000005
0.06405529864000005
0.06405529864000005
0.06414746444000004
0.06414746444000004
0.06423963034000003
0.06423963034000003
0.06423963034000003
0.06423963034000003
0.06433179624000003
0.06433179624000003
0.06433179624000003
0.06433179624000003
0.06433179624000003
0.06433179624000003
0.06433179624000003
0.06433179624000003
0.06433179624000003
0.06433179624000003
0.06433179624000003
0.06433179624000003
0.06433179624000003
0.06433179624000003
0.06433179624000003
0.06423963034000002
0.06423963034000002
0.06423963034000002
0.06423963034000002
0.06423963034000002
0.06423963034000002
0.06423963034000002
0.06423963034000002
0.06423963034000002
0.06423963034000002
0.06423963034000002
0.06423963034000002
0.06423963034000002
0.06433179634000002
0.06433179634000002
0.06433179634000002
0.06433179634000002
0.06433179634000002
0.06433179634000002
0.06433179634000002
0.06433179634000002
0.06433179634000002
0.06433179634000002
0.06433179634000002
0.06433179634000002
0.06433179634000002
0.06433179634000002
0.06433179634000002
0.06433179634000002
0.06433179634000002
0.06433179634000002
0.06433179634000002
0.06433179634000002
0.06433179634000002
0.06433179634000002
0.06433179634000002
0.06433179634000002
0.06433179634000002
0.06433179634000002
0.06433179634000002
0.06433179634000002
0.06433179634000002
0.06433179634000002
0.06433179634000002
0.06433179634000002
0.06433179634000002
0.06433179634000002
0.06433179634000002
0.06433179634000002
0.06433179634000002
0.06433179634000002
0.06433179634000002
0.06433179634000002
0.06433179634000002
0.06442396228000002
0.06442396228000002
0.06442396228000002
0.06442396228000002
0.06442396228000002
0.06442396228000002
0.06442396228000002
0.06442396228000002
0.06451612822000002
0.06451612822000002
0.06460829402000004
0.06460829402000004
0.06460829402000004
0.06460829402000004
0.06460829402000004
0.06460829402000004
0.06460829402000004
0.06460829402000004
0.06460829402000004
0.06470045992000004
0.06470045992000004
0.06470045992000004
0.06470045992000004
0.06470045992000004
0.06470045992000004
0.06470045992000004
0.06479262572000004
0.06488479172000003
0.06497695762000004
0.06497695762000004
0.06497695762000004
0.06497695762000004
0.06497695762000004
0.06506912352000004
0.06506912352000004
0.06506912352000004
0.06506912352000004
0.06506912352000004
0.06506912352000004
0.06506912352000004
0.06506912352000004
0.06506912352000004
0.06506912352000004
0.06506912352000004
0.06506912352000004
0.06506912352000004
0.06506912352000004
0.06506912352000004
0.06506912352000004
0.06506912352000004
0.06506912352000004
0.06506912352000004
0.06506912352000004
0.06506912352000004
0.06506912352000004
0.06506912352000004
0.06506912352000004
0.06506912352000004
0.06516128952000004
0.06516128952000004
0.06525345542000005
0.06525345542000005
0.06525345542000005
0.06525345542000005
0.06525345542000005
0.06516128962000005
0.06516128962000005
0.06516128962000005
0.06516128962000005
0.06516128962000005
0.06516128962000005
0.06525345562000004
0.06525345562000004
0.06525345562000004
0.06525345562000004
0.06525345562000004
0.06525345562000004
0.06525345562000004
0.06525345562000004
0.06525345562000004
0.06516128982000004
0.06525345572000003
0.06534562152000004
0.06534562152000004
0.06534562152000004
0.06525345558000004
0.06525345558000004
0.06525345558000004
0.06525345558000004
0.06525345558000004
0.06516128968000003
0.06516128968000003
0.06516128968000003
0.06516128968000003
0.06516128968000003
0.06516128968000003
0.06516128968000003
0.06525345562000003
0.06525345562000003
0.06525345562000003
0.06525345562000003
0.06525345562000003
0.06525345562000003
0.06525345562000003
0.06525345562000003
0.06525345562000003
0.06525345562000003
0.06525345562000003
0.06525345562000003
0.06516128972000003
0.06516128972000003
0.06516128972000003
0.06506912382000002
0.06506912382000002
0.06506912382000002
0.06506912382000002
0.06506912382000002
0.06506912382000002
0.06506912382000002
0.06506912382000002
0.06506912382000002
0.06506912382000002
0.06506912382000002
0.06506912382000002
0.06506912382000002
0.06506912382000002
0.06506912382000002
0.06506912382000002
0.06506912382000002
0.06516128982000002
0.06516128982000002
0.06516128982000002
0.06516128982000002
0.06525345576000002
0.06525345576000002
0.06525345576000002
0.06534562166000003
0.06534562166000003
0.06534562166000003
0.06534562166000003
0.06534562166000003
0.06534562166000003
0.06525345576000002
0.06525345576000002
0.06525345576000002
0.06525345576000002
0.06525345576000002
0.06525345576000002
0.06525345576000002
0.06525345576000002
0.06525345576000002
0.06516128996000002
0.06516128996000002
0.06506912416000002
0.06506912416000002
0.06506912416000002
0.06506912416000002
0.06506912416000002
0.06506912416000002
0.06506912416000002
0.06506912416000002
0.06506912416000002
0.06506912416000002
0.06506912416000002
0.06506912416000002
0.06506912416000002
0.06506912416000002
0.06506912416000002
0.06506912416000002
0.06506912416000002
0.06506912416000002
0.06497695816000001
0.06497695816000001
0.06497695816000001
0.06497695816000001
0.06488479226000002
0.06488479226000002
0.06497695806000002
0.06497695806000002
0.06497695806000002
0.06497695806000002
0.06497695806000002
0.06497695806000002
0.06497695806000002
0.06497695806000002
0.06497695806000002
0.06497695806000002
0.06497695806000002
0.06497695806000002
0.06506912406000002
0.06506912406000002
0.06516128986000001
0.06516128986000001
0.06516128986000001
0.06516128986000001
0.06525345566000001
0.06525345566000001
0.06525345566000001
0.06525345566000001
0.06525345566000001
0.06525345566000001
0.06525345566000001
0.06525345566000001
0.06525345566000001
0.06525345566000001
0.06525345566000001
0.06525345566000001
0.06534562166000002
0.06534562166000002
0.06534562166000002
0.06534562166000002
0.06534562166000002
0.06534562166000002
0.06534562166000002
0.06534562166000002
0.06534562166000002
0.06534562166000002
0.06534562166000002
0.06534562166000002
0.06534562166000002
0.06534562166000002
0.06534562166000002
0.06525345576000002
0.06525345576000002
0.06516128996000002
0.06516128996000002
0.06516128996000002
0.06516128996000002
0.06516128996000002
0.06516128996000002
0.06516128996000002
0.06516128996000002
0.06516128996000002
0.06516128996000002
0.06516128996000002
0.06516128996000002
0.06516128996000002
0.06516128996000002
0.06516128996000002
0.06516128996000002
0.06516128996000002
0.06516128996000002
0.06506912396000003
0.06506912396000003
0.06506912396000003
0.06506912396000003
0.06506912396000003
0.06506912396000003
0.06506912396000003
0.06506912396000003
0.06506912396000003
0.06506912396000003
0.06506912396000003
0.06506912396000003
0.06506912396000003
0.06506912396000003
0.06497695806000003
0.06497695806000003
0.06497695806000003
0.06497695806000003
0.06497695806000003
0.06497695806000003
0.06497695806000003
0.06497695806000003
0.06497695806000003
0.06497695806000003
0.06497695806000003
0.06497695806000003
0.06497695806000003
