0.5415668229999999
0.5044239681999998
0.4451612937999998
0.40119815819999977
0.37548387160000013
0.35898617660000004
0.3435023058
0.3262672828
0.3070967738000001
0.2849769616
0.2678341014
0.24700460880000003
0.23142857160000002
0.21806451611999988
0.20285714379999997
0.19124424068000004
0.18165898884000004
0.1707834112
0.16387096935999998
0.15815668244
0.15336405636000003
0.15041474744000005
0.14737327208
0.1455299546
0.14211981564
0.1399078356
0.13834101539999996
0.13677419542000002
0.13493087656
0.13327189029999997
0.13124424099999998
0.12976958591999999
0.12783410191999997
0.12626728168
0.12442396371999999
0.12341013826
0.12258064499999997
0.12129032252000004
0.12018433206000001
0.11963133622
0.11870967710000002
0.11797235054000006
0.11751152114000005
0.11649769636000004
0.11594470136000005
0.11539170616000007
0.11493087676000005
0.11391705192000004
0.11327189052000003
0.11281106076000003
0.11235023096000002
0.11179723576000004
0.11161290416000001
0.11105990896000001
0.11069124544000002
0.11023041564
0.10921659043999998
0.10884792648
0.10838709679999999
0.10829493092
0.10764976929999999
0.10728110599999999
0.10691244208
0.10635944739999999
0.10580645204
0.10534562256
0.10506912488000002
0.10479262698000001
0.10387096834000005
0.10341013882000002
0.10285714372000002
0.10248847978
0.10230414809999999
0.10156682076
0.10129032287999999
0.1007373274
0.10055299570000001
0.09990783462
0.09935483953999999
0.09889400956
0.09861751184
0.09861751194
0.09778801876000001
0.09723502331999999
0.09668202801999998
0.09631336444000001
0.09566820314
0.09520737352000001
0.09474654418
0.09447004648000001
0.09400921730000002
0.09373271970000002
0.09336405622000003
0.09262672880000004
0.09244239708000002
0.09244239708000002
0.09225806518000003
0.09198156746000002
0.09124424024000001
0.09096774256000001
0.09059907896000001
0.09041474704000001
0.08995391752000001
0.08949308824
0.08949308824
0.08930875634000002
0.08912442434000001
0.08894009244000001
0.08866359486000003
0.08838709726000003
0.08801843356000004
0.08783410164000002
0.08700460842000002
0.08672811082000002
0.08635944724000004
0.08635944724000004
0.08580645204000004
0.08571428624000003
0.08543778844000004
0.08516129084000003
0.08516129084000003
0.08516129084000003
0.08488479324000003
0.08442396374000002
0.08396313424000003
0.08368663660000003
0.08341013882000003
0.08304147534000002
0.08276497774000005
0.08276497768000005
0.08248848008000005
0.08230414868000004
0.08202765078000004
0.08184331908000005
0.08156682108000002
0.08147465508000001
0.08110599158000001
0.08073732808000003
0.08055299628000004
0.08046083028000002
0.08036866448000003
0.07990783508000003
0.07972350328000002
0.07935483960000003
0.07917050780000003
0.07880184420000003
0.07880184430000002
0.07834101486000002
0.07815668306000001
0.07778801922000002
0.07741935562000002
0.07741935582000002
0.07723502392000003
0.07714285812000003
0.07686636032000002
0.07686636032000002
0.07658986272000003
0.07622119882000003
0.07603686692000003
0.07594470098000003
0.07594470088000004
0.07576036908000003
0.07566820328000004
0.07539170578000004
0.07511520812000004
0.07502304206000003
0.07483871016000004
0.07474654416000004
0.07456221256000004
0.07437788072000004
0.07419354902000004
0.07382488542000004
0.07364055382000004
0.07336405622000003
0.07308755852000003
0.07290322682000003
0.07262672912000002
0.07244239722000004
0.07225806552000004
0.07198156762000003
0.07188940162000003
0.07142857192000004
0.07124424022000005
0.07078341048000004
0.07069124458000003
0.07041474708000003
0.07004608358000004
0.06976958588000003
0.06940092234000003
0.06912442460000003
0.06903225880000004
0.06894009300000004
0.06884792710000003
0.06866359530000005
0.06847926340000003
0.06838709750000004
0.06820276580000004
0.06811059980000003
0.06811059980000003
0.06801843390000004
0.06728110636000004
0.06728110636000004
0.06691244276000004
0.06663594506000005
0.06663594506000005
0.06663594506000005
0.06663594516000004
0.06635944726000004
0.06617511536000004
0.06608294956000003
0.06589861772000004
0.06580645192000004
0.06562212012000003
0.06562212002000004
0.06562212006000004
0.06543778816000004
0.06525345640000003
0.06497695864000003
0.06479262694000004
0.06479262700000005
0.06479262704000005
0.06470046114000004
0.06460829524000004
0.06442396354000005
0.06423963174000004
0.06423963170000005
0.06414746590000005
0.06396313390000004
0.06359447050000003
0.06341013870000003
0.06322580694000003
0.06294930934000004
0.06285714340000002
0.06276497760000002
0.062396313940000024
0.062304147940000026
0.06211981600000003
0.061935484200000036
0.061843318340000036
0.061751152540000034
0.06147465470000002
0.06092165940000003
0.06082949354000003
0.06055299564000003
0.06046082970000003
0.060368663760000024
0.06027649786000003
0.060000000060000024
0.059907834120000024
0.05981566832000002
0.05963133662000002
0.059447004780000014
0.059262672980000014
0.059170506980000016
0.05889400914000001
0.05889400914000001
0.059078340900000005
0.0589861749
0.05889400900000001
0.05880184310000001
0.05880184310000001
0.05870967716000001
0.05843317952
0.05834101358000001
0.058248847640000004
0.058156681780000004
0.05788018390000001
0.05788018390000001
0.05769585214000001
0.05769585214000001
0.05760368628000001
0.05760368628000001
0.057511520380000014
0.05769585222000002
0.05769585226000001
0.057511520460000014
0.05723502272000002
0.057327188660000014
0.057327188660000014
0.05751152066000002
0.05751152066000002
0.05751152080000002
0.05760368674000003
0.05760368674000003
0.05760368674000003
0.05760368674000003
0.057695852640000024
0.057603686700000024
0.05751152090000003
0.05751152104000003
0.05760368690000003
0.05769585284000003
0.05778801874000003
0.05778801874000003
0.057880184640000026
0.05788018464000002
0.05788018460000002
0.05778801874000003
0.05769585284000003
0.05760368694000003
0.05741935514000003
0.05723502320000003
0.05732718900000003
0.05723502314000003
0.05705069144000002
0.05705069144000002
0.05686635974000003
0.05677419388000003
0.05668202804000003
0.056497696340000035
0.05649769638000003
0.05649769638000003
0.05649769638000003
0.05649769638000003
0.05649769638000003
0.056589862280000035
0.056589862280000035
0.05640553048000003
0.05649769638000003
0.05649769638000003
0.05631336458000003
0.05622119868000003
0.05622119868000003
0.056129032780000025
0.056129032780000025
0.05603686688000002
0.05612903274000002
0.05594470090000003
0.05585253500000002
0.05585253500000002
0.05585253500000002
0.055760369000000025
0.055760369000000025
0.05557603706000003
0.05557603706000003
0.05548387116000003
0.055299539460000026
0.05511520760000002
0.05502304166000003
0.05502304166000003
0.054930875760000025
0.054930875760000025
0.05483870986000002
0.05474654396000002
0.05474654396000002
0.05474654396000002
0.05465437800000003
0.054562212200000015
0.054562212200000015
0.054562212100000014
0.054562212100000014
0.054377880340000025
0.054285714540000016
0.054193548640000026
0.05410138270000003
0.05410138270000003
0.05391705096000002
0.05391705096000002
0.05391705096000002
0.05391705096000002
0.05382488506000002
0.05382488506000002
0.05373271916000002
0.05354838736000001
0.05354838736000001
0.05345622142000002
0.05336405552000002
0.05327188972000002
0.05317972378000002
0.05317972378000002
0.05317972378000002
0.05317972378000002
0.05308755788000002
0.05299539198000002
0.05299539198000002
0.05299539198000002
0.05290322608000002
0.05281106022000002
0.05262672834000002
0.05253456248000002
0.052442396580000016
0.052534562520000015
0.052534562520000015
0.05244239662000001
0.05235023068000001
0.05235023068000001
0.05225806466000002
0.05235023052000001
0.05235023052000001
0.05244239646000001
0.05235023052000001
0.05207373290000002
0.05207373290000002
0.05207373290000002
0.05216589884000002
0.05216589884000002
0.05216589884000002
0.05207373294000002
0.05207373294000002
0.05207373294000002
0.05207373294000002
0.05207373290000002
0.05198156704000002
0.05198156704000002
0.05198156704000002
0.05179723524000001
0.05188940114000001
0.05188940114000001
0.05188940114000001
0.05188940114000001
0.05188940114000001
0.05188940114000001
0.05170506938000001
0.05170506938000001
0.05170506938000001
0.05170506938000001
0.05170506938000001
0.05170506938000001
0.05170506946
0.051612903560000006
0.05161290356000001
0.05152073766000001
0.05161290356000001
0.05170506946000002
0.05179723532000002
0.05170506946000002
0.05170506946000002
0.05170506946000002
0.05170506946000002
0.05170506946000002
0.05170506946000002
0.05170506946000002
0.05170506946000002
0.05170506946000002
0.05170506946000002
0.05170506946000002
0.05170506946000002
0.05170506946000002
0.05170506946000002
0.051520737620000014
0.051520737620000014
0.051520737620000014
0.051520737620000014
0.05133640578000001
0.05124423984000002
0.05105990800000001
0.05115207390000001
0.05124423976000001
0.05105990796000001
0.05105990796000001
0.05105990796000001
0.05096774206000001
0.05096774206000001
0.05096774206000001
0.05096774206000001
0.05105990800000001
0.05105990800000001
0.05105990800000001
0.05096774206000001
0.05087557620000001
0.05087557620000001
0.05087557620000001
0.05087557620000001
0.05087557620000001
0.05087557620000001
0.05087557620000001
0.05078341034000001
0.05078341034000001
0.05087557628000001
0.05096774218000001
0.05096774218000001
0.05096774218000001
0.05096774218000001
0.05096774218000001
0.05087557632000001
0.05087557632000001
0.05087557632000001
0.05087557632000001
0.05078341038000001
0.05078341038000001
0.05078341038000001
0.05087557628000001
0.05078341038000001
0.05078341038000001
0.05078341038000001
0.05078341038000001
0.05069124448000001
0.05069124448000001
0.05069124448000001
0.050691244400000016
0.050691244400000016
0.050691244400000016
0.050691244400000016
0.050691244400000016
0.050691244400000016
0.050599078540000016
0.050599078540000016
0.050599078540000016
0.050599078540000016
0.050599078540000016
0.050599078540000016
0.050599078540000016
0.050599078540000016
0.050599078540000016
0.050599078540000016
0.050599078540000016
0.050599078540000016
0.050506912680000016
0.050506912680000016
0.050506912680000016
0.050506912680000016
0.050506912680000016
0.050506912680000016
0.050506912680000016
0.050506912680000016
0.050506912680000016
0.050506912680000016
0.050506912680000016
0.050506912680000016
0.050506912680000016
0.050506912680000016
0.050506912680000016
0.050506912680000016
0.05041474678000001
0.050322580880000016
0.050322580880000016
0.050322580880000016
0.050322580880000016
0.050322580880000016
0.050322580880000016
0.050322580880000016
0.050322580880000016
0.050322580880000016
0.050322580880000016
0.050322580880000016
0.050322580880000016
0.050322580880000016
0.05023041498000001
0.05023041498000001
0.05023041498000001
0.05023041498000001
0.05023041498000001
0.05023041498000001
0.05023041498000001
0.05013824904000001
0.050046083100000006
0.050046083100000006
0.050138249040000006
0.050138249040000006
0.050138249040000006
0.05004608314000001
0.05004608314000001
0.05004608314000001
0.05004608314000001
0.05004608314000001
0.05004608314000001
0.05013824908000001
0.05013824908000001
0.05013824908000001
0.05013824908000001
0.05013824908000001
0.05013824908000001
0.05013824908000001
0.05013824908000001
0.05013824908000001
0.05013824908000001
0.05013824908000001
0.05013824908000001
0.05013824908000001
0.050046083180000006
0.050046083180000006
0.050046083180000006
0.050046083180000006
0.050138249120000006
0.050138249120000006
0.050046083180000006
0.050046083180000006
0.050046083180000006
0.050046083180000006
0.050046083180000006
0.050046083180000006
0.050046083180000006
0.050046083180000006
0.050046083180000006
0.050046083180000006
0.050046083180000006
0.050046083180000006
0.050046083180000006
0.050046083180000006
0.04995391724
0.04986175134000001
0.04986175134000001
0.04986175134000001
0.04986175134000001
0.04986175134000001
0.04986175134000001
0.04986175134000001
0.04986175134000001
0.04986175134000001
0.04986175134000001
0.04986175134000001
0.04986175134000001
0.04986175134000001
0.04986175134000001
0.04986175134000001
0.04986175134000001
0.04986175134000001
0.04986175134000001
0.04986175134000001
0.04986175134000001
0.04986175134000001
0.04986175134000001
0.04986175134000001
0.04986175134000001
0.04986175134000001
0.04986175134000001
0.04986175134000001
0.04986175134000001
0.04986175134000001
0.04986175134000001
0.04986175134000001
0.049769585400000003
0.049769585400000003
0.049769585400000003
0.049769585400000003
0.049769585400000003
0.049769585400000003
0.049769585400000003
0.049769585400000003
0.049769585400000003
0.049769585400000003
0.049677419540000003
0.049677419540000003
0.049677419540000003
0.049677419540000003
0.049677419540000003
0.049677419540000003
0.049677419540000003
0.04976958548000001
0.04976958548000001
0.04976958548000001
0.04976958548000001
0.04976958548000001
0.04976958548000001
0.04976958548000001
0.04976958548000001
0.04976958548000001
0.04976958548000001
0.04976958548000001
0.04958525364000001
0.04958525364000001
0.04958525364000001
0.04958525364000001
0.04958525364000001
0.04958525364000001
0.04958525364000001
0.04958525364000001
0.049493087740000004
0.04958525364000001
0.04958525364000001
0.04958525364000001
0.04958525364000001
0.04958525364000001
0.04958525364000001
0.04949308770000001
0.04949308770000001
0.04940092176
0.04940092176
0.04940092176
0.04940092176
0.04940092176
0.04940092176
0.04940092176
0.04940092176
0.04930875582000001
0.04930875582000001
0.04930875582000001
0.04921658988000001
0.04921658988000001
0.04921658988000001
0.04921658988000001
0.04921658988000001
0.04921658988000001
0.04921658988000001
0.04921658988000001
0.04921658988000001
0.04921658988000001
0.04921658988000001
0.04921658988000001
0.04921658988000001
0.04921658988000001
0.049308755820000015
0.049308755820000015
0.049308755820000015
0.049308755820000015
0.049308755820000015
0.049308755820000015
0.049308755820000015
0.049400921680000015
0.049400921680000015
0.049308755740000015
0.049308755740000015
0.049308755740000015
0.049308755740000015
0.049308755740000015
0.049308755740000015
0.049308755740000015
0.049308755740000015
0.049308755740000015
0.049308755740000015
0.049308755740000015
0.049308755740000015
0.049308755740000015
0.049308755740000015
0.049308755740000015
0.049308755740000015
0.049308755740000015
0.049308755740000015
0.049308755740000015
0.049308755740000015
0.049308755740000015
0.049308755740000015
0.049308755740000015
0.049308755740000015
0.049308755740000015
0.049308755740000015
0.049308755740000015
0.049308755740000015
0.049308755740000015
0.049308755740000015
0.049308755740000015
0.049308755740000015
0.049308755740000015
0.049308755740000015
0.049308755740000015
0.049308755740000015
0.049308755740000015
0.049308755740000015
0.049308755740000015
0.049308755740000015
0.049308755740000015
0.049308755740000015
0.049308755740000015
0.049216589880000015
0.049216589880000015
0.049216589880000015
0.049216589880000015
0.049216589880000015
0.049216589880000015
0.049124424020000015
0.049124424020000015
0.049124424020000015
0.049124424020000015
0.049124424020000015
0.04903225812000001
0.04903225812000001
0.04903225812000001
0.04903225812000001
0.04903225812000001
0.04903225812000001
0.04903225812000001
0.04894009226000001
0.048847926320000006
0.048847926320000006
0.048847926320000006
0.048847926320000006
0.048847926320000006
0.048847926320000006
0.048847926320000006
0.048847926320000006
0.048847926320000006
0.048847926320000006
0.048847926320000006
0.048755760460000006
0.048755760460000006
0.048755760460000006
0.04866359452000001
0.04866359452000001
0.04866359452000001
0.04866359452000001
0.04866359452000001
0.04866359452000001
0.04866359452000001
0.04866359452000001
0.048663594560000016
0.048663594560000016
0.048571428700000016
0.048571428700000016
0.048571428700000016
0.048571428700000016
0.048571428700000016
0.048571428700000016
0.048571428700000016
0.048571428700000016
0.048571428700000016
0.048571428700000016
0.048571428700000016
0.048571428700000016
0.04847926276000001
0.04847926276000001
0.04847926276000001
0.04838709682000001
0.04838709682000001
0.04838709682000001
0.04838709682000001
0.04838709682000001
0.04838709682000001
0.04838709682000001
0.04838709682000001
0.04838709682000001
0.04838709682000001
0.04838709682000001
0.04838709682000001
0.04838709682000001
0.04838709682000001
0.04838709682000001
0.04838709682000001
0.04838709682000001
0.04838709682000001
0.04838709682000001
0.04838709682000001
0.04838709682000001
0.04838709682000001
0.04838709682000001
0.04838709682000001
0.04838709682000001
0.04838709682000001
0.04838709682000001
0.04838709682000001
0.04838709682000001
0.04838709682000001
0.04838709682000001
0.04829493088
0.04829493088
0.04829493088
0.04829493088
0.048202764940000004
0.048202764940000004
0.048202764940000004
0.04811059904000001
0.04811059904000001
0.04811059904000001
0.04811059904000001
0.04811059904000001
0.04811059904000001
0.04811059904000001
0.04811059904000001
0.04811059904000001
0.04811059904000001
0.04811059904000001
0.04811059904000001
0.04811059904000001
0.0482027649
0.0482027649
0.0482027649
0.0482027649
0.0482027649
0.04829493076
0.04829493076
0.04829493076
0.04829493076
0.04829493076
0.04829493076
0.04829493076
0.04829493076
0.04829493076
0.04829493076
0.04829493076
0.04829493076
0.04829493076
0.04829493076
0.04829493076
0.04829493076
0.04829493076
0.048387096660000004
0.048387096660000004
0.048479262520000004
0.048479262520000004
0.048479262520000004
0.048479262520000004
0.048479262520000004
0.048479262520000004
0.048479262520000004
0.048479262520000004
0.048479262520000004
0.048479262520000004
0.048479262520000004
0.04857142846
0.04857142846
0.04857142846
0.04857142846
0.04857142846
0.04857142846
0.04857142846
0.04857142846
0.04857142846
0.04857142846
0.04857142846
0.04857142846
0.04857142846
0.04857142846
0.04857142846
0.048663594360000006
0.048663594360000006
0.048663594360000006
0.048663594360000006
0.048663594360000006
0.048663594360000006
0.048663594360000006
0.048663594360000006
0.048663594360000006
0.048663594360000006
0.048663594360000006
0.048663594360000006
0.048755760300000006
0.048755760300000006
0.048755760300000006
0.048755760300000006
0.048755760300000006
0.048755760300000006
0.048755760300000006
0.048755760300000006
0.048755760300000006
0.048755760300000006
0.048755760300000006
0.048755760300000006
0.048755760300000006
0.048755760300000006
0.04884792620000001
0.04894009214
0.04894009214
0.04894009214
0.04894009214
0.04894009214
0.04894009214
0.04894009214
0.04894009214
0.04894009214
0.04894009214
0.04894009214
0.04894009214
0.04894009214
0.04894009214
0.049032258040000005
0.049032258040000005
0.049032258040000005
0.049032258040000005
0.049032258040000005
0.049032258040000005
0.049032258040000005
0.049032258040000005
0.048940092140000016
0.048940092140000016
0.048940092140000016
0.048940092140000016
0.048940092140000016
0.049032258040000005
0.049032258040000005
0.049032258040000005
0.049032258040000005
0.049032258040000005
0.049032258040000005
0.049032258040000005
0.049032258040000005
0.049032258040000005
0.049032258040000005
0.049032258040000005
0.049032258040000005
0.049032258040000005
0.04912442394000001
0.04921658980000001
0.04921658980000001
0.04930875574000001
0.04930875574000001
0.04940092160000001
0.04940092160000001
0.04940092160000001
0.04940092160000001
0.04940092160000001
0.04940092160000001
0.04940092160000001
0.04940092160000001
0.04940092160000001
0.04940092160000001
0.04940092160000001
0.04940092160000001
0.04940092160000001
0.04940092160000001
0.04940092160000001
0.04940092160000001
0.04940092160000001
0.04940092160000001
0.04940092160000001
0.04940092160000001
0.04940092160000001
0.04940092160000001
0.04940092160000001
0.04940092160000001
0.04940092160000001
0.04940092160000001
0.04940092160000001
