0.5155760409999999
0.40175115440000014
0.35658986500000006
0.31880184732000005
0.27658986212000003
0.23354838731999994
0.19437788188
0.17023041619999998
0.15262672876
0.13990783491999997
0.1303225817
0.12479262832000003
0.12055299620000005
0.11622119860000002
0.11364055414000002
0.11188940132000001
0.10838709721999999
0.10663594602000001
0.10525345678000003
0.10322580736000003
0.10184331863999999
0.10036866359999998
0.09907834154
0.09705069182
0.09585253532000003
0.09465437836
0.09391705119999999
0.09345622218
0.09281106046
0.09207373306000001
0.09069124506
0.08940092246
0.08866359530000002
0.0877419363
0.08635944782
0.08580645242000003
0.08442396380000003
0.08368663648000002
0.08294930946000002
0.08184331884000003
0.08018433256000003
0.07926267348000002
0.07806451648000003
0.07705069180000002
0.07603686670000001
0.07493087610000003
0.07447004660000003
0.07336405538000003
0.07244239636000004
0.07133640562000003
0.07087557622000003
0.06976958524000003
0.06930875584000004
0.06894009254000004
0.06829493134000003
0.06746543818000003
0.06663594538
0.06589861804000002
0.06497695928000001
0.06460829572000001
0.06405530032000002
0.06350230492000002
0.06285714342000003
0.062027650480000016
0.06156682090000003
0.06147465500000004
0.06129032316000004
0.06101382536000004
0.060368664060000035
0.06009216616000002
0.05944700474000002
0.05926267310000001
0.05870967738000002
0.05824884788000001
0.05824884788000001
0.05778801852000001
0.057235023120000006
0.05686635962
0.056682027680000004
0.05640552994000001
0.056313364040000015
0.05603686628000002
0.05566820260000003
0.05557603684000003
0.05520737310000003
0.055207373020000026
0.055115207260000035
0.054746543840000016
0.054930875560000016
0.05456221192000002
0.05447004606000001
0.05428571412000001
0.05410138252000001
0.053917050720000005
0.053732719000000005
0.05336405536000001
0.05290322592
0.052626728260000005
0.052718894159999995
0.052626728299999995
0.05253456236
0.05244239646
0.05216589868000001
0.05216589868000001
0.05216589868000001
0.05207373282000001
0.05207373282000001
0.05207373282000001
0.05198156692000001
0.05198156692000001
0.05179723512
0.05188940102
0.05170506926000001
0.05170506918
0.051428571439999994
0.051428571439999994
0.05152073738
0.051336405579999994
0.051336405579999994
0.051244239760000004
0.051152073820000005
0.05096774198
0.05105990792000001
0.05105990792000001
0.05105990792000001
0.05105990792000001
0.05105990792000001
0.05105990792
0.050783410259999995
0.050599078459999995
0.05041474658
0.05050691252
0.05050691252
0.05050691242000001
0.05050691242000001
0.050322580660000005
0.050230414800000005
0.05013824886000001
0.050230414800000005
0.05032258074000001
0.050138248900000015
0.050138248900000015
0.050046082960000016
0.04995391702000001
0.05004608284000001
0.05004608284000001
0.05004608284000001
0.05004608284000001
0.049953916900000006
0.049953916900000006
0.049953916900000006
0.049953916900000006
0.049769585240000004
0.049769585240000004
0.049677419380000004
0.049677419380000004
0.049677419380000004
0.049677419380000004
0.049677419380000004
0.049677419380000004
0.04958525344
0.04958525344
0.049400921640000005
0.04930875574000001
0.04930875574000001
0.04940092168000001
0.04940092168000001
0.04940092168000001
0.04930875578000001
0.04940092164000001
0.04930875574000001
0.049308755820000015
0.049308755820000015
0.04940092172000002
0.049308755820000015
0.04921658992000001
0.049124423980000005
0.04921658988000001
0.04921658988000001
0.049032258120000005
0.04912442402000001
0.04912442402000001
0.04912442402000001
0.04903225816000001
0.04894009230000001
0.04894009230000001
0.04884792644000001
0.04884792644000001
0.048755760540000005
0.04866359464000001
0.048663594600000006
0.048663594600000006
0.048663594600000006
0.048663594600000006
0.048663594600000006
0.048663594600000006
0.048571428740000006
0.04829493096
0.04829493096
0.04829493096
0.0483870969
0.0483870969
0.0483870969
0.0483870969
0.0483870969
0.0483870969
0.048294931000000006
0.048294931000000006
0.048202765140000006
0.048294931000000006
0.048294931000000006
0.0483870969
0.048387096860000006
0.048387096860000006
0.048387096860000006
0.04838709682
0.04847926276000001
0.048387096860000006
0.048294931000000006
0.0482027651
0.0482027651
0.0482027651
0.0482027651
0.0482027651
0.04838709694000001
0.04838709694000001
0.04838709694000001
0.04838709694000001
0.04838709694000001
0.04838709694000001
0.04838709694000001
0.04838709694000001
0.048571428740000006
0.048571428740000006
0.04847926280000001
0.04857142866000001
0.04857142866000001
0.04857142866000001
0.04857142866000001
0.04857142866000001
0.04857142866000001
0.04857142866000001
0.04847926280000001
0.04847926280000001
0.04847926288000001
0.04847926288000001
0.04847926288000001
0.04847926288000001
0.04847926288000001
0.04847926288000001
0.04857142878000001
0.04857142878000001
0.04857142878000001
0.04857142878000001
0.04857142878000001
0.048663594720000015
0.048755760580000015
0.048755760580000015
0.048755760580000015
0.048847926440000015
0.048847926440000015
0.048847926440000015
0.048847926440000015
0.048847926440000015
0.048847926440000015
0.048847926440000015
0.048847926440000015
0.048940092300000015
0.048940092300000015
0.048940092300000015
0.048940092300000015
0.048940092300000015
0.049124424100000015
0.049124424100000015
0.049124424100000015
0.049124424100000015
0.049124424100000015
0.049124424100000015
0.049124424100000015
0.049124424100000015
0.04921658996000002
0.04921658996000002
0.04921658996000002
0.04930875582000002
0.04930875582000002
0.04930875582000002
0.04930875582000002
0.049216589880000015
0.049216589880000015
0.049216589880000015
0.049216589880000015
0.049216589880000015
0.04930875582000002
0.04930875582000002
0.04930875582000002
0.04930875582000002
0.04930875582000002
0.04930875582000002
0.04940092168000002
0.04940092168000002
0.04940092168000002
0.04940092168000002
0.04940092168000002
0.04930875582000002
0.04930875582000002
0.04930875582000002
0.04930875582000002
0.04930875582000002
0.04940092176000002
0.049493087660000025
0.04958525360000002
0.049769585480000024
0.04986175138000002
0.04986175138000002
0.05004608310000002
0.05013824896000002
0.05013824896000002
0.05013824896000002
0.050230414860000024
0.050230414860000024
0.050230414860000024
0.050230414860000024
0.050230414860000024
0.050230414860000024
0.050230414860000024
0.050230414860000024
0.050230414860000024
0.050230414860000024
0.050322580800000016
0.050322580800000016
0.050230414860000024
0.050230414860000024
0.050230414860000024
0.050230414860000024
0.050230414860000024
0.050230414860000024
0.050322580720000024
0.05032258068000002
0.05032258068000002
0.05032258068000002
0.05032258068000002
0.05050691248000003
0.05050691248000003
0.05050691248000003
0.05050691248000003
0.05050691248000003
0.05050691248000003
0.05059907834000002
0.05059907834000002
0.05059907834000002
0.05069124428000002
0.05069124428000002
0.05059907834000002
0.050691244280000027
0.050691244280000027
0.050691244280000027
0.050691244280000027
0.050691244280000027
0.050691244280000027
0.050691244280000027
0.050691244280000027
0.050691244280000027
0.050691244280000027
0.05087557612000002
0.05087557612000002
0.05087557612000002
0.05087557612000002
0.05087557612000002
0.05087557612000002
0.05087557612000002
0.05087557612000002
0.05096774198000002
0.05096774198000002
0.05115207382000002
0.05115207382000002
0.051244239720000015
0.05142857156000002
0.05152073742000002
0.05152073742000002
0.05152073742000002
0.05161290328000002
0.051705069140000025
0.051797235080000024
0.05198156692000002
0.05207373278000002
0.05198156684000002
0.05198156684000002
0.05198156684000002
0.05198156684000002
0.05198156684000002
0.05198156684000002
0.05198156684000002
0.05207373278000002
0.05216589858000002
0.05216589858000002
0.05216589858000002
0.05225806448000002
0.05225806448000002
0.052442396180000024
0.052442396180000024
0.052534562120000024
0.052534562120000024
0.052534562120000024
0.052534562120000024
0.052534562120000024
0.052534562120000024
0.052534562120000024
0.05262672806000002
0.05262672806000002
0.052718894000000016
0.052718894000000016
0.052718894000000016
0.052903225720000016
0.052903225720000016
0.052903225720000016
0.05299539162000002
0.05299539162000002
0.05299539162000002
0.05299539162000002
0.05308755752000002
0.053271889360000026
0.053271889360000026
0.053364055220000026
0.053364055220000026
0.053364055220000026
0.053364055220000026
0.053364055220000026
0.05345622112000003
0.05345622112000003
0.05345622112000003
0.05354838698000003
0.05354838698000003
0.05354838698000003
0.05364055284000003
0.05364055284000003
0.05364055284000003
0.05364055284000003
0.05364055284000003
0.05364055284000003
0.05364055284000003
0.05364055284000003
0.05364055284000003
0.05364055284000003
0.05364055284000003
0.05364055284000003
0.05364055284000003
0.05364055284000003
0.05373271870000003
0.05373271870000003
0.05382488460000003
0.05382488460000003
0.05382488460000003
0.05391705050000002
0.05400921644000002
0.05410138238000003
0.05419354838000002
0.05419354838000002
0.05419354838000002
0.05419354838000002
0.05410138248000003
0.05410138248000003
0.05419354834000003
0.05428571424000002
0.05428571424000002
0.05428571424000002
0.05428571424000002
0.054377880140000015
0.054377880140000015
0.054377880140000015
0.054377880140000015
0.054377880140000015
0.054377880140000015
0.054377880140000015
0.054377880140000015
0.054470046080000015
0.054470046080000015
0.054470046080000015
0.054562211940000015
0.054562211940000015
0.05465437788000002
0.05465437788000002
0.054746543740000014
0.05483870964000002
0.05483870964000002
0.05483870964000002
0.05483870964000002
0.05483870964000002
0.05483870964000002
0.05483870964000002
0.05483870964000002
0.05483870964000002
0.05483870964000002
0.05493087554000002
0.05493087554000002
0.05493087554000002
0.05493087554000002
0.05493087554000002
0.05493087554000002
0.05493087554000002
0.05493087554000002
0.05493087554000002
0.05502304148000002
0.05502304148000002
0.05502304148000002
0.055115207380000024
0.055115207380000024
0.055115207380000024
0.055115207380000024
0.055115207380000024
0.055115207380000024
0.05529953922000003
0.05529953922000003
0.05529953922000003
0.055391705120000016
0.055391705120000016
0.055391705120000016
0.055391705120000016
0.055391705120000016
0.055391705120000016
0.055391705120000016
0.055391705120000016
0.055391705120000016
0.055391705120000016
0.055391705120000016
0.05557603700000002
0.05557603700000002
0.055668202900000026
0.055668202900000026
0.055668202900000026
0.055668202900000026
0.055668202900000026
0.055668202900000026
0.055668202900000026
0.055668202900000026
0.055668202900000026
0.055668202900000026
0.055668202900000026
0.055668202900000026
0.055760368840000026
0.055760368840000026
0.055760368840000026
0.055760368840000026
0.055760368840000026
0.055760368840000026
0.055760368840000026
0.055760368840000026
0.055760368840000026
0.055760368840000026
0.055760368840000026
0.05585253474000003
0.05585253474000003
0.05585253474000003
0.05585253474000003
0.05585253474000003
0.05585253474000003
0.05585253474000003
0.05585253474000003
0.05576036884000003
0.05576036884000003
0.05576036884000003
0.05576036884000003
0.05585253474000003
0.05585253474000003
0.05594470064000003
0.05594470064000003
0.05594470064000003
0.05594470064000003
0.05594470064000003
0.05594470064000003
0.05603686654000002
0.05603686654000002
0.05603686654000002
0.05603686654000002
0.05603686654000002
0.05612903244000002
0.05612903244000002
0.05612903244000002
0.05612903244000002
0.05612903244000002
0.05612903244000002
0.05612903244000002
0.05612903244000002
0.056221198340000014
0.056221198340000014
0.056221198340000014
0.056221198340000014
0.056221198340000014
0.05631336428000001
0.05631336428000001
0.05631336428000001
0.05640553018000001
0.05640553018000001
0.05640553018000001
0.05640553018000001
0.056497696080000014
0.05658986202000001
0.05658986202000001
0.05658986202000001
0.05658986202000001
0.05658986202000001
0.05658986202000001
0.05658986202000001
0.05658986202000001
0.05658986202000001
0.05658986206000001
0.05658986206000001
0.05658986206000001
0.05658986206000001
0.056682028000000016
0.05658986210000002
0.05658986210000002
0.05658986210000002
0.05658986210000002
0.05658986210000002
0.05658986210000002
0.05658986210000002
0.056682027900000015
0.056682027900000015
0.056682027900000015
0.05677419380000002
0.05677419380000002
0.05686635970000002
0.05686635970000002
0.05686635970000002
0.05686635970000002
0.056958525600000025
0.056958525600000025
0.056958525600000025
0.056958525600000025
0.056958525600000025
0.056958525600000025
0.056958525600000025
0.056958525600000025
0.056958525600000025
0.056958525600000025
0.056958525600000025
0.056958525600000025
0.056958525600000025
0.056958525600000025
0.056958525600000025
0.057050691500000014
0.057050691500000014
0.057142857440000014
0.057142857440000014
0.057142857440000014
0.057235023240000016
0.057235023240000016
0.057235023240000016
0.057235023240000016
0.057235023240000016
0.057235023240000016
0.05732718914000002
0.05732718914000002
0.05732718914000002
0.05732718914000002
0.05732718914000002
0.05732718914000002
0.05732718914000002
0.05732718914000002
0.05741935500000003
0.05751152090000002
0.05751152090000002
0.05751152090000002
0.05751152090000002
0.05751152090000002
0.05751152090000002
0.05751152090000002
0.05751152090000002
0.05751152090000002
0.05751152090000002
0.05751152090000002
0.05751152090000002
0.05751152090000002
0.05760368684000002
0.05760368684000002
0.057695852740000025
0.057695852740000025
0.05778801864000003
0.05788018444000003
0.05788018444000003
0.057972350340000034
0.057972350340000034
0.057972350340000034
0.058064516280000034
0.058064516280000034
0.058156682080000036
0.05834101392000004
0.05834101392000004
0.05834101392000004
0.05834101392000004
0.05834101392000004
0.05834101392000004
0.05843317992000003
0.05843317992000003
0.05843317992000003
0.05843317992000003
0.05843317992000003
0.05843317992000003
0.058525345820000026
0.058525345820000026
0.058525345820000026
0.058525345820000026
0.05861751176000003
0.05861751176000003
0.058709677700000025
0.058709677700000025
0.058709677700000025
0.058709677700000025
0.058709677700000025
0.058709677700000025
0.05861751170000003
0.05861751170000003
0.05861751170000003
0.05861751170000003
0.05861751170000003
0.05861751170000003
0.05861751170000003
0.05861751170000003
0.05861751170000003
0.05870967760000003
0.05870967760000003
0.05870967760000003
0.05870967760000003
0.05870967760000003
0.05870967760000003
0.05870967760000003
0.05870967760000003
0.05870967760000003
0.05870967760000003
0.05870967760000003
0.05870967760000003
0.05870967760000003
0.058801843500000034
0.058801843500000034
0.058801843500000034
0.058801843500000034
0.058801843500000034
0.058801843500000034
0.058801843500000034
0.058894009500000025
0.058894009500000025
0.058894009500000025
0.058894009500000025
0.058894009500000025
0.058894009500000025
0.058894009500000025
0.058894009500000025
0.059078341300000024
0.059078341300000024
0.059078341300000024
0.059078341300000024
0.059078341300000024
0.059078341300000024
0.059078341300000024
0.059078341300000024
0.059078341300000024
0.059078341300000024
0.059078341300000024
0.059078341300000024
0.059078341300000024
0.05917050720000003
0.05917050720000003
0.05917050720000003
0.05917050720000003
0.05917050720000003
0.05917050720000003
0.05917050720000003
0.05917050720000003
0.059262673100000024
0.05935483900000002
0.05944700490000002
0.05944700490000002
0.05944700490000002
0.05963133664000002
0.05963133664000002
0.05963133664000002
0.05963133664000002
0.05963133664000002
0.05963133664000002
0.05963133664000002
0.05963133664000002
0.05963133664000002
0.05963133664000002
0.05963133664000002
0.05963133664000002
0.05963133664000002
0.05963133664000002
0.05963133664000002
0.05963133664000002
0.059723502580000025
0.059723502580000025
0.059723502580000025
0.059723502580000025
0.059723502580000025
0.059723502580000025
0.059723502580000025
0.05981566838000003
0.05981566838000003
0.05981566838000003
0.05981566838000003
0.05981566838000003
0.05981566838000003
0.05981566838000003
0.05990783428000003
0.06000000018000003
0.06000000018000003
0.06000000018000003
0.06000000018000003
0.06000000018000003
0.06000000018000003
0.06000000018000003
0.06000000018000003
0.06000000018000003
0.06000000018000003
0.06000000018000003
0.06000000018000003
0.060092166080000016
0.060092166080000016
0.060092166080000016
0.060092166080000016
0.060092166080000016
0.060092166080000016
0.060092166080000016
0.06018433208000002
0.06018433208000002
0.06018433208000002
0.06018433208000002
0.06018433208000002
0.06018433208000002
0.06018433208000002
0.06018433208000002
0.06018433208000002
0.06018433208000002
0.06018433208000002
0.06018433208000002
0.06018433208000002
0.06018433208000002
0.06018433208000002
0.06018433208000002
0.060276497880000016
0.060276497880000016
0.060276497880000016
0.060276497880000016
0.06036866378000002
0.06036866378000002
0.06046082968000002
0.06046082968000002
0.06046082968000002
0.06046082968000002
0.06046082968000002
0.06046082968000002
0.060552995580000026
0.060552995580000026
0.060552995580000026
0.060552995580000026
0.060552995580000026
0.060552995580000026
0.060552995580000026
0.060552995580000026
0.060552995580000026
0.060552995580000026
0.060552995580000026
0.060552995580000026
0.060552995580000026
0.060552995580000026
0.060552995580000026
0.060552995580000026
0.060552995580000026
0.060552995580000026
0.060552995580000026
0.060552995580000026
0.060645161480000015
0.060645161480000015
0.060645161480000015
0.060737327340000015
0.060737327340000015
0.06082949328000002
0.06082949328000002
0.06082949328000002
0.06082949328000002
0.060921659180000025
0.061013825120000025
0.061013825120000025
0.061013825120000025
0.061013825120000025
0.061013825120000025
0.061013825120000025
0.061013825120000025
0.061013825120000025
0.061013825120000025
0.061013825120000025
0.061013825120000025
0.061013825120000025
0.06119815682000002
0.06119815682000002
0.06119815682000002
0.06119815682000002
0.06119815682000002
0.06119815682000002
0.06119815682000002
0.06110599092000002
0.06110599092000002
0.06110599092000002
0.06119815682000002
0.06119815682000002
0.06119815682000002
0.06119815682000002
0.06119815682000002
0.06119815682000002
0.06119815682000002
0.06138248862000001
0.06147465462000001
0.06147465462000001
0.06147465462000001
0.06147465462000001
0.06147465462000001
0.06147465462000001
0.06147465462000001
0.06147465462000001
0.06147465462000001
0.06147465462000001
0.06147465462000001
0.06156682052000002
0.06147465462000001
0.06147465462000001
0.06147465462000001
0.06147465462000001
0.06147465462000001
0.06147465462000001
0.06147465462000001
0.06147465462000001
0.06147465462000001
0.06147465462000001
0.06138248882000001
0.06138248882000001
0.061474654720000015
0.061474654720000015
0.061474654720000015
0.061474654720000015
0.061474654720000015
0.061474654720000015
0.061474654720000015
0.061474654720000015
0.061474654720000015
0.061474654720000015
0.061474654720000015
0.061474654720000015
0.061474654720000015
0.061474654720000015
0.061474654720000015
0.061474654720000015
0.061474654720000015
0.061474654720000015
0.061474654720000015
0.061474654720000015
0.061474654720000015
0.06138248882000002
0.06138248882000002
0.06138248882000002
0.06138248882000002
0.06138248882000002
0.06138248882000002
0.06138248882000002
0.06138248882000002
0.06138248882000002
0.06138248882000002
0.06138248882000002
0.06138248882000002
0.06156682066000001
0.06156682066000001
0.06156682066000001
0.06156682066000001
0.06156682066000001
0.06156682066000001
0.061658986460000016
0.06175115226000002
0.06175115226000002
0.061843318160000015
0.061843318160000015
0.061843318160000015
0.061843318160000015
0.061843318160000015
0.061843318160000015
0.061843318160000015
0.061843318160000015
0.061843318160000015
0.061843318160000015
0.061843318160000015
0.061843318160000015
0.061843318160000015
0.061843318160000015
0.061843318160000015
0.061843318160000015
0.061843318160000015
0.061843318160000015
0.06175115226000002
0.06175115226000002
0.06184331806000002
0.06184331806000002
0.06184331806000002
0.06184331806000002
