0.536866368
0.4831336486000001
0.4063594512
0.3550230442
0.33225806480000003
0.3192626742
0.29981566932
0.28451613112
0.26986175392000006
0.25170507167999995
0.2364976992
0.2232258068
0.20580645296000002
0.19004608288
0.17806451756000002
0.16755760363999997
0.1611981564
0.15520737424000003
0.14691244312
0.1419354838
0.13944700412
0.13557603680000005
0.13317972376
0.13004608406
0.12746543842000002
0.12460829608000003
0.12304147564000001
0.12156682148000002
0.12064516241999998
0.11972350377999998
0.11917050747999999
0.11806451668
0.11677419444000002
0.11622119894
0.11539170546
0.11437788001999999
0.11317972382
0.11216589870000002
0.11105990784000003
0.11023041524000002
0.10940092200000004
0.10857142934000003
0.10764977046000004
0.10691244326000003
0.10589861838000003
0.10525345669999998
0.10442396387999998
0.10377880284
0.10248848042
0.10165898726
0.10110599186
0.10092166034000001
0.10073732826000001
0.09917050832000003
0.09898617692000004
0.09843318164000003
0.09760368860000003
0.09677419520000001
0.09612903400000002
0.09493087708000003
0.09410138392000002
0.09382488632000001
0.09308755882000003
0.09281106142000002
0.09225806604000004
0.09124424124000007
0.09096774352000006
0.09050691400000004
0.08995391832000003
0.08930875666000002
0.08884792716000002
0.08811060006000002
0.08728110716000004
0.08700460934000002
0.08691244334000002
0.08608294984
0.08589861774000002
0.08534562234000001
0.08451612910000002
0.08423963128
0.08377880168000001
0.08350230407999999
0.08313364058000001
0.08258064528000002
0.08202765000000001
0.08119815698000002
0.08110599098000003
0.08064516152000004
0.08000000022000002
0.07935483892000002
0.07880184352000004
0.07880184362000003
0.07815668264000003
0.07788018470000005
0.07714285744000003
0.07677419394000001
0.07631336426000003
0.07548387126000002
0.07529953952000001
0.07447004614000004
0.07391705056000003
0.07373271890000002
0.07308755760000003
0.07299539170000004
0.07281105990000004
0.07216589874000003
0.07188940114000003
0.07115207388000004
0.07096774208000003
0.07069124430000003
0.07032258074000003
0.07032258088000003
0.07013824908000002
0.06976958568000002
0.06949308798000003
0.06921659028000003
0.06894009264000003
0.06884792664000003
0.06866359474000001
0.06847926294000002
0.06774193594000003
0.06746543818000003
0.06718894048000003
0.06709677458000002
0.06682027688000003
0.06645161324000004
0.06635944724000004
0.06626728144000003
0.06580645194000004
0.06543778826000005
0.06543778822000004
0.06525345642000005
0.06525345652000004
0.06506912472000005
0.06497695896000004
0.06451612960000006
0.06433179780000005
0.06414746580000004
0.06405530010000005
0.06396313426000004
0.06387096826000004
0.06350230436000003
0.06331797246000004
0.06313364066000005
0.06267281110000003
0.06248847940000004
0.06239631366000005
0.06221198182000005
0.06202765006000004
0.06184331822000004
0.061566820320000035
0.06110599086000004
0.06073732722000003
0.06046082962000003
0.060460829660000034
0.06036866386000004
0.060092166160000036
0.06000000016000003
0.06000000016000003
0.059907834260000035
0.059539170860000025
0.05963133676000003
0.05944700496000002
0.05907834142000001
0.05870967764000001
0.058156682180000016
0.05778801854000003
0.057603686800000026
0.05751152080000002
0.05751152088000002
0.05723502312000003
0.056774193720000025
0.05649769602000003
0.056497696020000036
0.056221198320000026
0.05603686642000003
0.05594470048000003
0.05566820258000003
0.05566820258000003
0.05576036848000003
0.055576036680000024
0.05548387074000003
0.05520737308000004
0.05502304118000004
0.05502304118000004
0.05520737298000003
0.05520737298000003
0.05502304124000003
0.05493087530000003
0.05493087530000003
0.05474654340000003
0.05465437754000003
0.054470045840000036
0.054470045840000036
0.054285714000000033
0.05410138234000003
0.05419354820000003
0.05410138226000003
0.05391705046000003
0.05391705046000003
0.053640552720000026
0.053640552720000026
0.053640552720000026
0.05345622096000002
0.05345622092000002
0.053271889260000024
0.053179723320000025
0.05308755750000002
0.05308755750000002
0.05299539160000002
0.05281105990000001
0.05271889404000001
0.05271889404000001
0.05253456220000002
0.05262672810000003
0.05271889396000003
0.05271889396000003
0.05244239630000002
0.05253456220000001
0.05253456220000001
0.05253456214000002
0.05244239634000001
0.052258064620000017
0.052073732780000014
0.051981566840000014
0.051889400980000014
0.051797235080000024
0.05188940098000003
0.05188940098000003
0.051981566880000024
0.051981566880000024
0.051797235080000024
0.05188940102000002
0.05188940102000002
0.051797235080000024
0.05161290334000003
0.05142857150000003
0.05124423978000003
0.05124423978000003
0.051152073880000024
0.051059908020000024
0.05087557618000003
0.05087557618000003
0.05087557618000003
0.05096774204000003
0.05096774204000003
0.050783410380000026
0.050783410380000026
0.05087557618000003
0.05087557618000003
0.05087557618000003
0.05087557618000003
0.05087557618000003
0.051059907900000034
0.050875576060000025
0.050783410200000025
0.050783410200000025
0.050691244340000025
0.050691244340000025
0.05059907844000002
0.05078341024000002
0.05078341020000002
0.05078341020000002
0.05078341020000002
0.050875576140000024
0.050875576140000024
0.05078341024000002
0.05069124434000002
0.05078341020000002
0.05069124426000002
0.05069124426000002
0.050599078460000016
0.050599078460000016
0.05050691256000001
0.05050691256000001
0.05050691256000001
0.05050691256000001
0.05041474666000001
0.05032258080000001
0.05032258080000001
0.050138249
0.050138249
0.050138249
0.05013824892
0.05013824892
0.05023041482
0.05013824887999999
0.05013824887999999
0.05013824887999999
0.05013824887999999
0.05013824887999999
0.05013824887999999
0.050230414779999996
0.050230414779999996
0.050230414779999996
0.050230414779999996
0.05013824887999999
0.050046082979999996
0.050046082979999996
0.050046082979999996
0.05013824888
0.05013824888
0.05004608302
0.04995391712000001
0.04995391712000001
0.04995391712000001
0.04986175122000001
0.04986175122000001
0.04986175122000001
0.04986175122000001
0.04986175122000001
0.04976958532000001
0.04976958532000001
0.04967741946000001
0.04967741946000001
0.04967741946000001
0.04967741946000001
0.04967741946000001
0.04958525356000001
0.04958525356000001
0.04967741946000001
0.04967741946000001
0.049585253560000014
0.049585253560000014
0.049585253560000014
0.049493087620000015
0.049493087620000015
0.049400921760000015
0.049308755900000015
0.049308755900000015
0.049308755900000015
0.049308755900000015
0.049308755900000015
0.049124424100000015
0.049124424100000015
0.04921659000000001
0.04921659000000001
0.04921659000000001
0.0493087559
0.0493087559
0.0493087559
0.0493087559
0.0493087559
0.049400921760000015
0.04949308770000001
0.04949308770000001
0.04949308770000001
0.04949308770000001
0.04949308770000001
0.049400921760000015
0.049400921760000015
0.049400921760000015
0.049400921760000015
0.04930875586000001
0.04930875586000001
0.049400921800000004
0.049400921800000004
0.049400921800000004
0.049400921800000004
0.049400921800000004
0.049400921800000004
0.049400921800000004
0.0493087559
0.0493087559
0.0493087559
0.0493087559
0.0493087559
0.0493087559
0.0493087559
0.0493087559
0.04940092184000001
0.04949308778000001
0.04949308778000001
0.04949308778000001
0.04940092184000001
0.04940092184000001
0.04940092184000001
0.04940092184000001
0.04940092184000001
0.04949308770000001
0.04949308770000001
0.04949308770000001
0.04949308770000001
0.04940092184000001
0.04949308774000001
0.04949308774000001
0.04949308774000001
0.04949308774000001
0.04949308774000001
0.04949308774000001
0.04949308774000001
0.04958525360000001
0.04958525360000001
0.04958525360000001
0.04958525360000001
0.04958525360000001
0.04958525360000001
0.04949308766000002
0.04949308766000002
0.04949308766000002
0.04949308766000002
0.04949308766000002
0.04958525360000001
0.04958525360000001
0.04958525360000001
0.04958525360000001
0.04958525360000001
0.04958525360000001
0.04958525360000001
0.04958525360000001
0.04958525360000001
0.04958525360000001
0.04958525360000001
0.04958525360000001
0.04949308774000001
0.04949308774000001
0.04949308774000001
0.04949308774000001
0.04958525368000001
0.04958525368000001
0.04958525368000001
0.04958525368000001
0.04967741958000001
0.04967741958000001
0.04958525368000001
0.04958525368000001
0.04958525368000001
0.04958525368000001
0.04958525368000001
0.04958525368000001
0.04958525368000001
0.04958525368000001
0.04967741962000001
0.04967741962000001
0.049585253680000003
0.049585253680000003
0.049585253680000003
0.049493087820000004
0.049493087820000004
0.049493087820000004
0.049585253680000003
0.049585253680000003
0.049585253680000003
0.049585253680000003
0.049585253680000003
0.049585253680000003
0.049585253680000003
0.049585253680000003
0.049585253680000003
0.049585253680000003
0.049585253680000003
0.049585253680000003
0.049585253680000003
0.049585253680000003
0.049585253680000003
0.049585253680000003
0.049585253680000003
0.049677419619999996
0.049677419619999996
0.049677419619999996
0.049677419619999996
0.049677419619999996
0.049677419619999996
0.049677419619999996
0.049677419619999996
0.04976958556
0.04976958556
0.04976958556
0.04976958556
0.04976958556
0.04986175146
0.04986175146
0.04995391736
0.04995391736
0.04995391736
0.04986175146
0.04986175146
0.04986175146
0.04986175146
0.04986175146
0.04986175146
0.04986175146
0.04986175146
0.04986175146
0.049953917320000006
0.049953917320000006
0.049953917320000006
0.049953917320000006
0.049953917320000006
0.050046083180000006
0.050046083180000006
0.050046083180000006
0.050046083180000006
0.050046083180000006
0.050046083180000006
0.050046083180000006
0.050046083180000006
0.050046083180000006
0.050046083180000006
0.050046083180000006
0.050046083180000006
0.050046083180000006
0.050046083180000006
0.050046083180000006
0.050046083180000006
0.050138249120000006
0.050138249120000006
0.05023041502000001
0.05023041502000001
0.05023041502000001
0.05032258092000001
0.05032258092000001
0.050414746820000016
0.050414746820000016
0.050414746820000016
0.050414746820000016
0.050414746820000016
0.050414746820000016
0.050414746820000016
0.050414746820000016
0.050414746820000016
0.050414746820000016
0.050414746820000016
0.050414746820000016
0.050414746820000016
0.050414746820000016
0.050414746820000016
0.050414746820000016
0.050414746820000016
0.050414746820000016
0.050414746820000016
0.050414746820000016
0.050414746820000016
0.050414746820000016
0.050414746820000016
0.050506912680000016
0.050506912680000016
0.050506912680000016
0.050599078540000016
0.050599078540000016
0.050599078540000016
0.050599078540000016
0.050599078540000016
0.050599078540000016
0.050599078540000016
0.050691244400000016
0.050691244400000016
0.050691244400000016
0.050691244400000016
0.050691244400000016
0.050691244400000016
0.050691244400000016
0.050691244400000016
0.05078341030000002
0.05078341030000002
0.05078341030000002
0.05078341030000002
0.050875576240000026
0.050875576240000026
0.05096774210000002
0.05096774210000002
0.05096774210000002
0.051059908040000025
0.05115207394000003
0.051059908000000036
0.051059908000000036
0.051059908000000036
0.051152073860000036
0.051152073860000036
0.051152073860000036
0.051152073860000036
0.051152073860000036
0.051059907920000015
0.051059907920000015
0.051059907920000015
0.051059907920000015
0.051059907920000015
0.051152073860000015
0.05124423972000002
0.05124423972000002
0.05124423972000002
0.05124423972000002
0.05124423972000002
0.05124423972000002
0.05124423972000002
0.05124423972000002
0.05124423972000002
0.05124423972000002
0.05124423972000002
0.05124423972000002
0.05124423972000002
0.05124423972000002
0.05124423972000002
0.05124423972000002
0.05124423972000002
0.05124423972000002
0.05133640558000002
0.05133640558000002
0.05133640558000002
0.05133640558000002
0.05133640558000002
0.05133640558000002
0.05133640558000002
0.05133640558000002
0.05133640558000002
0.05133640558000002
0.05133640558000002
0.05133640558000002
0.05152073738000002
0.05152073738000002
0.05152073738000002
0.05152073738000002
0.05152073738000002
0.05152073738000002
0.05161290328000002
0.05161290328000002
0.05161290328000002
0.05161290324000002
0.05170506918000002
0.05179723508000001
0.05179723508000001
0.05179723508000001
0.05179723508000001
0.051889400980000014
0.051889400980000014
0.051889400980000014
0.051889400980000014
0.051889400980000014
0.051889400980000014
0.051889400980000014
0.051889400980000014
0.051889400980000014
0.05207373282000002
0.05216589876000002
0.05216589876000002
0.05216589876000002
0.05216589876000002
0.05216589876000002
0.05216589876000002
0.05216589876000002
0.05216589876000002
0.05225806462000002
0.05235023042000002
0.05244239632000002
0.05244239632000002
0.05244239632000002
0.05244239632000002
0.05244239632000002
0.05244239632000002
0.05244239632000002
0.05244239632000002
0.05244239632000002
0.05244239632000002
0.05244239632000002
0.05244239632000002
0.05244239632000002
0.05244239632000002
0.05244239632000002
0.05253456226000003
0.05253456226000003
0.05253456226000003
0.05253456226000003
0.05253456226000003
0.05253456226000003
0.05253456226000003
0.05253456226000003
0.05253456226000003
0.05253456226000003
0.05253456226000003
0.05253456226000003
0.05262672820000002
0.05262672820000002
0.05262672820000002
0.05262672820000002
0.05271889406000002
0.05271889406000002
0.05262672820000002
0.05262672820000002
0.05262672820000002
0.05262672820000002
0.05262672820000002
0.05262672820000002
0.05262672820000002
0.05262672820000002
0.05262672820000002
0.05262672820000002
0.05262672820000002
0.05262672820000002
0.05271889406000002
0.05271889406000002
0.052626728120000014
0.052626728120000014
0.052626728120000014
0.052626728120000014
0.052626728120000014
0.052626728120000014
0.05290322586000003
0.05308755766000003
0.05317972360000003
0.05317972360000003
0.05308755780000003
0.05308755780000003
0.05308755780000003
0.05308755780000003
0.05308755780000003
0.05308755780000003
0.05308755780000003
0.05308755780000003
0.05308755780000003
0.05308755780000003
0.05317972366000003
0.05317972366000003
0.05317972366000003
0.05317972366000003
0.05317972366000003
0.05317972366000003
0.05317972366000003
0.05317972366000003
0.05317972366000003
0.05317972366000003
0.05317972366000003
0.05317972366000003
0.053271889600000025
0.05336405540000003
0.05336405540000003
0.05336405540000003
0.05336405540000003
0.053456221340000026
0.053456221340000026
0.053548387200000026
0.053548387200000026
0.053548387200000026
0.053548387200000026
0.053548387200000026
0.053548387200000026
0.053548387200000026
0.053548387200000026
0.053548387200000026
0.053548387200000026
0.053548387200000026
0.053548387200000026
0.053548387200000026
0.05364055310000002
0.05364055310000002
0.05364055310000002
0.05364055310000002
0.05364055310000002
0.05364055310000002
0.053732719040000015
0.05382488498000002
0.05382488498000002
0.05382488498000002
0.05382488498000002
0.05391705088000002
0.05391705088000002
0.05391705088000002
0.05391705088000002
0.05391705088000002
0.05391705088000002
0.05391705088000002
0.05391705088000002
0.05391705088000002
0.05391705088000002
0.05391705088000002
0.05400921678000002
0.05400921678000002
0.05410138268000002
0.05410138268000002
0.05410138268000002
0.05410138268000002
0.05410138268000002
0.05410138268000002
0.05410138268000002
0.05410138268000002
0.05419354858000002
0.05419354858000002
0.05419354858000002
0.05419354858000002
0.05419354858000002
0.05419354858000002
0.05419354858000002
0.05419354858000002
0.054285714480000025
0.054285714480000025
0.054285714480000025
0.054285714480000025
0.054285714480000025
0.05447004628000002
0.05447004628000002
0.05447004628000002
0.05465437812000002
0.05465437812000002
0.05465437812000002
0.05474654398000002
0.05474654398000002
0.05474654398000002
0.05474654398000002
0.05474654398000002
0.05474654398000002
0.05474654398000002
0.05474654398000002
0.05474654398000002
0.05474654398000002
0.05474654398000002
0.05474654398000002
0.05474654398000002
0.05474654398000002
0.05474654398000002
0.05474654398000002
0.054838709880000024
0.054838709880000024
0.054838709880000024
0.054838709880000024
0.054838709880000024
0.054838709880000024
0.054838709880000024
0.054838709880000024
0.054838709880000024
0.054838709880000024
0.054838709880000024
0.054838709880000024
0.05474654398000002
0.05474654398000002
0.05474654398000002
0.05465437808000002
0.05465437808000002
0.05474654398000002
0.05474654398000002
0.05474654398000002
0.05483870984000002
0.05483870984000002
0.05483870984000002
0.05483870984000002
0.05483870984000002
0.05483870984000002
0.05483870984000002
0.05483870984000002
0.05483870984000002
0.05483870984000002
0.05483870984000002
0.05483870984000002
0.05483870984000002
0.05483870984000002
0.05483870984000002
0.05483870984000002
0.05493087578000003
0.05493087578000003
0.05502304172000003
0.055115207620000016
0.055115207620000016
0.055115207620000016
0.055115207620000016
0.055115207620000016
0.055115207620000016
0.055115207620000016
0.055115207620000016
0.055115207620000016
0.055115207620000016
0.055115207620000016
0.055115207620000016
0.055115207620000016
0.055115207620000016
0.055115207620000016
0.055115207620000016
0.05520737352000001
0.05520737352000001
0.05520737352000001
0.05520737352000001
0.05520737352000001
0.05520737352000001
0.055115207620000016
0.055115207620000016
0.055115207620000016
0.055115207620000016
0.055115207620000016
0.055115207620000016
0.055115207620000016
0.055115207620000016
0.055115207620000016
0.05520737356000002
0.05520737356000002
0.05511520776000002
0.05511520776000002
0.05511520776000002
0.05511520776000002
0.05520737356000002
0.05520737356000002
0.05520737356000002
0.05520737356000002
0.05520737356000002
0.05520737356000002
0.05520737356000002
0.05520737356000002
0.05520737356000002
0.05520737356000002
0.05520737356000002
0.05520737356000002
0.05520737356000002
0.05520737356000002
0.05539170536000002
0.05539170536000002
0.05548387122000002
0.055576037120000026
0.055576037120000026
0.055576037120000026
0.055760368840000026
0.05594470058000003
0.05585253464000002
0.05585253464000002
0.05594470058000003
0.05603686648000002
0.05603686648000002
0.05603686648000002
0.05603686648000002
0.05612903238000002
0.05622119828000002
0.05622119828000002
0.05631336418000002
0.05631336418000002
0.05631336418000002
0.05631336418000002
0.05631336418000002
0.05631336418000002
0.05631336418000002
0.05631336418000002
0.05631336418000002
0.056497696020000016
0.056497696020000016
0.056497696020000016
0.05658986192000001
0.056682027720000014
0.056682027720000014
0.056682027720000014
0.056866359520000014
0.056866359520000014
0.056866359520000014
0.056958525380000014
0.056958525380000014
0.056958525380000014
0.057050691180000015
0.057050691180000015
0.057050691180000015
0.057050691180000015
0.05714285708000002
0.05723502302000002
0.05732718896000002
0.05732718896000002
0.05732718896000002
0.05732718896000002
0.05732718896000002
0.05732718896000002
0.05732718896000002
0.057419354900000025
0.057419354900000025
0.057419354900000025
0.057419354900000025
0.05751152076000002
0.05751152076000002
0.05751152076000002
0.05751152076000002
0.05751152076000002
0.05751152076000002
0.05751152076000002
0.05751152076000002
0.05751152076000002
0.05751152076000002
0.05751152076000002
0.05760368662000002
0.05760368662000002
0.05760368662000002
0.05760368662000002
0.05760368662000002
0.05760368662000002
0.05760368662000002
0.05760368662000002
0.05760368662000002
0.05760368662000002
0.05760368662000002
0.05760368662000002
0.05769585242000003
0.05769585242000003
0.05769585242000003
0.05769585242000003
0.05769585242000003
0.05769585242000003
0.05769585242000003
0.05769585242000003
0.05769585242000003
0.05769585242000003
0.05769585242000003
0.05769585242000003
0.05769585242000003
0.05769585242000003
0.05769585242000003
0.05769585242000003
0.05769585242000003
0.05769585242000003
0.05769585242000003
0.05769585242000003
0.05769585242000003
0.05769585242000003
