0.5025806543999999
0.49465438300000003
0.4901382559999999
0.47668203559999983
0.4623041519999999
0.44193548679999983
0.4269124472
0.41557603939999993
0.3988940150000001
0.38829493319999997
0.3738248878
0.36783410479999995
0.3619354872000002
0.35658986340000004
0.34912442620000006
0.34027649880000005
0.33317972440000004
0.3263594496
0.3208294971999999
0.316405533
0.30875576352
0.30046083092
0.2950230429200001
0.28976958748000003
0.2841474692
0.27741935460000006
0.2694009226
0.26377880260000003
0.257419356
0.25133640760000003
0.24709677559999998
0.24018433252
0.23668202932000004
0.2320737331200001
0.22709677452000002
0.22405530031999996
0.22064516272
0.21668202839999995
0.21317972459999993
0.20774193740000005
0.20423963248000004
0.19917050708000006
0.19631336572000005
0.19170506908
0.18774193628000005
0.18276497744000011
0.1790783424
0.17483871171999993
0.17142857203999995
0.16764977004000003
0.16506912576
0.16156682272
0.15907834280000002
0.15806451732000004
0.15576036944
0.15262672772
0.15115207372000003
0.14875576082000003
0.14663594538
0.14516129015999998
0.142764978
0.14202765107999996
0.1404608298
0.13907834212
0.1379723518
0.13622119908
0.135391706
0.13456221302
0.13373272004000003
0.13308755844000003
0.13225806528000006
0.13133640688000003
0.13023041556000003
0.12976958556000004
0.12875576040000003
0.12820276584000004
0.12728110624000005
0.12682027648000005
0.1265437788
0.12599078340000003
0.12552995420000002
0.12479262704000002
0.12442396362000004
0.12359447010000003
0.12341013842000004
0.12304147502000003
0.12258064550000002
0.1222119819
0.12211981570000001
0.12175115242000001
0.12138248894000002
0.12073732794000001
0.12027649866000001
0.12009216682000001
0.11944700550000001
0.11907834190000001
0.11889401006000001
0.11861751218000002
0.11824884854000003
0.11788018452000001
0.11741935504
0.11695852588
0.11649769635999999
0.11612903291999999
0.11594470131999998
0.11594470131999998
0.11539170543999998
0.11502304143999996
0.11456221225999999
0.1141013827
0.11354838698
0.11317972406000001
0.11271889474
0.11253456294000001
0.11235023114000002
0.11198156732000002
0.1116129034
0.11133640584000001
0.11115207392000002
0.11105990764000001
0.11096774172
0.11087557612
0.11059907824
0.11013824883999998
0.10967741972000003
0.10949308792000002
0.10940092200000003
0.10921659030000003
0.10912442438000003
0.10903225858000003
0.10838709738000002
0.10829493146000001
0.10829493146000001
0.10801843406000002
0.10764977026
0.10755760426
0.10709677486000001
0.10672811128000001
0.10635944744000003
0.10599078404000004
0.10589861814000004
0.10580645214000003
0.10534562256000003
0.10497695892000003
0.10479262700000003
0.10451612940000005
0.10433179768000005
0.10423963188000006
0.10396313438000006
0.10368663698000004
0.10331797286000004
0.10304147518000004
0.10285714350000004
0.10258064590000003
0.10239631398000004
0.10211981618000003
0.10211981618000003
0.10202765018000003
0.10165898660000003
0.10165898660000003
0.10147465514000002
0.10129032344000002
0.10110599186000004
0.10110599186000004
0.10092166006000003
0.10064516238000001
0.10046083064000003
0.10036866484000002
0.10009216712000002
0.10000000092000003
0.10000000092000003
0.09981566908000002
0.09981566908000002
0.09972350308000001
0.09972350308000001
0.09953917138000001
0.09953917128000002
0.09926267348000001
0.09926267348000001
0.09917050768
0.09907834188
0.09898617596
0.09870967820000003
0.09843318050000001
0.0981566829
0.0978801851
0.0976036876
0.0975115216
0.09732718979999999
0.09714285800000001
0.09686636026
0.09668202846000001
0.09668202846000001
0.09649769666000002
0.09631336476000003
0.09622119896000003
0.09603686716000003
0.09603686716000003
0.09603686716000003
0.09585253556000001
0.09585253556000001
0.09566820364000002
0.09557603784000003
0.09539170644000004
0.09529954052000005
0.09520737450000002
0.09511520850000002
0.09511520850000002
0.09474654502000002
0.09447004722
0.09437788122
0.09428571522000001
0.09419354934000002
0.09382488574
0.09373271984
0.09364055386
0.09345622206
0.09327189046
0.09317972466
0.09308755894000001
0.09308755894000001
0.09299539294
0.09281106083999999
0.09281106083999999
0.09253456302
0.09244239712
0.09216589924000002
0.09198156764
0.09188940172
0.09179723572000002
0.09179723572000002
0.09161290412000002
0.09152073832000003
0.09133640662000002
0.09115207484000001
0.09133640658000002
0.09115207489999999
0.09115207489999999
0.090967743
0.09078341120000001
0.09069124540000001
0.0903225818
0.0903225818
0.09013824992
0.08976958622000002
0.08976958622000002
0.08949308852000001
0.08940092252000001
0.0891244248
0.0891244248
0.08903225890000002
0.08903225890000002
0.08884792700000002
0.08884792700000002
0.08875576100000002
0.08884792700000002
0.08847926350000003
0.08838709750000003
0.08838709750000003
0.08801843392000003
0.08783410232000001
0.08764977038000002
0.08755760438000003
0.08746543828000002
0.08728110648000001
0.08718894056
0.08718894056
0.08682027706
0.08682027706
0.08672811126
0.08672811126
0.08645161366000002
0.08617511586000003
0.08608294986000002
0.08608294986000002
0.08608294986000002
0.08608294986000002
0.08589861814000001
0.08580645210000001
0.08562212028
0.08552995438000002
0.08516129078000001
0.08497695920000002
0.08488479340000002
0.08460829560000002
0.08451612960000002
0.08433179784000004
0.08423963184000004
0.08405530024000002
0.08387096844000003
0.08368663654000003
0.08377880254000003
0.08377880254000003
0.08368663674000003
0.08368663674000003
0.08341013894000002
0.08341013894000002
0.08341013894000002
0.08322580734000003
0.08304147562000003
0.08304147562000003
0.08285714372000003
0.08285714372000003
0.08276497772000002
0.08267281172000002
0.08258064580000003
0.08239631390000002
0.08230414790000001
0.08211981612000002
0.08211981612000002
0.08202765032000002
0.08175115272000003
0.08175115282000002
0.08165898692000002
0.08165898692000002
0.08165898692000002
0.08156682092000002
0.08147465512000002
0.08147465512000002
0.08147465512000002
0.08129032320000001
0.08110599130000003
0.08092165950000002
0.08082949350000002
0.08055299560000001
0.08046082970000003
0.08046082970000003
0.08036866380000003
0.08018433210000003
0.08000000030000003
0.07981566850000003
0.07963133660000002
0.07953917072000002
0.07944700492000002
0.07944700492000002
0.07944700492000002
0.07917050722000002
0.07907834142000002
0.07898617552000002
0.07880184362000002
0.07870967772000002
0.07861751182000001
0.07861751182000001
0.07824884842000002
0.07815668242000001
0.07797235072000001
0.07797235072000001
0.07788018492000001
0.07797235082000001
0.07788018482
0.07769585322000001
0.07760368732000002
0.07760368732000002
0.07732718962000003
0.07732718962000003
0.07723502368000003
0.07714285768000002
0.07705069168000002
0.07695852568000001
0.07677419388000002
0.07668202808000003
0.07668202802000003
0.07640553052000003
0.07631336472000003
0.07612903284000003
0.07603686708000003
0.07576036958000003
0.07566820358000002
0.07557603768000003
0.07548387168000002
0.07539170588000003
0.07529953988000003
0.07529953988000003
0.07511520818000003
0.07511520818000003
0.07502304218000003
0.07483871038000003
0.07483871038000003
0.07456221268000003
0.07437788088000002
0.07437788088000002
0.07428571498000003
0.07410138328000003
0.07410138328000003
0.07400921738000003
0.07400921738000003
0.07400921738000003
0.07373271968000003
0.07373271968000003
0.07373271958000004
0.07364055358000003
0.07336405594000003
0.07336405594000003
0.07336405594000003
0.07327189008000003
0.07327189008000003
0.07327189008000003
0.07308755838000003
0.07308755838000003
0.07308755838000003
0.07262672908000001
0.07271889488000001
0.07262672880000001
0.07253456280000001
0.0724423968
0.0724423968
0.0723502308
0.0723502308
0.07225806490000002
0.07235023084
0.07225806484000001
0.07207373304000003
0.07188940124000003
0.07188940124000003
0.07170506940000003
0.07170506940000003
0.07170506940000003
0.07152073760000004
0.07142857180000002
0.07152073780000003
0.07133640580000003
0.07124423980000003
0.07124423980000003
0.07133640584000003
0.07124423994000002
0.07124423994000002
0.07124423990000002
0.07124423990000002
0.07124423990000002
0.07096774220000003
0.07096774220000003
0.07087557640000003
0.07087557640000003
0.07078341050000003
0.07059907870000004
0.07059907870000004
0.07050691280000003
0.07032258110000003
0.07032258110000003
0.07023041516000003
0.07013824926000005
0.06995391752000005
0.06995391752000005
0.06995391752000005
0.06976958592000003
0.06976958592000003
0.06958525422000003
0.06958525422000003
0.06949308842000003
0.06958525422000003
0.06949308832000003
0.06940092242000002
0.06930875662000004
0.06912442482000003
0.06912442482000003
0.06903225892000005
0.06903225892000005
0.06903225882000005
0.06903225882000005
0.06875576102000006
0.06857142912000005
0.06847926322000006
0.06847926322000006
0.06847926322000006
0.06847926322000006
0.06838709726000006
0.06811059956000005
0.06811059956000005
0.06801843356000005
0.06764976986000006
0.06755760386000005
0.06728110600000005
0.06728110600000005
0.06728110600000005
0.06709677420000004
0.06709677420000004
0.06663594480000003
0.06663594480000003
0.06663594480000003
0.06654377880000002
0.06654377880000002
0.06645161280000003
0.06654377870000003
0.06645161270000002
0.06635944684000003
0.06635944684000003
0.06635944684000003
0.06635944684000003
0.06635944684000003
0.06635944684000003
0.06645161250000003
0.06626728070000003
0.06608294890000004
0.06608294890000004
0.06608294890000004
0.06589861700000003
0.06580645110000004
0.06571428516000004
0.06543778756000003
0.06534562176000003
0.06534562176000003
0.06534562176000003
0.06534562176000003
0.06534562176000003
0.06534562176000003
0.06534562176000003
0.06534562186000002
0.06525345596000003
0.06525345596000003
0.06506912406000004
0.06497695826000002
0.06479262646000003
0.06470046056000003
0.06451612886000004
0.06451612886000004
0.06442396296000003
0.06442396296000003
0.06451612876000003
0.06451612876000003
0.06451612876000003
0.06451612876000003
0.06442396286000003
0.06433179700000002
0.06433179700000002
0.06414746510000004
0.06414746510000004
0.06414746510000004
0.06405529916000002
0.06396313326000003
0.06377880156000001
0.06368663566000002
0.06359446986000002
0.06350230386000001
0.06350230386000001
0.06350230386000001
0.06331797186000002
0.06304147412000001
0.06304147412000001
0.06294930832000001
0.06294930832000001
0.06294930832000001
0.06304147412000001
0.06304147412000001
0.06294930826000002
0.06285714236
0.06276497656
0.06276497656
0.06276497656
0.06258064486
0.06285714256000001
0.06285714256000001
0.06294930842000002
0.06276497672000002
0.06276497672000002
0.06258064502000002
0.062488479120000016
0.06248847926000001
0.06230414732000001
0.062211981420000007
0.062211981420000007
0.06211981552
0.061935483820000005
0.061935483820000005
0.061935483820000005
0.061843317960000005
0.06165898626000001
0.061566820460000005
0.061566820460000005
0.061474654659999996
0.061290322759999995
0.061290322759999995
0.061290322759999995
0.061290322759999995
0.061198156819999995
0.061198156819999995
0.061198156819999995
0.061198156819999995
0.060829493320000004
0.060829493320000004
0.06064516148
0.06064516148
0.060460829820000006
0.060368663880000006
0.06036866378000001
0.06018433184000001
0.06009216594000002
0.06009216594000002
0.06009216594000002
0.06009216594000002
0.060000000040000015
0.060000000040000015
0.059907834100000015
0.05981566830000002
0.05981566830000002
0.05981566830000002
0.05981566830000002
0.05981566830000002
0.05981566830000002
0.05981566830000002
0.05972350240000002
0.059631336500000014
0.059539170640000014
0.059539170640000014
0.05944700474000002
0.059354838840000014
0.059354838840000014
0.05926267284000002
0.05926267284000002
0.05926267284000002
0.05917050704000003
0.05917050704000003
0.059078341140000025
0.05898617524000002
0.05889400944000002
0.05880184350000002
0.05880184350000002
0.05880184350000002
0.05880184350000002
0.05880184350000002
0.05880184350000002
0.05880184350000002
0.05880184350000002
0.058617511800000015
0.058617511800000015
0.058617511800000015
0.058617511800000015
0.058709677660000015
0.058709677660000015
0.058709677660000015
0.058894009500000025
0.058894009500000025
0.058894009500000025
0.058894009500000025
0.058894009500000025
0.058801843500000034
0.058709677640000034
0.058709677640000034
0.058709677640000034
0.058709677640000034
0.05861751174000003
0.05852534584000003
0.05852534584000003
0.05852534594000002
0.05852534594000002
0.05852534594000002
0.05852534594000002
0.05852534594000002
0.058617511800000036
0.05852534580000003
0.05852534580000003
0.05843317990000003
0.05843317990000003
0.05843317990000003
0.05834101390000002
0.05834101390000002
0.05843317984000002
0.05843317984000002
0.05834101394000002
0.05834101394000002
0.05834101394000002
0.05834101394000002
0.05824884804000002
0.05824884804000002
0.05824884804000002
0.05824884804000002
0.058248848040000016
0.058248848040000016
0.058156682100000016
0.058156682100000016
0.058156682100000016
0.058156682100000016
0.058156682100000016
0.058064516160000024
0.05788018436000002
0.05778801850000002
0.05778801850000002
0.05778801850000002
0.057695852700000015
0.057695852700000015
0.057603686840000015
0.057603686840000015
0.05741935508000002
0.05732718914000001
0.05732718914000001
0.05732718914000001
0.057419355040000015
0.05732718914000002
0.05732718914000002
0.05732718914000002
0.057419355040000015
0.05732718914000001
0.057419355040000015
0.057327189100000016
0.057327189100000016
0.05723502310000002
0.05723502310000002
0.05732718900000002
0.05723502310000002
0.05723502320000001
0.05723502320000001
0.05723502320000001
0.05714285740000002
0.057050691500000014
0.056958525640000014
0.056958525640000014
0.056958525640000014
0.056958525640000014
0.05705069154000002
0.056958525640000014
0.056958525640000014
0.05686635974000001
0.05677419374000001
0.056589862040000015
0.05649769614000001
0.05631336424000002
0.05631336424000002
0.056405530180000024
0.056405530180000024
0.056221198300000025
0.056221198300000025
0.056221198300000025
0.05612903240000003
0.056036866540000035
0.056036866540000035
0.056036866540000035
0.05594470064000003
0.05594470064000003
0.05594470064000003
0.05585253474000003
0.05585253474000003
0.055944700540000024
0.055944700540000024
0.055760368880000015
0.05566820298000001
0.05566820298000001
0.05566820298000001
0.05557603708000002
0.05557603708000002
0.05557603708000002
0.05557603708000002
0.05557603708000002
0.055576037120000026
0.055576037120000026
0.055576037120000026
0.055483871180000026
0.055391705320000026
0.05529953942000002
0.05520737352000002
0.05520737352000002
0.05520737352000002
0.05520737352000002
0.05520737352000002
0.05520737352000002
0.05511520766000002
0.05511520766000002
0.05511520766000002
0.05502304172000003
0.05493087578000002
0.05493087578000002
0.05493087578000002
0.05493087578000002
0.05493087578000002
0.05493087578000002
0.05483870984000001
0.05483870984000001
0.05483870984000001
0.05483870984000001
0.054654378140000015
0.054654378140000015
0.05456221224000001
0.05456221224000001
0.05456221224000001
0.05456221224000001
0.05456221224000001
0.05456221224000001
0.05456221224000001
0.05447004630000001
0.05447004630000001
0.05447004630000001
0.05447004630000001
0.05437788044000001
0.05437788044000001
0.05447004644000002
0.05447004644000002
0.05437788054000002
0.054285714540000016
0.054285714540000016
0.054285714540000016
0.054285714540000016
0.054285714540000016
0.05419354860000002
0.05400921684000003
0.05400921684000003
0.05410138270000003
0.05410138270000003
0.05410138270000003
0.05410138270000003
0.05400921680000002
0.05391705082000002
0.05391705082000002
0.05391705082000002
0.05391705082000002
0.05391705082000002
0.05391705082000002
0.05391705082000002
0.05391705082000002
0.054009216720000024
0.054009216720000024
0.054009216720000024
0.054009216720000024
0.05391705082000002
0.05400921672000002
0.053917050920000015
0.053917050920000015
0.053917050920000015
0.053917050920000015
0.05382488502000002
0.05382488502000002
0.05382488502000002
0.05382488502000002
0.05382488502000002
0.05382488502000002
0.05382488502000002
0.05382488502000002
0.05382488502000002
0.053732719120000015
0.053732719120000015
0.053732719120000015
0.053732719120000015
0.053732719120000015
0.053732719120000015
0.053732719120000015
0.053732719120000015
0.053732719120000015
0.053732719120000015
0.053732719120000015
0.053732719120000015
0.053732719120000015
0.053732719120000015
0.053732719120000015
0.05364055318000002
0.05364055318000002
0.05364055318000002
0.05354838724000002
0.05354838724000002
0.05364055310000002
0.05364055310000002
0.05364055310000002
0.05364055310000002
0.053548387200000026
0.05345622130000002
0.05345622130000002
0.05345622130000002
0.05345622130000002
0.05336405540000002
0.05336405540000002
0.05336405540000002
0.053179723560000024
0.053179723560000024
0.053179723560000024
0.053179723560000024
0.053179723560000024
0.053179723560000024
0.053179723560000024
0.053179723560000024
0.053179723560000024
0.053179723560000024
0.053179723560000024
0.053179723560000024
0.053179723560000024
0.053087557700000024
0.053087557700000024
0.053087557700000024
0.053087557700000024
0.053087557700000024
0.053087557700000024
0.053087557700000024
0.053087557700000024
0.053087557700000024
0.053087557700000024
0.053087557700000024
0.05317972364000003
0.05317972364000003
0.05317972364000003
0.05317972364000003
0.05317972364000003
0.05317972364000003
0.05308755770000003
0.05308755770000003
0.05299539184000003
0.05299539184000003
0.05299539184000003
0.05290322594000003
0.05290322594000003
0.05290322594000003
0.05290322594000003
0.05281106000000003
0.05271889410000004
0.05271889410000004
0.05271889410000004
0.05271889410000004
0.05271889410000004
0.05271889410000004
0.05271889410000004
0.05262672830000003
0.05262672830000003
0.05262672830000003
0.05262672830000003
0.05262672830000003
0.05262672830000003
0.05262672830000003
0.05262672830000003
0.05262672830000003
0.05262672830000003
0.05262672830000003
0.05262672830000003
0.052534562400000026
0.052534562400000026
0.052534562400000026
0.052534562400000026
0.052534562400000026
0.052534562400000026
0.052534562400000026
0.05244239650000004
0.05244239650000004
0.05244239650000004
0.05244239650000004
0.05244239650000004
0.05244239650000004
0.05244239650000004
0.05244239650000004
0.05244239650000004
0.05244239650000004
0.052534562400000026
0.052534562400000026
0.05244239646000003
0.05244239646000003
0.05244239646000003
0.05235023060000003
0.05235023060000003
0.05235023060000003
0.05235023060000003
0.05235023060000003
0.05235023060000003
0.05235023060000003
0.05225806470000003
0.05225806470000003
0.05216589880000003
0.05216589880000003
0.05216589880000003
0.052258064740000026
0.052258064740000026
0.052258064740000026
0.052258064740000026
0.052258064740000026
0.052258064740000026
0.052258064740000026
0.052258064740000026
0.052258064740000026
0.05225806478000003
0.05225806478000003
0.05225806478000003
0.05216589884000003
0.05216589884000003
0.05216589884000003
0.05216589884000003
0.05216589884000003
0.05216589884000003
0.05216589884000003
0.05207373294000003
0.05207373294000003
0.05207373294000003
0.05207373294000003
0.05207373294000003
0.05207373294000003
0.052165898880000026
0.05225806478000003
0.05225806478000003
0.05225806478000003
0.05225806478000003
0.05225806478000003
0.05225806478000003
0.05225806478000003
0.05225806478000003
0.05225806478000003
0.05225806478000003
0.05225806478000003
0.05225806478000003
0.05235023064000002
0.05235023064000002
0.05235023064000002
0.05235023064000002
0.05235023064000002
0.05235023064000002
0.05235023064000002
0.05235023064000002
0.05235023064000002
0.05235023064000002
0.05235023064000002
0.05235023064000002
0.05235023064000002
