0.4937327267999999
0.4717050737999999
0.44497696159999994
0.42746544060000013
0.41216590140000015
0.3915207396000001
0.3751152118
0.3654377916
0.34967742179999994
0.33953917200000006
0.3310599104
0.3199078368000001
0.30645161580000013
0.2941013846
0.28626728400000007
0.27511521000000005
0.2682027664
0.26193548499999997
0.2543778834000001
0.24617511840000006
0.23935483979999997
0.2338248864
0.22764977159999994
0.22055299599999995
0.21308755852
0.20764977044000005
0.20082949572
0.19419354976000006
0.18875576174000003
0.184792629
0.18055299627999996
0.17640553164000003
0.17225806520000003
0.16811059900000003
0.1642396318
0.16119815806
0.15843318054
0.15539170574000002
0.15244239662
0.14940092220000004
0.14774193672000005
0.14571428644000003
0.14405530016
0.1423963137
0.14036866454000005
0.13852534664000005
0.13751152132000002
0.13622119992
0.13502304284000005
0.13456221256000003
0.13382488556
0.13235023080000002
0.13161290384000002
0.130967742
0.13041474744
0.12921659024
0.12774193616
0.12543778888
0.12396313435999996
0.12313364063999996
0.12267281115999999
0.1211981572
0.12018433247999999
0.11944700527999996
0.11834101435999997
0.11751152119999998
0.11677419379999998
0.11640553000000001
0.11576036916000002
0.11548387148000001
0.11483871052000001
0.11345622148000001
0.11308755767999999
0.11262672836
0.11179723508
0.11161290336
0.11142857176
0.11115207424
0.11069124463999998
0.11023041496
0.10986175143999999
0.10949308775999998
0.10903225795999999
0.10838709667999998
0.10811059927999998
0.10783410135999999
0.10764976975999999
0.10728110583999997
0.10682027675999999
0.10635944727999998
0.10599078371999998
0.10562212001999997
0.10506912441999999
0.10497695851999998
0.10451612923999998
0.10423963143999998
0.10368663593999998
0.10359446993999998
0.10322580659999997
0.10285714307999998
0.10267281149999997
0.10230414783999997
0.10221198205999998
0.10165898665999996
0.10129032305999998
0.10129032305999998
0.10073732798
0.10027649856
0.09990783494000001
0.0996313371
0.0996313371
0.09953917118
0.09935483957999999
0.0990783419
0.09861751228000001
0.09852534588000003
0.09834101408000002
0.09824884828
0.09806451647999999
0.09788018475999999
0.09760368695999999
0.0972350236
0.09695852569999999
0.09686635979999998
0.09658986239999998
0.09649769649999997
0.09631336469999997
0.09594470117999997
0.09566820325999997
0.09520737363999998
0.09520737363999998
0.09502304185999998
0.09502304185999998
0.09419354914
0.09410138324
0.09373271922000001
0.09364055322
0.09345622152000001
0.09317972384
0.09253456304000002
0.09216589932000002
0.0918894017
0.0918894017
0.09142857240000003
0.09124424062000003
0.09096774282000002
0.09096774272000001
0.09078341092
0.09050691332000001
0.09032258152
0.09023041572
0.09013824984000002
0.09004608404
0.08986175204
0.08976958604
0.08949308844000001
0.08903225874000001
0.08857142948000002
0.08829493188000002
0.08801843398000003
0.08792626818000004
0.08774193656000003
0.08709677514000003
0.08645161394000002
0.08608295044000004
0.08562212086000004
0.08534562326000003
0.08534562326000003
0.08525345718000005
0.08488479358000005
0.08451612988000004
0.08414746618000005
0.08359447078000004
0.08359447076000004
0.08322580756000003
0.08304147566000003
0.08294930966000003
0.08285714386000002
0.08258064606000001
0.08230414836000001
0.08221198246000001
0.08175115276000001
0.08156682116000001
0.08138248936
0.08138248936
0.08129032336000001
0.08119815746
0.08082949384
0.08082949384
0.08055299634
0.08027649874000002
0.08018433284
0.07990783544
0.08009216724
0.07990783523999999
0.07953917164
0.07935483984
0.07917050814
0.07898617624000001
0.07880184448000001
0.07861751288
0.07852534708
0.07852534688
0.078341015
0.0781566831
0.07769585366000001
0.07760368776
0.07751152176000001
0.07705069216
0.07668202846000001
0.07631336486000001
0.07603686726000002
0.07585253556000002
0.07557603786000001
0.07520737426000002
0.07511520836
0.07502304242
0.07465437892000001
0.07428571522
0.07419354922000002
0.07382488582
0.07373271982
0.07354838812
0.07327189046000002
0.07327189046000002
0.07299539286000002
0.07244239736000002
0.07235023142000002
0.07216589962000003
0.07152073798000003
0.07152073798000003
0.07133640608000003
0.07124424008000002
0.07124424008000002
0.07115207418000002
0.07105990828000003
0.07096774238000003
0.07050691268000002
0.07032258098000004
0.07032258108000003
0.07004608328000002
0.06976958568000002
0.06958525384000001
0.06930875594000002
0.06912442404000002
0.06903225810000004
0.06884792630000003
0.06875576030000002
0.06847926250000001
0.06838709670000001
0.0682949307
0.06811059890000001
0.06801843290000002
0.06774193520000002
0.06755760336000002
0.06746543726000004
0.06737327146000002
0.06737327160000003
0.06700460810000002
0.06663594480000003
0.06663594480000003
0.06645161314000002
0.06654377904000001
0.06626728154000001
0.06599078384
0.06562212028000002
0.06543778858000002
0.06497695884
0.06488479304
0.06470046124
0.06460829524
0.06442396344
0.06433179754
0.06414746574
0.06414746584
0.06396313404000001
0.06387096814
0.06387096814
0.06368663644000001
0.06350230464000002
0.06322580694000002
0.06304147504000002
0.06304147514000003
0.06304147514000003
0.06304147514000003
0.06294930924000001
0.06285714330000002
0.06285714330000002
0.06276497730000002
0.06276497734000003
0.06258064564000003
0.06221198208000001
0.06211981618000001
0.062119816140000006
0.06202765020000001
0.06202765020000001
0.06193548430000002
0.061843318400000014
0.06175115260000001
0.06165898666000001
0.061566820760000016
0.061566820760000016
0.061474654960000014
0.06147465476000002
0.06147465476000002
0.06119815692000001
0.060921659320000016
0.06082949342000001
0.06073732752000001
0.06073732752000001
0.060645161620000006
0.06055299572000001
0.06046082982000001
0.060368663920000024
0.060184332080000014
0.060184332080000014
0.05990783438000001
0.06000000024000001
0.05990783444000001
0.06000000034000001
0.05990783444000001
0.059723502600000006
0.059723502600000006
0.05944700490000001
0.059262673140000006
0.05917050724
0.05907834134000001
0.058986175440000004
0.05889400944000001
0.05889400944000001
0.05880184364000002
0.05889400964000001
0.05880184374000001
0.05870967784000002
0.058617512040000014
0.05852534614000002
0.05861751194000002
0.05861751194000002
0.058433180000000015
0.058433180000000015
0.05843317990000001
0.05843317976000001
0.0582488481
0.0582488481
0.05815668220000001
0.05815668220000001
0.05815668220000001
0.05815668220000001
0.05815668220000001
0.05815668220000001
0.05806451616000001
0.05797235026000002
0.05797235026000002
0.05797235026000002
0.05778801850000002
0.05778801860000002
0.057695852700000015
0.05751152096000002
0.05741935506000002
0.057327189260000015
0.057419355160000005
0.057142857460000016
0.057142857460000016
0.05705069156000001
0.056958525660000016
0.056866359760000026
0.056866359760000026
0.056866359760000026
0.05668202796000002
0.05686635970000002
0.05677419384000002
0.05695852568000002
0.05705069154000002
0.05695852554000002
0.05695852554000002
0.05677419394000002
0.05677419394000002
0.05677419394000002
0.056589862140000016
0.05640553020000001
0.05640553020000001
0.05631336426000002
0.056313364260000005
0.05612903246000001
0.05612903246000001
0.055944700700000016
0.05585253476000001
0.05585253476000001
0.05585253476000001
0.05566820306000001
0.05566820306000001
0.05557603720000001
0.05566820306000001
0.05566820306000001
0.05576036900000001
0.055576037260000016
0.055576037260000016
0.05548387136000001
0.055391705460000024
0.055483871400000016
0.055483871400000016
0.055483871400000016
0.055483871400000016
0.055483871400000016
0.05557603730000002
0.05557603730000002
0.05548387136000001
0.055391705460000024
0.05520737366000002
0.05520737366000002
0.05520737366000002
0.055115207760000014
0.055115207760000014
0.055115207760000014
0.05502304186000002
0.054930875960000014
0.05502304186000002
0.05474654408000002
0.05456221228000002
0.05437788048000002
0.05437788048000002
0.05419354872000002
0.05437788048000002
0.05437788048000002
0.05419354872000003
0.05419354872000003
0.05419354872000003
0.05419354872000003
0.05419354872000003
0.05419354872000003
0.05419354872000003
0.05419354872000003
0.05428571462000002
0.05400921678000002
0.05400921678000002
0.05391705084000002
0.05382488498000002
0.05382488498000002
0.05382488498000002
0.05382488498000002
0.053824885020000025
0.053824885020000025
0.053824885020000025
0.053824885020000025
0.05391705092000002
0.053824885020000025
0.05373271902000003
0.05382488492000003
0.05382488492000003
0.05382488492000003
0.05382488492000003
0.053548387360000026
0.053548387360000026
0.053548387360000026
0.05354838740000003
0.05354838740000003
0.05345622154000003
0.05345622154000003
0.05336405564000003
0.05336405564000003
0.05345622154000003
0.053364055640000026
0.053364055640000026
0.05336405568000003
0.05336405568000003
0.05336405568000003
0.05336405568000003
0.05336405568000003
0.05336405568000003
0.05345622158000003
0.05345622158000003
0.05345622158000003
0.05345622158000003
0.05345622158000003
0.05336405568000003
0.05345622158000002
0.053271889780000026
0.05317972384000002
0.05317972384000002
0.05308755794000002
0.05308755794000002
0.05299539204000002
0.05299539204000002
0.05299539204000002
0.05299539204000002
0.05290322610000002
0.05281106016000003
0.05281106016000003
0.05271889430000003
0.052626728500000025
0.05262672846000003
0.05262672846000003
0.05262672846000003
0.05262672846000003
0.05244239670000003
0.05244239670000003
0.05244239670000003
0.05235023076000003
0.05225806478000003
0.05235023068000002
0.05244239658000002
0.05235023068000001
0.05244239654000002
0.05244239654000002
0.05244239654000002
0.05244239654000002
0.05244239654000002
0.05235023068000002
0.052258064780000016
0.052258064780000016
0.052258064780000016
0.052165898920000016
0.05225806482000001
0.05225806482000001
0.05225806482000001
0.05225806482000001
0.05225806482000001
0.05207373298000002
0.05207373298000002
0.05198156704000002
0.05198156704000002
0.05198156704000002
0.05188940110000002
0.05188940110000002
0.05188940110000002
0.051612903400000014
0.051612903400000014
0.051612903400000014
0.051612903400000014
0.051612903400000014
0.051520737500000025
0.051520737500000025
0.05142857160000002
0.05142857160000002
0.05142857160000002
0.05142857160000002
0.05133640574000002
0.05133640574000002
0.05133640574000002
0.05133640574000002
0.05133640574000002
0.05133640574000002
0.05133640574000002
0.05142857160000002
0.05142857160000002
0.05152073754000003
0.05133640574000003
0.05133640574000003
0.05133640574000003
0.05133640574000003
0.05133640574000003
0.05133640574000003
0.05133640574000003
0.05152073758000003
0.05152073758000003
0.05142857172000003
0.05142857172000003
0.05133640578000003
0.05133640578000003
0.05133640578000003
0.05133640578000003
0.05133640578000003
0.05133640578000003
0.05133640578000003
0.05124423988000003
0.05124423988000003
0.05124423988000003
0.05124423988000003
0.05115207394000002
0.05115207394000002
0.05115207394000002
0.05105990800000002
0.05105990800000002
0.05096774210000002
0.05087557616000002
0.05087557616000002
0.05087557616000002
0.050783410260000016
0.050783410260000016
0.050783410260000016
0.050783410260000016
0.050783410260000016
0.050783410260000016
0.050599078460000016
0.050599078460000016
0.050599078460000016
0.05050691256000001
0.05050691256000001
0.05050691256000001
0.05050691256000001
0.05050691256000001
0.05050691256000001
0.050599078460000016
0.050506912520000016
0.050506912520000016
0.05050691256000001
0.05050691256000001
0.05050691256000001
0.05050691256000001
0.05050691256000001
0.05050691256000001
0.05050691256000001
0.05041474670000001
0.05041474670000001
0.05041474670000001
0.05041474670000001
0.05041474670000001
0.05041474670000001
0.05041474670000001
0.05041474670000001
0.05041474670000001
0.050322580760000006
0.050322580760000006
0.050322580760000006
0.050322580760000006
0.05023041486000001
0.05013824900000001
0.05013824900000001
0.05013824900000001
0.05013824900000001
0.05013824900000001
0.05013824900000001
0.050230414900000006
0.050230414900000006
0.050230414900000006
0.050230414900000006
0.050138248960000006
0.050046083100000006
0.050046083100000006
0.050046083100000006
0.050046083100000006
0.050046083100000006
0.050046083100000006
0.050046083100000006
0.050046083100000006
0.050046083100000006
0.049953917160000014
0.049953917160000014
0.05004608306000002
0.05004608306000002
0.05004608306000002
0.05004608306000002
0.04986175130000001
0.04986175130000001
0.04986175130000001
0.04986175130000001
0.04986175130000001
0.04976958536000001
0.04976958536000001
0.04976958536000001
0.04976958536000001
0.04976958536000001
0.04976958536000001
0.04967741942000001
0.04967741942000001
0.04967741942000001
0.04967741942000001
0.049493087620000015
0.049493087620000015
0.04940092172000001
0.04940092172000001
0.04940092172000001
0.04940092172000001
0.04940092172000001
0.04940092172000001
0.04940092172000001
0.04940092172000001
0.04940092172000001
0.04940092172000001
0.04940092172000001
0.04940092172000001
0.04940092172000001
0.04940092172000001
0.04940092172000001
0.04930875578000001
0.04930875578000001
0.04930875578000001
0.04930875578000001
0.04930875578000001
0.04930875578000001
0.04930875578000001
0.04930875578000001
0.04930875578000001
0.04930875578000001
0.04930875578000001
0.04930875578000001
0.04930875578000001
0.04921658992000001
0.04921658992000001
0.04921658992000001
0.049308755820000015
0.049308755820000015
0.049308755820000015
0.049308755820000015
0.049308755820000015
0.049308755820000015
0.049308755820000015
0.04921658992000001
0.04921658992000001
0.04912442398000001
0.04912442398000001
0.04912442398000001
0.04912442398000001
0.04912442398000001
0.04912442398000001
0.04912442398000001
0.04912442398000001
0.04912442398000001
0.04912442398000001
0.04912442398000001
0.04912442398000001
0.04921658984000001
0.04921658984000001
0.04921658984000001
0.04921658984000001
0.04921658984000001
0.04921658984000001
0.04921658984000001
0.04921658984000001
0.04921658984000001
0.04921658984000001
0.04921658984000001
0.04921658984000001
0.04921658984000001
0.04921658984000001
0.04921658984000001
0.04921658984000001
0.04921658984000001
0.04921658984000001
0.04921658984000001
0.04921658984000001
0.04921658984000001
0.04921658984000001
0.04921658984000001
0.04921658984000001
0.04921658984000001
0.04921658984000001
0.04921658984000001
0.04921658984000001
0.04921658984000001
0.04921658984000001
0.04921658984000001
0.04921658984000001
0.04921658984000001
0.04921658984000001
0.04912442398000001
0.04912442398000001
0.04912442398000001
0.04912442398000001
0.04912442398000001
0.04912442398000001
0.04903225808000001
0.04912442398000001
0.04912442398000001
0.04912442398000001
0.04921658984000001
0.04921658984000001
0.04921658984000001
0.04921658984000001
0.04921658984000001
0.04921658984000001
0.04921658984000001
0.04921658984000001
0.049124423900000005
0.049124423900000005
0.049124423900000005
0.049032258040000005
0.049032258040000005
0.049032258040000005
0.049032258040000005
0.049032258040000005
0.049032258040000005
0.049032258040000005
0.049032258040000005
0.049032258040000005
0.049032258040000005
0.049032258040000005
0.049032258040000005
0.049032258040000005
0.049032258040000005
0.049032258040000005
0.049032258040000005
0.049032258040000005
0.048940092180000005
0.048940092180000005
0.048940092180000005
0.048940092180000005
0.048940092180000005
0.048940092180000005
0.048940092180000005
0.048940092180000005
0.04884792624000001
0.04884792624000001
0.04884792624000001
0.04884792624000001
0.048940092140000016
0.049032258000000016
0.049032258000000016
0.049032258000000016
0.049032258000000016
0.049032258000000016
0.048940092140000016
0.048940092140000016
0.048940092140000016
0.048940092140000016
0.048940092140000016
0.048940092140000016
0.048940092140000016
0.048940092140000016
0.048940092140000016
0.048940092140000016
0.049032258040000005
0.049032258040000005
0.049032258040000005
0.049032258040000005
0.049032258040000005
0.049032258040000005
0.049032258040000005
0.049032258040000005
0.049032258040000005
0.049032258040000005
0.049124423900000005
0.049124423900000005
0.049124423900000005
0.049124423900000005
0.049124423900000005
0.049124423900000005
0.049124423900000005
0.049124423900000005
0.049124423900000005
0.049124423900000005
0.049124423900000005
0.049124423900000005
0.049216589760000005
0.049216589760000005
0.049216589760000005
0.049216589760000005
0.049216589760000005
0.049216589760000005
0.049216589760000005
0.049216589760000005
0.049216589760000005
0.049216589760000005
0.049216589760000005
0.049216589760000005
0.04912442382000001
0.04912442382000001
0.04912442382000001
0.04912442382000001
0.04912442382000001
0.04912442382000001
0.04912442382000001
0.04921658972
0.04921658972
0.04921658972
0.04921658972
0.04921658972
0.049124423860000016
0.049124423860000016
0.04921658976000001
0.04921658976000001
0.04921658976000001
0.04921658976000001
0.04921658976000001
0.04930875562000001
0.04930875562000001
0.04930875562000001
0.04930875562000001
0.04930875562000001
0.04930875562000001
0.04930875562000001
0.04930875562000001
0.04930875562000001
0.04930875562000001
0.04930875562000001
0.04930875562000001
0.04930875562000001
0.04930875562000001
0.04930875562000001
0.04930875562000001
0.04930875562000001
0.04930875562000001
0.04930875562000001
0.04930875562000001
0.04930875562000001
0.04930875562000001
0.04930875562000001
0.04930875562000001
0.04930875562000001
0.04940092152000001
0.04940092152000001
0.04940092152000001
0.04940092152000001
0.04940092152000001
0.04940092152000001
0.04940092152000001
0.04940092152000001
0.04940092152000001
0.04940092152000001
0.04940092152000001
0.04940092152000001
0.04940092152000001
0.04940092152000001
0.049493087460000015
0.049493087460000015
0.049493087460000015
0.049493087460000015
0.049493087460000015
0.049493087460000015
0.049493087460000015
0.049493087460000015
0.049493087460000015
0.049493087460000015
0.049493087460000015
0.049493087460000015
0.049585253400000015
0.049585253400000015
0.04967741934000002
0.04967741934000002
0.04967741934000002
0.04967741934000002
0.04967741934000002
0.04967741934000002
0.04967741934000002
0.04967741934000002
0.04967741934000002
0.04967741934000002
0.04967741934000002
0.04967741934000002
0.049769585280000014
0.049769585280000014
0.049769585280000014
0.049769585280000014
0.049769585280000014
0.049769585280000014
0.049769585280000014
0.049769585280000014
0.049769585280000014
0.049769585280000014
0.049769585280000014
0.049769585280000014
0.049769585280000014
0.049769585280000014
0.049769585280000014
0.049769585280000014
0.049769585280000014
0.049769585280000014
0.049769585280000014
0.049769585280000014
0.049769585280000014
0.04967741934000001
0.04967741934000001
0.04958525348000001
0.04958525348000001
0.04958525348000001
0.04958525348000001
0.04958525348000001
0.04958525348000001
0.04958525348000001
0.04958525348000001
0.04958525348000001
0.04958525348000001
0.04958525348000001
0.04958525348000001
0.04958525348000001
0.04958525348000001
0.04958525348000001
0.04958525348000001
0.04958525348000001
0.04958525348000001
0.04967741934000001
0.04967741934000001
0.04967741934000001
0.04967741934000001
0.04967741934000001
0.04967741934000001
0.04967741934000001
0.0495852534
0.0495852534
0.0495852534
0.0495852534
0.0495852534
0.0495852534
0.0495852534
0.0495852534
0.0495852534
0.0495852534
0.0495852534
0.0495852534
0.0495852534
0.0495852534
0.04967741926
0.049769585160000004
0.049769585160000004
0.049769585160000004
0.049769585160000004
0.049769585160000004
0.049769585160000004
0.049769585160000004
0.049769585160000004
0.049769585160000004
