0.49456221979999987
0.3630414795999999
0.29576037159999996
0.2240553003999999
0.17926267355999997
0.15188940172000004
0.13668202972
0.12875576158000002
0.12433179874
0.11898617642000002
0.11511520888000001
0.11235023120000001
0.10986175186000002
0.10746543868
0.10571428654000002
0.10331797294000002
0.10110599133999999
0.09944700497999998
0.09778801900000002
0.0955760374
0.09456221220000001
0.09161290386000003
0.09023041556000003
0.08921659114000004
0.08792626836000003
0.08617511612000003
0.08414746572000002
0.08294930892000002
0.08165898614000001
0.08064516154000004
0.07981566876000004
0.07889400962000002
0.07788018458000004
0.07622119862000004
0.07529953938000002
0.07437788038000001
0.07317972428000002
0.07142857178000002
0.07013824898000003
0.06912442422000002
0.06829493124000001
0.06755760428000002
0.06682027694
0.06562212022000001
0.06460829542
0.06368663648000002
0.06267281140000001
0.062027650100000026
0.06138248886000003
0.06101382500000002
0.06073732724000002
0.05972350216000003
0.058801842920000034
0.05870967720000004
0.058433179600000024
0.05834101346000002
0.057788018320000016
0.057142857220000016
0.05612903230000002
0.05622119814000003
0.05585253468000003
0.05529953928000003
0.054838709880000024
0.054562212180000035
0.054470046240000035
0.05382488482000003
0.05336405538000004
0.053271889380000034
0.052626728080000025
0.05262672816000002
0.05262672816000002
0.05225806448000002
0.05207373278000002
0.05198156692000002
0.051797235120000014
0.05179723516000002
0.051797235120000014
0.051889401060000014
0.05170506930000001
0.05133640556000001
0.05142857142000002
0.05152073732000002
0.05161290322000002
0.05142857142000002
0.051336405480000014
0.051244239620000014
0.05115207368000001
0.05096774194000002
0.05096774198000002
0.05105990784000002
0.051059907760000016
0.05115207366000002
0.051059907760000016
0.051059907760000016
0.051059907760000016
0.05078341002000001
0.05069124416000001
0.05069124420000001
0.05041474670000001
0.050414746660000016
0.05023041486000001
0.05013824896000002
0.05004608310000002
0.049953917160000014
0.049861751300000014
0.049769585440000014
0.049769585440000014
0.049769585440000014
0.04967741958000001
0.04958525368000001
0.049308756020000004
0.049400921880000004
0.049400921880000004
0.049308755940000004
0.049308755940000004
0.049308755940000004
0.049124424220000004
0.04903225828000001
0.04894009238000001
0.04884792652000001
0.04884792652000001
0.04894009246
0.04884792660000001
0.04884792660000001
0.04884792660000001
0.04884792660000001
0.048755760620000005
0.04884792652000001
0.04884792652000001
0.048755760620000005
0.048847926560000005
0.048755760700000005
0.04884792664000001
0.04884792664000001
0.04884792664000001
0.048940092580000004
0.048940092580000004
0.048940092580000004
0.049032258440000004
0.049032258440000004
0.049124424380000004
0.04921659028
0.04912442442
0.049308756179999996
0.049308756179999996
0.049308756179999996
0.049308756179999996
0.049308756179999996
0.049308756179999996
0.049308756179999996
0.04940092208
0.04940092208
0.04940092208
0.04958525384
0.049769585680000006
0.049769585680000006
0.04986175158000001
0.04976958564
0.0498617515
0.0498617515
0.04976958564
0.04976958564
0.049953917400000006
0.050230414980000006
0.050230414980000006
0.05041474678000001
0.050322580840000006
0.050322580840000006
0.05032258088000001
0.05032258088000001
0.05032258088000001
0.05032258088000001
0.05032258088000001
0.05041474682
0.05032258088000001
0.05032258088000001
0.05032258088000001
0.05032258088000001
0.05041474674000001
0.05041474674000001
0.05041474674000001
0.05041474674000001
0.05041474674000001
0.050506912680000016
0.05059907862000001
0.050691244520000005
0.050691244520000005
0.050691244520000005
0.05050691268
0.05050691268
0.05050691260000001
0.05050691260000001
0.05050691260000001
0.05069124448000001
0.05078341034000001
0.05078341034000001
0.051059907960000005
0.05124423976000001
0.05124423976000001
0.051336405700000004
0.05152073758
0.05152073758
0.05170506942
0.05161290352
0.05161290352
0.05170506942
0.05188940118
0.05188940118
0.05188940118
0.05188940118
0.05188940118
0.051981567080000006
0.051889401220000006
0.05179723528000001
0.05198156704
0.05198156704
0.05216589884000001
0.052350230600000006
0.05244239650000001
0.05244239650000001
0.05244239650000001
0.05253456244000001
0.05253456244000001
0.05253456244000001
0.05253456244000001
0.05281106004
0.05281106004
0.05290322598
0.05299539192000001
0.05308755782000001
0.05308755782000001
0.05317972372000001
0.053087557820000006
0.053087557820000006
0.053087557820000006
0.053087557820000006
0.053087557820000006
0.053087557820000006
0.05317972376
0.05317972376
0.0532718897
0.0532718897
0.053179723799999995
0.053179723799999995
0.053179723799999995
0.053179723799999995
0.053179723799999995
0.053179723799999995
0.05345622136
0.05345622146
0.05336405556
0.05345622146
0.05364055320000001
0.05364055320000001
0.05364055320000001
0.05364055320000001
0.05364055320000001
0.05373271914000001
0.053824885080000016
0.053824885080000016
0.05391705098000001
0.05391705098000001
0.05391705098000001
0.05400921684000001
0.05400921684000001
0.054101382700000006
0.054101382700000006
0.05419354864000001
0.05410138278000001
0.05419354864000001
0.05419354864000001
0.05419354864000001
0.05428571458000001
0.054470046340000015
0.054470046340000015
0.054470046340000015
0.05456221224000002
0.05465437810000002
0.05483870994000002
0.05483870994000002
0.05483870994000002
0.055023041740000014
0.05511520764000002
0.05511520764000002
0.05511520764000002
0.05520737354000002
0.05529953940000002
0.055207373500000025
0.05529953940000003
0.05539170534000003
0.05548387120000003
0.05548387120000003
0.05548387120000003
0.05548387120000003
0.05548387120000003
0.05557603706000003
0.05557603706000003
0.05557603706000003
0.055668202960000024
0.05576036886000001
0.05576036886000001
0.05576036886000001
0.05585253476000002
0.05594470056000001
0.05594470056000001
0.05594470056000001
0.05594470056000001
0.05612903228000001
0.05612903228000001
0.05612903228000001
0.05612903228000001
0.05631336408000002
0.05631336408000002
0.05631336408000002
0.05631336408000002
0.05631336408000002
0.056221198180000015
0.05631336408000002
0.05631336408000002
0.05631336408000002
0.05631336408000002
0.05649769588000002
0.056682027720000014
0.056682027720000014
0.056774193660000014
0.05686635956000002
0.05686635956000002
0.05686635956000002
0.05695852546000002
0.05714285726000002
0.05705069132000002
0.05705069132000002
0.05705069132000002
0.05705069132000002
0.05705069132000002
0.05705069132000002
0.05714285722000002
0.05714285722000002
0.05714285722000002
0.05714285722000002
0.05714285722000002
0.05714285722000002
0.05714285722000002
0.05714285722000002
0.05714285722000002
0.05714285722000002
0.057235023020000025
0.057235023020000025
0.057235023020000025
0.057235023020000025
0.057235023020000025
0.05732718892000003
0.05732718892000003
0.05732718892000003
0.05732718892000003
0.05732718892000003
0.05732718892000003
0.05732718892000003
0.05732718892000003
0.05732718892000003
0.05732718892000003
0.05732718892000003
0.05732718892000003
0.05732718892000003
0.05732718892000003
0.05741935478000003
0.05751152072000003
0.05751152072000003
0.05751152072000003
0.05751152072000003
0.05751152072000003
0.05751152072000003
0.05751152072000003
0.05769585256000002
0.05769585256000002
0.05769585256000002
0.05769585256000002
0.05769585256000002
0.05769585256000002
0.05788018440000003
0.05797235034000003
0.05797235034000003
0.05797235034000003
0.05797235034000003
0.05797235034000003
0.05797235034000003
0.05815668222000002
0.05815668222000002
0.05815668222000002
0.05824884816000002
0.058433180000000015
0.05852534590000002
0.05852534590000002
0.05852534590000002
0.05861751170000003
0.05870967760000002
0.05870967760000002
0.05870967760000002
0.05870967760000002
0.05870967760000002
0.05880184346000002
0.058894009400000016
0.05898617520000001
0.05898617520000001
0.05907834114000001
0.05907834114000001
0.059170506940000006
0.059170506940000006
0.059170506940000006
0.059170506940000006
0.05926267284
0.05926267284
0.05926267284
0.05935483874
0.05935483874
0.05935483874
0.05935483874
0.05935483874
0.05935483874
0.05935483874
0.05935483874
0.05935483874
0.05935483874
0.05935483874
0.05935483874
0.059447004680000005
0.059447004680000005
0.05953917058000001
0.05953917058000001
0.05953917058000001
0.05972350248000002
0.05972350248000002
0.059815668380000006
0.05972350248000002
0.05963133658000001
0.05963133658000001
0.05963133658000001
0.059723502380000015
0.059723502380000015
0.059723502380000015
0.059723502380000015
0.05981566818000002
0.05981566818000002
0.05981566818000002
0.05981566818000002
0.05981566818000002
0.05981566818000002
0.05981566818000002
0.05981566818000002
0.05981566818000002
0.05981566818000002
0.05981566818000002
0.05981566818000002
0.05981566818000002
0.05990783408000002
0.05990783408000002
0.05990783408000002
0.05990783408000002
0.05990783408000002
0.05990783408000002
0.05999999998000002
0.06009216598000002
0.06009216598000002
0.06018433188000001
0.06018433188000001
0.06018433188000001
0.06018433188000001
0.06018433188000001
0.06018433188000001
0.060276497780000014
0.060276497780000014
0.06046082958000002
0.06046082958000002
0.06046082958000002
0.06046082958000002
0.06046082958000002
0.06046082958000002
0.06055299548000002
0.06055299548000002
0.06055299548000002
0.06055299548000002
0.06055299548000002
0.06055299548000002
0.06055299548000002
0.06055299548000002
0.06073732732000003
0.06073732732000003
0.06073732732000003
0.060645161420000024
0.06082949312000003
0.06082949312000003
0.06082949312000003
0.060921659020000025
0.060921659020000025
0.060921659020000025
0.06101382482000003
0.06101382482000003
0.06110599068000003
0.06119815658000003
0.06119815658000003
0.06129032248000002
0.06129032248000002
0.06129032248000002
0.06129032248000002
0.06129032248000002
0.06129032248000002
0.06138248828000003
0.061290322380000026
0.06138248828000003
0.06138248828000003
0.06138248828000003
0.06138248828000003
0.06138248828000003
0.06138248828000003
0.06138248828000003
0.06138248828000003
0.06138248828000003
0.06138248828000003
0.06138248828000003
0.06138248828000003
0.06138248828000003
0.06138248828000003
0.06138248828000003
0.06138248828000003
0.06156682008000002
0.06156682008000002
0.06156682008000002
0.06156682008000002
0.06165898608000002
0.06165898608000002
0.06165898608000002
0.06175115198000002
0.061843317780000025
0.061843317780000025
0.061843317780000025
0.061843317780000025
0.06202764948000002
0.06202764948000002
0.062119815380000026
0.062119815380000026
0.062119815380000026
0.062119815380000026
0.06221198128000003
0.06221198128000003
0.06221198128000003
0.06221198128000003
0.06221198128000003
0.06221198128000003
0.06221198128000003
0.06221198128000003
0.06221198128000003
0.06221198128000003
0.06230414722000002
0.06230414722000002
0.06230414722000002
0.06230414722000002
0.06230414722000002
0.06230414722000002
0.06230414722000002
0.06230414722000002
0.06239631312000002
0.06239631312000002
0.06239631312000002
0.06239631312000002
0.06239631312000002
0.06248847912000002
0.06248847912000002
0.06258064498000002
0.06248847908000002
0.06248847908000002
0.06248847908000002
0.06248847908000002
0.06248847908000003
0.06248847908000003
0.06248847908000003
0.06248847908000003
0.06258064508000002
0.06258064508000002
0.06258064508000002
0.06267281102000002
0.06267281102000002
0.06267281102000002
0.06267281102000002
0.06276497692000002
0.06276497692000002
0.06276497692000002
0.06276497692000002
0.06276497692000002
0.06276497692000002
0.06276497692000002
0.06276497692000002
0.06276497692000002
0.06276497692000002
0.06276497692000002
0.06276497692000002
0.06276497692000002
0.06276497692000002
0.06285714282000002
0.06285714282000002
0.06285714282000002
0.06285714282000002
0.06304147462000001
0.06304147462000001
0.06304147462000001
0.06304147462000001
0.06304147462000001
0.06304147462000001
0.06304147462000001
0.06304147462000002
0.06304147462000002
0.06304147462000002
0.06304147462000002
0.06304147462000002
0.06304147462000002
0.06304147462000002
0.06322580632000002
0.06322580632000002
0.06322580632000002
0.06322580632000002
0.06322580632000002
0.06331797222000002
0.06331797222000002
0.06341013802000002
0.06341013802000002
0.06341013802000002
0.06341013802000002
0.06341013802000002
0.06341013802000002
0.06341013802000002
0.06341013802000002
0.06341013802000002
0.06341013802000002
0.06341013802000002
0.06341013802000002
0.06341013802000002
0.06341013802000002
0.06341013802000002
0.06341013802000002
0.06341013802000002
0.06341013802000002
0.06341013802000002
0.06341013802000002
0.06341013802000002
0.06350230382000002
0.06350230382000002
0.06359446982000001
0.06359446982000001
0.06359446982000001
0.06368663562000001
0.06368663562000001
0.06368663562000001
0.06368663562000001
0.06377880162
0.06377880162
0.06377880162
0.06377880162
0.06377880162
0.06377880162
0.06377880162
0.06387096752
0.06387096752
0.06387096752
0.06387096752
0.06396313342000001
0.06387096748000001
0.06387096748000001
0.06387096748000001
0.06387096748000001
0.06387096748000001
0.06387096748000001
0.06387096748000001
0.06396313338000001
0.06396313338000001
0.06396313338000001
0.06405529928
0.06405529928
0.06405529928
0.06405529928
0.06405529928
0.06405529928
0.06405529928
0.06405529928
0.06405529928
0.06405529928
0.06405529928
0.06405529928
0.06405529928
0.06414746508000001
0.06414746508000001
0.06414746508000001
0.06414746508000001
0.06414746508000001
0.06405529918000001
0.06405529918000001
0.06405529918000001
0.06405529918000001
0.06414746508000001
0.06414746508000001
0.06414746508000001
0.06423963098000002
0.06423963098000002
0.06423963098000002
0.06423963098000002
0.06433179678
0.06433179678
0.06433179678
0.06433179678
0.06433179678
0.06433179678
0.06433179678
0.06433179678
0.06433179678
0.06433179678
0.06433179678
0.06442396272
0.06442396272
0.06442396272
0.06442396272
0.06442396272
0.06442396272
0.06442396272
0.06442396272
0.06442396272
0.06442396272
0.06442396272
0.06442396272
0.06442396272
0.06442396272
0.06442396272
0.06442396272
0.06451612872000001
0.06451612872000001
0.06451612872000001
0.06451612872000001
0.06451612872000001
0.06442396282000001
0.06442396282000001
0.06442396282000001
0.06442396282000001
0.06442396282000001
0.06442396282000001
0.06442396282000001
0.06442396282000001
0.06442396282000001
0.06442396282000001
0.06451612876
0.06451612876
0.06451612876
0.06451612876
0.06451612876
0.06460829466000001
0.06460829466000001
0.06460829466000001
0.06460829466000001
0.06460829466000001
0.06460829466000001
0.06460829466000001
0.06460829466000001
0.06451612866
0.06451612866
0.06460829446000001
0.06460829446000001
0.06470046026000001
0.06479262626
0.06479262626
0.06479262626
0.06488479226
0.06488479226
0.06488479226
0.06488479226
0.06488479226
0.06488479226
0.06488479226
0.06488479226
0.06488479226
0.06497695826000001
0.06497695826000001
0.06488479246000001
0.06497695836
0.06497695836
0.06497695836
0.06506912426
0.06506912426
0.06506912426
0.06506912426
0.06506912426
0.06506912426
0.06506912426
0.06506912426
0.06506912426
0.06506912426
0.06506912426
0.06497695836
0.06497695836
0.06497695836
0.06497695836
0.06497695836
0.06497695836
0.06497695836
0.06497695836
0.06488479236000001
0.06488479236000001
0.06488479236000001
0.06488479236000001
0.06488479236000001
0.06488479236000001
0.06488479236000001
0.06479262656000001
0.06479262656000001
0.06479262656000001
0.06479262656000001
0.06479262656000001
0.06470046066
0.06479262656000001
0.06470046066
0.06470046066
0.06470046066
0.06470046066
0.06470046066
0.06470046066
0.06470046066
0.06470046066
0.06470046066
0.06470046066
0.06470046066
0.06470046066
0.06470046066
0.06470046060000001
0.06470046060000001
0.06479262640000001
0.06470046046000001
0.06470046046000001
0.06470046046000001
0.06470046046000001
0.06470046046000001
0.06479262636000001
0.06479262636000001
0.06470046042000002
0.06470046042000002
0.06470046042000002
0.06470046042000002
0.06470046042000002
0.06470046042000002
0.06470046042000002
0.06470046042000002
0.06470046042000002
0.06470046042000002
0.06470046042000002
0.06470046042000002
0.06470046042000002
0.06470046042000002
0.06470046042000002
0.06470046042000002
0.06470046042000002
0.06470046042000002
0.06470046042000002
0.06479262632
0.06479262632
0.06479262632
0.06479262632
0.06479262632
0.06479262632
0.06479262632
0.06479262632
0.06479262632
0.06479262632
0.06479262632
0.06479262632
0.06479262632
0.06479262632
0.06479262632
0.06479262632
0.06479262632
0.06479262632
0.06488479212000002
0.06488479212000002
0.06488479212000002
0.06488479212000002
0.06488479212000002
0.06488479212000002
0.06488479212000002
0.06488479212000002
0.06488479212000002
0.06488479212000002
0.06488479212000002
0.06488479212000002
0.06488479212000002
0.06488479212000002
0.06488479212000002
0.06488479212000002
0.06488479212000002
0.06488479212000002
0.06488479212000002
0.06488479212000002
0.06488479212000002
0.06488479212000002
0.06488479212000002
0.06488479212000002
0.06488479212000002
0.06488479212000002
0.06488479212000002
0.06488479212000002
0.06488479212000002
0.06488479212000002
0.06488479212000002
0.06488479212000002
0.06497695802
0.06497695802
0.06497695802
0.06497695802
0.06506912382
0.06506912382
0.06506912382
0.06506912382
0.06506912382
0.06516128962
0.06516128962
0.06516128962
0.06516128962
0.06516128962
0.06516128962
0.06516128962
0.06516128962
0.06516128962
0.06516128962
0.06516128962
0.06516128962
0.06516128962
0.06516128962
0.06516128962
0.06506912382000002
0.06506912382000002
0.06506912382000002
0.06506912382000002
0.06506912382000002
0.06506912382000002
0.06506912382000002
0.06506912382000002
0.06506912382000002
0.06506912382000002
0.06506912382000002
0.06506912382000002
0.06506912382000002
0.06506912382000002
0.06506912382000002
0.06506912382000002
0.06506912382000002
0.06506912382000002
0.06506912382000002
0.06506912382000002
0.06506912382000002
0.06506912382000002
0.06506912382000002
0.06506912382000002
0.06497695802
0.06497695802
0.06497695802
0.06497695802
0.06497695802
0.06497695802
0.06497695802
0.06497695802
0.06497695802
0.06497695802
0.06497695802
0.06497695802
0.06497695802
0.06497695802
0.06488479208000002
0.06488479208000002
0.06488479208000002
0.06497695798000001
0.06497695798000001
0.06497695798000001
0.06506912388000002
0.06497695798000003
0.06497695798000003
0.06497695798000003
0.06497695798000003
0.06497695798000003
0.06497695798000003
0.06497695798000003
0.06497695798000003
0.06497695798000003
0.06497695798000003
0.06497695798000003
0.06497695798000003
0.06497695798000003
0.06497695798000003
0.06497695798000003
0.06488479208000002
0.06488479208000002
0.06479262618000002
0.06479262618000002
0.06479262618000002
0.06479262618000002
0.06479262618000002
0.06479262618000002
0.06470046018000003
0.06470046018000003
0.06470046018000003
