0.55419356
0.5398156764
0.527281111
0.5088479284
0.4901382527999999
0.4779723544000001
0.4588018442
0.439539169
0.4199078328000001
0.40175115280000007
0.39271889620000006
0.3760368686
0.3663594472
0.35677419472
0.34894009244
0.34211981772
0.33705069019999995
0.33235022959999994
0.32672811132000007
0.32211981672000006
0.31695852612
0.30912442332
0.3018433199200001
0.29493087651999994
0.28626728192
0.2807373283199999
0.2723502331199999
0.26672811020000003
0.25778801960000003
0.25105990720000004
0.24516129211999996
0.24082949471999998
0.23631336687999993
0.22949308828000003
0.22304147679999997
0.21658986212000003
0.21235023151999993
0.20700461031999992
0.20165898779999997
0.19705069199999997
0.19317972428000002
0.18829493199999997
0.18479262640000002
0.18119815772
0.17695852623999997
0.17336405404
0.17152073796
0.16912442456
0.16562212015999997
0.16387096896
0.16184331824
0.15898617512000002
0.15622119924000002
0.15391705168000003
0.15235023160000002
0.15069124448000001
0.1488479268
0.14709677516
0.14488479324000003
0.14304147452000002
0.14156682044
0.14064516111999997
0.13990783376
0.13907834068000002
0.13852534644000006
0.13723502464000004
0.13576037024000004
0.13456221348000003
0.13345622152
0.13308755864
0.13207373412000004
0.13133640704000005
0.13050691414000004
0.12967742046000005
0.12875576150000004
0.12755760498000002
0.12682027808000002
0.12599078512
0.12506912639999998
0.1247926284
0.12414746639999998
0.12368663671999997
0.12313364164
0.12258064603999999
0.12193548488
0.12147465508
0.12147465482000001
0.12082949294
0.12055299558000002
0.12009216554
0.11944700437999999
0.1193548386
0.11870967785999997
0.11815668245999998
0.11778801905999997
0.11760368745999998
0.11714285797999997
0.11705069217999998
0.11686635993999998
0.11677419405999996
0.11631336385999996
0.11557603685999995
0.11548387093999994
0.11502304141999994
0.11474654381999998
0.11447004621999998
0.11419354861999997
0.11410138273999997
0.11419354853999997
0.11400921669999997
0.11354838749999996
0.11345622161999996
0.11327189001999997
0.11290322653999998
0.11290322641999997
0.11281106041999997
0.11262672869999997
0.11235023121999997
0.11188940183999999
0.11188940184
0.11161290424
0.11142857254
0.11105990873999999
0.11096774306
0.11087557726
0.11069124554
0.11050691373999999
0.11032258206
0.11013825030000002
0.10995391858000002
0.10976958686000002
0.10949308916000002
0.10940092316000001
0.10894009342000002
0.10903225932000002
0.10884792724000002
0.10857142928000002
0.10829493148000002
0.10792626796000002
0.10764977046
0.10746543886000001
0.10737327278
0.10718894078
0.10700460908000001
0.10682027716
0.10682027706
0.10654377946
0.10635944758
0.10599078418000002
0.10571428638000001
0.10562212038
0.10543778866
0.10525345678
0.10516129110000001
0.10506912520000002
0.10470046152
0.10423963216000003
0.10405530034000003
0.10368663686000003
0.10359447118000004
0.10359447118000004
0.10341013938000003
0.10322580758000002
0.10294930994000002
0.10285714404000004
0.10267281236000002
0.10248848052000004
0.10248848052000004
0.10230414872000003
0.10230414872000003
0.10221198292000003
0.10221198292000003
0.10193548520000002
0.10193548520000002
0.10165898762000003
0.10156682182000003
0.10129032390000002
0.10110599222000002
0.10101382630000004
0.10092166030000004
0.10073732850000004
0.10064516262000003
0.10036866506000004
0.10018433306000003
0.09972350330000003
0.09953917150000002
0.09935483950000004
0.09917050750000003
0.09907834158000003
0.09889400958000003
0.09880184368000001
0.09880184368000001
0.09870967768000001
0.09861751188000001
0.09861751188000001
0.09834101460000001
0.0981566828
0.09806451712000001
0.09806451712000001
0.09788018524000001
0.09778801932
0.09778801932
0.097419356
0.097419356
0.09714285800000001
0.09705069220000001
0.09695852628000001
0.09668202828
0.09668202828
0.09640553048000002
0.09631336448000001
0.09585253496000001
0.09557603712000001
0.09539170532
0.09502304162000001
0.09483870982
0.09483870982
0.09465437812000001
0.09447004644
0.09428571463999999
0.09410138304
0.09391705116
0.09373271927999999
0.09345622156
0.09336405586
0.09327188986
0.09317972394
0.09299539214000001
0.09281106024000002
0.09253456244000001
0.09253456244000001
0.09244239664000002
0.09225806486000002
0.09198156726000002
0.09188940126000002
0.09179723526000001
0.09161290326000002
0.09152073726000001
0.09105990778
0.09087557607999999
0.09087557607999999
0.09078341018
0.09069124417999999
0.09032258075999999
0.09023041475999999
0.09023041475999999
0.09023041475999999
0.09013824895999999
0.09004608315999998
0.08986175148000002
0.08967741988000003
0.08958525408000001
0.08958525408000001
0.08949308828000004
0.08940092248000003
0.08884792708000003
0.08875576108000002
0.08857142918000002
0.08847926318000003
0.08838709718000003
0.08838709718000003
0.08820276538000002
0.08811059948000002
0.08783410188000002
0.08755760408000002
0.08709677510000002
0.08700460930000002
0.08691244330000002
0.08682027730000001
0.0866359455
0.08645161380000004
0.08645161380000004
0.08645161380000004
0.08626728220000002
0.08617511620000001
0.08589861840000003
0.08571428680000003
0.08543778920000003
0.08525345740000004
0.08479262790000003
0.08442396410000003
0.08442396410000003
0.08414746640000002
0.08396313470000002
0.08405530070000003
0.08396313470000002
0.08387096870000002
0.08377880282000001
0.08377880282000001
0.08322580732000003
0.08313364122000003
0.08304147542000002
0.08285714382000002
0.08276497792000002
0.08267281212000002
0.08239631442000002
0.08211981692000002
0.08211981692000002
0.08211981692000002
0.08193548512000003
0.08184331922000004
0.08175115342000003
0.08184331942000003
0.08175115362000003
0.08165898762000003
0.08165898762000003
0.08156682182000004
0.08138249002000003
0.08119815822000004
0.08101382662000005
0.08101382662000005
0.08101382662000005
0.08082949492000005
0.08082949502000003
0.08073732912000003
0.08064516332000003
0.08055299732000004
0.08036866538000004
0.08018433348000004
0.08009216756000002
0.07990783576000003
0.07981566986000004
0.07981566986000004
0.07972350386000004
0.07963133796000003
0.07963133796000003
0.07944700596000004
0.07935484006000004
0.07917050814000004
0.07917050814000004
0.07917050814000004
0.07889401044000004
0.07880184444000003
0.07870967864000003
0.07852534684000004
0.07843318094000003
0.07834101504000003
0.07824884914000002
0.07824884914000002
0.07815668314000003
0.07797235154000003
0.07797235154000003
0.07788018554000002
0.07778801964000003
0.07769585374000003
0.07769585374000003
0.07760368784000003
0.07760368784000003
0.07760368784000003
0.07751152184000004
0.07732719004000004
0.07714285824000003
0.07705069224000002
0.07686636044000003
0.07668202854000003
0.07649769664000003
0.07640553064000004
0.07631336464000003
0.07631336474000004
0.07631336474000004
0.07631336474000004
0.07631336474000004
0.07612903294000004
0.07603686694000003
0.07594470094000003
0.07594470094000003
0.07585253516000003
0.07576036926000002
0.07539170576000002
0.07529953986000003
0.07529953986000003
0.07529953986000003
0.07529953986000003
0.07520737386000002
0.07520737386000002
0.07511520786000002
0.07502304196000002
0.07493087606000001
0.07493087596000002
0.07483870996000003
0.07474654416000001
0.07447004636000003
0.07437788056000003
0.07428571466000003
0.07410138286000002
0.07391705106000002
0.07382488506000001
0.07373271916000002
0.07364055326
0.07336405556
0.07336405556
0.07317972376000001
0.07290322626000001
0.07290322626000001
0.07281106046000001
0.07271889456
0.07262672866000001
0.07244239686000001
0.07235023106
0.07235023106
0.07225806526
0.07225806526
0.07216589936000001
0.07216589936000001
0.07198156766000002
0.07188940176000003
0.07170506996000003
0.07161290406000002
0.07161290406000002
0.07161290406000002
0.07133640646000003
0.07115207456000003
0.07115207456000003
0.07115207456000003
0.07115207456000003
0.07115207456000003
0.07115207456000003
0.07078341076000003
0.07069124486000003
0.07069124486000003
0.07069124486000003
0.07069124486000003
0.07041474726000004
0.07041474726000002
0.07041474726000002
0.07032258136000002
0.07004608366000004
0.06986175186000004
0.06976958606000004
0.06976958606000004
0.06986175186000004
0.06976958600000004
0.06986175190000003
0.07004608356000003
0.06995391776000004
0.06986175176000003
0.06986175176000003
0.06976958596000003
0.06967741996000003
0.06967741996000003
0.06958525406000002
0.06940092212000003
0.06949308812000003
0.06930875622000003
0.06930875622000003
0.06930875622000003
0.06921659022000003
0.06921659022000003
0.06921659022000003
0.06921659022000003
0.06912442422000002
0.06912442422000002
0.06903225832000003
0.06903225832000003
0.06894009252000004
0.06903225852000003
0.06903225852000003
0.06903225852000003
0.06894009262000003
0.06884792672000002
0.06866359492000003
0.06838709698000002
0.06838709698000002
0.06820276538000002
0.06801843354000002
0.06801843354000002
0.06801843354000002
0.06774193584000002
0.06774193584000002
0.06774193584000002
0.06755760404000002
0.06746543814000003
0.06746543814000003
0.06737327224000003
0.06737327224000003
0.06737327224000003
0.06737327224000003
0.06737327224000003
0.06709677454000001
0.06709677454000001
0.06709677464000001
0.06709677464000001
0.06700460874000001
0.06691244284000002
0.06682027694
0.06682027694
0.06682027694
0.06682027694
0.06691244284000002
0.06691244304000002
0.06663594524000002
0.06663594524000002
0.06654377944000002
0.06663594534000002
0.06663594534000002
0.06672811124000001
0.06672811114000002
0.06672811114000002
0.0666359452
0.06654377934000001
0.06645161344000002
0.06635944754000002
0.06617511570000004
0.06608294980000003
0.06608294980000003
0.06608294980000003
0.06608294980000003
0.06608294980000003
0.06580645220000003
0.06580645220000003
0.06571428634000002
0.06562212044000003
0.06543778864000004
0.06534562280000003
0.06534562270000004
0.06525345680000004
0.06516129080000004
0.06497695900000004
0.06479262730000004
0.06479262730000004
0.06479262730000004
0.06460829540000003
0.06451612950000003
0.06451612950000003
0.06442396356000003
0.06442396356000003
0.06442396356000003
0.06414746586000003
0.06414746586000003
0.06423963166000002
0.06423963166000002
0.06423963166000003
0.06423963166000003
0.06387096816000001
0.06368663640000001
0.06359447050000001
0.06350230460000002
0.06341013870000002
0.06341013870000002
0.06341013870000002
0.06341013870000002
0.06331797280000001
0.06322580700000002
0.06322580700000002
0.06331797290000002
0.06322580710000002
0.06322580710000002
0.06313364116000003
0.06304147526000002
0.06304147526000002
0.06304147526000002
0.06294930946000003
0.06285714346000003
0.06276497756000002
0.062488479820000026
0.062488479820000026
0.062396313880000026
0.062396313880000026
0.06221198204000004
0.06221198204000004
0.06202765018000003
0.06202765018000003
0.06202765018000003
0.06202765018000003
0.06202765018000003
0.06202765018000003
0.06202765018000003
0.06193548414000003
0.06193548414000003
0.06193548414000003
0.06193548414000003
0.061843318240000035
0.06193548414000003
0.06193548414000003
0.06193548414000003
0.06193548414000003
0.061843318240000035
0.06165898644000003
0.06165898644000003
0.06165898644000003
0.06165898644000003
0.06165898644000003
0.06175115234000003
0.06165898634000003
0.06165898634000003
0.06165898634000003
0.06147465450000003
0.06147465450000003
0.061198157040000034
0.06101382530000003
0.06101382530000003
0.06092165930000003
0.06092165930000003
0.060829493400000025
0.06073732750000003
0.060645161560000035
0.060645161560000035
0.060645161560000035
0.06046082986000003
0.06046082986000003
0.06046082986000003
0.06046082986000003
0.060368663860000026
0.060368663860000026
0.060368663860000026
0.06046082976000002
0.06046082976000002
0.06027649796000002
0.060092166160000016
0.06000000026000001
0.06000000026000001
0.05981566852000002
0.05981566852000002
0.05981566852000002
0.05981566852000002
0.05981566852000002
0.059631336760000014
0.059631336760000014
0.059631336760000014
0.059631336760000014
0.05953917066000002
0.059539170760000024
0.05944700486000002
0.05935483896000002
0.05944700486000001
0.05944700486000001
0.05944700486000001
0.05944700486000001
0.05935483906000001
0.05926267320000001
0.059354839100000015
0.05926267320000002
0.05944700500000002
0.05944700500000002
0.059354839100000015
0.05926267316000001
0.05917050736000001
0.05917050736000001
0.05917050736000001
0.05917050736000001
0.05926267326
0.05917050736
0.059078341560000004
0.059078341560000004
0.05889400976000001
0.058801843860000015
0.058709678000000015
0.058709678000000015
0.058709678000000015
0.05870967804000002
0.058617512140000015
0.058617512140000015
0.05852534614000002
0.05852534614000002
0.05843318024000002
0.058341014340000025
0.058341014340000025
0.05824884834000002
0.05824884834000002
0.05834101428000003
0.05834101428000003
0.05834101428000003
0.05824884828000003
0.05824884828000003
0.05824884828000003
0.05806451638000002
0.05806451638000002
0.05806451638000002
0.05806451638000002
0.057972350480000025
0.05788018454000003
0.05788018454000003
0.05788018454000003
0.05788018454000003
0.05788018454000003
0.05778801874000004
0.05778801874000004
0.05778801874000004
0.05778801874000004
0.05760368702000004
0.05751152108000004
0.05732718928000003
0.05732718928000003
0.05732718928000003
0.05732718928000003
0.05705069168000003
0.05695852578000004
0.05695852578000004
0.05695852578000004
0.05695852578000004
0.05677419394000004
0.05677419394000004
0.056866359880000036
0.056866359880000036
0.056866359880000036
0.056866359880000036
0.05668202794000003
0.05658986208000003
0.05658986208000003
0.05658986208000003
0.05649769618000003
0.05649769618000003
0.05631336438000003
0.05631336438000003
0.05631336438000003
0.05622119858000002
0.05622119858000002
0.05612903268000002
0.05612903268000002
0.05612903268000002
0.05622119862000002
0.05622119862000002
0.05622119862000002
0.05612903272000002
0.05622119858000002
0.056129032640000014
0.05603686674000001
0.05594470084000002
0.05594470084000002
0.05585253490000002
0.055944700800000025
0.055944700800000025
0.05585253490000002
0.05566820306000002
0.05566820306000002
0.05566820306000002
0.05566820306000002
0.05566820306000002
0.055576037120000026
0.055668202980000026
0.055668202980000026
0.05557603698000002
0.05557603698000002
0.05557603698000002
0.05548387108000002
0.05539170508000003
0.05539170508000003
0.05539170508000003
0.05539170508000003
0.05539170508000003
0.05539170508000003
0.055299539180000024
0.055299539180000024
0.055207373380000015
0.055207373380000015
0.055207373380000015
0.055299539320000014
0.055207373380000015
0.055207373380000015
0.05529953928000002
0.055391705180000014
0.05529953928000002
0.05529953928000002
0.055391705220000025
0.055391705220000025
0.055391705220000025
0.055391705220000025
0.05529953928000003
0.05529953928000003
0.05529953928000003
0.05529953928000003
0.05529953928000003
0.05529953928000003
0.05529953928000003
0.05529953928000003
0.05529953928000003
0.05520737338000003
0.05529953924000003
0.05529953924000003
0.05529953924000003
0.05529953924000003
0.05539170514000002
0.05520737330000003
0.055115207400000026
0.055115207400000026
0.055023041540000026
0.055023041540000026
0.055023041540000026
0.055023041540000026
0.054930875740000024
0.054930875740000024
0.054930875740000024
0.054930875740000024
0.05483870974000002
0.05474654380000001
0.05474654380000001
0.05474654380000001
0.05474654380000001
0.05474654380000001
0.05474654380000001
0.05474654380000001
0.05474654380000001
0.05474654380000001
0.05465437786000002
0.05465437786000002
0.05465437786000002
0.05465437778000002
0.05465437778000002
0.05465437778000002
0.05456221188000002
0.05456221188000002
0.05456221188000002
0.054470046080000015
0.05447004612000002
0.05456221202000002
0.05447004612000002
0.05447004612000002
0.05447004612000002
0.054562212060000025
0.054562212060000025
0.054562212060000025
0.054562212060000025
0.054562212060000025
0.054562212060000025
0.054562212060000025
0.05447004616000002
0.05447004616000002
0.05437788030000002
0.05428571444000002
0.05428571444000002
0.05419354858000002
0.05419354858000002
0.05419354858000002
0.05419354858000002
0.05419354858000002
0.054101382680000025
0.054101382680000025
0.05391705092000002
0.05391705092000002
0.05391705092000002
0.05391705092000002
0.05391705092000002
0.05382488512000002
0.05382488512000002
0.05382488512000002
0.05373271926000002
0.05373271926000002
0.053640553360000016
0.053640553360000016
0.053640553360000016
0.053640553360000016
0.053640553360000016
0.053640553360000016
0.05345622142000002
0.05345622142000002
0.05345622142000002
0.053364055620000024
0.053364055620000024
0.053364055620000024
0.05336405558000003
0.05336405558000003
0.05336405558000003
0.05336405558000003
0.05336405558000003
0.05336405558000003
0.05336405558000003
0.05336405558000003
0.05336405558000003
0.05336405558000003
0.05336405558000003
0.05336405558000003
0.05336405558000003
0.05336405558000003
0.05336405558000003
0.05336405558000003
0.05336405558000003
0.05336405558000003
0.05336405558000003
0.05336405558000003
0.05336405558000003
0.05336405558000003
0.05336405558000003
0.05336405558000003
0.05336405558000003
0.05336405558000003
0.05336405558000003
0.05336405558000003
0.05336405558000003
0.05336405558000003
0.05336405558000003
0.05317972378000002
0.05317972378000002
0.05317972378000002
0.05317972378000002
0.05317972378000002
0.05317972378000002
0.05317972378000002
0.05317972378000002
0.05317972378000002
0.053087557880000025
0.05299539198000002
0.05299539198000002
0.05290322608000002
0.05281106018000003
0.05281106018000003
0.05281106018000003
0.05281106018000003
0.05281106018000003
0.05281106018000003
0.05281106018000003
0.05281106018000003
0.052718894280000025
0.05262672838000003
0.05262672838000003
0.05262672838000003
0.05262672838000003
0.05262672838000003
0.05262672838000003
0.05262672838000003
0.05262672838000003
0.05262672838000003
0.05262672838000003
0.05262672838000003
0.05262672838000003
0.05262672838000003
0.052534562480000026
0.052534562480000026
0.052534562480000026
0.05235023068000002
0.05235023068000002
0.05235023068000002
0.05235023068000002
0.052258064740000026
0.052258064740000026
0.052258064740000026
0.052258064740000026
0.052258064740000026
0.052165898880000026
0.052165898880000026
0.052165898880000026
0.052165898880000026
0.052165898880000026
0.052165898880000026
0.052165898880000026
0.05207373298000002
0.05207373298000002
0.05198156708000002
0.051889401180000023
0.051889401180000023
0.051889401180000023
0.051889401180000023
0.051889401180000023
0.051889401180000023
0.051889401180000023
0.051889401180000023
0.051889401180000023
0.051889401180000023
0.05179723528000002
0.05179723528000002
0.05179723528000002
0.05179723528000002
0.051705069340000014
0.051612903400000014
0.051612903400000014
0.051612903400000014
0.051612903400000014
0.051612903400000014
0.051612903400000014
0.051612903400000014
0.051612903400000014
0.051612903400000014
0.051612903400000014
0.051612903400000014
0.051612903400000014
0.051520737540000014
0.051520737540000014
0.051520737540000014
0.051520737540000014
0.051520737540000014
0.051520737540000014
0.05142857160000002
0.05142857160000002
0.05142857160000002
0.05133640570000002
0.05142857160000002
0.05152073750000001
0.05152073750000001
0.05161290344000002
0.05161290344000002
0.05161290344000002
0.05161290344000002
0.05161290344000002
0.05161290344000002
0.05161290344000002
0.05170506938000002
0.05170506938000002
0.05170506938000002
0.05170506938000002
0.05170506938000002
0.05170506938000002
0.05170506938000002
0.05179723528000002
0.05170506938000002
0.05170506938000002
0.05170506938000002
0.05161290344000001
0.051705069340000014
0.051705069340000014
0.051705069340000014
0.051705069340000014
0.051705069340000014
