0.5174193609999999
0.48663595219999983
0.4349308818
0.3975115230000001
0.3902304164000002
0.38000000580000004
0.3661751194000001
0.35557604300000006
0.3463594511200001
0.33290322892000007
0.32294931248000014
0.3070967772000001
0.29760369100000006
0.2843318009200001
0.2729032304799999
0.26147465808000003
0.25115207624
0.24101382848
0.22949308932
0.22046083337999994
0.21059908054000004
0.20239631542000003
0.19465438022000003
0.18958525573999999
0.18193548706000004
0.17852534826000002
0.17364055590000008
0.17004608396
0.16626728382
0.16184332023999995
0.15870967881999998
0.15631336591999997
0.15345622409999998
0.15133640788000002
0.14903226059999997
0.14783410331999997
0.14645161492
0.14442396496
0.14322580788
0.14129032368
0.13953917149999998
0.13834101473999996
0.13751152098
0.13668202774
0.13529953969999997
0.13447004666
0.13354838786
0.13262672894000002
0.13105990852000005
0.13013824964
0.12930875632000002
0.12801843392
0.1270967748
0.12608295004
0.12543778892
0.12497695984
0.12414746648000001
0.12368663716000004
0.12304147572000003
0.12184331964000002
0.12129032416000002
0.12055299700000001
0.1200921675
0.11981566987999999
0.11953917200000001
0.11917050864000002
0.11889401086000002
0.11834101514000002
0.11815668324000002
0.11760368760000002
0.11751152200000002
0.11658986322000002
0.11612903360000003
0.11529954098000003
0.11447004808000004
0.11419355018000006
0.11354838924000005
0.11317972524000006
0.11244239786000004
0.11198156816
0.11170507048000002
0.11133640692000002
0.11078341132
0.11050691392
0.11023041632000002
0.10995391870000003
0.10976958682000003
0.10967742102000004
0.10912442590000003
0.10829493272
0.10801843534
0.10728110802
0.10654378076000003
0.10608295136000001
0.10580645354000001
0.10543778982000003
0.10506912622000003
0.10451613074000003
0.10433179874000002
0.10405530076000004
0.10377880308000004
0.10322580786000003
0.10285714418000001
0.10258064648000004
0.10193548540000004
0.10119815782000002
0.10073732852000003
0.10036866472000001
0.10027649862000003
0.09990783462000001
0.09972350292000001
0.09953917122
0.09917050772
0.09861751242000003
0.09806451732000003
0.09769585392000003
0.09705069282000003
0.09677419506000001
0.09612903376000002
0.09576037036000001
0.09539170686000001
0.09483871122
0.09465437932000001
0.09456221342000001
0.09456221342000001
0.09419354992000004
0.09428571572000005
0.09410138382000004
0.09364055432000003
0.09354838856000003
0.09336405706
0.09262672962000003
0.09244239782000002
0.09216589988000003
0.09188940218000002
0.09170507024000002
0.09105990904000003
0.09096774310000001
0.09050691370000001
0.09041474790000002
0.08995391820000004
0.08921659090000005
0.08903225920000002
0.08884792754000002
0.08847926384000003
0.08801843458
0.08783410274000003
0.08718894144000004
0.08700460970000004
0.08682027800000004
0.08682027790000003
0.08663594580000003
0.08635944800000002
0.08608295026000004
0.08571428652000003
0.08571428652000002
0.08543778892000002
0.08516129112000001
0.08488479356
0.08470046166000002
0.08460829546000002
0.08460829550000001
0.08423963196000002
0.08396313406000003
0.08387096806000002
0.08350230460000002
0.08359447054000002
0.08341013850000004
0.08331797264000004
0.08304147514000004
0.08304147510000004
0.08304147520000002
0.08294930930000004
0.08285714344000002
0.08276497744000003
0.08248847994000004
0.08239631414000004
0.08221198220000003
0.08138248920000002
0.08110599146000004
0.08027649820000005
0.08009216620000004
0.07981566876000003
0.07926267322000002
0.07889400952000003
0.07898617514000002
0.07870967784000003
0.07815668250000002
0.07751152106000003
0.07677419386000002
0.07686635980000002
0.07658986200000002
0.07622119854000002
0.07612903264000001
0.07585253504000003
0.07529953948000002
0.07493087598000002
0.07465437838000002
0.07428571478000003
0.07400921694000004
0.07354838746000004
0.07336405566000004
0.07336405566000004
0.07308755806000004
0.07281106040000003
0.07253456284000002
0.07216589894000003
0.07198156734000002
0.07198156734000002
0.07142857196000003
0.07115207414000004
0.07124423996000004
0.07133640594000004
0.07124423994000004
0.07087557630000002
0.07105990810000003
0.07105990824000004
0.07096774216000003
0.07078341032000003
0.07069124434000003
0.07059907834000002
0.07041474660000002
0.07032258070000003
0.07023041490000002
0.07004608306000003
0.06986175134000003
0.06976958544000003
0.06921658998000003
0.06903225804000003
0.06884792664000003
0.06875576074000005
0.06857142888000003
0.06829493118000003
0.06811059918000004
0.06774193604000005
0.06737327214000004
0.06718894004000003
0.06709677444000003
0.06654377904000003
0.06635944720000003
0.06525345620000003
0.06414746530000003
0.06377880178000002
0.06368663578000003
0.06350230448000004
0.06276497708000003
0.06202765012000003
0.061566820500000036
0.06147465488000004
0.06101382542000004
0.06073732762000003
0.060737327520000044
0.06009216578000004
0.05935483880000003
0.05907834134000003
0.05889400914000003
0.058433179540000026
0.057972350240000026
0.057603686880000025
0.05695852522000003
0.05677419332000003
0.05612903232000002
0.055576036780000025
0.054930875480000016
0.05391705078000002
0.053364055140000005
0.0529953917
0.0529953917
0.052258064600000015
0.05216589860000001
0.051612903240000015
0.051612903240000015
0.05124423968000001
0.051244239640000015
0.05105990778000002
0.05087557608000002
0.050783410180000016
0.050783410180000016
0.05059907830000001
0.05059907830000001
0.05059907830000001
0.05050691246000001
0.05050691246000001
0.05050691246000001
0.050506912500000015
0.05041474670000001
0.05041474670000001
0.050046083100000006
0.050046083100000006
0.050046083100000006
0.05013824900000001
0.05013824900000001
0.05013824900000001
0.05013824900000001
0.05023041486000001
0.05023041486
0.050322580760000006
0.050414746700000006
0.05041474666000001
0.05041474666000001
0.05032258072000001
0.05032258072000001
0.05041474666000001
0.050322580760000006
0.05023041486000001
0.05013824900000001
0.05013824900000001
0.05013824900000001
0.05013824900000001
0.05013824900000001
0.05023041494000001
0.05032258080000001
0.05023041490000001
0.05023041490000001
0.05023041490000001
0.05023041490000001
0.050230414940000016
0.050138249080000016
0.05023041498000001
0.05013824912000001
0.05013824912000001
0.05004608322000001
0.04995391728000001
0.04995391728000001
0.05013824908000001
0.050230415020000016
0.05004608326000001
0.05004608326000001
0.04995391740000001
0.04995391740000001
0.04995391740000001
0.049861751460000006
0.049861751460000006
0.05004608326000001
0.04986175146000002
0.04986175142000002
0.04986175142000002
0.04986175142000002
0.04967741962000001
0.04967741962000001
0.04967741962000001
0.04967741962000001
0.04967741962000001
0.04976958556000002
0.04976958556000002
0.04986175146000002
0.04986175146000002
0.04976958552000001
0.04976958552000001
0.04976958552000001
0.04986175146000002
0.04986175146000002
0.04976958556000002
0.04986175142000002
0.04995391736000001
0.04986175142000002
0.04976958552000001
0.04967741962000002
0.04967741962000002
0.04967741962000002
0.04967741962000002
0.04976958556000002
0.04976958556000002
0.04976958556000002
0.04976958560000002
0.04976958560000002
0.04986175150000002
0.049953917440000016
0.049953917440000016
0.04986175154000001
0.04986175154000001
0.04986175154000001
0.04976958568000001
0.04976958568000001
0.04976958568000001
0.04976958568000001
0.04976958568000001
0.04976958568000001
0.04976958568000001
0.04976958568000001
0.04976958568000001
0.04976958568000001
0.04967741974000002
0.04958525384000002
0.04958525384000002
0.04949308794000001
0.04949308794000001
0.04949308794000001
0.04949308794000001
0.04949308794000001
0.04940092208000001
0.04940092208000001
0.04940092208000001
0.04949308798000002
0.04958525388000002
0.04958525388000002
0.04958525388000002
0.04958525388000002
0.04958525388000002
0.04958525388000002
0.04958525388000002
0.04958525388000002
0.04967741978000002
0.04976958564000002
0.04976958564000002
0.04976958564000002
0.04976958564000002
0.04976958564000002
0.04976958564000002
0.04976958564000002
0.049953917300000025
0.049953917300000025
0.049953917300000025
0.049953917300000025
0.049953917300000025
0.04995391730000001
0.04995391730000001
0.04995391730000001
0.05004608316000001
0.05004608316000001
0.04995391730000001
0.04995391730000001
0.04986175140000002
0.04986175140000002
0.04986175140000002
0.04986175140000002
0.04986175140000002
0.04986175140000002
0.04976958546000002
0.04976958546000002
0.04976958546000002
0.04986175132000002
0.049769585380000016
0.049769585380000016
0.049769585380000016
0.049769585380000016
0.049769585380000016
0.049769585380000016
0.049677419440000016
0.049677419440000016
0.049677419440000016
0.049677419440000016
0.04976958534000002
0.04986175124000002
0.04986175124000002
0.04986175124000002
0.04976958538000002
0.04976958538000002
0.04976958538000002
0.04976958538000002
0.04976958538000002
0.04976958538000002
0.04986175132000002
0.04986175132000002
0.04986175132000002
0.04986175132000002
0.049953917220000026
0.049953917220000026
0.04986175132000002
0.04986175132000002
0.04986175132000002
0.04986175132000002
0.04986175132000002
0.04986175132000002
0.04986175132000002
0.04986175132000002
0.04986175132000002
0.04986175132000002
0.04986175132000002
0.04986175132000002
0.04986175132000002
0.04986175132000002
0.04976958546000002
0.04976958546000002
0.04976958546000002
0.04976958546000002
0.04976958546000002
0.04976958546000002
0.04976958546000002
0.04976958546000002
0.049677419520000016
0.049585253660000016
0.04949308772000002
0.04949308772000002
0.04949308772000002
0.04949308772000002
0.04949308772000002
0.04949308772000002
0.04949308772000002
0.04949308772000002
0.04949308772000002
0.04949308772000002
0.04949308772000002
0.04940092182000002
0.04940092182000002
0.04940092182000002
0.04940092182000002
0.04940092182000002
0.04940092182000002
0.04930875592000002
0.04940092186000002
0.04940092186000002
0.04949308776000001
0.04949308776000001
0.049585253660000016
0.04967741956000002
0.04967741956000002
0.049769585360000014
0.049677419420000014
0.049677419420000014
0.049677419420000014
0.049677419420000014
0.049677419420000014
0.049677419420000014
0.049677419420000014
0.049677419420000014
0.049677419420000014
0.049677419420000014
0.049769585280000014
0.049769585280000014
0.049769585280000014
0.049769585280000014
0.049769585280000014
0.049769585280000014
0.04986175118000002
0.04986175118000002
0.04986175118000002
0.04986175118000002
0.04986175118000002
0.04986175118000002
0.049769585280000014
0.049769585280000014
0.04986175118000002
0.04986175118000002
0.04986175118000002
0.04986175118000002
0.04986175118000002
0.04976958532000002
0.04976958532000002
0.04976958532000002
0.04976958532000002
0.04976958532000002
0.049861751260000024
0.04967741960000002
0.04967741960000002
0.04967741960000002
0.04976958546000002
0.04976958546000002
0.04967741956000002
0.04967741956000002
0.04967741956000002
0.04967741956000002
0.04967741956000002
0.04967741956000002
0.04967741956000002
0.04967741956000002
0.04967741956000002
0.04958525362000002
0.04958525362000002
0.04967741948000002
0.04967741948000002
0.04967741948000002
0.04967741948000002
0.04967741948000002
0.049769585380000016
0.049769585380000016
0.049769585380000016
0.049861751240000016
0.049861751240000016
0.04995391718000002
0.04995391718000002
0.04995391718000002
0.04995391718000002
0.04995391718000002
0.04995391718000002
0.04995391718000002
0.04995391718000002
0.04995391718000002
0.04995391718000002
0.04995391718000002
0.04995391718000002
0.04995391718000002
0.05004608308000002
0.05004608308000002
0.05004608308000002
0.05004608308000002
0.05004608308000002
0.05004608308000002
0.05004608308000002
0.05004608308000002
0.05004608308000002
0.05004608308000002
0.04995391718000002
0.05004608312000002
0.05023041496000001
0.05023041496000001
0.05023041496000001
0.05023041496000001
0.05023041496000001
0.05023041496000001
0.05023041496000001
0.05032258082000001
0.05032258082000001
0.05032258082000001
0.05032258082000001
0.05023041496000001
0.05023041496000001
0.05023041496000001
0.05023041496000001
0.05023041496000001
0.050322580860000014
0.050322580860000014
0.05041474668000001
0.05041474668000001
0.05050691254000001
0.05050691254000001
0.05050691254000001
0.05050691254000001
0.05050691254000001
0.05050691254000001
0.05050691254000001
0.05050691254000001
0.05050691254000001
0.05050691254000001
0.05059907848000002
0.05059907848000002
0.05069124438000002
0.05069124438000002
0.05078341024000002
0.05078341024000002
0.05078341024000002
0.05078341024000002
0.05078341024000002
0.05078341024000002
0.05078341024000002
0.05078341024000002
0.05078341024000002
0.05078341024000002
0.05078341024000002
0.05078341024000002
0.05078341024000002
0.05087557610000002
0.05087557610000002
0.05087557610000002
0.05078341020000002
0.05069124430000002
0.05069124430000002
0.05069124430000002
0.05059907844000002
0.05059907844000002
0.05059907844000002
0.05059907844000002
0.05059907844000002
0.05059907844000002
0.05059907844000002
0.05069124438000002
0.05069124438000002
0.05069124438000002
0.05069124438000002
0.05069124438000002
0.05078341032000002
0.05078341032000002
0.05087557626000001
0.05087557626000001
0.05087557626000001
0.05087557626000001
0.05087557626000001
0.05087557626000001
0.05087557626000001
0.05087557626000001
0.05087557626000001
0.05087557626000001
0.05087557626000001
0.05087557626000001
0.05087557626000001
0.050783410360000024
0.050783410360000024
0.05087557626000001
0.05087557626000001
0.05087557626000001
0.05087557626000001
0.05087557626000001
0.05096774216000002
0.05096774216000002
0.05096774216000002
0.05096774216000002
0.05096774216000002
0.05096774216000002
0.05096774216000002
0.05096774216000002
0.05096774216000002
0.051059908100000016
0.051059908100000016
0.051059908100000016
0.051059908100000016
0.051059908100000016
0.051152073960000016
0.051152073960000016
0.051152073960000016
0.051152073960000016
0.051152073960000016
0.05124423976000002
0.05124423976000002
0.05133640566000002
0.05133640566000002
0.05133640566000002
0.05133640566000002
0.05133640566000002
0.05133640566000002
0.05133640566000002
0.05133640566000002
0.05133640566000002
0.05133640566000002
0.05133640566000002
0.05133640566000002
0.05142857160000002
0.05152073746000003
0.05152073746000003
0.05152073746000003
0.05152073746000003
0.05161290336000003
0.05161290336000003
0.05161290336000003
0.05161290336000003
0.05161290336000003
0.05170506922000003
0.05170506922000003
0.05179723508000003
0.05179723508000003
0.05179723508000003
0.05179723508000003
0.05179723508000003
0.05179723508000003
0.05179723508000003
0.05179723508000003
0.05179723508000003
0.05179723508000003
0.05179723508000003
0.05179723508000003
0.051889400980000035
0.051889400980000035
0.051889400980000035
0.051889400980000035
0.051981566840000035
0.051981566840000035
0.051981566840000035
0.052073732700000035
0.052073732700000035
0.052073732700000035
0.052073732700000035
0.052073732700000035
0.052073732700000035
0.052073732700000035
0.052073732700000035
0.052165898560000035
0.052258064420000035
0.052258064420000035
0.052258064420000035
0.052258064420000035
0.052258064420000035
0.052258064420000035
0.052258064420000035
0.052258064420000035
0.052258064420000035
0.052258064420000035
0.052258064420000035
0.052258064420000035
0.05235023036000003
0.05235023036000003
0.05244239630000003
0.05244239630000003
0.05244239630000003
0.05253456216000003
0.05253456216000003
0.05253456216000003
0.05253456212000003
0.052626728020000034
0.052626728020000034
0.052626728020000034
0.052626728020000034
0.052626728020000034
0.052626728020000034
0.052626728020000034
0.052626728020000034
0.052626728020000034
0.052626728020000034
0.052626728020000034
0.05271889392000004
0.05281105982000004
0.05281105982000004
0.05290322572000004
0.05290322572000004
0.05290322572000004
0.05290322572000004
0.05290322572000004
0.05290322572000004
0.05290322572000004
0.05290322572000004
0.05290322572000004
0.05290322572000004
0.05290322572000004
0.05290322572000004
0.05290322572000004
0.052995391620000026
0.052995391620000026
0.05308755756000003
0.05308755756000003
0.05308755756000003
0.05308755756000003
0.053179723460000036
0.05327188940000004
0.05327188940000004
0.05327188940000004
0.05327188940000004
0.05327188940000004
0.05327188940000004
0.05327188940000004
0.05327188940000004
0.05327188940000004
0.05327188940000004
0.05327188940000004
0.05327188940000004
0.05327188940000004
0.05327188940000004
0.05327188940000004
0.053364055300000046
0.053364055300000046
0.053364055300000046
0.053364055300000046
0.053364055300000046
0.053364055300000046
0.053364055300000046
0.053364055300000046
0.053456221240000046
0.053456221240000046
0.053456221240000046
0.05354838714000004
0.05354838714000004
0.05354838714000004
0.05354838714000004
0.05354838714000004
0.05354838714000004
0.05354838714000004
0.05354838714000004
0.05354838714000004
0.05354838714000004
0.05354838714000004
0.05354838714000004
0.05354838714000004
0.05354838714000004
0.05354838714000004
0.05354838714000004
0.05354838714000004
0.05354838714000004
0.05354838714000004
0.05354838714000004
0.05354838714000004
0.05354838714000004
0.05354838714000004
0.05364055300000004
0.053732718900000045
0.053732718900000045
0.053824884800000035
0.053824884800000035
0.053917050660000035
0.053917050660000035
0.053917050660000035
0.053917050660000035
0.053917050660000035
0.053917050660000035
0.053917050660000035
0.05400921656000003
0.05400921656000003
0.05391705070000003
0.05391705070000003
0.05391705070000003
0.05391705070000003
0.05400921656000003
0.05400921656000003
0.05400921656000003
0.05400921656000003
0.05400921656000003
0.05400921656000003
0.05400921656000003
0.05400921656000003
0.05400921656000003
0.05400921656000003
0.05400921656000003
0.05400921656000003
0.05400921656000003
0.05400921656000003
0.05400921656000003
0.05400921656000003
0.05400921656000003
0.05400921656000003
0.05410138242000003
0.05410138242000003
0.05428571422000003
0.054377880080000024
0.054377880080000024
0.054377880080000024
0.054377880080000024
0.054377880080000024
0.054377880080000024
0.054377880080000024
0.05447004594000004
0.05447004594000004
0.05447004594000004
0.05447004594000004
0.05447004594000004
0.05447004594000004
0.05447004594000004
0.05447004594000004
0.05447004594000004
0.05447004594000004
0.05447004594000004
0.05447004594000004
0.05447004594000004
0.05447004594000004
0.05456221184000003
0.05456221184000003
0.05456221184000003
0.05456221184000003
0.05456221184000003
0.05465437764000004
0.05465437764000004
0.05465437764000004
0.05465437764000004
0.05465437764000004
0.05465437764000004
0.05465437764000004
0.05465437764000004
0.05465437764000004
0.05474654358000004
0.05474654358000004
0.05474654358000004
0.05474654358000004
0.05483870948000003
0.05483870948000003
0.05483870948000003
0.05483870948000003
0.05493087542000003
0.05493087542000003
0.05493087542000003
0.05493087542000003
0.05493087542000003
0.05493087542000003
0.05493087542000003
0.05493087542000003
0.05483870952000003
0.05493087546000003
0.05493087546000003
0.05493087546000003
0.05502304132000003
0.05502304132000003
0.05502304132000003
0.05502304132000003
0.05502304132000003
0.05502304132000003
0.05502304132000003
0.05511520712000003
0.05511520712000003
0.05511520712000003
0.05520737302000003
0.05520737302000003
0.05520737302000003
0.05520737302000003
0.05529953892000004
0.05529953892000004
0.05529953892000004
0.05529953892000004
0.05529953892000004
0.05529953892000004
0.05539170482000004
0.05539170482000004
0.05539170482000004
0.05539170482000004
0.05539170482000004
0.05539170482000004
0.05539170482000004
0.05539170482000004
0.05539170482000004
0.05539170482000004
0.05539170482000004
0.05539170482000004
0.05548387072000004
0.05548387072000004
0.05548387072000004
0.05548387072000004
0.05548387072000004
0.05548387072000004
0.05557603658000004
0.055668202520000036
0.055668202520000036
0.05576036846000004
0.05576036846000004
0.05576036846000004
0.05576036846000004
0.05576036846000004
0.05576036846000004
0.05576036846000004
