0.5356682116
0.36875576472
0.3227649805199999
0.27133640888000005
0.22248848147999997
0.18967742060000006
0.16617511612000002
0.15142857223999998
0.1366820292
0.12792626808000002
0.12230414769999999
0.11843318057999999
0.11576036943999998
0.11317972417999998
0.1107834109
0.10764977045999996
0.1062672821
0.10387096798
0.10147465488000003
0.09917050770000005
0.09723502386000005
0.09520737316000004
0.09382488468000004
0.09244239656000003
0.09087557628000002
0.08820276576000002
0.08608295024000004
0.08479262710000002
0.08405529982000001
0.08230414804000004
0.08147465516000003
0.08036866440000004
0.07926267330000006
0.07806451650000004
0.07705069150000003
0.07585253470000004
0.07483871010000004
0.07419354900000003
0.07317972450000004
0.07262672886000004
0.07170506996000003
0.07087557642000003
0.06949308802000002
0.06857142892000002
0.06774193602000003
0.06672811082000005
0.06617511512000003
0.06525345608000002
0.06488479274000002
0.06405529966000002
0.06359447040000002
0.06294930906000001
0.06276497712000002
0.062211981680000014
0.06175115218000002
0.06156682024000002
0.060829493480000024
0.06009216622000002
0.05935483902000003
0.059078341520000015
0.058433180200000025
0.05815668240000004
0.057972350600000035
0.057972350600000035
0.05760368700000003
0.05732718930000002
0.05714285742000001
0.057235023320000016
0.05705069142000001
0.05668202790000001
0.05640553010000002
0.056221198360000016
0.05576036890000001
0.05557603728000002
0.055483871380000015
0.05557603724000002
0.05502304202000001
0.05502304202000001
0.055023041980000006
0.054470046460000004
0.05447004642
0.054193548720000005
0.054101382860000005
0.05373271920000001
0.05373271920000001
0.05373271924
0.05382488514
0.053640553300000005
0.053732719160000005
0.05354838740000001
0.05336405554000002
0.05317972378000002
0.053087557840000014
0.052903226000000005
0.052903226000000005
0.052534562500000014
0.05253456254000002
0.05253456254000002
0.052442396560000014
0.05225806480000002
0.05207373296000002
0.05188940112000002
0.05188940108000002
0.05188940108000002
0.051981566980000025
0.051981567060000025
0.05188940116000002
0.051981567060000025
0.051981567060000025
0.051981567060000025
0.05179723530000002
0.05142857162000001
0.05142857162000001
0.05124423996000001
0.051152074020000014
0.05105990812000002
0.05105990812000002
0.05105990812000002
0.05105990812000002
0.050875576280000015
0.050875576280000015
0.05096774218000001
0.05087557628000001
0.05105990812000001
0.051152074020000014
0.05096774218000001
0.05096774214000001
0.05096774214000001
0.05096774214000001
0.05096774214000001
0.05096774214000001
0.05087557628000001
0.05087557628000001
0.05087557628000001
0.05087557628000001
0.05078341042000001
0.05069124456000001
0.05078341042000001
0.05069124456000001
0.05087557628000001
0.05078341034000001
0.05078341034000001
0.05078341034000001
0.05078341034000001
0.05078341034000001
0.05078341034000001
0.05078341034000001
0.05078341034000001
0.05096774218000002
0.05096774218000002
0.05096774218000002
0.05105990804000002
0.05115207398000002
0.051059908080000015
0.051059908080000015
0.050967742140000015
0.050967742140000015
0.050967742140000015
0.051059908000000015
0.051059908000000015
0.051152073860000015
0.051244239800000015
0.05133640570000002
0.05133640570000002
0.05133640570000002
0.05115207382000001
0.05124423968000001
0.051428571520000015
0.05152073746000002
0.05161290336000001
0.05170506930000002
0.05170506930000002
0.05179723516000002
0.05188940110000002
0.05188940110000002
0.05188940110000002
0.05198156700000002
0.05198156700000002
0.05188940114000002
0.05207373290000002
0.05198156696000002
0.05198156696000002
0.05188940102000002
0.05198156692000002
0.05188940102000002
0.05188940102000002
0.05188940102000002
0.05188940102000002
0.05198156692000002
0.05207373278000002
0.05225806462000003
0.05225806462000003
0.05244239646000002
0.052534562360000016
0.05262672826000002
0.05262672826000002
0.05262672826000002
0.05271889412000002
0.05271889412000002
0.05271889412000002
0.05290322596000003
0.05290322596000002
0.05308755776000003
0.05308755776000003
0.05308755776000003
0.052995391860000025
0.052995391860000025
0.052995391860000025
0.053087557760000015
0.053087557760000015
0.053179723620000015
0.05336405542000002
0.05336405542000002
0.05336405542000002
0.05336405542000002
0.05336405542000002
0.05336405542000002
0.053456221320000025
0.053456221320000025
0.053548387180000025
0.053640553040000025
0.053732718980000024
0.053732718980000024
0.053732718980000024
0.053732718980000024
0.053732718980000024
0.05373271890000002
0.05373271890000002
0.05373271890000002
0.05391705056000002
0.05391705056000002
0.05391705056000002
0.05391705056000002
0.054101382440000026
0.054101382440000026
0.05428571424000002
0.05428571424000002
0.05428571424000002
0.05428571424000002
0.05447004604000002
0.05447004604000002
0.05456221194000002
0.05456221194000002
0.05465437788000002
0.05465437788000002
0.05465437788000002
0.054746543740000014
0.054746543740000014
0.05493087558000002
0.05502304148000002
0.055207373240000024
0.05529953914000003
0.055391705080000034
0.05557603678000003
0.05557603678000003
0.05566820272000003
0.05566820272000003
0.05566820272000003
0.05566820272000003
0.05566820272000003
0.05566820272000003
0.05576036862000003
0.055852534560000035
0.055852534560000035
0.055852534560000035
0.05576036866000003
0.05576036866000003
0.05576036866000003
0.05576036866000003
0.05576036866000003
0.05576036866000003
0.05576036866000003
0.05585253460000004
0.05594470054000004
0.05594470054000004
0.056036866440000034
0.05612903234000004
0.05622119824000003
0.05622119824000003
0.056313364040000036
0.056313364040000036
0.056313364040000036
0.056405530040000026
0.056405530040000026
0.05649769598000003
0.05640553018000004
0.05640553018000004
0.05649769612000004
0.05649769612000004
0.05658986192000003
0.056774193800000025
0.05686635960000003
0.05695852550000003
0.05695852550000003
0.05695852550000003
0.05714285730000003
0.05714285730000003
0.05723502306000003
0.05723502306000003
0.057327189000000035
0.057327189000000035
0.057327189000000035
0.057327189000000035
0.05723502310000003
0.05732718890000003
0.05732718890000003
0.05732718890000003
0.05732718890000003
0.05732718890000003
0.05732718890000003
0.05741935480000003
0.05751152060000003
0.05751152060000003
0.05751152060000003
0.057603686500000036
0.057788018300000035
0.057788018300000035
0.057788018300000035
0.057788018300000035
0.05788018420000004
0.05778801826000003
0.05778801826000003
0.05778801826000003
0.05778801826000003
0.05778801826000003
0.05778801826000003
0.05778801826000003
0.05778801826000003
0.057880184160000035
0.057880184160000035
0.057880184160000035
0.057880184160000035
0.057880184160000035
0.057880184160000035
0.057880184160000035
0.058064515860000034
0.05824884770000003
0.05815668170000004
0.05815668170000004
0.05824884756000004
0.05824884756000004
0.05824884756000004
0.05824884756000004
0.058433179460000026
0.058433179460000026
0.058433179460000026
0.058433179460000026
0.058433179460000026
0.058433179460000026
0.058433179460000026
0.058433179460000026
0.058433179460000026
0.05852534540000003
0.058617511300000036
0.058986174800000034
0.05907834070000004
0.05917050660000003
0.05917050660000003
0.05917050660000003
0.05917050660000003
0.05917050660000003
0.05917050660000003
0.05917050660000003
0.05917050660000003
0.05917050660000003
0.05917050660000003
0.05917050660000003
0.05917050660000003
0.05917050660000003
0.05917050660000003
0.059354838300000025
0.059354838300000025
0.059354838300000025
0.059354838300000025
0.05944700410000003
0.05944700410000003
0.05944700410000003
0.05944700410000003
0.05944700410000003
0.05944700410000003
0.05944700410000003
0.05953917000000003
0.059631335900000026
0.059631335900000026
0.059631335900000026
0.059631335900000026
0.059815667740000036
0.059815667740000036
0.059815667740000036
0.059815667740000036
0.05990783364000003
0.05990783364000003
0.05990783364000003
0.05990783364000003
0.05990783364000003
0.05990783364000003
0.05990783364000003
0.05990783364000003
0.05990783364000003
0.05990783364000003
0.05990783364000003
0.05990783364000003
0.05990783364000003
0.05999999954000002
0.05999999954000002
0.060092165440000025
0.06018433134000002
0.06018433134000002
0.06018433134000002
0.060276497240000025
0.060276497240000025
0.060276497240000025
0.060276497240000025
0.060276497240000025
0.060276497240000025
0.060276497240000025
0.060276497240000025
0.060276497240000025
0.060276497240000025
0.060276497240000025
0.060276497240000025
0.060276497240000025
0.06036866304000003
0.06036866304000003
0.06036866304000003
0.06036866304000003
0.06046082884000003
0.06046082884000003
0.06046082884000003
0.06046082884000003
0.06046082884000003
0.06055299474000003
0.06055299474000003
0.06055299474000003
0.06055299474000003
0.06055299474000003
0.06064516068000003
0.060737326580000035
0.060737326580000035
0.060737326580000035
0.060737326580000035
0.060737326580000035
0.060737326580000035
0.060737326580000035
0.060829492520000035
0.060829492520000035
0.060829492520000035
0.060829492520000035
0.06092165842000004
0.06092165842000004
0.06092165842000004
0.06092165842000004
0.06101382436000003
0.06101382436000003
0.06101382436000003
0.06110599026000003
0.06119815606000003
0.06129032196000003
0.06129032196000003
0.06129032196000003
0.06129032196000003
0.061382487860000036
0.061382487860000036
0.061474653800000036
0.061474653800000036
0.061474653800000036
0.061474653800000036
0.061474653800000036
0.061474653800000036
0.061474653800000036
0.06175115140000004
0.06184331730000004
0.06184331730000004
0.061843317400000035
0.061843317400000035
0.061843317400000035
0.061843317400000035
0.061843317400000035
0.061843317400000035
0.061843317400000035
0.061843317400000035
0.061843317400000035
0.06193548330000003
0.06193548330000003
0.06193548330000003
0.06193548330000003
0.06193548330000003
0.06193548330000003
0.06193548330000003
0.06193548330000003
0.06193548330000003
0.06202764910000003
0.06202764910000003
0.06202764910000003
0.06211981500000004
0.06211981500000004
0.062211980940000036
0.062211980940000036
0.06211981494000003
0.06221198088000003
0.06221198088000003
0.06230414678000003
0.06230414678000003
0.06230414678000003
0.06230414678000003
0.06230414678000003
0.06230414678000003
0.06239631268000002
0.06239631268000002
0.062488478480000026
0.062488478480000026
0.062488478480000026
0.062488478480000026
0.062488478480000026
0.06276497628000001
0.06276497628000001
0.06276497628000001
0.06276497628000001
0.06276497628000001
0.06276497628000001
0.06276497628000001
0.06276497628000001
0.06276497628000001
0.06285714208000001
0.06285714208000001
0.06285714208000001
0.06294930798000001
0.06294930798000001
0.06294930798000001
0.06294930798000001
0.06294930798000001
0.06294930798000001
0.06294930798000001
0.06294930798000001
0.06294930798000001
0.06294930798000001
0.06294930798000001
0.06304147378000001
0.06304147378000001
0.06304147378000001
0.06304147378000001
0.06304147378000001
0.06304147378000001
0.06304147378000001
0.06304147378000001
0.06313363958000001
0.06313363958000001
0.06322580552000001
0.06341013732000002
0.06350230322000001
0.06350230322000001
0.06350230322000001
0.06350230322000001
0.06350230322000001
0.06350230322000001
0.06350230322000001
0.06350230322000001
0.06350230322000001
0.06350230322000001
0.06350230322000001
0.06350230322000001
0.06350230322000001
0.06350230322000001
0.06350230322000001
0.06350230322000001
0.06350230322000001
0.06350230322000001
0.06350230322000001
0.06350230322000001
0.06350230322000001
0.06350230322000001
0.06350230322000001
0.06350230322000001
0.06350230322000001
0.06350230322000001
0.06350230322000001
0.06350230322000001
0.06350230322000001
0.06350230322000001
0.06350230322000001
0.06350230322000001
0.06350230322000001
0.06350230322000001
0.06350230322000001
0.06359446912000002
0.06359446912000002
0.06359446912000002
0.06359446912000002
0.06359446912000002
0.06359446912000002
0.06359446912000002
0.06359446912000002
0.06359446912000002
0.06359446912000002
0.06368663492000003
0.06368663492000003
0.06368663492000003
0.06368663492000003
0.06368663492000003
0.06368663492000003
0.06368663492000003
0.06368663492000003
0.06368663492000003
0.06368663492000003
0.06368663492000003
0.06368663492000003
0.06368663492000003
0.06368663492000003
0.06368663492000003
0.06368663492000003
0.06359446902000003
0.06359446902000003
0.06359446902000003
0.06359446882000004
0.06359446882000004
0.06359446882000004
0.06359446882000004
0.06359446882000004
0.06359446882000004
0.06359446882000004
0.06359446882000004
0.06359446882000004
0.06359446882000004
0.06359446882000004
0.06359446882000004
0.06359446882000004
0.06368663472000004
0.06368663472000004
0.06368663462000004
0.06368663462000004
0.06377880052000004
0.06377880052000004
0.06377880052000004
0.06377880052000004
0.06377880052000004
0.06377880052000004
0.06377880052000004
0.06377880052000004
0.06377880052000004
0.06377880052000004
0.06377880052000004
0.06377880052000004
0.06377880052000004
0.06377880052000004
0.06377880052000004
0.06377880052000004
0.06377880052000004
0.06377880052000004
0.06387096642000004
0.06396313232000005
0.06396313232000005
0.06405529812000003
0.06405529812000003
0.06405529812000003
0.06405529812000003
0.06405529812000003
0.06405529812000003
0.06405529812000003
0.06405529812000003
0.06414746402000004
0.06414746402000004
0.06414746402000004
0.06414746402000004
0.06414746402000004
0.06414746402000004
0.06414746402000004
0.06414746402000004
0.06423962992000004
0.06423962992000004
0.06414746412000004
0.06414746412000004
0.06414746412000004
0.06423963002000005
0.06423963002000005
0.06423963002000005
0.06433179592000003
0.06433179592000003
0.06433179592000003
0.06433179592000003
0.06433179592000003
0.06433179592000003
0.06433179592000003
0.06433179592000003
0.06433179592000003
0.06433179592000003
0.06433179592000003
0.06442396172000003
0.06442396172000003
0.06442396172000003
0.06442396172000003
0.06442396172000003
0.06442396172000003
0.06451612762000003
0.06460829362000003
0.06460829362000003
0.06470045956000003
0.06470045956000003
0.06470045956000003
0.06479262546000003
0.06488479146000004
0.06488479146000004
0.06488479146000004
0.06479262552000004
0.06479262552000004
0.06479262552000004
0.06479262552000004
0.06479262552000004
0.06479262552000004
0.06479262552000004
0.06479262552000004
0.06479262552000004
0.06479262552000004
0.06479262552000004
0.06479262552000004
0.06488479132000004
0.06479262542000004
0.06479262542000004
0.06479262542000004
0.06488479132000005
0.06488479132000005
0.06488479132000005
0.06488479132000005
0.06488479132000005
0.06488479132000005
0.06488479132000005
0.06488479132000005
0.06488479132000005
0.06488479132000005
0.06488479132000005
0.06488479132000005
0.06488479132000005
0.06488479132000005
0.06488479132000005
0.06497695726000004
0.06497695726000004
0.06506912316000005
0.06506912316000005
0.06506912316000005
0.06506912316000005
0.06506912316000005
0.06516128906000004
0.06516128906000004
0.06516128906000004
0.06516128906000004
0.06506912316000005
0.06506912316000005
0.06506912316000005
0.06506912316000005
0.06506912316000005
0.06506912316000005
0.06506912316000005
0.06497695736000005
0.06497695736000005
0.06497695736000005
0.06516128916000004
0.06516128916000004
0.06516128916000004
0.06516128916000004
0.06516128916000004
0.06516128916000004
0.06516128916000004
0.06516128916000004
0.06516128916000004
0.06516128916000004
0.06516128916000004
0.06516128916000004
0.06516128916000004
0.06516128916000004
0.06516128916000004
0.06516128916000004
0.06516128916000004
0.06516128916000004
0.06516128916000004
0.06525345506000003
0.06525345506000003
0.06525345506000003
0.06525345506000003
0.06534562106000004
0.06534562106000004
0.06534562106000004
0.06534562106000004
0.06534562106000004
0.06534562106000004
0.06525345516000004
0.06525345516000004
0.06525345516000004
0.06525345516000004
0.06525345516000004
0.06525345516000004
0.06525345516000004
0.06525345516000004
0.06525345516000004
0.06525345516000004
0.06525345516000004
0.06543778686000006
0.06543778686000006
0.06552995276000004
0.06552995276000004
0.06552995276000004
0.06552995276000004
0.06552995276000004
0.06552995276000004
0.06552995276000004
0.06552995276000004
0.06552995276000004
0.06552995276000004
0.06552995276000004
0.06552995276000004
0.06552995276000004
0.06562211876000004
0.06562211876000004
0.06562211876000004
0.06571428466000005
0.06571428466000005
0.06571428466000005
0.06571428466000005
0.06571428466000005
0.06571428466000005
0.06571428466000005
0.06571428466000005
0.06562211886000005
0.06562211886000005
0.06552995296000005
0.06552995296000005
0.06552995296000005
0.06543778706000004
0.06543778706000004
0.06543778706000004
0.06543778706000004
0.06543778706000004
0.06543778706000004
0.06543778706000004
0.06543778706000004
0.06543778706000004
0.06543778706000004
0.06543778706000004
0.06543778706000004
0.06552995296000005
0.06552995296000005
0.06552995296000005
0.06552995296000005
0.06552995296000005
0.06552995296000005
0.06552995296000005
0.06552995296000005
0.06552995296000005
0.06552995296000005
0.06552995296000005
0.06552995296000005
0.06552995296000005
0.06552995296000005
0.06552995296000005
0.06552995296000005
0.06552995296000005
0.06552995296000005
0.06543778706000004
0.06543778706000004
0.06543778706000004
0.06543778706000004
0.06543778706000004
0.06543778706000004
0.06543778706000004
0.06543778706000004
0.06543778706000004
0.06543778706000004
0.06543778706000004
0.06543778706000004
0.06543778706000004
0.06543778706000004
0.06534562116000005
0.06534562116000005
0.06543778706000004
0.06543778706000004
0.06543778706000004
0.06543778706000004
0.06543778706000004
0.06543778706000004
0.06543778706000004
0.06543778706000004
0.06543778706000004
0.06543778706000004
0.06543778706000004
0.06543778706000004
0.06543778706000004
0.06543778706000004
0.06543778706000004
0.06543778706000004
0.06543778706000004
0.06543778706000004
0.06543778706000004
0.06543778706000004
0.06543778706000004
0.06543778706000004
0.06543778706000004
0.06543778706000004
0.06543778706000004
0.06543778706000004
0.06543778706000004
0.06543778706000004
0.06543778706000004
0.06534562116000005
0.06534562116000005
0.06534562116000005
0.06534562116000005
0.06534562116000005
0.06534562116000005
0.06534562116000005
0.06534562116000005
0.06534562116000005
0.06534562116000005
0.06534562116000005
0.06534562116000005
0.06534562116000005
0.06525345536000005
0.06525345536000005
0.06525345536000005
0.06525345536000005
0.06525345536000005
0.06525345536000005
0.06525345536000005
0.06525345536000005
0.06525345536000005
0.06525345536000005
0.06525345536000005
0.06525345536000005
0.06525345536000005
0.06525345536000005
0.06525345536000005
0.06525345536000005
0.06525345536000005
0.06534562136000005
0.06534562136000005
0.06534562136000005
0.06534562136000005
0.06534562136000005
0.06534562136000005
0.06534562136000005
0.06534562136000005
0.06525345546000005
0.06534562136000005
0.06534562136000005
0.06534562136000005
0.06534562136000005
0.06534562136000005
0.06534562136000005
0.06534562136000005
0.06534562136000005
0.06534562136000005
0.06534562136000005
0.06525345556000003
0.06525345556000003
0.06525345556000003
0.06525345556000003
0.06525345556000003
0.06525345556000003
0.06525345556000003
0.06534562146000004
0.06534562146000004
0.06534562146000004
0.06534562146000004
0.06534562146000004
0.06534562146000004
0.06534562146000004
0.06534562146000004
0.06534562146000004
0.06534562146000004
0.06534562146000004
0.06534562146000004
0.06534562146000004
0.06534562146000004
0.06534562146000004
0.06534562146000004
0.06534562146000004
0.06534562146000004
0.06534562146000004
0.06534562146000004
0.06534562146000004
0.06534562146000004
0.06534562146000004
0.06534562146000004
0.06534562146000004
0.06534562146000004
0.06534562146000004
0.06534562146000004
0.06534562146000004
0.06534562146000004
0.06534562146000004
0.06534562146000004
0.06534562146000004
0.06534562146000004
0.06534562146000004
0.06534562146000004
0.06525345566000004
0.06525345566000004
0.06525345566000004
0.06525345566000004
0.06525345566000004
0.06525345566000004
0.06525345566000004
0.06525345566000004
0.06516128966000004
