0.5214746616
0.20737327408000003
0.12626728160000003
0.11041474713999999
0.10239631394
0.09649769746000002
0.0917050704
0.08635944808000003
0.08258064586000004
0.07889400972000003
0.07603686738000005
0.07271889446000002
0.07096774262000002
0.06921659092000003
0.06811059994000002
0.06571428618
0.06488479295999999
0.06341013858000003
0.06258064508000002
0.06147465488000001
0.05917050730000001
0.05852534594000001
0.05824884790000001
0.05741935512000002
0.05668202776000003
0.05603686638000002
0.05529953908000002
0.05511520762000002
0.054930875740000024
0.05419354862000003
0.05391705094000003
0.05299539172000003
0.052442396360000025
0.05225806474000001
0.05216589884000001
0.051705069260000014
0.051612903360000004
0.05105990796000001
0.05096774206000001
0.05059907846000002
0.050322580720000024
0.05023041478000002
0.05004608314000001
0.050046083100000006
0.05032258084000001
0.05050691264000001
0.05004608314
0.05013824900000001
0.05013824900000001
0.05013824900000001
0.04986175126000001
0.04995391712000001
0.04995391712000001
0.050230414820000006
0.050506912480000006
0.050599078460000016
0.05050691256000001
0.050599078460000016
0.05059907842000001
0.05078341010000001
0.050875576040000016
0.050691244200000006
0.05069124428000001
0.05069124428000001
0.05087557608000001
0.05078341022000001
0.050875576120000016
0.05096774206000001
0.051152073860000015
0.051152073860000015
0.05124423976000001
0.051336405660000015
0.05133640554000001
0.05170506922000001
0.05142857144000001
0.05142857144000001
0.051705069120000016
0.051705069120000016
0.05179723516000001
0.05188940096000001
0.05179723502000002
0.05170506912000002
0.051981566860000016
0.051981566860000016
0.051981566860000016
0.052073732720000016
0.052073732720000016
0.05235023042000002
0.05290322590000002
0.053179723600000006
0.053179723600000006
0.053179723600000006
0.05327188940000001
0.05336405540000002
0.053456221300000016
0.05354838720000001
0.053640553140000005
0.053917050840000015
0.054101382640000015
0.054193548540000004
0.054285714400000004
0.054285714400000004
0.054285714400000004
0.05447004628000001
0.05465437808000001
0.054746543840000016
0.055115207400000005
0.05520737330000001
0.05520737330000001
0.05520737330000001
0.05520737330000001
0.05520737330000001
0.05529953916000001
0.055391705160000006
0.0554838711
0.055852534780000004
0.05594470068000001
0.05594470068000001
0.05603686658000001
0.056129032520000004
0.05612903252000002
0.05622119842000001
0.05640553026000001
0.05658986186000001
0.05658986186000001
0.05668202776000001
0.056958525500000017
0.05705069144000002
0.05705069144000002
0.05714285734000001
0.05714285734000001
0.05705069144000001
0.05705069144000001
0.05705069148000001
0.05705069148000001
0.05705069148000001
0.057142857380000016
0.05732718912000002
0.05741935502000002
0.057511520920000024
0.05778801862000003
0.057880184520000016
0.05806451636000001
0.058156682260000016
0.058156682260000016
0.058248848120000016
0.058248848120000016
0.058248848120000016
0.058341014020000026
0.058248848120000016
0.058341014020000005
0.058341014020000005
0.05843317982000002
0.058525345720000024
0.058525345720000024
0.05861751162000002
0.05861751162000002
0.058525345680000014
0.058525345680000014
0.058617511540000014
0.058617511540000014
0.058617511540000014
0.058617511540000014
0.05880184342000001
0.058986175260000016
0.058986175260000016
0.058986175260000016
0.05907834116000001
0.05907834116000001
0.05907834116000001
0.059262673
0.059262673
0.05935483894000001
0.05935483894000001
0.05944700484000001
0.05944700484000001
0.05944700484000001
0.05944700484000001
0.05944700484000001
0.059447004800000015
0.059447004800000015
0.059539170740000015
0.059539170740000015
0.059539170740000015
0.05963133664000002
0.05963133664000002
0.059815668440000025
0.059815668440000025
0.059815668440000025
0.05990783434000003
0.06009216604000003
0.06009216604000003
0.06009216604000003
0.060184331940000016
0.060184331940000016
0.06027649784000002
0.06027649784000002
0.06027649784000002
0.060368663740000016
0.060368663740000016
0.06046082964000001
0.060552995440000014
0.06064516134000002
0.06064516134000002
0.06073732724000001
0.06073732724000001
0.06082949314000001
0.06092165904000001
0.06092165904000001
0.06092165904000001
0.06101382498000001
0.061105990780000015
0.061105990780000015
0.06119815668000001
0.061290322580000015
0.061382488380000017
0.06165898598000001
0.061843317780000004
0.061843317780000004
0.061843317780000004
0.061843317780000004
0.061843317780000004
0.061843317780000004
0.061843317780000004
0.061843317780000004
0.06184331782000001
0.06193548376000001
0.06202764966000001
0.06202764966000001
0.06202764966000001
0.06202764966000001
0.06202764966000001
0.06202764966000001
0.06211981556000001
0.06211981556000001
0.06211981556000001
0.06211981556000001
0.06221198146000001
0.06221198146000001
0.06211981556000001
0.06211981556000001
0.06202764976
0.06193548386
0.06193548386
0.06193548386
0.06193548386
0.06211981566
0.06211981566
0.06211981566
0.06211981566
0.062119815659999994
0.062119815659999994
0.062304147319999996
0.062304147319999996
0.062304147319999996
0.062304147319999996
0.062304147319999996
0.06248847902000001
0.06248847902000001
0.06258064496
0.06258064496
0.06276497685999999
0.06285714276
0.06294930856
0.06304147446
0.06304147466
0.06304147466
0.06304147466
0.06304147466
0.06313364056
0.06313364056
0.06313364056
0.06313364056
0.06313364056
0.06304147466000001
0.06313364056
0.06313364056
0.06313364056
0.06304147476
0.06313364066
0.06322580656
0.06322580656
0.06331797246000001
0.06341013836
0.06331797246
0.06331797246
0.06331797246
0.06331797246
0.06331797246
0.06341013846
0.06350230436
0.06350230436
0.06350230436
0.06359447026
0.06359447026
0.06350230445999999
0.06350230445999999
0.06350230445999999
0.06350230445999999
0.06341013856
0.06350230445999999
0.06331797276000001
0.06331797276000001
0.06331797276000001
0.06331797276000001
0.06331797276000001
0.06341013856
0.06350230445999999
0.06359447046
0.06359447046
0.06350230456
0.06350230456
0.06350230456
0.06359447046
0.06359447046
0.06350230445999999
0.06359447036
0.06359447036
0.06359447036
0.06359447036
0.06359447036
0.06368663626
0.06368663626
0.06377880226
0.06377880226
0.06377880226
0.06377880226
0.06387096806
0.06387096806
0.06377880226
0.06368663636
0.06368663636
0.06368663636
0.06368663636
0.06368663636
0.06377880226
0.06377880226
0.06377880226
0.06377880226
0.06377880226
0.06377880226
0.06377880226
0.0638709682
0.0638709682
0.0638709682
0.06396313400000002
0.0640552998
0.0640552998
0.0640552998
0.06396313390000001
0.0640552998
0.06387096800000001
0.06387096800000001
0.06377880220000001
0.0636866364
0.0636866364
0.0636866364
0.0636866364
0.0636866364
0.0636866364
0.0636866364
0.06377880220000001
0.06377880220000001
0.06377880220000001
0.06377880220000001
0.0636866363
0.0636866363
0.0636866363
0.0637788023
0.0637788023
0.0638709682
0.0638709682
0.0638709682
0.0638709682
0.0638709682
0.06396313410000001
0.06387096820000002
0.06387096820000002
0.0640552999
0.0640552999
0.0640552999
0.0640552999
0.0641474658
0.0641474658
0.0641474658
0.0641474658
0.06423963170000001
0.06423963170000001
0.06423963170000001
0.06423963170000001
0.06423963170000001
0.06433179750000001
0.06433179750000001
0.06423963160000001
0.06423963160000001
0.06423963160000001
0.06414746570000002
0.06414746570000002
0.06405529980000002
0.06405529980000002
0.06414746560000002
0.06414746560000002
0.06414746560000002
0.06414746550000003
0.06414746550000003
0.06423963140000002
0.06414746550000001
0.06414746550000001
0.06414746550000001
0.06414746550000001
0.06414746550000001
0.06423963140000002
0.06423963140000002
0.06423963140000002
0.06433179720000001
0.06423963130000002
0.06423963130000002
0.06423963130000002
0.06423963130000002
0.06423963130000002
0.06423963130000002
0.06423963130000002
0.06423963130000002
0.06423963130000002
0.06414746540000002
0.06414746540000002
0.06414746540000002
0.06414746540000002
0.06414746540000002
0.06414746540000002
0.06414746540000002
0.06405529950000002
0.06396313370000002
0.06396313370000002
0.06396313370000002
0.06396313370000002
0.06396313370000002
0.06387096776000002
0.06387096776000002
0.06387096776000002
0.06377880186000003
0.06377880186000003
0.06377880186000003
0.06377880176000003
0.06368663586000003
0.06368663586000003
0.06368663586000003
0.06368663586000003
0.06368663586000003
0.06368663586000003
0.06368663586000003
0.06368663586000003
0.06359446992000004
0.06359446992000004
0.06350230402000004
0.06359446992000004
0.06359446992000004
0.06350230402000005
0.06350230402000005
0.06350230402000005
0.06350230402000005
0.06350230402000005
0.06341013812000004
0.06341013812000004
0.06350230412000005
0.06350230412000005
0.06359447012000005
0.06359447012000005
0.06359447012000005
0.06359447012000005
0.06359447012000005
0.06368663606000005
0.06368663606000005
0.06368663606000005
0.06368663606000005
0.06368663606000005
0.06368663606000005
0.06368663606000005
0.06368663606000005
0.06368663606000005
0.06377880196000003
0.06377880196000003
0.06377880196000003
0.06368663606000004
0.06368663606000004
0.06368663606000004
0.06359447016000003
0.06359447016000003
0.06359447016000003
0.06359447016000003
0.06359447016000003
0.06359447016000003
0.06359447016000003
0.06359447016000003
0.06350230426000003
0.06350230426000003
0.06350230426000003
0.06341013826000003
0.06341013826000003
0.06350230416000004
0.06331797236000003
0.06331797236000003
0.06331797236000003
0.06331797236000003
0.06331797236000003
0.06331797236000003
0.06341013816000002
0.06341013816000002
0.06341013816000002
0.06341013816000002
0.06331797226000002
0.06331797226000002
0.06322580646000002
0.06322580646000002
0.06322580646000002
0.06322580646000002
0.06322580646000002
0.06304147456000003
0.06304147456000003
0.06304147456000003
0.06304147456000003
0.06304147456000003
0.06313364056000002
0.06313364056000002
0.06313364056000002
0.06304147456000003
0.06285714276000003
0.06285714276000003
0.06285714276000003
0.06285714276000003
0.06276497686000003
0.06276497686000003
0.06276497686000003
0.06267281096000003
0.06276497696000004
0.06276497696000004
0.06276497696000004
0.06276497696000004
0.06276497696000004
0.06267281106000003
0.06267281106000003
0.06267281106000003
0.06267281106000003
0.06267281106000003
0.06267281106000003
0.06267281106000003
0.06267281106000003
0.06276497696000004
0.06276497696000004
0.06276497696000004
0.06276497696000004
0.06285714286000003
0.06285714286000003
0.06285714286000003
0.06285714286000003
0.06285714286000003
0.06294930886000003
0.06294930886000003
0.06294930886000003
0.06294930886000003
0.06294930886000003
0.06294930886000003
0.06294930886000003
0.06294930886000003
0.06294930886000003
0.06294930886000003
0.06294930886000003
0.06304147476000004
0.06304147476000004
0.06304147476000004
0.06304147476000004
0.06313364066000003
0.06322580646000003
0.06322580646000003
0.06322580646000003
0.06322580646000003
0.06322580646000003
0.06322580646000003
0.06331797236000003
0.06331797236000003
0.06331797236000003
0.06331797236000003
0.06331797236000003
0.06331797236000003
0.06331797236000003
0.06322580646000003
0.06331797236000003
0.06331797236000003
0.06331797236000003
0.06331797236000003
0.06331797236000003
0.06322580646000003
0.06322580646000003
0.06322580646000003
0.06313364056000004
0.06313364056000004
0.06304147466000004
0.06304147466000004
0.06304147466000004
0.06304147466000004
0.06304147466000004
0.06313364046000004
0.06322580636000004
0.06350230416000004
0.06331797256000005
0.06341013856000005
0.06331797276000004
0.06322580686000005
0.06322580686000005
0.06313364096000004
0.06313364096000004
0.06313364096000004
0.06313364096000004
0.06313364096000004
0.06313364096000004
0.06313364096000004
0.06304147506000005
0.06304147506000005
0.06294930916000004
0.06294930916000004
0.06294930916000004
0.06285714326000004
0.06285714326000004
0.06285714326000004
0.06285714326000004
0.06285714326000004
0.06285714326000004
0.06294930916000004
0.06294930916000004
0.06294930916000004
0.06294930916000004
0.06294930916000004
0.06285714316000003
0.06276497736000004
0.06276497736000004
0.06267281146000003
0.06267281146000003
0.06267281146000003
0.06267281146000003
0.06267281146000003
0.06267281146000003
0.06267281146000003
0.06267281146000003
0.06267281146000003
0.06258064556000004
0.06258064556000004
0.06258064556000004
0.06258064556000004
0.06267281146000003
0.06267281146000003
0.06276497736000004
0.06276497736000004
0.06285714326000004
0.06285714326000004
0.06285714326000004
0.06276497736000004
0.06276497736000004
0.06276497736000004
0.06276497736000004
0.06276497736000004
0.06267281146000005
0.06276497726000005
0.06276497726000005
0.06285714316000006
0.06285714316000006
0.06285714316000006
0.06285714316000006
0.06267281136000005
0.06267281136000005
0.06276497726000006
0.06276497726000006
0.06276497726000006
0.06276497726000006
0.06267281126000006
0.06267281126000006
0.06248847946000005
0.06248847946000005
0.062488479420000055
0.062488479420000055
0.062488479420000055
0.06258064532000004
0.06267281122000004
0.06267281122000004
0.06267281122000004
0.06267281122000004
0.06267281122000004
0.06248847938000004
0.06248847938000004
0.06248847938000004
0.06248847938000004
0.06230414768000002
0.06230414768000002
0.06230414768000002
0.06230414768000002
0.06230414768000002
0.062304147620000014
0.062304147620000014
0.062304147620000014
0.062304147620000014
0.06221198172000002
0.06221198172000002
0.06221198172000002
0.06221198172000002
0.06221198172000002
0.06221198172000002
0.06211981582000003
0.06221198172000002
0.06221198172000002
0.06221198172000002
0.06221198172000002
0.06211981572000003
0.06221198162000002
0.06221198162000002
0.06221198162000002
0.06221198162000002
0.06221198162000002
0.06221198162000002
0.06221198162000002
0.062304147560000016
0.062304147560000016
0.062304147560000016
0.062304147560000016
0.062211981760000014
0.062211981760000014
0.062211981760000014
0.062211981760000014
0.062211981760000014
0.062211981760000014
0.062211981760000014
0.06230414766000002
0.06239631356000002
0.06239631356000002
0.06248847946000002
0.06248847946000002
0.06248847946000002
0.06248847946000002
0.06248847946000002
0.062396313560000013
0.062396313560000013
0.062396313560000013
0.062396313560000013
0.062396313560000013
0.062396313560000013
0.062396313560000013
0.062396313560000013
0.06248847946000002
0.06248847946000002
0.06239631352000002
0.06239631352000002
0.06239631352000002
0.06239631352000002
0.06239631352000002
0.06239631352000002
0.06230414762000002
0.06230414762000002
0.06230414762000002
0.06230414762000002
0.06230414762000002
0.06230414762000002
0.06230414762000002
0.06230414762000002
0.06230414762000002
0.06230414762000002
0.06230414762000002
0.06221198162000002
0.06221198162000002
0.06221198162000002
0.06211981562000002
0.06202764982000002
0.06202764982000002
0.06202764982000002
0.06202764982000002
0.06202764982000002
0.06202764982000002
0.06202764982000002
0.06202764982000002
0.06202764982000002
0.06211981576000002
0.06211981576000002
0.06211981576000002
0.06211981576000002
0.06211981576000002
0.06211981576000002
0.06211981576000002
0.06211981576000002
0.06211981576000002
0.06211981576000002
0.06211981576000002
0.06221198166000001
0.06211981586000001
0.06202764996000001
0.06202764996000001
0.062119815860000004
0.062119815860000004
0.06221198186000001
0.06221198186000001
0.06221198186000001
0.06221198186000001
0.06230414766000001
0.06230414766000001
0.062119815960000005
0.06221198176000001
0.06221198176000001
0.06221198176000001
0.06221198176000001
0.06221198176000001
0.06221198176000001
0.06221198176000001
0.06221198176000001
0.06221198176000001
0.06221198176000001
0.06221198176000001
0.06221198176000001
0.06221198176000001
0.062119815860000004
0.062119815860000004
0.062119815860000004
0.062119815860000004
0.062119815860000004
0.062119815860000004
0.062119815860000004
0.062119815860000004
0.062119815860000004
0.06202765006000001
0.06202765006000001
0.06202765006000001
0.06202765006000001
0.06202765006000001
0.06202765006000001
0.06202765006000001
0.06202765006000001
0.06202765006000001
0.06202765006000001
0.06202765006000001
0.06202765006000001
0.06202765006000001
0.06202765006000001
0.06202765006000001
0.06202765006000001
0.06202765006000001
0.06202765006000001
0.06202765006000001
0.06193548416000001
0.06193548416000001
0.06193548416000001
0.06193548416000001
0.06193548416000001
0.06193548416000001
0.06193548416000001
0.06193548416000001
0.06193548416000001
0.06202765006000001
0.061935484160000005
0.061935484160000005
0.061935484160000005
0.061935484160000005
0.061935484160000005
0.06184331826000001
0.06184331826000001
0.06184331826000001
0.06184331826000001
0.06184331826000001
0.06184331826000001
0.06184331826000001
0.06184331826000001
0.061751152360000006
0.061751152360000006
0.061751152360000006
0.061751152360000006
0.061751152360000006
0.061751152360000006
0.061751152360000006
0.061658986460000016
0.061658986460000016
0.061658986460000016
0.061658986460000016
0.06175115240000001
0.06175115240000001
0.06175115240000001
0.06175115240000001
0.06184331830000001
0.06175115250000001
0.06175115250000001
0.061843318400000014
0.061843318400000014
0.061843318400000014
0.061843318400000014
0.061843318400000014
0.061843318400000014
0.06193548430000001
0.06193548430000001
0.06193548430000001
0.06193548430000001
0.06193548430000001
0.06193548430000001
0.06193548430000001
0.06193548430000001
0.06193548430000001
0.06193548430000001
0.06193548430000001
0.06193548430000001
0.06184331830000001
0.06184331830000001
0.06184331830000001
0.06184331830000001
0.06184331830000001
0.06184331830000001
0.06184331830000001
0.06184331830000001
0.06184331830000001
0.06184331830000001
0.061935484200000016
0.061935484200000016
0.061843318300000026
0.061843318300000026
0.061843318300000026
0.06175115250000002
0.06175115250000002
0.06175115250000002
0.06175115250000002
0.061843318400000014
0.061843318400000014
0.061935484200000016
0.061935484200000016
0.061935484200000016
0.061935484200000016
0.06202765010000002
0.06202765010000002
0.061935484200000016
0.061935484200000016
0.061935484200000016
0.061935484200000016
0.061935484200000016
0.061935484200000016
0.061935484200000016
0.06202765000000002
0.06202765000000002
0.06202765000000002
0.06202765000000002
0.06202765000000002
0.06193548410000002
0.06193548410000002
0.06193548410000002
0.06193548410000002
0.06193548410000002
0.06193548410000002
0.06193548410000002
0.06193548410000002
0.06193548410000002
0.06184331820000002
0.06184331820000002
0.06184331820000002
0.06184331820000002
0.06184331820000002
0.06193548400000002
0.06193548400000002
0.06193548400000002
0.06184331810000002
0.06184331810000002
0.06184331810000002
0.06175115220000003
0.06184331810000002
0.06193548410000003
0.06193548410000003
0.06193548410000003
0.06184331820000003
0.06184331820000003
0.06184331820000003
0.06184331820000003
0.06184331820000003
0.06184331820000003
0.06184331820000003
0.06184331820000003
0.06184331820000003
0.06184331820000003
0.06184331820000003
0.06184331820000003
0.06184331820000003
0.06184331820000003
0.06184331820000003
0.06184331820000003
0.06184331820000003
0.06184331820000003
0.06184331820000003
0.06184331820000003
0.06175115230000003
0.06175115230000003
0.06175115230000003
0.06175115230000003
0.06175115230000003
0.06175115230000003
0.06175115230000003
0.06175115230000003
0.06175115230000003
0.06175115230000003
0.06175115230000003
0.06175115230000003
0.06175115230000003
0.06175115230000003
0.061658986500000026
0.061658986500000026
