0.555483881
0.25308755968
0.13935483904
0.11824884956
0.10894009274000005
0.10009216704000001
0.09428571518000002
0.08847926342000002
0.08359447057999998
0.07852534648000004
0.07456221246000001
0.07198156648000002
0.06930875618000001
0.06663594516000002
0.06405530002000001
0.06285714312000003
0.06119815708000002
0.06036866392
0.058801843440000015
0.05723502316000001
0.055852534260000024
0.05557603674000001
0.05502304152000001
0.0545622119
0.054101382480000015
0.05364055302000002
0.05336405528000003
0.05281106002000002
0.05271889400000003
0.05235023044000002
0.05235023056000003
0.051981567040000023
0.052165898880000026
0.05225806482000002
0.05198156712000003
0.052258064760000014
0.05188940108000002
0.051797235140000016
0.05179723510000001
0.05179723510000001
0.051889400960000026
0.051797235100000026
0.05179723506000003
0.051797235020000026
0.052165898460000026
0.05235023026000002
0.052350230220000016
0.05235023026000002
0.052442396200000026
0.05244239632000002
0.05262672804000002
0.05253456210000002
0.05262672800000002
0.05262672800000002
0.05253456220000001
0.052626728100000006
0.052811059840000014
0.05308755758000002
0.053271889340000024
0.05336405524000001
0.05345622114000001
0.053640552940000016
0.05391705064000002
0.05428571432000002
0.05456221202000001
0.05465437792000001
0.05465437800000001
0.05493087564000002
0.05493087572000002
0.055207373460000014
0.055391705180000014
0.055391705180000014
0.055391705180000014
0.05548387108000002
0.05548387108000002
0.055668202840000014
0.055668202840000014
0.05585253460000002
0.055944700580000006
0.05622119832000001
0.05631336422
0.05640553002000001
0.056589861820000004
0.05640552998000001
0.05677419358000001
0.05677419362
0.05677419362
0.05686635952000001
0.05695852546
0.05714285716000001
0.05741935472000002
0.05769585232000002
0.058248847840000006
0.05861751152000001
0.05861751162000002
0.05870967756000001
0.05898617526000001
0.05898617526000001
0.059170507060000016
0.05944700476000002
0.05953917066000002
0.05953917066000002
0.05953917066000002
0.05953917066000002
0.05944700476000003
0.05944700476000003
0.05953917056000003
0.059815668240000036
0.059815668240000036
0.05990783404000004
0.060184331840000035
0.06027649774000004
0.06046082948000004
0.06073732718000003
0.06092165894000003
0.06101382494000004
0.06110599084000004
0.06119815664000004
0.06119815664000004
0.061290322440000045
0.06119815664000004
0.06119815664000004
0.06129032258000004
0.06138248848000003
0.06138248848000003
0.06147465428000004
0.06165898608000005
0.06165898608000005
0.061843317920000036
0.06193548382000003
0.062027649720000036
0.062119815620000025
0.06221198142000002
0.06221198142000002
0.06221198142000002
0.06221198142000002
0.06239631322000001
0.062488479120000016
0.062488479120000016
0.06258064502
0.06258064502
0.06258064502
0.06276497686
0.06294930866000001
0.06294930866000001
0.06304147456
0.06313364046000002
0.06331797226000002
0.06350230406000003
0.06350230406000003
0.06350230406000003
0.06359446996000001
0.06359446996000001
0.06368663586000001
0.06377880176000002
0.06377880176000002
0.06387096756
0.06387096756
0.06387096756
0.06387096756
0.06377880166000001
0.06387096760000001
0.06387096760000001
0.06387096760000001
0.06405529940000002
0.06414746530000001
0.06414746530000001
0.06423963110000001
0.06423963110000001
0.06433179700000002
0.06442396280000003
0.06442396280000003
0.06442396280000003
0.06451612870000002
0.06451612870000002
0.06460829470000003
0.06460829470000003
0.06460829480000002
0.06470046070000003
0.06460829490000003
0.06460829490000003
0.06470046070000005
0.06479262650000005
0.06479262650000005
0.06497695840000006
0.06506912430000006
0.06516129010000006
0.06525345600000004
0.06525345600000004
0.06525345600000004
0.06534562190000004
0.06543778780000004
0.06543778780000004
0.06543778780000004
0.06543778780000004
0.06543778780000004
0.06552995360000004
0.06552995360000004
0.06562211940000004
0.06562211940000004
0.06562211940000004
0.06571428530000004
0.06571428530000004
0.06580645130000004
0.06580645130000004
0.06580645130000004
0.06580645130000004
0.06580645130000004
0.06580645130000004
0.06589861720000004
0.06599078310000003
0.06599078310000003
0.06599078310000003
0.06599078310000003
0.06599078310000003
0.06599078310000003
0.06599078310000003
0.06599078310000003
0.06617511480000003
0.06617511480000003
0.06617511480000003
0.06608294900000003
0.06617511480000003
0.06617511480000003
0.06617511480000003
0.06608294900000003
0.06617511490000003
0.06617511490000003
0.06617511490000003
0.06617511490000003
0.06617511490000003
0.06608294890000002
0.06608294890000002
0.06617511470000002
0.06617511470000002
0.06617511470000002
0.06617511480000003
0.06626728080000004
0.06626728080000004
0.06635944660000004
0.06645161240000004
0.06654377830000004
0.06654377830000004
0.06663594410000004
0.06663594410000004
0.06663594410000004
0.06672811010000004
0.06682027600000003
0.06682027600000003
0.06672811010000004
0.06672811010000004
0.06672811010000004
0.06672811006000004
0.06663594406000004
0.06663594406000004
0.06663594406000004
0.06672810996000003
0.06682027596000004
0.06682027586000004
0.06682027596000002
0.06682027596000002
0.06682027596000002
0.06691244176000004
0.06691244176000004
0.06691244176000004
0.06682027596000002
0.06672811016000002
0.06672811016000002
0.06672811016000002
0.06672811016000002
0.06672811016000002
0.06663594426000002
0.06672811006000003
0.06682027596000002
0.06682027596000002
0.06682027586000001
0.06682027586000001
0.06682027586000001
0.06682027586000001
0.06682027586000001
0.06672810996000003
0.06682027576000003
0.06682027576000003
0.06672810986000002
0.06682027576000002
0.06682027576000002
0.06682027576000002
0.06691244156000002
0.06691244156000002
0.06691244156000002
0.06691244156000002
0.06691244156000002
0.06682027566000003
0.06691244156000004
0.06682027566000004
0.06682027566000004
0.06672810986000004
0.06682027586000004
0.06691244186000003
0.06691244186000003
0.06691244186000003
0.06691244186000003
0.06691244186000003
0.06691244186000003
0.06691244186000003
0.06672811016000003
0.06672811016000003
0.06672811016000003
0.06663594426000002
0.06663594426000002
0.06654377846000002
0.06654377846000002
0.06654377846000002
0.06645161256000003
0.06645161256000003
0.06645161256000003
0.06635944666000003
0.06635944666000003
0.06626728076000003
0.06626728076000003
0.06617511476000003
0.06608294886000005
0.06608294886000005
0.06617511466000005
0.06608294886000005
0.06608294886000005
0.06599078296000005
0.06599078296000005
0.06580645116000004
0.06580645116000004
0.06580645116000004
0.06580645116000004
0.06580645116000004
0.06580645116000004
0.06580645106000003
0.06580645106000003
0.06580645106000003
0.06580645106000003
0.06589861696000003
0.06589861696000003
0.06589861696000003
0.06589861696000003
0.06589861696000003
0.06599078286000003
0.06599078286000003
0.06599078286000003
0.06599078286000003
0.06599078286000003
0.06599078286000003
0.06599078286000003
0.06599078286000003
0.06599078286000003
0.06608294886000003
0.06599078296000002
0.06599078296000002
0.06599078296000002
0.06599078296000002
0.06599078296000002
0.06608294886000002
0.06608294896000003
0.06608294896000003
0.06608294896000003
0.06599078306000003
0.06599078306000003
0.06599078306000003
0.06599078306000003
0.06589861712000003
0.06589861716000003
0.06589861716000003
0.06599078306000003
0.06599078306000003
0.06599078306000003
0.06589861716000003
0.06589861716000003
0.06599078316000004
0.06599078316000004
0.06599078316000004
0.06599078316000004
0.06599078316000004
0.06599078316000004
0.06599078316000004
0.06599078316000004
0.06599078316000004
0.06599078316000004
0.06599078316000004
0.06608294906000003
0.06599078312000003
0.06599078312000003
0.06599078312000003
0.06599078312000003
0.06599078312000003
0.06599078312000003
0.06599078312000003
0.06589861712000004
0.06589861712000004
0.06589861712000004
0.06589861712000004
0.06580645122000005
0.06580645122000005
0.06580645122000005
0.06580645122000005
0.06580645122000005
0.06571428542000005
0.06580645132000004
0.06580645132000004
0.06580645132000004
0.06562211932000003
0.06571428518000004
0.06562211918000005
0.06562211918000005
0.06562211918000005
0.06562211918000005
0.06562211918000005
0.06571428508000005
0.06552995328000004
0.06552995328000004
0.06552995328000004
0.06552995328000004
0.06552995328000004
0.06562211908000004
0.06562211908000004
0.06562211928000004
0.06562211928000004
0.06571428522000004
0.06571428522000004
0.06562211932000003
0.06562211932000003
0.06562211932000003
0.06562211932000003
0.06562211932000003
0.06543778742000005
0.06543778742000005
0.06534562152000004
0.06525345572000003
0.06525345572000003
0.06525345572000003
0.06525345572000003
0.06525345572000003
0.06525345572000003
0.06506912388000004
0.06506912388000004
0.06506912388000004
0.06497695798000003
0.06506912388000004
0.06506912388000004
0.06506912388000004
0.06506912388000004
0.06516128978000003
0.06516128978000003
0.06516128978000003
0.06506912398000003
0.06516128978000003
0.06516128978000003
0.06525345568000003
0.06516128968000003
0.06516128968000003
0.06516128968000003
0.06516128968000003
0.06497695788000003
0.06497695788000003
0.06497695788000003
0.06488479198000004
0.06488479198000004
0.06488479198000004
0.06470046012000004
0.06470046012000004
0.06479262592000004
0.06479262592000004
0.06479262592000004
0.06479262602000004
0.06479262602000004
0.06470046012000004
0.06479262606000004
0.06479262606000004
0.06488479196000004
0.06488479196000004
0.06488479206000003
0.06488479206000003
0.06479262612000004
0.06479262612000004
0.06479262612000004
0.06479262612000004
0.06479262612000004
0.06479262612000004
0.06479262612000004
0.06488479192000005
0.06497695772000005
0.06497695772000005
0.06497695772000005
0.06506912372000005
0.06506912372000005
0.06488479202000004
0.06488479202000004
0.06488479202000004
0.06488479202000004
0.06479262602000004
0.06470046008000004
0.06460829418000004
0.06451612828000004
0.06442396248000004
0.06442396248000004
0.06442396248000004
0.06433179648000004
0.06433179648000004
0.06433179648000004
0.06433179648000004
0.06433179648000004
0.06433179648000004
0.06433179648000004
0.06433179648000004
0.06433179648000004
0.06423963068000003
0.06423963068000003
0.06433179662000003
0.06423963082000003
0.06423963082000003
0.06423963082000003
0.06423963082000003
0.06423963082000003
0.06423963082000003
0.06414746492000004
0.06414746492000004
0.06414746492000004
0.06414746492000004
0.06423963092000004
0.06423963092000004
0.06433179692000003
0.06433179692000003
0.06433179692000003
0.06433179692000003
0.06433179692000003
0.06442396292000004
0.06442396292000004
0.06451612882000003
0.06451612882000003
0.06442396292000004
0.06442396292000004
0.06433179702000004
0.06433179702000004
0.06433179702000004
0.06414746522000005
0.06414746522000005
0.06414746522000005
0.06414746522000005
0.06414746522000005
0.06414746522000005
0.06423963116000003
0.06414746516000004
0.06414746516000004
0.06414746516000004
0.06414746516000004
0.06414746516000004
0.06414746516000004
0.06414746516000004
0.06414746516000004
0.06414746516000004
0.06414746516000003
0.06414746516000003
0.06414746516000003
0.06423963106000002
0.06405529922000003
0.06405529922000003
0.06405529922000003
0.06396313342000003
0.06396313342000003
0.06396313342000003
0.06387096742000002
0.06387096742000002
0.06387096742000002
0.06387096742000002
0.06396313322000002
0.06396313322000002
0.06396313322000002
0.06396313322000002
0.06396313322000002
0.06396313322000002
0.06396313322000002
0.06396313322000002
0.06396313322000002
0.06396313322000002
0.06387096732000003
0.06387096722000003
0.06396313312000004
0.06396313312000004
0.06396313312000004
0.06405529902000004
0.06405529902000004
0.06405529902000004
0.06405529902000004
0.06405529902000004
0.06405529902000004
0.06405529902000004
0.06405529902000004
0.06396313322000004
0.06405529912000003
0.06396313322000004
0.06396313322000004
0.06396313322000004
0.06396313322000004
0.06387096742000004
0.06387096742000004
0.06387096742000004
0.06387096742000004
0.06387096742000004
0.06387096742000004
0.06368663572000004
0.06368663572000004
0.06368663572000004
0.06377880152000004
0.06377880152000004
0.06377880152000004
0.06368663572000004
0.06368663572000004
0.06368663572000004
0.06368663572000004
0.06368663572000004
0.06368663572000004
0.06368663572000004
0.06368663572000004
0.06359446982000003
0.06368663572000002
0.06368663572000002
0.06359446992000002
0.06359446992000002
0.06359446992000002
0.06350230392000003
0.06350230392000003
0.06350230392000003
0.06350230392000003
0.06350230392000003
0.06350230392000003
0.06341013792000003
0.06350230382000002
0.06359446972000002
0.06359446972000002
0.06359446972000002
0.06350230382000002
0.06350230382000002
0.06350230382000002
0.06350230382000002
0.06341013782000002
0.06341013782000002
0.06341013782000002
0.06341013782000002
0.06341013782000002
0.06341013782000002
0.06341013782000002
0.06341013782000002
0.06341013782000002
0.06331797202000003
0.06331797202000003
0.06331797202000003
0.06322580612000002
0.06322580612000002
0.06313364022000002
0.06313364022000002
0.06313364022000002
0.06313364022000002
0.06304147432000003
0.06304147432000003
0.06304147432000003
0.06294930842000003
0.06294930842000003
0.06294930842000003
0.06285714252000002
0.06285714252000002
0.06285714252000002
0.06276497672000002
0.06276497672000002
0.06276497672000002
0.06276497672000002
0.06276497672000002
0.06276497672000002
0.06285714262000003
0.06285714262000003
0.06285714262000003
0.06285714262000003
0.06285714262000003
0.06285714262000003
0.06304147448000003
0.06304147448000003
0.06304147448000003
0.06304147448000003
0.06313364038000002
0.06313364038000002
0.06322580632000002
0.06322580632000002
0.06322580632000002
0.06313364052000002
0.06313364052000002
0.06313364052000002
0.06322580642000003
0.06322580642000003
0.06322580642000003
0.06322580642000003
0.06322580642000003
0.06322580642000003
0.06322580642000003
0.06322580642000003
0.06313364052000003
0.06313364052000003
0.06313364052000003
0.06313364052000003
0.06313364052000003
0.06331797242000003
0.06331797242000003
0.06331797242000003
0.06331797242000003
0.06331797242000003
0.06331797242000003
0.06331797242000003
0.06331797242000003
0.06331797242000003
0.06331797242000003
0.06331797242000003
0.06331797242000003
0.06331797242000003
0.06331797242000003
0.06331797242000003
0.06331797242000003
0.06331797242000003
0.06341013832000003
0.06331797242000003
0.06331797242000003
0.06331797242000003
0.06322580662000003
0.06322580662000003
0.06322580662000003
0.06322580662000003
0.06322580662000003
0.06322580662000003
0.06322580662000003
0.06322580662000003
0.06331797252000003
0.06322580662000003
0.06322580662000003
0.06322580662000003
0.06322580662000003
0.06313364082000003
0.06313364082000003
0.06313364082000003
0.06313364082000003
0.06313364082000003
0.06313364082000003
0.06322580672000004
0.06322580672000004
0.06313364082000003
0.06313364082000003
0.06304147492000003
0.06304147492000003
0.06304147492000003
0.06304147492000003
0.06304147492000003
0.06304147492000003
0.06304147492000003
0.06285714318000003
0.06285714318000003
0.06285714318000003
0.06285714318000003
0.06285714318000003
0.06285714318000003
0.06294930912000003
0.06304147502000003
0.06285714322000004
0.06285714322000004
0.06294930922000003
0.06294930922000003
0.06304147502000003
0.06294930902000004
0.06285714312000004
0.06285714312000004
0.06285714312000004
0.06285714312000004
0.06285714312000004
0.06285714312000004
0.06285714326000004
0.06285714326000004
0.06285714326000004
0.06285714326000004
0.06285714326000004
0.06285714326000004
0.06276497736000003
0.06276497736000003
0.06276497736000003
0.06276497736000003
0.06276497736000003
0.06285714316000003
0.06276497726000003
0.06276497726000003
0.06267281136000002
0.06267281136000002
0.06267281136000002
0.06267281136000002
0.06267281136000002
0.06258064546000003
0.06258064546000003
0.06258064546000003
0.06258064546000003
0.06267281136000004
0.06267281136000004
0.06285714316000005
0.06285714316000005
0.06294930906000004
0.06294930906000004
0.06294930906000004
0.06285714316000005
0.06285714316000005
0.06285714316000005
0.06285714316000005
0.06285714316000005
0.06285714316000005
0.06285714316000005
0.06285714316000005
0.06285714316000005
0.06285714316000005
0.06285714316000005
0.06285714316000005
0.06285714316000005
0.06285714316000005
0.06285714316000005
0.06285714316000005
0.06285714316000005
0.06285714316000005
0.06285714316000005
0.06285714316000005
0.06285714316000005
0.06294930906000004
0.06294930906000004
0.06294930906000004
0.06294930906000004
0.06294930906000004
0.06294930906000004
0.06294930906000004
0.06294930906000004
0.06294930906000004
0.06294930906000004
0.06294930906000004
0.06294930906000004
0.06294930906000004
0.06294930906000004
0.06294930906000004
0.06294930906000004
0.06294930906000004
0.06304147496000004
0.06304147496000004
0.06304147496000004
0.06304147496000004
0.06304147496000004
0.06304147496000004
0.06304147496000004
0.06304147496000004
0.06294930916000004
0.06294930916000004
0.06294930916000004
0.06294930916000004
0.06294930916000004
0.06294930916000004
0.06294930916000004
0.06294930916000004
0.06304147506000005
0.06304147506000005
0.06304147506000005
0.06304147506000005
0.06294930916000004
0.06294930916000004
0.06294930916000004
0.06294930916000004
0.06285714326000004
0.06285714326000004
0.06294930916000004
0.06294930916000004
0.06294930916000004
0.06294930916000004
0.06304147506000003
0.06294930916000002
0.06285714336000002
0.06285714336000002
0.06285714336000002
0.06285714336000002
0.06285714336000002
0.06285714336000002
0.06285714336000002
0.06285714336000002
0.06276497746000004
0.06276497746000004
0.06285714336000002
0.06285714336000002
0.06294930916000002
0.06294930916000002
0.06294930916000002
0.06294930916000002
0.06294930916000002
0.06285714326000003
0.06285714326000003
0.06285714326000003
0.06276497726000002
0.06276497726000002
0.06276497726000002
0.06276497726000002
0.06276497726000002
0.06276497726000002
0.06276497726000002
0.06267281136000002
0.06267281136000002
0.06258064556000002
0.06258064556000002
0.06258064556000002
0.06258064556000002
0.06258064556000002
0.06258064556000002
0.06258064556000002
0.06258064556000002
0.06258064556000002
0.06258064556000002
0.06258064556000002
0.06267281136000002
0.06276497716000003
0.06276497716000003
0.06276497716000003
0.06276497716000003
0.06276497716000003
0.06276497716000003
0.06276497716000003
0.06267281126000003
0.06276497716000003
0.06276497716000003
0.06267281126000003
0.06267281126000003
0.06267281126000003
0.06267281126000003
0.06276497720000003
0.06276497720000003
0.06285714320000003
0.06294930910000002
0.06304147500000001
0.06304147500000001
0.06313364080000002
0.06313364080000002
0.06313364080000002
0.06313364080000002
0.06313364080000002
0.06313364080000002
0.06313364080000002
0.06313364080000002
0.06313364080000002
0.06304147500000001
0.06304147500000001
0.06304147500000001
0.06304147500000001
0.06304147500000001
0.06304147500000001
0.06304147500000001
0.06294930900000001
0.06294930900000001
0.06294930900000001
0.06294930900000001
0.06294930900000001
0.06294930900000001
0.06304147490000002
0.06304147490000002
0.06304147490000002
0.06304147490000002
0.06304147490000002
0.06304147490000002
0.06304147490000002
0.06304147490000002
0.06304147490000002
0.06304147490000002
0.06304147490000002
0.06304147490000002
0.06313364090000001
0.06313364090000001
0.06313364090000001
0.06313364090000001
0.06313364090000001
0.06313364090000001
0.06313364090000001
0.06313364090000001
0.06313364090000001
0.0632258068
0.0633179727
0.0633179727
0.0633179727
0.0633179727
0.0633179727
0.0633179727
0.0633179727
0.0633179727
0.0633179727
0.0633179727
0.0633179727
0.0633179727
0.0633179727
0.0633179727
0.06322580680000002
0.06322580680000002
0.06322580680000002
0.06322580680000002
0.06322580680000002
0.06331797260000001
0.06331797260000001
