(0.59907836 0.12903225 0.115207374 0.10599078 0.08755761 0.08755761 0.078341015
 0.078341015 0.06451613 0.06451613 0.06451613 0.050691243 0.050691243
 0.050691243 0.050691243 0.05529954 0.050691243 0.04608295 0.04608295
 0.04608295 0.04608295 0.04608295 0.04608295 0.04608295 0.04608295 0.050691243
 0.05529954 0.05529954 0.05529954 0.050691243 0.050691243 0.050691243
 0.050691243 0.050691243 0.05529954 0.05529954 0.059907835 0.059907835
 0.059907835 0.059907835 0.059907835 0.059907835 0.059907835 0.059907835
 0.059907835 0.059907835 0.059907835 0.059907835 0.059907835 0.05529954
 0.05529954 0.05529954 0.05529954 0.05529954 0.05529954 0.05529954 0.05529954
 0.05529954 0.05529954 0.05529954 0.05529954 0.05529954 0.05529954 0.05529954
 0.05529954 0.05529954 0.05529954 0.05529954 0.05529954 0.05529954 0.05529954
 0.05529954 0.05529954 0.05529954 0.05529954 0.05529954 0.05529954 0.05529954
 0.05529954 0.05529954 0.05529954 0.05529954 0.05529954 0.05529954 0.05529954
 0.05529954 0.05529954 0.05529954 0.05529954 0.05529954 0.05529954 0.05529954
 0.05529954 0.05529954 0.05529954 0.05529954 0.05529954 0.05529954 0.05529954
 0.05529954 0.05529954 0.05529954 0.05529954 0.05529954 0.05529954 0.05529954
 0.05529954 0.05529954 0.059907835 0.059907835 0.059907835 0.059907835
 0.059907835 0.059907835 0.059907835 0.059907835 0.059907835 0.059907835
 0.059907835 0.059907835 0.059907835 0.059907835 0.059907835 0.059907835
 0.059907835 0.059907835 0.059907835 0.059907835 0.059907835 0.059907835
 0.05529954 0.05529954 0.05529954 0.05529954 0.05529954 0.05529954 0.05529954
 0.05529954 0.05529954 0.05529954 0.05529954 0.05529954 0.05529954 0.05529954
 0.05529954 0.05529954 0.05529954 0.05529954 0.05529954 0.05529954 0.05529954
 0.05529954 0.05529954 0.05529954 0.05529954 0.05529954 0.05529954 0.05529954
 0.05529954 0.059907835 0.059907835 0.059907835 0.059907835 0.059907835
 0.059907835 0.059907835 0.059907835 0.059907835 0.059907835 0.059907835
 0.059907835 0.06451613 0.06451613 0.06451613 0.06451613 0.06451613 0.06451613
 0.06451613 0.06451613 0.06451613 0.06451613 0.06451613 0.06451613 0.06451613
 0.06451613 0.06451613 0.06451613 0.06451613 0.06451613 0.06451613 0.06451613
 0.06451613 0.06451613 0.06451613 0.06451613 0.06451613 0.06451613 0.06912442
 0.06912442 0.06912442 0.06912442 0.06912442 0.06912442 0.06912442 0.06912442
 0.06912442 0.06912442 0.06912442 0.06912442 0.06912442 0.06912442 0.06912442
 0.06912442 0.06912442 0.06912442 0.06912442 0.06912442 0.06912442 0.06912442
 0.06912442 0.06912442 0.06912442 0.06912442 0.06912442 0.06912442 0.06912442
 0.06912442 0.06912442 0.06912442 0.06912442 0.06912442 0.06912442 0.06912442
 0.06912442 0.06912442 0.06912442 0.06912442 0.06912442 0.06912442 0.06912442
 0.06912442 0.06912442 0.06912442 0.06912442 0.06912442 0.06912442 0.06912442
 0.06912442 0.06912442 0.06912442 0.06912442 0.06912442 0.06912442 0.06912442
 0.06912442 0.06912442 0.06912442 0.06912442 0.07373272 0.07373272 0.07373272
 0.07373272 0.07373272 0.07373272 0.07373272 0.07373272 0.07373272 0.07373272
 0.07373272 0.07373272 0.07373272 0.07373272 0.07373272 0.07373272 0.07373272
 0.07373272 0.07373272 0.07373272 0.07373272 0.07373272 0.07373272 0.07373272
 0.07373272 0.07373272 0.07373272 0.07373272 0.07373272 0.07373272 0.07373272
 0.07373272 0.07373272 0.07373272 0.07373272 0.07373272 0.07373272 0.07373272
 0.07373272 0.07373272 0.07373272 0.07373272 0.07373272 0.07373272 0.07373272
 0.07373272 0.07373272 0.07373272 0.07373272 0.07373272 0.07373272 0.07373272
 0.07373272 0.07373272 0.07373272 0.07373272 0.07373272 0.07373272 0.07373272
 0.07373272 0.07373272 0.07373272 0.07373272 0.07373272 0.07373272 0.07373272
 0.07373272 0.07373272 0.07373272 0.07373272 0.07373272 0.07373272 0.07373272
 0.07373272 0.07373272 0.07373272 0.07373272 0.07373272 0.07373272 0.07373272
 0.07373272 0.07373272 0.07373272 0.07373272 0.07373272 0.07373272 0.07373272
 0.07373272 0.07373272 0.07373272 0.07373272 0.07373272 0.07373272 0.07373272
 0.07373272 0.07373272 0.07373272 0.07373272 0.07373272 0.07373272 0.07373272
 0.07373272 0.07373272 0.07373272 0.07373272 0.07373272 0.07373272 0.07373272
 0.07373272 0.07373272 0.07373272 0.07373272 0.07373272 0.07373272 0.07373272
 0.07373272 0.07373272 0.07373272 0.07373272 0.07373272 0.07373272 0.07373272
 0.07373272 0.07373272 0.07373272 0.07373272 0.07373272 0.07373272 0.07373272
 0.07373272 0.07373272 0.07373272 0.07373272 0.07373272 0.07373272 0.07373272
 0.07373272 0.07373272 0.07373272 0.07373272 0.07373272 0.07373272 0.07373272
 0.07373272 0.07373272 0.07373272 0.07373272 0.07373272 0.07373272 0.07373272
 0.07373272 0.07373272 0.07373272 0.07373272 0.07373272 0.07373272 0.07373272
 0.07373272 0.07373272 0.07373272 0.07373272 0.07373272 0.07373272 0.07373272
 0.07373272 0.07373272 0.07373272 0.07373272 0.07373272 0.07373272 0.07373272
 0.07373272 0.07373272 0.07373272 0.07373272 0.07373272 0.07373272 0.07373272
 0.07373272 0.07373272 0.07373272 0.07373272 0.07373272 0.07373272 0.07373272
 0.07373272 0.07373272 0.07373272 0.07373272 0.07373272 0.07373272 0.07373272
 0.07373272 0.07373272 0.07373272 0.07373272 0.07373272 0.07373272 0.07373272
 0.07373272 0.07373272 0.07373272 0.07373272 0.07373272 0.07373272 0.07373272
 0.07373272 0.07373272 0.07373272 0.07373272 0.07373272 0.07373272 0.07373272
 0.07373272 0.07373272 0.07373272 0.07373272 0.07373272 0.07373272 0.07373272
 0.07373272 0.07373272 0.07373272 0.07373272 0.07373272 0.07373272 0.07373272
 0.07373272 0.07373272 0.07373272 0.07373272 0.07373272 0.07373272 0.07373272
 0.07373272 0.07373272 0.07373272 0.07373272 0.07373272 0.07373272 0.07373272
 0.07373272 0.07373272 0.07373272 0.07373272 0.07373272 0.07373272 0.07373272
 0.07373272 0.07373272 0.07373272 0.07373272 0.07373272 0.07373272 0.07373272
 0.07373272 0.07373272 0.07373272 0.07373272 0.07373272 0.07373272 0.07373272
 0.07373272 0.07373272 0.07373272 0.07373272 0.07373272 0.07373272 0.07373272
 0.07373272 0.07373272 0.07373272 0.07373272 0.07373272 0.07373272 0.07373272
 0.07373272 0.07373272 0.07373272 0.07373272 0.07373272 0.07373272 0.07373272
 0.07373272 0.07373272 0.07373272 0.07373272 0.07373272 0.07373272 0.07373272
 0.07373272 0.07373272 0.07373272 0.07373272 0.07373272 0.07373272 0.07373272
 0.07373272 0.07373272 0.07373272 0.07373272 0.07373272 0.07373272 0.07373272
 0.07373272 0.07373272 0.07373272 0.07373272 0.07373272 0.07373272 0.07373272
 0.07373272 0.07373272 0.07373272 0.07373272 0.07373272 0.07373272 0.07373272
 0.07373272 0.07373272 0.07373272 0.07373272 0.07373272 0.07373272 0.07373272
 0.07373272 0.07373272 0.07373272 0.07373272 0.07373272 0.07373272 0.07373272
 0.07373272 0.07373272 0.07373272 0.07373272 0.07373272 0.07373272 0.07373272
 0.07373272 0.07373272 0.07373272 0.07373272 0.07373272 0.07373272 0.07373272
 0.07373272 0.07373272 0.07373272 0.07373272 0.07373272 0.07373272 0.07373272
 0.07373272 0.07373272 0.07373272 0.07373272 0.07373272 0.07373272 0.07373272
 0.07373272 0.07373272 0.07373272 0.07373272 0.07373272 0.07373272 0.07373272
 0.07373272 0.07373272 0.07373272 0.07373272 0.07373272 0.07373272 0.07373272
 0.07373272 0.07373272 0.07373272 0.07373272 0.07373272 0.07373272 0.07373272
 0.07373272 0.07373272 0.07373272 0.07373272 0.07373272 0.07373272 0.07373272
 0.07373272 0.07373272 0.07373272 0.07373272 0.07373272 0.07373272 0.07373272
 0.07373272 0.07373272 0.07373272 0.07373272 0.07373272 0.07373272 0.07373272
 0.07373272 0.07373272 0.07373272 0.07373272 0.07373272 0.07373272 0.07373272
 0.07373272 0.07373272 0.07373272 0.07373272 0.07373272 0.07373272 0.07373272
 0.07373272 0.07373272 0.07373272 0.07373272 0.07373272 0.07373272 0.07373272
 0.07373272 0.07373272 0.07373272 0.07373272 0.07373272 0.07373272 0.07373272
 0.07373272 0.07373272 0.07373272 0.07373272 0.07373272 0.07373272 0.07373272
 0.07373272 0.07373272 0.07373272 0.07373272 0.07373272 0.07373272 0.07373272
 0.07373272 0.07373272 0.07373272 0.07373272 0.07373272 0.07373272 0.07373272
 0.07373272 0.07373272 0.07373272 0.07373272 0.07373272 0.07373272 0.07373272
 0.07373272 0.07373272 0.07373272 0.07373272 0.07373272 0.07373272 0.07373272
 0.07373272 0.07373272 0.07373272 0.07373272 0.07373272 0.07373272 0.07373272
 0.07373272 0.07373272 0.07373272 0.07373272 0.07373272 0.07373272 0.07373272
 0.07373272 0.07373272 0.07373272 0.07373272 0.07373272 0.07373272 0.07373272
 0.07373272 0.07373272 0.07373272 0.07373272 0.07373272 0.07373272 0.07373272
 0.07373272 0.07373272 0.07373272 0.07373272 0.07373272 0.07373272 0.07373272
 0.07373272 0.07373272 0.07373272 0.07373272 0.07373272 0.07373272 0.07373272
 0.07373272 0.07373272 0.07373272 0.07373272 0.07373272 0.07373272 0.07373272
 0.07373272 0.07373272 0.07373272 0.07373272 0.07373272 0.07373272 0.07373272
 0.07373272 0.07373272 0.07373272 0.07373272 0.07373272 0.07373272 0.07373272
 0.07373272 0.07373272 0.07373272 0.07373272 0.07373272 0.07373272 0.07373272
 0.07373272 0.07373272 0.07373272 0.07373272 0.078341015 0.078341015
 0.078341015 0.078341015 0.078341015 0.078341015 0.078341015 0.078341015
 0.078341015 0.078341015 0.078341015 0.078341015 0.078341015 0.078341015
 0.078341015 0.078341015 0.078341015 0.078341015 0.078341015 0.078341015
 0.078341015 0.078341015 0.078341015 0.078341015 0.078341015 0.078341015
 0.078341015 0.078341015 0.078341015 0.078341015 0.078341015 0.078341015
 0.078341015 0.078341015 0.078341015 0.078341015 0.078341015 0.078341015
 0.078341015 0.078341015 0.078341015 0.078341015 0.078341015 0.078341015
 0.078341015 0.078341015 0.078341015 0.078341015 0.078341015 0.078341015
 0.078341015 0.078341015 0.078341015 0.078341015 0.078341015 0.078341015
 0.078341015 0.078341015 0.078341015 0.078341015 0.078341015 0.078341015
 0.078341015 0.078341015 0.078341015 0.078341015 0.078341015 0.078341015
 0.078341015 0.078341015 0.078341015 0.078341015 0.078341015 0.078341015
 0.078341015 0.078341015 0.078341015 0.078341015 0.078341015 0.078341015
 0.078341015 0.078341015 0.078341015 0.078341015 0.078341015 0.078341015
 0.078341015 0.078341015 0.078341015 0.078341015 0.078341015 0.078341015
 0.078341015 0.078341015 0.078341015 0.078341015 0.078341015 0.078341015
 0.078341015 0.078341015 0.078341015 0.078341015 0.078341015 0.078341015
 0.078341015 0.078341015 0.078341015 0.078341015 0.078341015 0.078341015
 0.078341015 0.078341015 0.078341015 0.078341015 0.078341015 0.078341015
 0.078341015 0.078341015 0.078341015 0.078341015 0.078341015 0.078341015
 0.078341015 0.078341015 0.078341015 0.078341015 0.078341015 0.078341015
 0.078341015 0.078341015 0.078341015 0.078341015 0.078341015 0.078341015
 0.078341015 0.078341015 0.078341015 0.078341015 0.078341015 0.078341015
 0.078341015 0.078341015 0.078341015 0.078341015 0.078341015 0.078341015
 0.078341015 0.078341015 0.078341015 0.078341015 0.078341015 0.078341015
 0.078341015 0.078341015 0.078341015 0.078341015 0.078341015 0.078341015
 0.078341015 0.078341015 0.078341015 0.078341015 0.078341015 0.078341015
 0.078341015 0.078341015 0.078341015 0.078341015 0.078341015 0.078341015
 0.078341015 0.078341015 0.078341015 0.078341015 0.078341015 0.078341015
 0.078341015 0.078341015 0.078341015 0.078341015 0.078341015 0.078341015
 0.078341015 0.078341015 0.078341015 0.078341015 0.078341015 0.078341015
 0.078341015 0.078341015 0.078341015 0.078341015 0.078341015 0.078341015
 0.078341015 0.078341015 0.078341015 0.078341015 0.078341015 0.078341015
 0.078341015 0.078341015 0.078341015 0.078341015)