0.5436866432
0.5281106052
0.4994470073999999
0.4666359481999999
0.44267281247999996
0.41935483968
0.394285718
0.36811060079999997
0.35032258159999996
0.33649769527999995
0.3260829498
0.31456221268000006
0.30589861920000005
0.29972350188
0.28884792708
0.28258064608000005
0.27576036839999996
0.26903225932
0.2604608292
0.25529953852000004
0.24728110724000008
0.24101382612000005
0.2332718910800001
0.22571428767999993
0.22175115552000005
0.21502304327999996
0.20838709644
0.20202765043999998
0.19677419483999994
0.19142857267999994
0.18755760403999994
0.18341013975999998
0.17834101423999996
0.17529953952
0.17216590027999992
0.16995391739999996
0.16654377979999996
0.16267281226000002
0.16036866458000001
0.15806451638000005
0.1554838722
0.15373271912000003
0.15244239604000004
0.15096774224000004
0.1477419358
0.14617511616
0.14451613016
0.143410139
0.14221198256
0.14064516243999997
0.13926267332000003
0.13861751194000002
0.13751152094000002
0.13612903226000003
0.13502304150000008
0.13437788088000008
0.13345622196000007
0.13207373370000006
0.13142857242000003
0.13087557774000003
0.13032258194000007
0.12930875658000004
0.12829493106
0.12737327254
0.1270046089
0.12608295022
0.12479262758000001
0.12433179802000001
0.12405530042000003
0.12359447082000004
0.12341013922000003
0.12285714402000006
0.12239631450000003
0.12202765070000003
0.12156682142000003
0.12101382554000002
0.12046083012000003
0.12027649844000003
0.11963133708
0.11907834168
0.11861751272000001
0.11834101532
0.1176036876
0.11741935592000001
0.11714285780000001
0.11649769672000002
0.11631336480000001
0.11539170588000003
0.11493087628000001
0.11493087640000002
0.11456221270000003
0.11410138347999998
0.11373271987999997
0.11382488587999998
0.11382488611999998
0.11327189027999998
0.11299539257999998
0.11290322637999997
0.11253456257999998
0.11216589905999998
0.11170506977999999
0.11142857194
0.11124424034000001
0.11087557694
0.11059907953999998
0.11032258174000001
0.11013824962000002
0.10976958621999999
0.10949308894000001
0.10921659134000002
0.10894009364000003
0.10884792784000002
0.10866359616
0.10857143036
0.10838709855999999
0.10783410295999998
0.10755760546
0.10718894187999999
0.10691244407999997
0.10672811237999998
0.1063594485
0.10608295079999998
0.10599078479999997
0.10552995499999998
0.10525345719999998
0.10506912519999999
0.10442396391999999
0.10442396391999999
0.10442396391999999
0.10405530015999999
0.10396313423999999
0.10387096844
0.10377880264000001
0.10368663684000001
0.10368663684000001
0.10341013916000001
0.10313364133999998
0.10304147554
0.10248848025999999
0.10221198226
0.10202765054
0.10193548474
0.10175115292
0.10165898692000001
0.101474655
0.10138248929999998
0.10110599181999998
0.10082949421999998
0.10055299629999999
0.10046083049999999
0.09990783511999998
0.09944700536
0.09926267366
0.09917050773999998
0.09898617591999999
0.09889401011999999
0.09870967821999999
0.09861751230000002
0.09852534650000001
0.09834101477999999
0.09778801946
0.09778801946
0.09760368766
0.09732719
0.09723502408
0.09714285828
0.09695852637999999
0.09677419438
0.09668202858
0.09640553078
0.09631336478
0.09631336478
0.09576036936000001
0.09548387116000001
0.09539170536000001
0.09520737356
0.09502304188
0.09493087588
0.09474654408
0.09447004627999998
0.09428571435999998
0.09428571435999998
0.09419354856
0.09400921686000001
0.09391705105999999
0.0935483874
0.0935483874
0.09317972372
0.09299539182
0.09290322602
0.09271889421999999
0.09262672861999999
0.09244239702000001
0.09225806522
0.09225806512000002
0.09225806512000002
0.09198156732000003
0.09198156732000003
0.09179723552000003
0.09161290372000003
0.09142857212000002
0.09124424042000003
0.09105990830000003
0.09105990830000003
0.09105990830000003
0.09087557650000003
0.09078341058000003
0.09059907900000003
0.09041474700000003
0.09023041510000004
0.09023041510000004
0.09023041510000004
0.08986175120000003
0.08949308740000005
0.08940092140000004
0.08921658970000003
0.08903225810000004
0.08866359482000004
0.08847926312000004
0.08829493144000004
0.08792626784000003
0.08783410194000003
0.08755760406000004
0.08718894056000004
0.08709677464000003
0.08682027714000001
0.08672811124
0.08663594544000003
0.08635944804000002
0.08626728214000004
0.08608295024000003
0.08599078424000002
0.08589861844000003
0.08580645264000003
0.08562212084000002
0.08534562304000001
0.08525345714000002
0.08516129114000001
0.08506912524
0.08497695924000002
0.08488479344000002
0.08479262744000002
0.08479262744000002
0.08479262744000002
0.08479262744000002
0.08433179814000001
0.08405530044000001
0.08405530044000001
0.08387096874000001
0.08341013922
0.08322580741999999
0.08313364141999999
0.08313364141999999
0.08294930942
0.08294930942
0.08285714362
0.08267281192000002
0.08267281192000002
0.08258064602000001
0.08239631422000002
0.08239631422000002
0.08202765102000001
0.08156682152000001
0.08129032368000003
0.08129032378000003
0.08129032378000003
0.08119815778000003
0.08092165998000002
0.08073732808
0.08046083058
0.08027649858000001
0.08009216678000002
0.08000000098000001
0.07990783498000002
0.07972350308000002
0.07972350308000002
0.07935483938000001
0.07935483938000001
0.07926267358000001
0.07917050758000001
0.07907834178
0.07898617588000001
0.07889400988
0.07880184408
0.07880184408
0.07870967814
0.07870967814
0.07870967814
0.07843318034
0.07824884854
0.07815668254000001
0.07815668254000001
0.07806451674
0.07806451674
0.07806451674
0.07815668274000001
0.07815668274000001
0.07815668274000001
0.07815668274000001
0.07815668274000001
0.07815668294000001
0.07815668284
0.07788018510000001
0.07760368728000003
0.07751152128000002
0.07723502350000001
0.07695852580000001
0.076774194
0.07686635990000001
0.07668202810000002
0.07668202810000002
0.07640553060000004
0.07631336468000002
0.07585253546000004
0.07557603746000004
0.07548387156000004
0.07529953986000004
0.07511520812000004
0.07502304222000004
0.07493087622000004
0.07493087622000004
0.07493087622000004
0.07483871022000003
0.07456221252000005
0.07419354894000005
0.07391705124000005
0.07373271938000003
0.07364055358000003
0.07364055358000003
0.07354838768000004
0.07354838768000004
0.07327188998000003
0.07327188998000003
0.07299539218000002
0.07299539218000002
0.07299539218000002
0.07299539218000002
0.07281106058000003
0.07281106058000003
0.07271889458000003
0.07244239698000002
0.07244239698000002
0.07244239698000002
0.07244239698000002
0.07244239698000002
0.07216589918000002
0.07207373328000002
0.07207373328000002
0.07179723558000002
0.07179723558000002
0.07179723558000002
0.07179723558000002
0.07161290378000001
0.07161290378000001
0.07133640604000002
0.07115207424000003
0.07105990844000003
0.07096774244000002
0.07078341064000003
0.07069124464000003
0.07059907864000002
0.07023041474000002
0.06995391714000003
0.06986175114000004
0.06986175114000004
0.06986175114000004
0.06976958524000003
0.06967741924000002
0.06967741924000002
0.06958525324000002
0.06949308744000002
0.06949308744000002
0.06949308744000002
0.06940092144000003
0.06921658974000001
0.06903225784000001
0.06884792594000003
0.06866359434000004
0.06866359434000004
0.06847926244000002
0.06829493064000002
0.06829493064000002
0.06829493064000002
0.06829493064000002
0.06829493064000002
0.06829493064000002
0.06820276480000002
0.06792626734000001
0.06783410144000002
0.06783410144000002
0.06764976974000002
0.06737327214000004
0.06737327214000004
0.06728110624000003
0.06709677434000003
0.06709677434000003
0.06691244264000003
0.06682027684000003
0.06672811094000003
0.06672811094000003
0.06672811094000003
0.06654377924000002
0.06635944744000002
0.06626728144000002
0.06635944744000002
0.06635944744000002
0.06626728154000003
0.06626728154000003
0.06608294982000003
0.06617511562000003
0.06608294970000003
0.06608294970000003
0.06608294970000003
0.06589861790000004
0.06580645200000004
0.06580645200000004
0.06580645200000004
0.06571428610000005
0.06571428610000005
0.06543778826000005
0.06525345646000004
0.06525345646000004
0.06516129056000004
0.06516129056000004
0.06506912456000004
0.06497695868000003
0.06488479268000004
0.06488479268000004
0.06488479268000004
0.06497695848000004
0.06479262688000004
0.06451612918000003
0.06423963154000005
0.06423963158000004
0.06414746568000004
0.06414746548000004
0.06414746548000004
0.06405529968000004
0.06396313378000003
0.06405529968000002
0.06396313378000003
0.06396313378000003
0.06387096778000002
0.06368663588000004
0.06368663588000004
0.06359446998000003
0.06331797238000003
0.06331797238000003
0.06331797238000003
0.06331797238000003
0.06322580648000002
0.06313364058000002
0.06304147468000003
0.06304147468000003
0.06304147468000003
0.06294930888000003
0.06294930898000003
0.06294930898000003
0.06285714304000002
0.06285714304000002
0.06294930904000003
0.06294930904000003
0.06267281134000002
0.06258064554000002
0.06258064554000002
0.06258064554000002
0.06258064540000002
0.06258064540000002
0.062396313600000024
0.062396313600000024
0.06230414760000003
0.06221198170000003
0.062119815900000035
0.06202765000000003
0.06202765000000003
0.06202765000000003
0.062119815900000035
0.062119815900000035
0.062119815900000035
0.062119815900000035
0.062119815900000035
0.06202764990000003
0.061935484000000034
0.06175115216000004
0.06165898626000004
0.06156682026000004
0.06156682026000004
0.06147465432000003
0.06156682022000003
0.061474654220000036
0.06138248842000003
0.06138248842000003
0.06138248842000003
0.06129032256000003
0.06129032256000003
0.06129032256000003
0.06119815656000003
0.06119815656000003
0.06119815656000003
0.06119815656000003
0.06119815656000003
0.06110599062000003
0.061013824720000026
0.061013824720000026
0.060829492980000024
0.06055299538000002
0.06046082948000003
0.06027649768000003
0.06027649754000003
0.06027649754000003
0.06027649754000003
0.06018433160000002
0.05999999986000002
0.05999999986000002
0.05999999986000002
0.05999999986000002
0.060092165760000024
0.059999999860000035
0.059999999860000035
0.059999999860000035
0.05990783396000004
0.05972350216000004
0.05953917046000004
0.05953917046000004
0.05953917046000004
0.05963133640000004
0.05953917054000004
0.05953917054000004
0.05944700474000004
0.05944700474000004
0.05926267294000004
0.059354838840000035
0.059354838840000035
0.05917050704000003
0.05917050704000003
0.05917050704000003
0.05917050704000003
0.05917050704000003
0.05917050704000003
0.059078341140000025
0.05898617524000002
0.05898617524000002
0.05898617524000002
0.05870967750000003
0.05852534576000003
0.05843317986000003
0.05843317986000003
0.05843317986000003
0.05852534580000004
0.058433179900000035
0.05834101400000003
0.05824884810000003
0.05815668230000003
0.05806451640000003
0.05806451640000003
0.05797235046000004
0.05788018452000004
0.05778801862000004
0.05769585272000004
0.05769585272000004
0.05769585272000004
0.057603686920000036
0.05751152102000003
0.05751152102000003
0.05741935512000003
0.057327189220000026
0.057327189220000026
0.05741935512000003
0.05732718922000004
0.05723502336000004
0.05714285750000004
0.057142857500000026
0.057142857500000026
0.057142857500000026
0.05705069150000003
0.056958525600000025
0.056958525600000025
0.056958525600000025
0.056866359740000025
0.05705069154000002
0.056958525640000014
0.056958525640000014
0.056958525640000014
0.056958525640000014
0.05714285748000002
0.05695852568000002
0.05686635964000002
0.05695852554000002
0.05695852554000002
0.05695852554000002
0.05714285738000003
0.05714285738000003
0.05714285738000003
0.05695852558000002
0.05705069144000001
0.056958525540000006
0.056866359640000017
0.05677419370000001
0.05677419370000001
0.05686635960000001
0.05677419370000001
0.05668202776000001
0.05658986182000001
0.05668202762000002
0.05668202762000002
0.05668202762000002
0.05677419348000002
0.05658986174000002
0.056589861700000015
0.056589861700000015
0.05640552996000001
0.05631336410000001
0.05640552996000001
0.05622119830000001
0.05622119830000001
0.05603686646000001
0.05603686646000001
0.05603686646000001
0.055944700560000005
0.055852534700000005
0.055668203000000006
0.055668203000000006
0.0557603689
0.05566820304
0.05566820304
0.05566820304
0.055576037140000006
0.055576037140000006
0.055576037140000006
0.055576037140000006
0.055576037140000006
0.05548387124000001
0.05539170544000001
0.05539170544000001
0.05539170544000002
0.05539170544000002
0.05539170544000002
0.05539170544000002
0.05539170544000002
0.05548387134000001
0.05548387134000001
0.05548387134000001
0.05548387134000001
0.05548387134000001
0.05557603720000001
0.05557603720000001
0.05566820306000001
0.05566820306000001
0.05566820306000001
0.05566820306000001
0.055576037160000015
0.055576037160000015
0.055576037160000015
0.055576037160000015
0.055576037160000015
0.05566820310000002
0.05566820310000002
0.05557603724000002
0.05557603724000002
0.05557603724000002
0.05557603724000002
0.05548387134000002
0.05548387134000002
0.05539170544000003
0.05539170544000003
0.05539170544000003
0.05539170544000003
0.05539170544000003
0.05539170544000003
0.05539170544000003
0.055299539540000026
0.05539170544000003
0.05539170544000003
0.05539170544000003
0.05539170544000003
0.05539170544000003
0.05539170544000003
0.05539170544000003
0.05539170544000003
0.05529953958000003
0.05520737364000003
0.05520737364000003
0.055115207740000026
0.055115207740000026
0.055115207740000026
0.055115207740000026
0.05502304180000003
0.05502304180000003
0.05493087594000003
0.054838710000000034
0.054838710000000034
0.054838710000000034
0.054838710000000034
0.054838710000000034
0.05474654410000004
0.05474654410000004
0.05483870996000004
0.05493087590000004
0.05493087590000004
0.05493087590000004
0.05474654418000003
0.05465437824000004
0.054562212340000034
0.05465437828000004
0.054470046480000034
0.05447004640000004
0.05437788050000004
0.05437788050000004
0.05437788050000004
0.05428571456000004
0.05428571456000004
0.05419354862000004
0.054101382720000035
0.054101382720000035
0.054101382720000035
0.054101382720000035
0.05410138264000003
0.05410138264000003
0.05410138264000003
0.05410138264000003
0.054193548580000035
0.054193548580000035
0.054193548580000035
0.054193548580000035
0.054193548580000035
0.054101382720000035
0.054101382720000035
0.054101382720000035
0.054101382720000035
0.054101382720000035
0.05419354862000003
0.05428571448000003
0.05428571448000003
0.05410138258000004
0.05410138258000004
0.05410138258000004
0.05410138258000004
0.05410138258000004
0.05410138258000004
0.05410138258000004
0.05410138258000004
0.053917050740000035
0.05373271894000003
0.05373271894000003
0.05373271894000003
0.05373271894000003
0.05364055308000003
0.05354838718000003
0.05345622128000004
0.05345622128000004
0.05345622128000004
0.05345622128000004
0.05345622128000004
0.05345622128000004
0.05345622128000004
0.05345622128000004
0.05336405542000004
0.05336405542000004
0.05336405542000004
0.05336405542000004
0.05336405542000004
0.05336405542000004
0.05336405542000004
0.053456221360000035
0.053456221300000044
0.053456221300000044
0.053456221300000044
0.053271889500000044
0.053271889500000044
0.053271889500000044
0.05317972360000004
0.05308755770000004
0.05317972356000004
0.053087557760000036
0.053087557760000036
0.05317972370000004
0.053179723740000046
0.053179723740000046
0.053179723740000046
0.053179723740000046
0.05308755780000004
0.05299539186000003
0.05299539186000003
0.05299539186000003
0.05299539186000003
0.05299539186000003
0.052903225960000036
0.05281106006000003
0.05281106006000003
0.05281106006000003
0.05281106006000003
0.05271889412000004
0.052811059920000035
0.05271889402000004
0.05271889402000004
0.05271889402000004
0.05262672808000004
0.05262672808000004
0.05262672808000004
0.05244239628000003
0.05244239628000003
0.05244239628000003
0.05235023042000003
0.05235023042000003
0.05244239628000003
0.05244239628000003
0.05244239628000003
0.05253456222000003
0.05244239636000003
0.05244239636000003
0.05235023056000004
0.05235023056000004
0.05235023056000004
0.05244239646000003
0.052350230520000034
0.052258064660000034
0.052258064660000034
0.052258064660000034
0.052258064660000034
0.052258064660000034
0.052258064660000034
0.052258064660000034
0.052258064660000034
0.05216589876000003
0.05216589876000003
0.05225806470000003
0.05225806470000003
0.05225806470000003
0.05225806470000003
0.05225806470000003
0.05225806470000003
0.05225806470000003
0.05225806470000003
0.05225806470000003
0.05225806470000003
0.05216589876000003
0.05216589876000003
0.05216589876000003
0.05216589876000003
0.05216589876000003
0.05216589876000003
0.05216589876000003
0.05216589876000003
0.05216589876000003
0.05216589876000003
0.05225806466000003
0.05225806466000003
0.05225806466000003
0.05225806466000003
0.05225806466000003
0.05225806466000003
0.05225806466000003
0.05225806466000003
0.05225806466000003
0.05225806466000003
0.05216589880000003
0.05216589880000003
0.05216589880000003
0.05216589880000003
0.05216589880000003
0.05216589880000003
0.05216589880000003
0.05216589880000003
0.05216589880000003
0.05207373290000003
0.05207373290000003
0.05207373290000003
0.052073732820000024
0.05225806462000003
0.05225806462000003
0.05225806462000003
0.05225806462000003
0.05235023048000003
0.05235023048000003
0.05235023048000003
0.05235023048000003
0.05235023048000003
0.05235023048000003
0.05235023048000003
0.05235023048000003
0.05235023048000003
0.05225806458000003
0.05225806458000003
0.05225806458000003
0.05235023048000002
0.05235023048000002
0.05235023048000002
0.05235023048000002
0.05235023048000002
0.05235023048000002
0.05235023048000002
0.05225806462000002
0.05225806462000002
0.05225806462000002
0.05235023048000002
0.05235023048000002
0.05235023048000002
0.05235023048000002
0.05235023048000002
0.05235023048000002
0.05225806458000002
0.05225806458000002
0.05225806458000002
0.05225806458000002
0.05225806458000003
0.05225806458000003
0.05225806458000003
0.05225806458000003
0.05225806458000003
0.05225806458000003
0.05225806458000003
0.05225806458000003
0.05225806458000003
0.05225806458000003
0.05225806458000003
0.05225806458000003
0.05225806458000003
0.05225806458000003
0.05225806458000003
0.05225806458000003
0.05216589872000003
0.05216589872000003
0.05216589872000003
0.05216589872000003
0.05216589872000003
0.05216589872000003
0.05216589872000003
0.05216589872000003
0.05216589872000003
0.05216589872000003
0.05207373286000003
0.05207373286000003
0.05207373286000003
0.05207373286000003
0.05207373286000003
0.05207373286000003
0.05207373286000003
0.05207373286000003
0.05207373286000003
0.05207373286000003
0.05207373286000003
0.05207373286000003
0.05198156700000003
0.05198156700000003
0.05207373294000003
0.05207373294000003
0.05207373294000003
0.05207373294000003
0.05207373294000003
0.05188940114000003
0.05188940114000003
0.051797235240000024
0.051797235240000024
0.051797235240000024
0.051797235240000024
0.051797235240000024
0.051797235240000024
0.051797235240000024
0.051797235240000024
0.051797235240000024
0.051797235240000024
0.051797235240000024
0.051797235240000024
0.051797235240000024
0.051797235240000024
0.051797235240000024
0.051797235240000024
0.051797235240000024
0.051797235240000024
0.051797235240000024
0.051889401100000024
0.051889401100000024
0.05179723520000002
0.05179723520000002
0.05179723520000002
0.05179723520000002
0.05179723520000002
0.05179723520000002
0.05170506926000003
0.05170506926000003
0.05170506926000003
0.05179723512000003
0.05179723512000003
0.05179723512000003
0.05179723512000003
0.05179723512000003
0.05179723512000003
0.05179723512000003
0.05179723512000003
0.05179723512000003
0.05188940102000003
0.05188940102000003
0.05179723512000003
0.05179723512000003
0.05179723512000003
0.05179723512000003
0.05179723512000003
0.05179723512000003
0.05170506918000003
0.051612903280000025
0.051612903280000025
