0.5232258112000001
0.12267281176000001
0.10175115271999999
0.08884792696000003
0.07824884820000001
0.07105990866000002
0.06442396338000003
0.060645161280000026
0.05705069186000002
0.055576037
0.055115207500000006
0.05483870988
0.054377880460000035
0.05428571428000004
0.05336405552000002
0.05364055322000003
0.05419354866000003
0.05382488528000003
0.05410138294000002
0.05391705110000002
0.05456221256000001
0.05483871026
0.05520737362000002
0.05566820308000001
0.056129032420000016
0.05640553006000002
0.05668202796000002
0.057235023360000026
0.05760368690000003
0.05806451616000003
0.058248848000000034
0.058433179800000026
0.05889400926000003
0.05907834100000002
0.05926267280000002
0.05944700464000002
0.059815668120000026
0.06036866354000001
0.06036866354000001
0.06055299534000001
0.06082949300000002
0.06092165894000002
0.061013824740000014
0.061105990540000016
0.06119815654000002
0.06119815654000002
0.06129032244000002
0.061382488240000026
0.06147465414000003
0.061843317540000026
0.06230414710000003
0.06248847900000003
0.06258064500000003
0.06285714260000003
0.06304147450000003
0.06331797214000001
0.06341013804000001
0.06359446984
0.06377880174000002
0.06387096754000002
0.06396313348000002
0.06405529928000002
0.06414746508000002
0.06414746518000002
0.06442396278000002
0.06433179678000002
0.06442396258000002
0.06451612848000003
0.06470046028000004
0.06488479198000004
0.06488479178000003
0.06488479178000003
0.06497695758000005
0.06506912338000005
0.06516128938000004
0.06506912358000004
0.06534562134000005
0.06534562134000005
0.06534562134000005
0.06525345554000003
0.06543778734000003
0.06534562154000002
0.06525345564000001
0.06525345564000001
0.06543778724000002
0.06543778728000002
0.06543778728000002
0.06543778728000002
0.06543778728000002
0.06543778728000002
0.06552995308000002
0.06552995308000002
0.06562211898000002
0.06571428488000003
0.06571428488000003
0.06589861658000003
0.06580645058000002
0.06571428458000002
0.06571428458000002
0.06571428458000002
0.06571428458000002
0.06571428448000002
0.06580645042000004
0.06571428462000002
0.06571428462000002
0.06571428462000002
0.06571428456000002
0.06552995296000003
0.06552995296000003
0.06543778716000002
0.06534562126000003
0.06543778716000002
0.06562211916000002
0.06562211916000002
0.06571428492000002
0.06571428492000002
0.06571428492
0.06571428492
0.06580645092000002
0.06589861682000002
0.06589861682000002
0.06580645102
0.06571428502000001
0.06571428502000001
0.06562211912000002
0.06552995312000001
0.06543778722
0.06534562142
0.06534562142
0.06534562152
0.06534562152
0.06543778732
0.06534562152000001
0.06534562152000001
0.06552995346000001
0.06552995336000002
0.06552995336000002
0.06543778736000001
0.06525345566000001
0.0652534557
0.0653456216
0.0653456216
0.0652534556
0.0651612897
0.0650691239
0.064976958
0.064976958
0.0648847922
0.0648847922
0.0647926263
0.0647926263
0.06470046039999999
0.0645161287
0.0647004604
0.0647004604
0.06470046039999999
0.06470046039999999
0.0647926263
0.0647004605
0.0647004605
0.0646082947
0.0646082947
0.0645161287
0.0645161287
0.0644239628
0.0645161288
0.064423963
0.064423963
0.0645161288
0.0645161288
0.0645161288
0.0646082946
0.0646082946
0.06470046046
0.06479262620000001
0.06479262620000001
0.06479262620000001
0.06479262616
0.06479262616
0.06470046036
0.06460829456
0.06460829456
0.06451612866
0.06460829446000001
0.06442396266
0.06433179676
0.06433179676
0.06433179676
0.06433179686000001
0.06442396276000001
0.064331797
0.06423963110000001
0.06423963110000001
0.0641474653
0.06414746536
0.06414746536
0.06396313376
0.06396313376
0.06387096786
0.06377880206
0.06368663616
0.06359447036
0.06331797246000001
0.06331797255999999
0.06331797246
0.06313364056000001
0.06313364056000001
0.06322580646000002
0.06322580646000002
0.06304147462000001
0.06294930872000001
0.06304147466000003
0.06294930876000003
0.06304147466000004
0.06294930886000003
0.06294930886000003
0.06276497696000001
0.06267281102000002
0.06258064512000003
0.06248847922000003
0.062488479220000025
0.06239631332000002
0.06239631342000003
0.06248847922000003
0.06248847922000003
0.06248847922000003
0.06258064502000003
0.06258064496000003
0.06267281086000004
0.06267281086000004
0.06258064496000003
0.06248847912000003
0.06248847912000003
0.06239631332000003
0.06239631332000003
0.06239631332000002
0.06239631332000002
0.06248847922000001
0.06248847908000002
0.06258064498000002
0.062488479220000025
0.06258064502000002
0.06258064502000002
0.06258064502000002
0.06258064502000002
0.06258064502000002
0.06239631312000002
0.06239631312000002
0.062304147120000014
0.062304147120000014
0.062304147120000014
0.062304147120000014
0.062304147120000014
0.062304147120000014
0.062304147120000014
0.06221198132000001
0.06221198132000001
0.06221198132000001
0.062027649520000026
0.06202764948000002
0.06193548358000003
0.06193548358000003
0.06193548358000003
0.06193548358000003
0.06184331758000003
0.06184331758000003
0.06184331758000003
0.06184331758000003
0.06193548338000003
0.06193548338000003
0.06193548338000003
0.062027649280000034
0.06211981518000004
0.06211981518000004
0.062027649280000034
0.062027649280000034
0.06193548338000003
0.06193548338000003
0.06202764928000002
0.06202764928000002
0.06211981522000002
0.062211981220000025
0.06230414712000003
0.06239631306000002
0.06239631306000002
0.06239631306000002
0.06258064496000003
0.06248847906000003
0.06258064496000003
0.06258064496000003
0.06258064496000003
0.06258064496000003
0.06258064496000003
0.06248847906000003
0.06267281096000005
0.06267281096000005
0.06276497696000004
0.06285714286000003
0.06285714286000003
0.06304147466000004
0.06304147466000004
0.06304147466000004
0.06304147466000004
0.06304147466000004
0.06294930876000004
0.06285714282000004
0.06276497702000004
0.06276497702000004
0.06276497702000004
0.06294930882000004
0.06294930882000004
0.06294930882000004
0.06285714292000004
0.06294930892000004
0.06294930892000004
0.06294930892000004
0.06304147482000005
0.06304147482000005
0.06304147482000005
0.06313364072000004
0.06322580662000003
0.06322580662000003
0.06322580662000003
0.06313364082000003
0.06313364082000003
0.06313364082000003
0.06322580672000003
0.06322580672000003
0.06304147492000003
0.06294930902000004
0.06304147502000003
0.06313364096000003
0.06331797276000002
0.06331797276000002
0.06331797276000004
0.06341013866000003
0.06331797276000004
0.06331797276000004
0.06331797276000004
0.06331797276000004
0.06350230446000003
0.06368663626000004
0.06377880226000004
0.06377880226000004
0.06377880226000004
0.06377880226000004
0.06368663636000005
0.06350230456000004
0.06350230456000004
0.06350230456000004
0.06350230456000004
0.06350230456000004
0.06350230456000004
0.06350230456000004
0.06350230456000004
0.06350230456000004
0.06350230456000004
0.06350230456000004
0.06350230456000004
0.06359447046000004
0.06359447046000004
0.06359447036000004
0.06359447036000004
0.06368663616000003
0.06368663616000003
0.06359447026000004
0.06359447026000004
0.06377880206000004
0.06368663606000005
0.06368663606000005
0.06359447026000004
0.06359447026000004
0.06359447026000004
0.06359447026000004
0.06359447026000004
0.06359447026000004
0.06359447026000004
0.06377880206000004
0.06377880206000004
0.06368663606000005
0.06368663606000005
0.06350230436000004
0.06350230436000004
0.06359447036000004
0.06359447036000004
0.06368663616000005
0.06359447026000004
0.06368663626000004
0.06368663626000004
0.06350230442000003
0.06341013852000005
0.06341013852000005
0.06350230442000004
0.06350230442000004
0.06359447032000004
0.06359447032000004
0.06350230442000004
0.06350230442000004
0.06359447022000005
0.06359447022000005
0.06359447022000005
0.06359447022000005
0.06341013852000005
0.06341013852000005
0.06341013852000005
0.06341013852000005
0.06341013852000005
0.06341013852000005
0.06341013852000005
0.06350230432000005
0.06350230432000005
0.06350230432000005
0.06350230432000005
0.06350230432000005
0.06377880196000005
0.06377880196000005
0.06387096796000005
0.06387096796000005
0.06396313396000004
0.06396313396000004
0.06405529986000004
0.06405529986000004
0.06405529986000004
0.06405529986000004
0.06396313386000003
0.06396313386000003
0.06387096786000004
0.06387096786000004
0.06377880196000003
0.06377880196000003
0.06387096796000004
0.06396313396000004
0.06396313406000004
0.06396313406000004
0.06396313406000004
0.06396313406000004
0.06405529996000003
0.06405529996000003
0.06405529996000003
0.06414746586000003
0.06423963176000004
0.06414746576000004
0.06423963166000003
0.06433179756000003
0.06433179756000003
0.06433179756000003
0.06423963166000003
0.06414746586000003
0.06405529996000003
0.06405529996000003
0.06405529996000003
0.06405529996000003
0.06423963176000003
0.06423963176000003
0.06433179766000002
0.06433179766000002
0.06423963176000003
0.06423963176000003
0.06423963176000001
0.06423963176000001
0.06433179766000001
0.06433179766000001
0.06423963166000002
0.06423963166000002
0.06423963166000002
0.06433179766000002
0.06433179766000002
0.06442396356000002
0.06442396356000002
0.06442396356000002
0.06442396356000002
0.06451612936000002
0.06451612936000002
0.06460829526000002
0.06460829526000002
0.06470046106000002
0.06470046106000002
0.06470046106000002
0.06470046106000002
0.06470046106000002
0.06479262696000002
0.06488479286000001
0.06488479286000001
0.06488479286000001
0.06488479286000001
0.06488479286000001
0.06488479286000001
0.06488479286000001
0.06488479286000001
0.06506912456000001
0.06506912456000001
0.06506912456000001
0.06516129036000001
0.06516129036000001
0.06516129036000001
0.06516129036000001
0.06525345626000002
0.06525345626000002
0.06525345626000002
0.06534562216
0.06534562216
0.06525345626000001
0.06516129046000001
0.06525345636
0.06525345636
0.06525345636
0.06534562226
0.06534562226
0.06534562226
0.06525345646
0.06525345646
0.06534562236000001
0.06534562236000001
0.06534562236000001
0.06534562236000001
0.06534562236000001
0.06525345646
0.06525345646
0.06534562246
0.06534562256
0.06534562256
0.06534562256
0.06534562256
0.06534562256
0.06534562256
0.06534562256
0.06534562256
0.06525345666
0.06525345666
0.06525345666
0.06525345666
0.06525345666
0.06525345666
0.06525345666
0.06525345666
0.06534562256
0.06534562256
0.06543778846
0.06543778846
0.06543778846
0.06543778846
0.06543778846
0.06543778846
0.06543778846
0.06543778846
0.06543778846
0.06543778846
0.06543778846
0.06543778846
0.06543778846
0.06552995436
0.06562212025999999
0.06562212025999999
0.06562212025999999
0.06562212025999999
0.06580645205999999
0.06580645205999999
0.06580645205999999
0.06580645205999999
0.06589861795999999
0.06589861795999999
0.06589861795999999
0.06589861795999999
0.06589861795999999
0.06599078385999999
0.06599078385999999
0.06599078385999999
0.06599078385999999
0.06599078385999999
0.06599078385999999
0.06599078385999999
0.06589861805999998
0.06589861805999998
0.06589861805999998
0.06589861805999998
0.06589861805999998
0.06589861805999998
0.06589861805999998
0.06589861805999998
0.06589861819999998
0.06589861819999998
0.06580645239999998
0.06589861819999998
0.06589861819999998
0.06589861819999998
0.06589861819999998
0.06580645239999998
0.06580645239999998
0.06580645239999998
0.06580645239999998
0.06580645239999998
0.06589861839999998
0.06589861839999998
0.06589861839999998
0.06589861839999998
0.06580645249999999
0.06580645249999999
0.0658986184
0.0659907842
0.0659907842
0.0659907842
0.0659907842
0.0659907842
0.0660829501
0.0660829501
0.0661751159
0.0661751159
0.0661751159
0.0662672817
0.0662672817
0.0662672817
0.0662672817
0.0662672817
0.0662672817
0.0662672817
0.0662672817
0.0662672817
0.0662672817
0.0662672817
0.06635944760000001
0.0664516135
0.0664516135
0.0664516135
0.0664516135
0.0664516135
0.0664516135
0.0664516135
0.0664516135
0.06654377930000001
0.06654377930000001
0.06654377930000001
0.06654377930000001
0.06654377930000001
0.06654377930000001
0.06654377930000001
0.06654377930000001
0.06654377930000001
0.06654377930000001
0.06654377930000001
0.06654377930000001
0.06663594530000001
0.06663594530000001
0.06663594530000001
0.06663594530000001
0.06663594530000001
0.06672811120000001
0.06663594540000001
0.06663594540000001
0.06663594540000001
0.06663594530000001
0.06663594530000001
0.06663594530000001
0.06663594530000001
0.06663594530000001
0.06672811110000001
0.06672811110000001
0.06672811110000001
0.06682027710000002
0.06691244290000002
0.06691244290000002
0.06691244290000002
0.06691244290000002
0.06691244290000002
0.06700460880000002
0.06700460880000002
0.06700460880000002
0.06700460880000002
0.06700460880000002
0.06700460880000002
0.06682027690000002
0.06682027690000002
0.06682027690000002
0.06682027690000002
0.06682027690000002
0.06682027690000002
0.06682027690000002
0.06682027690000002
0.06691244280000001
0.06691244280000001
0.06700460870000001
0.06691244270000002
0.06691244270000002
0.06691244270000002
0.06691244270000002
0.06691244270000002
0.06700460860000002
0.06700460860000002
0.06691244280000001
0.06700460860000002
0.06700460860000002
0.06700460860000002
0.06700460860000002
0.06700460860000002
0.06700460860000002
0.06700460850000002
0.06709677440000002
0.06709677440000002
0.06709677430000001
0.06709677430000001
0.06709677430000001
0.06709677430000001
0.06709677430000001
0.06718894030000001
0.06718894030000001
0.06718894030000001
0.06718894030000001
0.06718894030000001
0.06718894030000001
0.06718894030000001
0.06718894030000001
0.06728110620000001
0.06737327210000002
0.06737327210000002
0.06737327210000002
0.06737327210000002
0.06737327210000002
0.06737327210000002
0.06737327210000002
0.06737327210000002
0.06737327210000002
0.06737327210000002
0.06737327210000002
0.06737327210000002
0.06737327210000002
0.06746543800000002
0.06746543800000002
0.06746543800000002
0.06746543800000002
0.06746543800000002
0.06755760390000001
0.06774193580000001
0.06774193580000001
0.06764977000000001
0.06755760410000002
0.06755760410000002
0.06755760410000002
0.06755760410000002
0.06755760410000002
0.06755760410000002
0.06755760410000002
0.06755760410000002
0.06755760410000002
0.06755760410000002
0.06755760410000002
0.0674654382
0.0674654382
0.06755760410000002
0.06755760410000002
0.06755760410000002
0.06755760410000002
0.06755760410000002
0.06755760410000002
0.06755760410000002
0.06755760410000002
0.06755760410000002
0.06755760410000002
0.06755760410000002
0.06755760410000002
0.06755760410000002
0.06764976996000001
0.06764976996000001
0.06764976986
0.06755760406
0.06755760406
0.06755760406
0.06755760406
0.06755760406
0.06755760406
0.06755760406
0.06755760406
0.06755760406
0.06755760406
0.06755760406
0.06755760406
0.06755760406
0.06755760406
0.06755760406
0.06746543806
0.06746543806
0.06746543806
0.06746543806
0.06746543806
0.06755760396
0.06755760396
0.06755760396
0.06755760396
0.06755760396
0.06755760396
0.06764976996000001
0.06764976996000001
0.06774193576000001
0.06774193576000001
0.06774193576000001
0.06764976982
0.06764976982
0.06764976982
0.06764976982
0.06764976982
0.06764976982
0.06764976982
0.06774193572000001
0.06764976982
0.06764976982
0.06764976982
0.06764976982
0.06764976982
0.06764976982
0.06764976982
0.06764976982
0.06764976982
0.06764976982
0.06764976982
0.06764976982
0.06764976982
0.06764976982
0.06764976982
0.06764976982
0.06764976982
0.06774193562000001
0.06774193562000001
0.06774193562000001
0.06774193562000001
0.06774193562000001
0.06774193562000001
0.06774193562000001
0.06774193562000001
0.06774193562000001
0.06774193562000001
0.06783410152
0.06783410152
0.06783410152
0.06783410152
0.06783410152
0.06783410152
0.06783410152
0.06783410152
0.06783410152
0.06792626742
0.06783410162
0.06783410162
0.06783410162
0.06792626752000001
0.06792626752000001
0.06801843342000001
0.06801843342000001
0.06811059922000001
0.06811059922000001
0.06811059922000001
0.06811059922000001
0.06801843342000001
0.06820276522
0.06820276522
0.06820276522
0.06811059942000001
0.06811059942000001
0.06811059942000001
0.06811059942000001
0.06811059942000001
0.06811059942000001
0.06811059942000001
0.06811059942000001
0.06811059942000001
0.06820276522
0.06820276522
0.06820276522
0.06811059932
0.06811059932
0.06811059932
0.06811059932
0.06811059932
0.06811059932
0.06811059932
0.06811059932
0.06801843342000001
0.06811059922
0.06820276512000001
0.06820276512000001
0.06820276512000001
0.06820276512000001
0.06820276512000001
0.06829493112000001
0.06829493112000001
0.06829493112000001
0.06829493112000001
0.06838709712
0.06838709712
0.06838709712
0.06838709712
0.06847926302000001
0.06857142892000001
0.06857142892000001
0.06857142892000001
0.06857142892000001
0.06857142892000001
0.06857142892000001
0.06847926302000001
0.06847926302000001
0.06857142896000001
0.06857142896000001
0.06857142896000001
0.06857142896000001
0.06866359486000001
0.06866359486000001
0.06866359486000001
0.06866359486000001
0.06866359486000001
0.06866359486000001
0.06866359486000001
0.06866359486000001
0.06866359486000001
0.06857142896
0.06857142896
0.06857142896
0.06857142896
0.06857142896
0.06866359486000001
0.06866359486000001
0.06866359486000001
0.06875576076
0.06875576076
0.06884792676000001
0.06884792676000001
0.06884792676000001
0.06884792676000001
0.06884792676000001
0.06884792676000001
0.06884792676000001
0.06884792676000001
0.06884792676000001
0.06884792676000001
0.06884792676000001
0.06884792676000001
0.06884792676000001
0.06884792676000001
0.06884792676000001
0.06894009276
0.06894009276
0.06894009276
0.06894009276
0.06903225866000001
0.06903225866000001
0.06894009276000002
0.06894009276000002
0.06894009276000002
0.06894009276000002
0.06894009276000002
0.06894009276000002
0.06903225866000001
0.06903225866000001
0.06903225866000001
0.06903225866000001
0.06903225866000001
0.06903225866000001
0.06903225866000001
0.06903225866000001
0.06903225866000001
0.06903225866000001
0.06903225866000001
0.06903225866000001
0.06903225866000001
0.06903225866000001
0.06903225866000001
0.06903225866000001
0.06903225866000001
0.06903225866000001
0.06903225866000001
0.06903225866000001
0.06903225866000001
0.06912442466
0.06912442466
0.06912442466
0.06912442466
0.06912442466
0.06921659056
0.06921659056
0.06921659056
0.06921659056
0.06921659056
0.06912442476000001
0.06912442476000001
0.06912442476000001
0.06912442476000001
0.06912442476000001
0.06912442476000001
0.06912442476000001
0.06912442476000001
0.06912442476000001
0.06912442476000001
0.06912442476000001
0.06903225896000001
0.06912442486
0.06912442486
0.06912442486
0.06912442486
0.06921659086000001
0.06921659086000001
0.06921659086000001
0.06930875686000001
0.06930875686000001
0.06930875686000001
0.06930875686000001
