0.5242396432
0.20921658951999997
0.12884792675999998
0.11142857235999999
0.10285714272000002
0.09410138334000002
0.08903225856000002
0.08368663656000001
0.07889401022000005
0.07382488578000004
0.06986175140000003
0.06691244314
0.06322580638000003
0.06129032244000002
0.05815668226000002
0.05677419356000004
0.05576036872000003
0.05502304176000003
0.054562212299999996
0.05419354874000001
0.05400921676000001
0.05327188976
0.05281106010000001
0.05235023044
0.05225806450000001
0.05216589872000001
0.051797235080000004
0.05161290352000001
0.051889401099999996
0.05170506946
0.05170506934000001
0.051705069340000014
0.05152073758000001
0.05115207410000002
0.051336405940000024
0.05096774238000002
0.050783410540000025
0.05105990820000002
0.051059908160000014
0.05096774222000001
0.05087557636000001
0.050967742220000015
0.05105990804000002
0.05115207390000002
0.05124423976000002
0.051612903400000014
0.051797235120000014
0.05225806458000001
0.05207373274000001
0.05216589864000001
0.0521658986
0.05225806454000001
0.05225806454000001
0.05244239634000001
0.05262672814000001
0.05281105998
0.05281105994000001
0.05299539174
0.05317972354
0.053179723580000005
0.05317972348
0.05317972348
0.05317972340000001
0.05317972340000001
0.05336405516
0.05345622102
0.05373271880000001
0.053824884640000015
0.054009216440000014
0.05410138238000002
0.05410138238000002
0.05428571422000001
0.054562211960000016
0.05465437790000001
0.05483870978000002
0.055207373240000024
0.055207373240000024
0.055207373240000024
0.05548387102000003
0.05548387102000003
0.05557603688000003
0.05594470048000003
0.05594470048000003
0.056221198220000025
0.05640552992000004
0.05640552992000004
0.05631336398000003
0.05649769584000003
0.05668202754000003
0.05695852524000003
0.05695852524000003
0.05723502298000004
0.05732718884000004
0.05751152068000003
0.05751152068000003
0.05751152068000003
0.05760368658000003
0.05760368658000003
0.057788018380000035
0.05788018432000003
0.05806451616000003
0.058248848000000034
0.058248848000000034
0.058248848000000034
0.05834101390000004
0.05852534570000002
0.058709677540000026
0.05880184344000003
0.05880184344000003
0.05889400934000002
0.05917050694000002
0.05926267288000002
0.05935483878000002
0.059447004580000025
0.05963133642000003
0.05972350232000002
0.05981566826000002
0.05990783416000003
0.05999999996000003
0.05999999996000003
0.06018433166000002
0.06027649760000003
0.06027649760000003
0.06027649750000004
0.06036866344000003
0.06036866344000003
0.06064516108000003
0.06082949288000004
0.06101382474000003
0.06101382474000003
0.06110599054000003
0.06119815644000003
0.06129032234000003
0.06156681994000003
0.06165898588000004
0.06175115168000004
0.061843317580000036
0.06202764938000003
0.062119815380000026
0.062119815380000026
0.062304147080000025
0.06239631298000003
0.06239631298000003
0.06248847888000003
0.06248847888000003
0.06248847888000003
0.06258064478000003
0.06258064478000003
0.06258064478000003
0.06258064478000003
0.06267281068000002
0.06276497658000002
0.06276497668000001
0.06276497668000001
0.06285714258000002
0.06285714258000002
0.06285714258000002
0.06294930848000002
0.06294930848000002
0.06304147448000003
0.06313364038000001
0.06322580628000002
0.06331797208000002
0.06368663576000003
0.06368663576000003
0.06368663576000003
0.06359446982000003
0.06359446982000003
0.06359446982000003
0.06359446982000003
0.06359446982000003
0.06368663572000002
0.06368663572000002
0.06377880162000002
0.06377880162000002
0.06377880162000002
0.06377880162000002
0.06396313332000002
0.06396313332000002
0.06396313332000002
0.06396313332000002
0.06396313332000002
0.06405529922000001
0.06414746512000001
0.06414746512000001
0.06423963092000001
0.06433179682000001
0.06442396262000001
0.06442396262000001
0.06442396262000001
0.06451612862000002
0.06451612862000002
0.06451612862000002
0.06451612862000002
0.06451612862000002
0.06451612862000002
0.06451612862000002
0.06460829442000002
0.06460829442000002
0.06470046032000001
0.06470046032000001
0.06470046032000001
0.06470046032000001
0.06479262626000001
0.06479262626000001
0.06479262626000001
0.06488479216000001
0.06488479216000001
0.06479262626000001
0.06479262626000001
0.06488479216000002
0.06497695796000003
0.06497695796000003
0.06506912386000002
0.06506912386000002
0.06506912386000002
0.06516128986000003
0.06516128986000003
0.06516128986000003
0.06506912392000003
0.06506912392000003
0.06506912392000003
0.06525345572000002
0.06552995362000001
0.06552995362000001
0.06552995362000001
0.06552995362000001
0.06543778772000003
0.06552995366000001
0.06552995366000001
0.06552995366000001
0.06552995366000001
0.06552995366000001
0.06552995366000001
0.06552995366000001
0.06543778786000001
0.06543778786000001
0.06562211956000001
0.06571428536000001
0.06562211946000002
0.06562211946000002
0.06543778766000002
0.06534562176000003
0.06516128986000003
0.06516128986000003
0.06506912406000002
0.06506912406000002
0.06506912406000002
0.06516128996000002
0.06516128996000002
0.06525345596000003
0.06516129006000003
0.06516129006000003
0.06506912426000003
0.06516129026000003
0.06516129026000003
0.06516129026000003
0.06516129026000003
0.06516129026000003
0.06516129026000003
0.06516129026000003
0.06525345616000003
0.06525345616000003
0.06525345616000003
0.06525345616000003
0.06525345616000003
0.06525345616000003
0.06516129036000003
0.06516129036000003
0.06525345616000003
0.06534562226000003
0.06525345636000003
0.06525345636000003
0.06525345636000003
0.06516129046000003
0.06516129046000003
0.06525345626000004
0.06525345626000004
0.06516129046000003
0.06516129046000003
0.06516129046000003
0.06497695876000002
0.06497695876000002
0.06506912476000003
0.06497695876000002
0.06497695876000002
0.06497695876000002
0.06497695876000002
0.06506912476000001
0.06506912476000001
0.06506912476000001
0.06506912476000001
0.06516129056000003
0.06506912466000003
0.06506912466000003
0.06479262706000004
0.06479262706000004
0.06479262706000004
0.06488479296000003
0.06488479296000003
0.06479262706000004
0.06497695876000004
0.06488479282000002
0.06488479282000002
0.06488479282000002
0.06488479282000002
0.06488479282000002
0.06479262692000004
0.06479262692000004
0.06488479282000004
0.06488479282000004
0.06488479282000004
0.06479262682000003
0.06479262682000003
0.06479262682000003
0.06460829512000003
0.06460829512000003
0.06460829512000003
0.06451612922000004
0.06442396332000003
0.06433179742000003
0.06433179742000003
0.06433179742000003
0.06423963142000003
0.06414746552000002
0.06405529972000001
0.06396313372000001
0.06387096792000001
0.06396313382000002
0.06396313382000002
0.06396313382000002
0.06396313382000002
0.06405529972000001
0.06405529972000001
0.06405529972000001
0.06396313382000002
0.06405529972000001
0.06405529972000001
0.06396313382000002
0.06396313382000002
0.06387096792000002
0.06396313382000002
0.06396313382000002
0.06396313382000002
0.06396313382000002
0.06396313382000002
0.06387096782000003
0.06377880192000002
0.06377880192000002
0.06368663612000001
0.06377880212000002
0.06377880212000002
0.06377880212000002
0.06368663612000001
0.06359447012000002
0.06359447012000002
0.06350230422000003
0.06359447002000003
0.06359447002000003
0.06359447002000003
0.06350230412000003
0.06350230412000003
0.06350230412000003
0.06331797222000005
0.06331797222000005
0.06322580632000004
0.06322580632000004
0.06313364042000004
0.06313364042000004
0.06313364042000004
0.06313364042000004
0.06313364042000004
0.06313364042000004
0.06313364042000004
0.06304147452000004
0.06313364042000004
0.06313364042000004
0.06304147452000003
0.06313364042000003
0.06304147452000003
0.06304147452000003
0.06304147452000003
0.06304147452000003
0.06304147452000003
0.06304147452000003
0.06294930858000003
0.06294930858000003
0.06294930858000003
0.06294930858000003
0.06294930858000003
0.06294930858000003
0.06294930858000003
0.06294930858000003
0.06294930858000003
0.06285714268000002
0.06285714268000002
0.06285714268000002
0.06285714268000002
0.06304147458000002
0.06304147458000002
0.06304147458000002
0.06294930868000002
0.06294930868000002
0.06285714288000004
0.06285714302000002
0.06285714302000002
0.06285714302000002
0.06276497716000003
0.06267281136000002
0.06267281136000002
0.06258064556000002
0.06248847966000002
0.06248847966000002
0.06248847966000002
0.06248847966000002
0.06248847966000002
0.06258064560000003
0.06248847970000002
0.06239631380000003
0.06230414790000004
0.06230414790000004
0.06230414790000004
0.06230414790000004
0.062211982000000034
0.062119816060000034
0.06221198196000003
0.06221198196000003
0.062119816060000034
0.062027650160000045
0.062027650160000045
0.06193548422000004
0.06193548422000004
0.06193548422000004
0.06193548422000004
0.06184331832000004
0.06184331832000004
0.06184331832000004
0.06184331832000004
0.061935484220000045
0.06184331832000004
0.06175115252000004
0.06175115252000004
0.06165898652000004
0.06165898652000004
0.06165898652000004
0.06165898652000004
0.06165898652000004
0.061566820620000046
0.06165898642000005
0.06175115232000004
0.061658986380000044
0.061658986380000044
0.061751152180000046
0.061751152180000046
0.061751152180000046
0.061751152180000046
0.06184331808000004
0.061566820240000035
0.061566820240000035
0.061566820240000035
0.061474654340000046
0.061474654340000046
0.061474654340000046
0.061474654340000046
0.061382488480000046
0.061382488480000046
0.06138248858000003
0.06138248858000003
0.06138248858000003
0.06138248858000003
0.06138248858000003
0.061474654480000036
0.061474654480000036
0.061474654480000036
0.06156682038000003
0.06156682038000003
0.06156682038000003
0.06156682038000003
0.06156682038000003
0.06156682038000003
0.06156682038000003
0.06156682038000003
0.06156682038000003
0.06156682038000003
0.061382488680000034
0.06129032278000003
0.06129032278000003
0.061198156780000026
0.061198156780000026
0.061198156780000026
0.06129032258000003
0.06129032258000003
0.06129032258000003
0.06129032258000003
0.06129032258000003
0.06129032258000003
0.06129032258000003
0.06129032258000003
0.06138248848000003
0.06138248848000003
0.06138248848000003
0.06138248848000003
0.06147465438000003
0.06156682028000003
0.06156682028000003
0.061658986180000035
0.061658986180000035
0.061658986180000035
0.061658986180000035
0.06156682028000004
0.06156682028000004
0.06156682028000004
0.06156682028000004
0.061474654380000035
0.061474654380000035
0.061474654380000035
0.06138248858000003
0.06129032258000004
0.06129032258000004
0.061290322540000046
0.061382488480000046
0.061382488480000046
0.061382488480000046
0.061382488480000046
0.061382488480000046
0.061382488480000046
0.061382488480000046
0.061382488480000046
0.061382488480000046
0.061474654380000035
0.061474654380000035
0.06138248848000003
0.06138248848000003
0.06138248848000003
0.06138248848000003
0.06138248848000003
0.06138248848000003
0.06138248848000003
0.061474654380000035
0.06129032244000004
0.061198156640000036
0.06129032258000003
0.06129032258000003
0.06129032258000003
0.06129032258000003
0.06129032258000003
0.06138248848000003
0.06138248848000003
0.06129032268000003
0.06129032268000003
0.06129032268000003
0.06129032268000003
0.06129032268000003
0.06129032268000003
0.06129032268000003
0.06129032268000003
0.06129032268000003
0.06119815674000002
0.06119815674000002
0.06110599094000002
0.06101382504000002
0.06101382504000002
0.06101382504000002
0.06101382504000002
0.06101382504000002
0.060921659140000015
0.060921659140000015
0.060921659140000015
0.060921659140000015
0.060921659140000015
0.060552995640000024
0.060552995640000024
0.060552995640000024
0.060552995640000024
0.06046082974000002
0.06046082974000002
0.06046082974000002
0.06046082974000002
0.06046082974000002
0.06046082974000002
0.06055299554000002
0.06055299554000002
0.060460829640000026
0.060460829640000026
0.06036866374000003
0.06036866374000003
0.06055299554000003
0.06046082974000003
0.06046082974000003
0.06046082974000003
0.06046082984000003
0.06046082984000003
0.06046082984000003
0.06046082984000003
0.06046082984000003
0.06046082984000003
0.060368663940000025
0.060460829840000015
0.060460829840000015
0.060368663940000025
0.06027649804000002
0.06027649804000002
0.06027649804000002
0.06027649804000002
0.06027649804000002
0.06027649804000002
0.06027649804000002
0.06009216630000002
0.060184332200000024
0.060184332200000024
0.06027649810000003
0.06027649810000003
0.06027649810000003
0.06027649810000003
0.06027649810000003
0.06027649810000003
0.06027649810000003
0.06027649810000003
0.06018433220000003
0.06018433220000003
0.06018433220000003
0.06009216630000003
0.06000000030000002
0.06000000030000002
0.06000000030000002
0.06000000030000002
0.060092166200000026
0.060092166200000026
0.060092166200000026
0.060092166200000026
0.06000000030000002
0.06000000030000002
0.06000000030000002
0.06009216620000002
0.06009216620000002
0.06009216620000002
0.06009216620000002
0.06009216620000002
0.06009216620000002
0.06009216620000002
0.06018433200000002
0.060276497900000024
0.060276497900000024
0.060276497900000024
0.060276497900000024
0.06018433200000002
0.06018433200000002
0.06018433200000002
0.06009216620000002
0.06009216620000002
0.06009216620000002
0.06009216620000002
0.06009216620000002
0.06009216620000002
0.06009216620000002
0.06009216620000002
0.06009216620000002
0.06009216620000002
0.06009216620000002
0.06018433210000002
0.06018433210000002
0.060276497900000024
0.060276497900000024
0.060276497900000024
0.060276497900000024
0.060276497900000024
0.060276497900000024
0.060276497900000024
0.060276497900000024
0.060276497900000024
0.060276497900000024
0.060276497900000024
0.060276497900000024
0.06036866380000003
0.06036866380000003
0.06027649796000003
0.06027649796000003
0.06027649796000003
0.06027649796000003
0.06027649796000003
0.06027649796000003
0.06027649796000003
0.06027649796000003
0.06027649796000003
0.06018433210000003
0.060276498000000026
0.060276498000000026
0.060276498000000026
0.060276498000000026
0.060276498000000026
0.060276498000000026
0.060276498000000026
0.060276498000000026
0.06018433210000002
0.06018433210000002
0.06018433210000002
0.06009216620000002
0.06000000040000002
0.06000000040000002
0.06000000040000002
0.06000000040000002
0.059907834500000014
0.060000000300000016
0.060000000300000016
0.060000000300000016
0.060000000300000016
0.05990783450000002
0.060000000400000024
0.060000000400000024
0.05990783450000002
0.05990783450000002
0.060000000300000016
0.060000000300000016
0.060000000300000016
0.060000000300000016
0.060000000300000016
0.060000000300000016
0.05990783440000002
0.05990783440000002
0.05990783440000002
0.05990783440000002
0.05990783440000002
0.05981566860000002
0.05981566860000002
0.05981566860000002
0.05981566860000002
0.05981566860000002
0.05981566864000002
0.059723502740000024
0.059723502740000024
0.059723502740000024
0.059723502740000024
0.059723502740000024
0.059723502740000024
0.059723502740000024
0.059723502740000024
0.059723502740000024
0.059723502740000024
0.059723502740000024
0.059723502740000024
0.059723502740000024
0.059723502740000024
0.05963133684000002
0.05963133684000002
0.05963133684000002
0.05963133684000002
0.05963133684000002
0.05963133684000002
0.05963133684000002
0.05963133684000002
0.059539170940000025
0.059539170940000025
0.059539170940000025
0.059539170940000025
0.059539170940000025
0.059539170940000025
0.059539170940000025
0.059539170940000025
0.059539170980000014
0.059539170980000014
0.059447005080000025
0.059447005080000025
0.059447005080000025
0.059539170980000014
0.059539170980000014
0.05944700508000001
0.059539170980000014
0.059539170980000014
0.05963133688000002
0.05963133688000002
0.059539170980000014
0.059539170980000014
0.059539170980000014
0.059539170980000014
0.059539170980000014
0.05963133688000002
0.05963133688000002
0.05972350278000002
0.05972350278000002
0.05972350278000002
0.05972350278000002
0.05972350278000002
0.05972350278000002
0.05972350278000002
0.05972350278000002
0.05972350278000002
0.05972350278000002
0.05972350278000002
0.05972350278000002
0.05972350278000002
0.05972350278000002
0.05972350278000002
0.05972350278000002
0.05972350278000002
0.05972350278000002
0.05972350278000002
0.05981566858000002
0.059907834480000026
0.060000000420000026
0.060000000420000026
0.060000000420000026
0.060000000420000026
0.060000000420000026
0.05990783452000002
0.05990783452000002
0.05990783452000002
0.05990783452000002
0.06000000046000002
0.06000000046000002
0.06000000046000002
0.06000000046000002
0.06000000046000002
0.06000000046000002
0.06000000046000002
0.06000000046000002
0.060092166360000025
0.060092166360000025
0.060092166360000025
0.060092166360000025
0.060092166360000025
0.06018433236000002
0.06018433236000002
0.06018433236000002
0.06018433236000002
0.06018433236000002
0.06018433236000002
0.060276498260000026
0.060276498260000026
0.060276498260000026
0.060276498260000026
0.060276498260000026
0.060276498260000026
0.060276498260000026
0.060276498260000026
0.060276498260000026
0.060276498260000026
0.060276498260000026
0.060276498260000026
0.060276498260000026
0.06018433236000004
0.06018433236000004
0.06018433236000004
0.06018433236000004
0.06018433236000004
0.06018433236000004
0.06018433236000004
0.06018433236000004
0.06018433236000004
0.06018433236000004
0.06018433236000004
0.06018433236000004
0.06018433236000004
0.06018433236000004
0.06018433236000004
0.06018433236000004
0.06018433236000004
0.06018433236000004
0.06018433236000004
0.06018433236000004
0.06018433236000004
0.06018433236000004
0.06018433236000004
0.06018433236000004
0.06018433236000004
0.06018433236000004
0.06018433236000004
0.06018433236000004
0.06018433236000004
0.06018433236000004
0.06027649826000004
0.06027649826000004
0.06027649826000004
0.06018433236000004
0.06018433236000004
0.06027649826000004
0.06027649826000004
0.06027649826000004
0.06036866416000003
0.06036866416000003
0.06036866416000003
0.06036866416000003
0.06036866416000003
0.06036866416000003
0.06036866416000003
0.06036866416000003
0.06036866416000003
0.06036866416000003
0.06036866416000003
0.06036866416000003
0.06036866416000003
0.06036866416000003
0.06036866416000003
0.06036866416000003
0.06036866416000002
0.06036866416000002
0.06036866416000002
0.06036866416000002
0.06036866416000002
0.06036866416000002
0.06036866416000002
0.06046083006000002
0.06046083006000002
0.06046083006000002
0.06046083006000002
0.06046083006000002
0.06046083006000002
0.06046083006000002
0.06046083006000002
0.060368664160000016
0.06046083006000002
0.06055299596000002
0.06055299596000002
0.06055299596000002
0.06055299596000002
0.06055299596000002
0.060645161760000024
0.060645161760000024
0.060737327560000026
0.06064516156000002
0.06064516156000002
0.06064516156000002
0.06064516156000002
0.060552995660000025
0.060552995660000025
0.060552995660000025
0.060552995660000025
0.06046082976000003
0.06046082976000003
0.06046082976000003
0.060368663860000026
0.060368663860000026
0.060368663860000026
0.060368663860000026
0.060368663860000026
0.060368663860000026
0.060368663860000026
0.060368663860000026
0.060368663860000026
0.060368663860000026
0.060368663860000026
0.060368663860000026
0.060368663860000026
0.060460829720000026
0.060460829720000026
0.060460829720000026
0.060460829720000026
0.060460829720000026
0.06055299572000003
0.06055299572000003
0.06055299572000003
0.06055299572000003
0.060460829820000034
0.060368663880000034
0.060368663880000034
0.060368663880000034
0.060368663880000034
0.060368663880000034
0.060368663880000034
0.060368663880000034
0.060368663880000034
0.06046082978000003
0.06046082978000003
0.06046082978000003
0.06046082978000003
0.06046082978000003
0.06046082978000003
0.06055299558000003
0.06055299558000003
0.06055299558000003
0.06055299558000003
0.06055299558000003
0.06055299558000003
0.06055299558000003
0.06046082958000003
0.06046082958000003
0.06046082958000003
0.06046082958000003
0.06046082958000003
0.06046082958000003
0.06046082958000003
0.06046082958000003
0.06046082958000003
0.06046082958000003
0.06046082958000003
0.060552995480000024
0.060552995480000024
0.060552995480000024
0.060552995480000024
0.060552995480000024
0.060552995480000024
0.060552995480000024
0.060552995480000024
0.060552995480000024
0.060552995480000024
0.06064516148000003
0.06064516148000003
0.06064516148000003
0.06064516148000003
0.06064516148000003
0.06064516148000003
0.06064516148000003
