0.5274654462
0.4312442427999999
0.35152074040000003
0.31161290428000005
0.2781566836000001
0.24866359600000001
0.22617511612000002
0.19898617643999994
0.18165898736000002
0.16967742011999998
0.16064516252000005
0.15327189116
0.14525345724
0.14027649712
0.13483871088000007
0.13124424112000002
0.12857143019999998
0.12672811192
0.12387096916000002
0.12193548460000002
0.12000000076000003
0.11870967759999998
0.11668202775999999
0.11603686680000001
0.11483871016000004
0.11382488546000001
0.11262672854
0.11059907866
0.10967742001999997
0.10875576103999998
0.10774193589999997
0.10635944736000001
0.10562212048000001
0.10451612964000001
0.10350230506000005
0.10322580734000003
0.10258064626000002
0.10184331858000001
0.10110599160000001
0.10009216640000003
0.09963133680000003
0.09870967780000002
0.09797235050000001
0.09677419408
0.09640553036000003
0.09539170544000003
0.09493087594000002
0.09465437816000004
0.09437788046000001
0.09364055355999999
0.09271889508000003
0.09225806598000004
0.09188940248000002
0.09105990928000002
0.09050691372000003
0.08986175230000004
0.08940092270000002
0.08894009300000003
0.08820276610000002
0.08764977048
0.08718894068000002
0.08635944708
0.08608294948
0.0853456228
0.08497695930000003
0.08405530018000004
0.08322580710000003
0.08276497772000002
0.08239631402000003
0.08184331850000003
0.08175115250000003
0.08082949390000004
0.08036866450000002
0.07963133730000004
0.07926267370000004
0.07852534618000004
0.07824884858000003
0.07788018490000001
0.07732718950000002
0.07705069210000003
0.07658986270000001
0.07594470130000003
0.07548387190000003
0.07529953996000002
0.07493087636000002
0.07465437886000005
0.07419354926000003
0.07382488566000002
0.07345622236000003
0.07308755876000003
0.07244239716000003
0.07198156746000005
0.07152073776000005
0.07078341046000004
0.07032258096000005
0.07041474700000004
0.07013824930000004
0.06967741990000004
0.06958525410000002
0.06912442476000003
0.06894009292000003
0.06884792692000004
0.06792626782000004
0.06764977002000004
0.06718894042000005
0.06663594498000004
0.06599078378000003
0.06580645198000004
0.06552995418000003
0.06506912468000003
0.06470046138000003
0.06423963164000003
0.06387096794000002
0.06368663604000002
0.06322580644000002
0.06313364046000002
0.06294930872000001
0.06267281122000001
0.06239631352000002
0.06211981602000001
0.061658986440000015
0.06147465460000002
0.061382488700000015
0.06101382510000002
0.060737327440000016
0.06055299574000001
0.06036866404000001
0.059907834540000024
0.05953917082000002
0.05926267320000002
0.05907834134000003
0.05880184354000004
0.05852534570000003
0.05834101384000003
0.058248847900000025
0.05815668200000002
0.057880184440000024
0.05741935508000002
0.05751152108000002
0.05732718928000002
0.05741935528000003
0.05714285758000002
0.05714285762000002
0.056774194080000014
0.05658986218000002
0.05631336434000001
0.056036866560000016
0.05585253476000002
0.05576036886000003
0.05557603706000002
0.05557603706000002
0.05520737346000002
0.05493087582000003
0.054930875760000025
0.05493087580000002
0.055023041700000025
0.05483870976000002
0.05465437800000002
0.054470046260000016
0.05410138270000002
0.05391705090000002
0.05410138274000002
0.054101382800000014
0.05419354880000001
0.05419354864000001
0.05419354840000001
0.054101382460000014
0.05400921646000002
0.054101382360000026
0.054101382360000026
0.053917050760000015
0.05345622118000001
0.05336405524000001
0.05336405532000002
0.05336405532000002
0.05345622118000002
0.05345622114000002
0.05336405534000002
0.05327188948000003
0.05336405538000002
0.053364055380000025
0.05317972354000002
0.053271889480000015
0.053271889480000015
0.05336405532000002
0.05327188946000003
0.05327188946000003
0.05327188946000003
0.05317972366000002
0.052995391860000025
0.052995391860000025
0.052995391900000015
0.053087557760000015
0.05327188960000002
0.05336405546000002
0.05327188960000002
0.05317972370000002
0.05317972370000002
0.05317972370000002
0.05308755780000002
0.052995391860000025
0.052995391860000025
0.05317972370000002
0.05317972370000002
0.05308755784000002
0.05308755784000002
0.052995391900000015
0.053087557760000015
0.05299539182000002
0.052718894080000016
0.052718894080000016
0.05253456224000001
0.05253456224000001
0.05253456224000001
0.05253456224000001
0.05253456224000001
0.05244239634000001
0.05235023040000002
0.05235023040000002
0.052165898560000014
0.052165898560000014
0.052073732620000014
0.05198156668000001
0.051889400740000015
0.051889400740000015
0.051889400740000015
0.051889400740000015
0.05179723484000001
0.05179723484000001
0.05161290304000001
0.05161290304000001
0.05161290304000001
0.05161290304000001
0.05161290304000001
0.05161290304000001
0.05152073710000002
0.05161290300000001
0.05161290300000001
0.05161290300000001
0.051336405260000016
0.051336405260000016
0.051336405260000016
0.051428571200000016
0.051428571200000016
0.05124423944000001
0.05115207358000001
0.05115207358000001
0.05105990772000001
0.05096774186000001
0.05105990772000001
0.05105990772000001
0.051152073660000005
0.051152073660000005
0.05124423960000001
0.05124423960000001
0.05124423960000001
0.05115207374000001
0.05115207374000001
0.05087557600000001
0.050691244120000006
0.050691244120000006
0.050506912320000014
0.050506912320000014
0.05050691236000002
0.05050691236000002
0.05041474650000002
0.05041474650000002
0.05041474650000002
0.05041474650000002
0.05032258056000002
0.05041474642000002
0.05041474642000002
0.05041474642000002
0.050230414660000014
0.050230414660000014
0.050230414660000014
0.050230414660000014
0.050230414660000014
0.050230414660000014
0.050230414660000014
0.05023041474000002
0.05023041474000002
0.05023041474000002
0.05013824880000002
0.050046082860000014
0.050046082860000014
0.04995391692000002
0.04995391692000002
0.04995391692000002
0.04995391692000002
0.04995391692000002
0.04995391692000002
0.04995391692000002
0.04995391692000002
0.05004608278000002
0.05004608278000002
0.049953916840000015
0.049953916840000015
0.049861750980000015
0.049861750980000015
0.049861750980000015
0.049861750980000015
0.049861750980000015
0.049861750980000015
0.049861750980000015
0.049861750980000015
0.049861750980000015
0.049769585120000015
0.04986175102000002
0.04986175102000002
0.04986175102000002
0.04976958516000002
0.04976958516000002
0.04976958516000002
0.04976958516000002
0.04976958516000002
0.04976958516000002
0.04976958516000002
0.04976958516000002
0.04976958516000002
0.04976958516000002
0.049677419300000004
0.049677419300000004
0.049677419300000004
0.049677419300000004
0.049677419300000004
0.049585253440000004
0.049585253440000004
0.04949308758000001
0.049400921680000015
0.049400921680000015
0.049400921680000015
0.04930875574000001
0.04921658988000001
0.04921658988000001
0.04921658988000001
0.04921658988000001
0.04921658988000001
0.04912442402000001
0.04912442402000001
0.04912442402000001
0.04912442402000001
0.04912442402000001
0.04912442402000001
0.04912442402000001
0.04912442402000001
0.04912442402000001
0.04921658992000001
0.04921658992000001
0.04921658992000001
0.04921658992000001
0.04921658992000001
0.04921658992000001
0.04921658988000001
0.04921658988000001
0.04921658988000001
0.04921658988000001
0.04912442402000001
0.04912442402000001
0.04903225808000001
0.04903225808000001
0.04903225808000001
0.04894009214
0.04894009214
0.04894009214
0.04894009214
0.04894009214
0.04894009214
0.04884792624000001
0.04894009210000001
0.04894009210000001
0.04894009210000001
0.04894009210000001
0.04894009210000001
0.04894009210000001
0.04894009210000001
0.04903225796000001
0.048940092020000006
0.048940092020000006
0.048847926160000006
0.048847926160000006
0.048847926160000006
0.048847926160000006
0.048847926160000006
0.048847926160000006
0.048847926160000006
0.048847926160000006
0.04894009206000001
0.048755760339999996
0.048755760339999996
0.048755760339999996
0.048755760339999996
0.048755760339999996
0.048755760339999996
0.048755760339999996
0.048755760339999996
0.048755760339999996
0.048755760339999996
0.048755760339999996
0.048755760339999996
0.048755760339999996
0.048755760339999996
0.048755760339999996
0.048755760339999996
0.048755760339999996
0.04884792624
0.04884792624
0.04884792624
0.048940092180000005
0.048940092180000005
0.048940092180000005
0.049032258040000005
0.049032258040000005
0.049032258040000005
0.049032258040000005
0.049032258040000005
0.049032258040000005
0.049032258040000005
0.049032258040000005
0.049032258040000005
0.049032258040000005
0.048940092180000005
0.048940092180000005
0.048847926320000006
0.048847926320000006
0.048847926320000006
0.048847926320000006
0.048847926320000006
0.048847926320000006
0.048847926320000006
0.048847926320000006
0.048847926320000006
0.048847926320000006
0.048847926320000006
0.048847926320000006
0.048847926320000006
0.048847926320000006
0.048847926320000006
0.048847926320000006
0.048847926320000006
0.048847926320000006
0.048847926320000006
0.048847926320000006
0.048847926320000006
0.048940092180000005
0.048940092180000005
0.048940092180000005
0.048940092180000005
0.048940092180000005
0.048940092180000005
0.048940092180000005
0.048940092180000005
0.048940092180000005
0.048940092180000005
0.04884792624000001
0.04884792624000001
0.04884792624000001
0.04884792624000001
0.04894009214
0.04894009214
0.049032258
0.049032258
0.049032258
0.049032258
0.049032258
0.049032258
0.049032258
0.049032258
0.049032258
0.049032258
0.049032258
0.049032258
0.049032258
0.049032258
0.049032258
0.049032258
0.049032258
0.049032258
0.049032258
0.049032258
0.049032258
0.049032258
0.049032258
0.049032258
0.049032258
0.049032258
0.049032258
0.049032258
0.049032258
0.049032258
0.049032258
0.049032258
0.049032258
0.049032258
0.049032258
0.049032258
0.04912442386
0.04912442386
0.04912442386
0.04921658972
0.04930875558
0.04930875558
0.04930875558
0.04930875558
0.04930875558
0.04930875558
0.04930875558
0.04930875558
0.04940092144
0.04940092144
0.04940092144
0.04940092144
0.04940092144
0.04940092144
0.04940092144
0.04940092144
0.04940092144
0.04940092144
0.04940092144
0.04940092144
0.04940092144
0.04940092144
0.04940092144
0.04940092144
0.04940092144
0.04940092144
0.0494930873
0.0494930873
0.04958525324000001
0.04967741910000001
0.04967741910000001
0.04967741910000001
0.04967741910000001
0.04967741910000001
0.04967741910000001
0.04967741910000001
0.04967741910000001
0.04967741910000001
0.04976958504000001
0.04976958504000001
0.04976958504000001
0.04976958504000001
0.04986175094
0.04986175094
0.04986175094
0.04986175094
0.04986175094
0.04986175094
0.0499539168
0.0499539168
0.0499539168
0.0499539168
0.0499539168
0.0499539168
0.0499539168
0.0499539168
0.0499539168
0.0499539168
0.0499539168
0.0499539168
0.0499539168
0.0499539168
0.0499539168
0.04986175090000001
0.04976958504000001
0.04976958504000001
0.04986175090000001
0.04986175090000001
0.04986175090000001
0.04986175090000001
0.04986175090000001
0.04986175090000001
0.04995391676000001
0.04995391676000001
0.04995391676000001
0.04995391676000001
0.050046082700000015
0.050138248560000015
0.050138248560000015
0.050138248560000015
0.050138248560000015
0.050138248560000015
0.05023041442000001
0.05023041442000001
0.05023041442000001
0.05023041442000001
0.05023041442000001
0.05023041442000001
0.050138248560000015
0.050138248560000015
0.050138248560000015
0.05023041450000001
0.05023041450000001
0.05023041450000001
0.05023041450000001
0.05023041450000001
0.05023041450000001
0.05032258036000001
0.05032258036000001
0.05023041446000001
0.05023041446000001
0.05013824860000002
0.05013824860000002
0.05013824860000002
0.05013824860000002
0.05023041446000001
0.05023041446000001
0.05032258032000001
0.05032258032000001
0.05032258032000001
0.05032258032000001
0.05032258032000001
0.05041474626000001
0.05050691212000001
0.05050691212000001
0.05050691212000001
0.05059907806000001
0.05059907806000001
0.05059907806000001
0.05059907806000001
0.05059907806000001
0.05059907806000001
0.05041474626000001
0.05041474626000001
0.05050691220000002
0.05050691220000002
0.05050691220000002
0.05050691220000002
0.05050691220000002
0.05050691220000002
0.05050691220000002
0.05050691220000002
0.05050691220000002
0.05050691220000002
0.05050691220000002
0.05050691220000002
0.05050691220000002
0.05050691220000002
0.05050691220000002
0.05050691220000002
0.05050691220000002
0.05050691220000002
0.05050691220000002
0.05041474634000002
0.05041474634000002
0.05041474634000002
0.05032258040000001
0.05041474626000001
0.05050691220000001
0.050599078100000014
0.050599078100000014
0.05078340986000002
0.05078340986000002
0.05078340986000002
0.05078340986000002
0.05078340986000002
0.05078340986000002
0.05078340986000002
0.05087557576000001
0.05087557576000001
0.05096774166000001
0.05096774166000001
0.05096774166000001
0.05096774166000001
0.05105990760000001
0.05105990760000001
0.05105990760000001
0.05105990760000001
0.05105990760000001
0.05105990760000001
0.05105990760000001
0.051244239480000016
0.051244239480000016
0.051244239480000016
0.051244239480000016
0.051244239480000016
0.051244239480000016
0.051244239480000016
0.051244239480000016
0.051336405340000016
0.051336405340000016
0.051336405340000016
0.051336405340000016
0.051336405340000016
0.051336405340000016
0.051336405340000016
0.051336405340000016
0.051336405340000016
0.051336405340000016
0.051336405340000016
0.051336405340000016
0.051336405340000016
0.051336405340000016
0.051336405340000016
0.051336405340000016
0.051428571200000016
0.051428571200000016
0.051428571200000016
0.051428571200000016
0.051428571200000016
0.051428571200000016
0.051428571200000016
0.051428571200000016
0.051428571200000016
0.051428571200000016
0.051428571200000016
0.051428571200000016
0.051428571200000016
0.051428571200000016
0.051428571200000016
0.051428571200000016
0.051520737060000016
0.051520737060000016
0.051520737060000016
0.051520737060000016
0.051520737060000016
0.051612903000000016
0.051612903000000016
0.051612903000000016
0.051612903000000016
0.05161290296000001
0.05161290296000001
0.05161290296000001
0.05161290296000001
0.05161290296000001
0.05161290296000001
0.05161290296000001
0.05161290296000001
0.05161290296000001
0.05161290296000001
0.05161290296000001
0.05161290296000001
0.05161290296000001
0.05170506882000001
0.05170506882000001
0.05170506882000001
0.05170506882000001
0.05170506882000001
0.05170506882000001
0.05170506882000001
0.05179723476000001
0.05179723476000001
0.05179723476000001
0.05179723476000001
0.05179723476000001
0.05179723476000001
0.05179723476000001
0.05179723476000001
0.05179723476000001
0.05179723476000001
0.05179723476000001
0.05179723476000001
0.05179723476000001
0.05179723476000001
0.05179723476000001
0.05179723476000001
0.05179723476000001
0.05179723476000001
0.05188940070000002
0.05188940070000002
0.05188940070000002
0.05188940070000002
0.051981566600000015
0.05188940070000002
0.05188940070000002
0.05198156656000002
0.05198156656000002
0.05198156656000002
0.05198156656000002
0.05198156656000002
0.05198156656000002
0.05198156656000002
0.05198156656000002
0.05198156656000002
0.05198156656000002
0.05198156656000002
0.05198156656000002
0.05198156656000002
0.05207373250000002
0.05207373250000002
0.05207373250000002
0.05207373250000002
0.05207373250000002
0.05207373250000002
0.05207373250000002
0.05207373250000002
0.05207373250000002
0.05207373250000002
0.05207373250000002
0.05207373250000002
0.05207373250000002
0.05207373250000002
0.05207373250000002
0.05207373250000002
0.05207373250000002
0.05207373250000002
0.05207373250000002
0.05207373250000002
0.05207373250000002
0.05207373250000002
0.05207373250000002
0.05207373250000002
0.05207373250000002
0.05207373250000002
0.05207373250000002
0.05207373250000002
0.05207373250000002
0.05216589840000002
0.05216589840000002
0.05216589840000002
0.05216589840000002
0.05216589836000002
0.05216589836000002
0.05216589836000002
0.05225806422000002
0.05225806422000002
0.05235023012000002
0.05235023012000002
0.05235023012000002
0.05235023012000002
0.05244239598000002
0.052534561880000025
0.052534561880000025
0.052534561880000025
0.052534561880000025
0.052534561880000025
0.052534561880000025
0.052534561880000025
0.052534561880000025
0.052442396020000025
0.052442396020000025
0.052442396020000025
0.052442396020000025
0.052442396020000025
0.052442396020000025
0.052442396020000025
0.052442396020000025
0.052442396020000025
0.052442396020000025
0.052442396020000025
0.052442396020000025
0.052442396020000025
0.052442396020000025
0.052442396020000025
0.05253456196000002
0.05253456196000002
0.05262672790000002
0.05262672790000002
0.05271889384000002
0.05271889384000002
0.05281105978000002
0.05281105978000002
0.05281105978000002
0.05281105978000002
0.05281105978000002
0.052903225720000016
0.052903225720000016
0.052903225720000016
0.052903225720000016
0.05299539162000002
0.05299539162000002
0.05299539162000002
0.05299539162000002
0.05299539162000002
0.05299539162000002
0.05299539162000002
0.05299539162000002
0.05308755748000002
0.05308755748000002
0.053179723420000026
0.053179723420000026
0.053179723420000026
0.053179723420000026
0.053179723420000026
0.053179723420000026
0.053179723420000026
0.053179723420000026
0.053179723420000026
0.053179723420000026
0.053179723420000026
0.053179723420000026
0.053179723420000026
0.053179723420000026
0.053179723420000026
0.053179723420000026
0.053179723420000026
0.053179723420000026
0.053179723420000026
0.053179723420000026
0.053179723420000026
0.053179723420000026
0.053179723420000026
0.053179723420000026
0.053179723420000026
0.053179723420000026
0.053179723420000026
0.053179723420000026
0.053179723420000026
0.053179723420000026
0.053179723420000026
0.053179723420000026
0.053179723420000026
0.053364055220000026
0.053364055220000026
0.05345622116000002
0.05345622116000002
0.05345622116000002
0.05345622116000002
0.05345622116000002
0.05345622116000002
0.05345622116000002
0.05345622116000002
0.05345622116000002
0.05345622116000002
0.05345622116000002
0.05345622116000002
0.05345622116000002
0.05345622116000002
0.05345622116000002
0.05345622116000002
0.05345622116000002
0.05345622116000002
0.05345622116000002
0.05345622116000002
0.05345622116000002
0.05345622116000002
0.05345622116000002
0.05345622116000002
0.05354838710000002
0.05364055300000002
0.05364055300000002
0.05364055300000002
0.05373271894000002
0.05373271894000002
0.05373271894000002
0.05373271894000002
0.05373271894000002
0.05373271894000002
0.05373271894000002
0.05373271894000002
0.05373271894000002
0.053824884840000024
0.053824884840000024
0.053824884840000024
0.053824884840000024
0.053824884840000024
0.053824884840000024
0.05391705078000002
0.05391705078000002
0.05391705078000002
0.05391705078000002
0.05391705078000002
0.05391705078000002
0.05391705078000002
0.05391705078000002
0.05391705078000002
0.05391705078000002
0.05391705078000002
0.05391705078000002
0.05391705078000002
0.05391705078000002
0.05391705078000002
0.05391705078000002
0.05391705078000002
0.05391705078000002
0.05391705078000002
0.05391705078000002
0.05391705078000002
0.05391705078000002
0.05391705078000002
0.05391705078000002
0.05391705078000002
0.05391705078000002
0.05391705078000002
0.05391705078000002
0.05391705078000002
0.05391705078000002
0.05391705078000002
0.05391705078000002
0.05391705078000002
0.05400921668000002
0.05410138254000002
0.05410138254000002
0.05410138254000002
0.05410138254000002
0.05410138254000002
0.05410138254000002
0.05410138254000002
0.05410138254000002
0.05410138254000002
0.05419354848000003
0.05419354848000003
0.05419354848000003
0.05419354848000003
0.05419354848000003
0.05419354848000003
0.05419354848000003
0.05419354848000003
0.05410138254000002
0.05410138254000002
0.05410138254000002
