0.5111520822000002
0.440921664
0.3770506938000001
0.3432258076000001
0.31059908020000004
0.2764055302
0.23907834392
0.20672811095999996
0.18009216547999998
0.16267281216
0.1495852543
0.13926267305999998
0.13336405614
0.12847926382
0.12460829674
0.12138248948000008
0.11953917160000005
0.11732719078000002
0.11566820436000004
0.11419354962000001
0.11271889482000001
0.1108755765
0.11004608304000002
0.10875576118000002
0.10755760470000002
0.10700460982000003
0.10571428724000002
0.10451613006000005
0.10387096866000003
0.10294930918000006
0.10221198142000003
0.1018433177
0.10110599122
0.1004608298
0.09981566872
0.09898617552000001
0.09834101381999999
0.09732718952
0.09658986257999999
0.09594470127999999
0.09539170586
0.09456221275999997
0.09382488546
0.09327189005999997
0.09271889431999998
0.09244239663999998
0.09179723542
0.09161290362
0.09096774262
0.09032258140000002
0.08940092290000003
0.08829493222
0.08718894137999998
0.08682027788
0.08635944820000002
0.08552995542000001
0.08497695990000002
0.08479262820000003
0.08414746696000001
0.08359447156000004
0.08294930986000003
0.08267281206000003
0.08184331856000003
0.08138248866000003
0.08064516196000003
0.08000000074000002
0.07944700514000003
0.07889400992000004
0.07824884862000002
0.07778801912000001
0.07751152152000002
0.07714285790000001
0.07695852600000003
0.07668202830000002
0.07622119870000003
0.07594470100000003
0.07529953936000003
0.07483870982000003
0.07456221212000003
0.07410138262000003
0.07336405526000003
0.07308755756000003
0.07299539176000003
0.07262672826000002
0.07216589862000002
0.07170506894
0.07133640564000002
0.07115207384000001
0.07096774184000001
0.07078340994000003
0.07069124414000001
0.07050691234000002
0.06995391680000002
0.06958525320000002
0.06921658970000001
0.06903225786000002
0.06857142846000003
0.06820276496000004
0.06792626746000004
0.06755760402000004
0.06737327222000003
0.06718894048000003
0.06709677448000004
0.06691244272000003
0.06663594498000003
0.06626728148000002
0.06580645198000004
0.06543778842000003
0.06516129086000003
0.06497695896000004
0.06442396356000003
0.06414746592000002
0.06396313406000002
0.06377880226000002
0.06341013862000003
0.06322580688000003
0.06304147518000001
0.06285714346000003
0.06267281156000001
0.06258064566000003
0.06211981610000002
0.06175115230000003
0.06165898644000002
0.06147465474000002
0.06147465474000002
0.06147465474000002
0.06110599114000001
0.06055299562000002
0.06046082972000002
0.060184332020000016
0.05972350242000002
0.05935483878000001
0.05935483878000001
0.05898617528000002
0.05880184340000001
0.058617511800000015
0.058525345860000015
0.05834101396000002
0.05815668206000003
0.05797235032000001
0.057972350360000015
0.05815668220000001
0.05778801850000002
0.05788018436000002
0.05788018436000002
0.05769585266000001
0.05751152092000001
0.057419355020000014
0.05732718912000001
0.05723502322000001
0.05705069138000002
0.05695852544000002
0.05686635936000002
0.05686635936000002
0.05677419346000002
0.056589861860000014
0.05658986190000002
0.05658986190000002
0.05668202784000002
0.05677419366000002
0.05677419362000002
0.05677419362000002
0.05658986192000002
0.05677419366000002
0.05686635946000003
0.056774193560000026
0.05649769586000003
0.05631336406000004
0.056313364060000023
0.05631336406000004
0.056221198160000034
0.055944700420000035
0.055852534560000035
0.055852534560000035
0.055852534560000035
0.05566820286000004
0.05557603696000004
0.05557603696000004
0.05557603696000004
0.05557603696000004
0.05539170506000003
0.05539170510000003
0.05529953924000003
0.05529953924000003
0.05520737338000003
0.055023041540000026
0.054930875600000026
0.05474654384000002
0.05447004606000002
0.05437788006000002
0.05419354826000002
0.05410138232000002
0.05419354826000002
0.05428571412000002
0.05428571420000003
0.05428571420000003
0.05428571420000003
0.05428571420000003
0.05419354826000002
0.05419354826000002
0.05428571426000002
0.05419354836000002
0.054285714300000024
0.054193548440000024
0.054193548440000024
0.05410138254000002
0.05410138254000002
0.05410138254000002
0.05391705066000003
0.05400921666000003
0.054101382600000025
0.05391705080000003
0.05391705080000003
0.05391705080000003
0.05391705080000003
0.054101382600000025
0.054101382600000025
0.054101382600000025
0.05391705094000002
0.053732719140000024
0.05382488504000003
0.05400921676000003
0.05400921676000003
0.05373271896000003
0.05364055306000003
0.05364055306000003
0.05364055306000003
0.05364055306000003
0.05354838712000003
0.05364055298000003
0.05336405518000003
0.05336405518000003
0.05345622112000003
0.05327188928000002
0.05317972328000002
0.05327188918000002
0.05327188918000002
0.05327188918000002
0.05308755746000002
0.052995391560000014
0.05290322576000002
0.05290322576000002
0.05281105996000002
0.05281105996000002
0.052718894060000014
0.052718894060000014
0.052718894060000014
0.05244239628000002
0.05244239628000002
0.052350230380000015
0.052350230380000015
0.052258064440000015
0.052258064440000015
0.052258064440000015
0.052258064440000015
0.052350230300000015
0.052350230300000015
0.05225806440000001
0.05225806440000001
0.05225806440000001
0.05225806440000001
0.05216589846000001
0.05216589846000001
0.05216589846000001
0.052350230300000015
0.05225806440000001
0.05216589846000001
0.05216589846000001
0.05216589846000001
0.05216589846000001
0.05216589846000001
0.051981566660000006
0.051981566660000006
0.05188940072000001
0.05179723492000001
0.05179723492000001
0.05179723492000001
0.05179723492000001
0.05179723492000001
0.05179723492000001
0.05179723492000001
0.05179723492000001
0.05179723492000001
0.051889400820000015
0.051889400820000015
0.051889400820000015
0.051889400820000015
0.051889400820000015
0.051889400820000015
0.051889400820000015
0.051889400820000015
0.051889400820000015
0.051889400820000015
0.05179723488000001
0.05179723488000001
0.05188940078000001
0.05188940078000001
0.05188940078000001
0.05188940078000001
0.051705068900000005
0.051705068900000005
0.051797234760000005
0.05170506886
0.05170506886
0.05170506886
0.05170506886
0.05170506886
0.051612903
0.051612903
0.0515207371
0.0515207371
0.0515207371
0.0515207371
0.0515207371
0.05142857124
0.05142857124
0.0513364053
0.0514285712
0.0514285712
0.0514285712
0.05133640530000001
0.05124423944000001
0.05124423944000001
0.05115207358000001
0.05115207358000001
0.05115207358000001
0.05115207358000001
0.051059907640000006
0.050875575840000006
0.050875575840000006
0.050875575840000006
0.050875575840000006
0.050783409980000006
0.050783409980000006
0.050783409980000006
0.050783409980000006
0.050783409980000006
0.050783409980000006
0.050783409980000006
0.050783409980000006
0.050783409980000006
0.050783409980000006
0.050783409980000006
0.050783409980000006
0.050875575920000006
0.05096774182000001
0.05105990776
0.05105990776
0.05105990776
0.05105990776
0.05105990776
0.05105990776
0.050967741900000016
0.05087557600000001
0.05087557600000001
0.05087557600000001
0.05078341014000001
0.05078341014000001
0.050875576040000016
0.050875576040000016
0.050967741900000016
0.050967741900000016
0.050967741900000016
0.050967741900000016
0.050967741900000016
0.050967741900000016
0.051059907800000005
0.051059907800000005
0.05096774186000001
0.05096774186000001
0.05096774186000001
0.05096774186000001
0.05087557596000001
0.05087557596000001
0.05087557596000001
0.05087557596000001
0.05087557596000001
0.05087557596000001
0.05087557596000001
0.05087557596000001
0.05087557596000001
0.05087557596000001
0.05087557596000001
0.05087557596000001
0.05087557596000001
0.05087557596000001
0.05087557596000001
0.05087557596000001
0.05087557596000001
0.05087557596000001
0.05087557596000001
0.05087557596000001
0.05087557596000001
0.05087557596000001
0.05096774182000001
0.05096774182000001
0.05105990772
0.05105990772
0.05105990772
0.05105990772
0.05105990772
0.05105990772
0.05096774182000001
0.05096774182000001
0.05096774182000001
0.05096774182000001
0.05096774182000001
0.05096774182000001
0.05096774182000001
0.05096774182000001
0.05096774182000001
0.05096774182000001
0.05096774182000001
0.05096774182000001
0.05105990772
0.05105990772
0.05105990772
0.05105990772
0.05105990772
0.05105990772
0.05105990772
0.05105990772
0.05105990772
0.05105990772
0.05105990772
0.05096774186
0.05096774186
0.050875576000000006
0.050783410140000006
0.050783410140000006
0.050783410140000006
0.05087557608000001
0.050967741940000005
0.050967741940000005
0.050967741940000005
0.050967741940000005
0.050967741940000005
0.050967741940000005
0.050967741940000005
0.05087557608000001
0.05096774198
0.05087557608000001
0.05087557608000001
0.05087557608000001
0.05087557608000001
0.05078341022000001
0.05078341022000001
0.050691244280000006
0.050691244280000006
0.050691244280000006
0.050691244280000006
0.050691244280000006
0.050691244280000006
0.050691244280000006
0.050691244280000006
0.050691244280000006
0.050691244280000006
0.050691244280000006
0.050691244280000006
0.050691244280000006
0.050691244280000006
0.050691244280000006
0.050691244280000006
0.050599078340000006
0.050599078340000006
0.05069124424000001
0.05069124424000001
0.05059907838000001
0.05059907838000001
0.05059907838000001
0.05059907838000001
0.05059907838000001
0.05050691252000001
0.05050691252000001
0.05050691252000001
0.05050691252000001
0.05059907838000001
0.05078341018000001
0.05078341018000001
0.05078341018000001
0.05078341018000001
0.05078341018000001
0.05078341018000001
0.05078341018000001
0.05078341018000001
0.05078341018000001
0.05087557608
0.050783410140000006
0.050875576000000006
0.050875576000000006
0.050875576000000006
0.05096774194
0.05096774194
0.05096774194
0.05096774194
0.05096774194
0.05096774194
0.05096774194
0.05096774194
0.05096774194
0.05096774194
0.05096774194
0.05096774194
0.0510599078
0.05115207366
0.05115207366
0.05115207366
0.0511520737
0.0511520737
0.051244239600000005
0.051244239600000005
0.051244239600000005
0.051244239600000005
0.051244239600000005
0.051244239600000005
0.051244239600000005
0.051244239600000005
0.051244239600000005
0.051152073660000005
0.051152073660000005
0.051059907760000016
0.051059907760000016
0.051059907760000016
0.051059907760000016
0.050967741900000016
0.050967741900000016
0.050967741900000016
0.050967741900000016
0.050967741900000016
0.05105990784000001
0.05105990784000001
0.05105990784000001
0.05105990784000001
0.05105990784000001
0.05115207374000001
0.05115207374000001
0.05115207374000001
0.05115207374000001
0.05115207374000001
0.05105990788000001
0.05105990788000001
0.05105990788000001
0.05105990788000001
0.05105990788000001
0.05105990788000001
0.05105990788000001
0.05105990788000001
0.05105990788000001
0.05105990788000001
0.05105990788000001
0.05105990780000002
0.05105990780000002
0.05105990780000002
0.05105990780000002
0.05105990780000002
0.05105990780000002
0.05105990784000002
0.05105990784000002
0.05105990784000002
0.05105990784000002
0.05105990784000002
0.05105990784000002
0.05105990784000002
0.05105990784000002
0.05096774198000002
0.05096774198000002
0.05096774198000002
0.05096774198000002
0.05096774198000002
0.05096774198000002
0.05096774198000002
0.05096774198000002
0.051059907920000015
0.051059907920000015
0.051059907920000015
0.051059907920000015
0.051059907920000015
0.051152073860000015
0.051152073860000015
0.051152073860000015
0.051152073860000015
0.051152073860000015
0.051152073860000015
0.051152073860000015
0.051152073860000015
0.051152073860000015
0.051244239720000015
0.051244239720000015
0.051244239720000015
0.051244239720000015
0.051244239720000015
0.051244239720000015
0.051244239720000015
0.051336405580000015
0.051428571440000015
0.051428571440000015
0.051428571440000015
0.051428571440000015
0.051428571440000015
0.051428571440000015
0.051428571440000015
0.051428571440000015
0.051520737380000015
0.051520737380000015
0.051520737380000015
0.051520737380000015
0.051520737380000015
0.051520737380000015
0.05161290332000001
0.05161290332000001
0.05161290332000001
0.05161290332000001
0.05161290332000001
0.05161290332000001
0.05161290332000001
0.05161290332000001
0.05161290332000001
0.05161290332000001
0.05161290332000001
0.05170506918000001
0.05179723504000001
0.05179723504000001
0.051889400980000014
0.051889400980000014
0.051889400980000014
0.051889400980000014
0.051889400980000014
0.051889400980000014
0.051889400980000014
0.051889400980000014
0.051889400980000014
0.051889400980000014
0.051981566920000014
0.051981566920000014
0.051981566920000014
0.051981566920000014
0.051981566920000014
0.052165898640000014
0.052165898640000014
0.052165898640000014
0.052165898640000014
0.05225806458000002
0.05225806458000002
0.05225806458000002
0.05225806458000002
0.05225806458000002
0.05225806458000002
0.05225806458000002
0.05225806458000002
0.05225806458000002
0.05225806458000002
0.05225806458000002
0.05225806458000002
0.05235023052000001
0.05235023052000001
0.05244239638000001
0.05244239638000001
0.05244239638000001
0.05244239638000001
0.05244239638000001
0.05244239638000001
0.05244239638000001
0.05253456232000001
0.05253456232000001
0.05253456232000001
0.05262672822000001
0.05262672822000001
0.05262672822000001
0.05262672822000001
0.05262672822000001
0.05262672822000001
0.05262672822000001
0.05262672822000001
0.05262672822000001
0.05262672822000001
0.05262672822000001
0.05262672822000001
0.052626728220000016
0.052626728220000016
0.052626728220000016
0.052718894080000016
0.052718894080000016
0.05281105998000001
0.05281105998000001
0.052903225880000015
0.052903225880000015
0.052903225880000015
0.052903225880000015
0.05281105998000001
0.05281105998000001
0.05281105998000001
0.05281105998000001
0.05299539182000001
0.05299539182000001
0.05317972352000002
0.05327188946000001
0.05336405540000001
0.05336405540000001
0.05336405540000001
0.05336405540000001
0.05336405540000001
0.05345622134000002
0.05345622134000002
0.05345622134000002
0.05345622134000002
0.05345622134000002
0.05345622134000002
0.05345622134000002
0.053548387240000016
0.053548387240000016
0.053548387240000016
0.053640553140000005
0.053640553140000005
0.053640553140000005
0.053640553140000005
0.053640553140000005
0.053640553140000005
0.053640553140000005
0.053640553140000005
0.053640553140000005
0.053640553140000005
0.053640553140000005
0.053640553140000005
0.053640553140000005
0.053640553140000005
0.053640553140000005
0.053640553140000005
0.053640553140000005
0.053640553140000005
0.053640553140000005
0.053640553140000005
0.05373271908000001
0.05373271908000001
0.05382488502000001
0.05382488502000001
0.05382488502000001
0.05382488502000001
0.05391705082000001
0.05391705082000001
0.05391705082000001
0.05391705082000001
0.05391705082000001
0.05391705082000001
0.05400921672000002
0.05400921672000002
0.054193548520000016
0.05437788022000002
0.05437788022000002
0.05437788022000002
0.05437788022000002
0.05437788022000002
0.05437788022000002
0.05437788022000002
0.05437788022000002
0.05437788022000002
0.05447004608000002
0.05447004608000002
0.05447004608000002
0.05447004608000002
0.05456221202000003
0.05456221202000003
0.05456221202000003
0.05465437796000003
0.05465437796000003
0.05465437796000003
0.05465437796000003
0.05465437796000003
0.05465437796000003
0.05465437796000003
0.05465437796000003
0.05465437796000003
0.05465437796000003
0.05465437796000003
0.054746543860000024
0.054746543860000024
0.054746543860000024
0.054746543860000024
0.05465437792000003
0.05465437792000003
0.05474654378000003
0.05483870972000004
0.05493087572000003
0.05493087572000003
0.05493087572000003
0.05493087572000003
0.05493087572000003
0.05502304162000003
0.055115207520000035
0.055115207520000035
0.055115207520000035
0.055115207520000035
0.055115207520000035
0.055115207520000035
0.055115207520000035
0.055115207520000035
0.055115207520000035
0.055115207520000035
0.055115207520000035
0.055115207520000035
0.055115207520000035
0.055115207520000035
0.05520737342000003
0.05520737342000003
0.05520737342000003
0.05520737342000003
0.05520737342000003
0.05520737342000003
0.05520737342000003
0.05520737342000003
0.05520737342000003
0.055207373460000035
0.055207373460000035
0.055207373460000035
0.055207373460000035
0.055207373460000035
0.055207373460000035
0.055207373460000035
0.055207373460000035
0.055207373460000035
0.055207373460000035
0.055207373460000035
0.055207373460000035
0.055207373460000035
0.055207373460000035
0.055207373460000035
0.055207373460000035
0.05529953936000004
0.05529953936000004
0.05529953936000004
0.05529953936000004
0.05539170522000004
0.05548387112000004
0.05548387112000004
0.05548387112000004
0.05548387112000004
0.05548387112000004
0.05548387112000004
0.05548387112000004
0.05548387112000004
0.05548387112000004
0.05548387112000004
0.05548387112000004
0.05548387112000004
0.05557603702000003
0.05557603702000003
0.05576036878000003
0.05576036878000003
0.05576036878000003
0.05576036878000003
0.05576036878000003
0.05576036878000003
0.05576036878000003
0.05576036878000003
0.05576036878000003
0.05576036878000003
0.05576036878000003
0.05576036878000003
0.05576036878000003
0.05576036878000003
0.05576036878000003
0.05576036878000003
0.05576036878000003
0.05576036878000003
0.05576036878000003
0.05585253472000003
0.05585253472000003
0.05585253472000003
0.055944700660000034
0.05585253476000003
0.05585253476000003
0.05585253476000003
0.05594470056000003
0.05594470056000003
0.05594470056000003
0.05594470056000003
0.05594470056000003
0.05594470056000003
0.05594470056000003
0.05594470056000003
0.05594470056000003
0.05603686642000003
0.05603686642000003
0.05603686642000003
0.056129032220000034
0.05603686632000003
0.05603686632000003
0.05603686632000003
0.05603686632000003
0.05603686632000003
0.05603686632000003
0.05603686632000003
0.05603686632000003
0.05603686632000003
0.05622119820000004
0.05622119820000004
0.05622119820000004
0.05622119820000004
0.05622119820000004
0.05622119820000004
0.05622119820000004
0.05622119820000004
0.05622119820000004
0.05622119820000004
0.05622119820000004
0.05622119820000004
0.05622119820000004
0.05622119820000004
0.05622119820000004
0.05622119820000004
0.05622119820000004
0.05631336410000003
0.05631336410000003
0.05631336410000003
0.05631336410000003
0.05640553000000003
0.05631336420000003
0.05631336420000003
0.05631336420000003
0.05631336420000003
0.05631336420000003
0.05631336420000003
0.05631336420000003
0.05631336420000003
0.05631336420000003
0.05631336420000003
0.05631336420000003
0.05640553000000003
0.05640553000000003
0.05640553000000003
0.05640553000000003
0.05640553000000003
0.05640553000000003
0.05640553000000003
0.05640553000000003
0.05640553000000003
0.056313364060000023
0.056313364060000023
0.056313364060000023
0.056313364060000023
0.056313364060000023
0.056313364060000023
0.056313364060000023
0.056313364060000023
0.056313364060000023
0.056313364060000023
0.056313364060000023
0.056313364060000023
0.05640552992000002
0.05640552992000002
0.05640552992000002
0.05640552992000002
0.05640552992000002
0.05640552992000002
0.05640552992000002
0.05640552992000002
0.05640552992000002
0.05640552992000002
0.05649769586000002
0.05649769586000002
0.05649769586000002
0.05649769586000002
0.05649769586000002
0.05649769586000002
0.05649769586000002
0.05649769586000002
0.05649769586000002
0.056589861760000026
0.056589861760000026
0.056589861760000026
0.056589861760000026
0.056589861760000026
0.056589861760000026
0.056589861760000026
0.056589861760000026
0.056589861760000026
0.056589861760000026
0.056589861760000026
0.056589861760000026
0.05668202766000002
0.05668202766000002
0.05677419352000002
0.05677419352000002
0.05677419352000002
0.05677419352000002
0.056866359420000026
0.056866359420000026
0.056866359420000026
0.056866359420000026
0.056866359420000026
0.056866359420000026
0.056866359420000026
0.056774193560000026
0.056774193560000026
0.056774193560000026
0.056774193560000026
0.056774193560000026
0.056774193560000026
0.056774193560000026
0.056774193560000026
0.056774193560000026
0.056774193560000026
