0.497972358
0.16986175236
0.11502304308
0.10267281162000003
0.09723502344000004
0.09124424038000001
0.0848847937
0.08009216720000001
0.07631336528000005
0.07207373332000004
0.06921658996000002
0.06608295012
0.06313364106000001
0.06036866408000002
0.05880184324000003
0.057235022840000004
0.05576036878000001
0.054654378080000024
0.054193548760000036
0.054009217000000026
0.0531797239
0.05225806460000002
0.05152073746000003
0.05059907842000001
0.05041474676000002
0.05013824896000002
0.05023041478000002
0.049861751320000015
0.049308755940000004
0.04940092184000001
0.049400921759999994
0.049400921759999994
0.049032258200000005
0.04903225824000001
0.04894009228000001
0.04912442404
0.04903225814000001
0.04912442404
0.04921658998000001
0.049308755839999996
0.049308756
0.04967741960000001
0.04967741962000002
0.04967741954000001
0.04949308782000001
0.04976958552000001
0.04976958552000001
0.04995391732000001
0.05004608318000001
0.05013824904000001
0.05023041486000001
0.05059907842000001
0.05069124428000001
0.050783410180000016
0.050967741900000016
0.05115207370000002
0.051244239600000026
0.05152073726000002
0.05152073726000002
0.051612903160000015
0.05170506906000002
0.05188940094000001
0.05225806450000002
0.05244239634000002
0.05244239634000002
0.052811059940000016
0.05290322584000001
0.053179723700000014
0.05336405550000002
0.05327188956000002
0.05364055320000003
0.05400921676000003
0.05400921676000003
0.05400921676000003
0.05428571442000003
0.05447004626000003
0.054377880360000026
0.054470046260000016
0.05465437796000003
0.055023041640000034
0.05511520744000003
0.05548387098000004
0.05576036868000003
0.055668202880000045
0.055760368780000034
0.055760368780000034
0.055944700580000034
0.05603686648000004
0.05612903242000003
0.05622119832000003
0.05622119832000003
0.05631336422000004
0.056497696020000036
0.056497696020000036
0.056497696020000036
0.056589861960000036
0.056589861960000036
0.05677419362000004
0.056866359520000034
0.056958525380000034
0.05714285722000004
0.05732718902000004
0.05741935492000003
0.057603686720000026
0.05806451640000002
0.05797235050000002
0.05806451640000002
0.058156682300000026
0.05824884820000002
0.05834101414000003
0.05861751188000002
0.05880184362000002
0.05889400952000002
0.05898617542000001
0.05907834136000001
0.05917050726000001
0.059262673160000015
0.05935483910000002
0.05935483910000002
0.05953917090000003
0.05953917090000003
0.05963133680000002
0.05972350270000002
0.05972350270000002
0.059815668600000024
0.059815668600000024
0.059815668600000024
0.05990783450000003
0.06000000044000003
0.06009216634000003
0.06027649808000003
0.06027649798000003
0.06036866378000003
0.060460829680000036
0.06055299548000003
0.06073732718000004
0.06082949298000004
0.06101382478000003
0.06101382478000003
0.061105990680000034
0.061198156480000036
0.06119815658000004
0.061290322480000034
0.061290322480000034
0.06138248838000004
0.06138248838000004
0.06138248838000004
0.06138248838000004
0.06165898608000003
0.06165898608000003
0.06184331778000003
0.06193548368000003
0.06193548368000003
0.06202764968000003
0.06202764968000003
0.06202764968000003
0.06202764968000003
0.06202764968000003
0.06221198148000004
0.062396313180000045
0.062396313180000045
0.06230414728000005
0.06230414728000005
0.06230414728000005
0.06230414728000005
0.06239631318000005
0.06239631318000005
0.06248847912000005
0.06267281082000005
0.06276497672000005
0.06276497672000005
0.06294930842000004
0.06294930842000004
0.06313364032000003
0.06313364032000003
0.06322580622000004
0.06322580622000004
0.06331797216000004
0.06341013816000003
0.06341013816000003
0.06341013816000003
0.06341013816000003
0.06341013816000003
0.06331797226000004
0.06331797226000004
0.06322580632000004
0.06322580632000004
0.06322580632000004
0.06331797222000003
0.06341013812000003
0.06341013812000003
0.06350230392000003
0.06341013792000004
0.06341013792000004
0.06341013792000003
0.06341013792000003
0.06350230382000004
0.06350230382000004
0.06359446982000003
0.06359446982000003
0.06368663562000003
0.06377880152000003
0.06368663572000002
0.06368663572000002
0.06368663572000002
0.06368663572000002
0.06368663572000002
0.06368663572000002
0.06377880172000001
0.06377880172000001
0.06387096762000001
0.06396313362000002
0.06396313362000002
0.06396313362000002
0.06414746532000003
0.06423963132000002
0.06423963132000002
0.06423963132000002
0.06414746532000003
0.06414746532000003
0.06414746532000003
0.06414746532000003
0.06414746532000003
0.06414746532000003
0.06423963122000002
0.06423963122000002
0.06423963122000002
0.06423963122000002
0.06423963122000002
0.06423963122000002
0.06414746532000001
0.06423963112000002
0.06433179702000001
0.06433179702000001
0.06442396302000002
0.06442396302000002
0.06442396302000002
0.06451612882000002
0.06451612882000002
0.06451612882000002
0.06442396302000002
0.06442396302000002
0.06442396302000003
0.06442396302000003
0.06433179712000003
0.06442396306000003
0.06451612896000002
0.06451612896000002
0.06460829476000002
0.06479262646000003
0.06479262646000003
0.06479262642000003
0.06479262642000003
0.06479262642000003
0.06479262642000003
0.06488479232000004
0.06497695832000003
0.06497695832000003
0.06497695832000003
0.06497695832000003
0.06506912412000003
0.06497695822000002
0.06497695822000002
0.06497695822000002
0.06506912402000004
0.06506912402000004
0.06506912402000004
0.06516128992000005
0.06516128992000005
0.06525345582000004
0.06534562176000004
0.06534562176000004
0.06534562176000004
0.06534562176000004
0.06543778766000004
0.06543778766000004
0.06543778766000004
0.06543778766000004
0.06543778766000004
0.06543778766000004
0.06543778766000004
0.06543778766000004
0.06543778766000004
0.06543778766000004
0.06552995356000005
0.06562211946000004
0.06552995366000004
0.06552995366000004
0.06543778776000005
0.06543778776000005
0.06543778776000005
0.06552995366000004
0.06552995366000004
0.06552995346000004
0.06552995346000004
0.06552995346000004
0.06552995346000004
0.06552995346000004
0.06552995346000004
0.06552995346000004
0.06552995346000004
0.06552995346000004
0.06552995346000004
0.06543778756000003
0.06543778756000003
0.06534562176000003
0.06534562170000004
0.06543778760000003
0.06543778760000003
0.06543778760000003
0.06543778760000003
0.06543778750000002
0.06543778750000002
0.06543778750000002
0.06543778760000003
0.06543778760000003
0.06543778760000003
0.06543778760000003
0.06543778760000003
0.06543778760000003
0.06534562180000003
0.06534562180000003
0.06516129000000002
0.06516129000000002
0.06516129000000002
0.06516129000000002
0.06516129000000002
0.06516129000000002
0.06525345590000002
0.06525345590000002
0.06525345590000002
0.06516128996000002
0.06516128996000002
0.06525345576000002
0.06525345576000002
0.06525345576000002
0.06525345576000002
0.06525345576000002
0.06516128986000003
0.06506912406000004
0.06506912406000004
0.06506912406000004
0.06506912406000004
0.06506912406000004
0.06497695816000003
0.06497695816000003
0.06497695816000003
0.06488479222000003
0.06488479222000003
0.06488479222000003
0.06460829466000002
0.06460829466000002
0.06460829466000002
0.06470046046000003
0.06470046046000003
0.06479262626000003
0.06479262626000003
0.06479262626000003
0.06479262626000003
0.06470046026000004
0.06470046026000004
0.06451612856000004
0.06451612856000004
0.06451612856000004
0.06451612856000004
0.06451612856000004
0.06451612856000004
0.06451612856000004
0.06451612856000004
0.06451612856000004
0.06451612856000004
0.06451612856000004
0.06451612856000004
0.06451612856000004
0.06451612856000004
0.06451612846000003
0.06451612846000003
0.06451612846000003
0.06460829436000004
0.06460829436000004
0.06451612846000003
0.06460829436000003
0.06451612856000002
0.06451612856000002
0.06451612856000002
0.06451612856000002
0.06451612856000002
0.06423963082000003
0.06423963082000003
0.06433179682000004
0.06433179682000004
0.06423963102000003
0.06414746522000003
0.06414746522000003
0.06423963122000002
0.06433179712000002
0.06423963122000002
0.06423963122000002
0.06423963122000002
0.06423963122000002
0.06423963122000002
0.06423963122000002
0.06423963122000002
0.06423963122000002
0.06414746542000002
0.06414746542000002
0.06414746542000002
0.06414746542000002
0.06423963128000003
0.06423963128000003
0.06423963128000003
0.06423963128000003
0.06423963128000003
0.06423963128000003
0.06423963128000003
0.06414746548000001
0.06414746548000001
0.06414746548000001
0.06414746548000001
0.06414746548000001
0.06414746548000001
0.06414746548000001
0.06414746548000001
0.06414746548000001
0.06423963138000001
0.06414746548000001
0.06405529968000001
0.06396313378000001
0.06396313358000003
0.06396313358000003
0.06387096768000002
0.06405529952000003
0.06405529952000003
0.06405529952000003
0.06405529952000003
0.06405529952000003
0.06405529952000003
0.06405529952000003
0.06405529952000001
0.06405529952000001
0.06405529952000001
0.06396313362000002
0.06405529952000003
0.06387096782000003
0.06387096782000003
0.06387096782000003
0.06387096782000003
0.06377880202000002
0.06377880202000002
0.06377880202000002
0.06387096802000002
0.06387096802000002
0.06387096802000002
0.06368663622000001
0.06368663622000001
0.06377880222000001
0.06368663632000002
0.06368663632000002
0.06359447042000001
0.06359447042000001
0.06368663632
0.06377880226000002
0.06387096816
0.06377880226000002
0.06377880226000002
0.06377880216000001
0.06377880216000001
0.06377880216000001
0.06368663626000001
0.06368663626000001
0.06368663626000001
0.06359447046000001
0.06350230456
0.06350230456
0.06350230456
0.06350230456
0.06341013866
0.06350230446
0.06341013852
0.06341013862
0.06331797282
0.06331797282
0.06331797282
0.06331797282
0.06331797282
0.06331797272
0.06331797272
0.06331797272
0.06331797272
0.06331797272
0.06331797272
0.06313364092000001
0.06313364092000001
0.06313364092000001
0.06313364092000001
0.06322580682000001
0.06322580682000001
0.06322580682000001
0.06322580682000001
0.06322580682000001
0.06322580682000001
0.06322580682000001
0.06331797272
0.06322580682000001
0.06322580682000001
0.06322580682000001
0.06322580682000001
0.06322580682000001
0.06313364102
0.06313364102
0.06313364102
0.06294930922000001
0.06304147502000002
0.06294930912
0.06294930912
0.06304147492
0.06304147492
0.06304147492
0.06313364082000002
0.06313364082000002
0.06322580672000001
0.06322580682000002
0.06322580682000002
0.06322580682000002
0.06313364082000002
0.06322580662000002
0.06322580662000002
0.06313364072000001
0.06313364072000001
0.06313364072000001
0.06313364072000001
0.06313364072000001
0.06313364072000001
0.06322580662000002
0.06331797252000002
0.06322580662000002
0.06313364068000002
0.06313364064000003
0.06313364064000003
0.06313364064000003
0.06322580654000003
0.06322580654000003
0.06313364064000003
0.06304147474000002
0.06304147474000002
0.06304147474000002
0.06304147474000002
0.06304147474000002
0.06304147474000002
0.06304147474000002
0.06304147474000002
0.06304147474000002
0.06313364074000002
0.06313364074000002
0.06313364074000002
0.06313364074000002
0.06313364074000002
0.06313364074000002
0.06304147484000003
0.06304147484000003
0.06304147484000003
0.06304147484000003
0.06304147484000003
0.06304147484000003
0.06313364074000002
0.06313364074000002
0.06313364074000002
0.06313364074000002
0.06313364074000002
0.06304147484000003
0.06304147484000003
0.06304147484000003
0.06304147484000003
0.06304147484000003
0.06304147484000003
0.06304147484000003
0.06304147484000003
0.06294930904000004
0.06294930904000004
0.06294930904000004
0.06294930904000004
0.06294930904000004
0.06304147494000004
0.06294930894000003
0.06304147474000002
0.06304147474000002
0.06304147474000002
0.06304147474000002
0.06294930874000002
0.06294930874000002
0.06294930874000002
0.06294930874000002
0.06294930874000002
0.06294930874000002
0.06294930874000002
0.06294930874000002
0.06294930874000002
0.06304147464000001
0.06304147464000001
0.06304147464000001
0.06304147464000001
0.06304147464000001
0.06294930870000001
0.06285714270000002
0.06285714270000002
0.06285714270000002
0.06294930864
0.06294930864
0.06294930864
0.06276497704000002
0.06276497704000002
0.06294930888000001
0.06285714308000001
0.06285714308000001
0.06285714308000001
0.06285714308000001
0.06285714308000001
0.06285714308000001
0.06285714308000001
0.06267281138000003
0.06267281138000003
0.06267281138000003
0.06267281138000003
0.06258064548000002
0.06258064548000002
0.06258064538000001
0.06258064538000001
0.06258064538000001
0.06258064538000001
0.06258064538000001
0.06258064538000001
0.06267281128000002
0.06267281128000002
0.06276497708000002
0.06285714298000002
0.06285714298000002
0.06285714298000002
0.06285714298000002
0.06285714298000002
0.06276497708000002
0.06276497708000002
0.06276497708000002
0.06276497708000002
0.06276497708000002
0.06276497708000002
0.06276497718000001
0.06276497718000001
0.06276497718000001
0.06276497718000001
0.06276497718000001
0.06267281128000002
0.06267281128000002
0.06267281128000002
0.06267281128000002
0.06267281128000002
0.06239631358000002
0.06230414768000002
0.06230414768000002
0.06230414768000002
0.06230414768000002
0.06230414768000002
0.06230414768000002
0.06230414768000002
0.06230414768000002
0.06239631358000002
0.06239631358000002
0.06239631358000002
0.06239631358000002
0.062304147680000026
0.062304147680000026
0.062304147680000026
0.062304147680000026
0.062304147680000026
0.062304147680000026
0.062304147680000026
0.062211981780000036
0.062211981780000036
0.062211981780000036
0.062211981780000036
0.062211981780000036
0.062304147680000026
0.06239631362000003
0.06239631362000003
0.06239631362000003
0.06230414782000003
0.06230414782000003
0.06230414782000003
0.06230414782000003
0.06230414782000003
0.06230414782000003
0.06230414782000003
0.06230414782000003
0.06230414782000003
0.06230414782000003
0.062396313720000034
0.062396313720000034
0.062396313720000034
0.062396313720000034
0.06230414782000003
0.06230414782000003
0.06230414782000003
0.06230414782000003
0.06230414782000003
0.06230414782000003
0.06239631372000003
0.06239631372000003
0.06239631372000003
0.06239631372000003
0.06239631372000003
0.06239631372000003
0.06239631372000003
0.06230414792000003
0.06230414802000002
0.06230414802000002
0.06230414802000002
0.06230414802000002
0.06230414802000002
0.06239631392000002
0.06230414812000002
0.06230414812000002
0.06221198218000002
0.06221198218000002
0.06221198218000002
0.06221198218000002
0.062211982180000014
0.062211982180000014
0.062304147980000016
0.062304147980000016
0.062304147980000016
0.062304147980000016
0.062304147980000016
0.062304147980000016
0.062304147980000016
0.062304147980000016
0.062304147980000016
0.062211982080000026
0.062211982080000026
0.062211982080000026
0.062211982080000026
0.062211982080000026
0.062304147980000016
0.06221198208000001
0.06221198208000001
0.06221198208000001
0.06221198208000001
0.06221198208000001
0.06211981618000001
0.062211982120000016
0.062211982120000016
0.062211982120000016
0.062211982120000016
0.062211982120000016
0.062119816220000026
0.062211982120000016
0.062211982120000016
0.062211982120000016
0.062211982120000016
0.062211982120000016
0.062211982120000016
0.062211982120000016
0.062211982120000016
0.062211982120000016
0.06230414802000001
0.06230414802000001
0.062396313920000016
0.062396313920000016
0.062396313920000016
0.062396313920000016
0.062396313920000016
0.062396313920000016
0.062396313920000016
0.062396313920000016
0.062396313920000016
0.062396313920000016
0.062396313920000016
0.062396313920000016
0.062396313920000016
0.062396313920000016
0.062396313920000016
0.062396313920000016
0.062396313920000016
0.062396313920000016
0.06248847982000001
0.06248847982000001
0.06248847982000001
0.06248847982000001
0.06248847982000001
0.06258064572000001
0.06258064572000001
0.06258064572000001
0.06258064572000001
0.06248847982000001
0.06248847982000001
0.06258064562000001
0.06267281142000002
0.06267281142000002
0.06267281142000002
0.06276497722000002
0.06276497722000002
0.06276497722000002
0.06276497722000002
0.06267281142000002
0.06267281142000002
0.06267281142000002
0.06267281142000002
0.06267281142000002
0.06267281142000002
0.06267281142000002
0.06276497722000002
0.06285714312000001
0.06285714312000001
0.06285714312000001
0.06285714312000001
0.06285714312000001
0.06285714312000001
0.06285714312000001
0.06285714312000001
0.06285714312000001
0.06285714312000001
0.06285714312000001
0.06285714312000001
0.06285714312000001
0.06276497712000001
0.06276497712000001
0.06267281102000002
0.06267281102000002
0.06267281102000002
0.06267281102000002
0.06267281102000002
0.06258064512000003
0.06258064512000003
0.06258064512000003
0.06258064512000003
0.06258064512000003
0.06258064512000003
0.06258064512000003
0.06258064512000003
0.06258064512000003
0.06258064512000003
0.06258064512000003
0.06258064512000003
0.06258064512000003
0.06258064512000003
0.06258064512000003
0.06258064512000003
0.06267281092000003
0.06267281092000003
0.06267281092000003
0.06267281092000003
0.06267281092000003
0.06276497686000003
0.06285714266000003
0.06294930856000003
0.06294930856000003
0.06294930856000003
0.06294930856000003
0.06294930856000003
0.06294930856000003
0.06294930856000003
0.06294930856000003
0.06294930856000003
0.06294930856000003
0.06294930856000003
0.06294930856000003
0.06294930856000003
0.06294930856000003
0.06294930856000003
0.06294930856000003
0.06294930856000003
0.06294930856000003
0.06294930856000003
0.06294930856000003
0.06294930856000003
0.06294930856000003
0.06294930866000004
0.06294930866000004
0.06294930866000004
0.06294930866000004
0.06294930866000004
0.06294930866000004
0.06294930866000004
0.06294930866000004
0.06285714286000003
0.06285714286000003
0.06285714286000003
0.06285714286000003
0.06294930876000003
0.06294930876000003
0.06285714286000003
0.06285714286000003
0.06285714286000003
0.06276497706000003
0.06276497706000003
0.06276497706000003
0.06276497706000003
0.06276497706000003
0.06276497706000003
0.06276497706000003
0.06276497706000003
0.06285714286000003
0.06285714286000003
0.06294930876000002
0.06294930876000002
0.06294930876000002
0.06294930876000002
0.06304147466000003
0.06304147466000003
0.06304147466000003
0.06304147466000003
0.06304147466000003
0.06304147466000003
0.06313364056000002
0.06313364056000002
0.06313364056000002
0.06304147466000003
0.06294930876000002
0.06294930876000002
0.06294930876000002
0.06304147466000001
0.06304147466000001
0.06304147466000001
0.06313364060000001
0.06304147480000002
0.06304147480000002
0.06304147480000002
0.06304147480000002
0.06304147480000002
0.06294930880000002
0.06285714290000004
0.06285714290000004
0.06285714290000004
0.06285714290000004
0.06276497700000004
0.06276497700000004
0.06276497700000004
0.06276497700000004
0.06276497700000004
0.06276497700000004
0.06276497700000004
0.06276497700000004
0.06276497700000004
0.06276497700000004
0.06276497700000004
0.06276497700000004
0.06276497700000004
0.06276497700000004
0.06276497700000004
0.06276497700000004
0.06276497700000004
0.06276497700000004
0.06276497700000004
0.06276497700000004
0.06276497700000004
0.06276497700000004
0.06267281120000004
0.06267281120000004
0.06267281120000004
0.06267281120000004
0.06267281120000004
0.06267281120000004
0.06267281120000004
0.06267281120000004
0.06267281120000004
0.06276497700000004
0.06285714290000004
0.06285714290000004
0.06285714290000004
0.06285714290000004
0.06285714290000004
0.06285714290000004
0.06285714290000004
0.06285714290000004
0.06285714290000004
0.06285714290000004
0.06285714290000004
0.06285714290000004
0.06285714290000004
0.06285714290000004
0.06285714290000004
0.06285714290000004
0.06285714290000004
0.06285714290000004
0.06276497700000004
0.06276497700000004
0.06276497700000004
0.06276497700000004
0.06276497700000004
0.06276497700000004
0.06285714290000004
0.06285714290000004
0.06285714290000004
0.06285714290000004
0.06285714290000004
0.06285714290000004
0.06276497700000004
0.06276497700000004
0.06276497700000004
0.06276497700000004
0.06276497700000004
0.06276497700000004
0.06276497700000004
