0.5301382562
0.33594470307999996
0.22221198283999996
0.16147465504
0.13511520904
0.11778801886
0.10995391780000002
0.10460829477999997
0.10000000018000002
0.09686636036000001
0.09308755858000003
0.08894009222000003
0.08451612882000002
0.08165898636000003
0.07834101416000001
0.07529953928000001
0.07281106042000002
0.07142857164000001
0.06958525364000001
0.06755760404000005
0.06506912418000005
0.06331797214000004
0.06147465474
0.06055299560000003
0.05917050678000004
0.058341013880000035
0.057142857240000025
0.05585253466000003
0.055760368640000016
0.05502304140000002
0.054193548100000016
0.05364055302000002
0.05354838716000001
0.05336405548
0.05308755776
0.05271889404000001
0.05271889408000001
0.05244239644000001
0.05188940090000001
0.051889400880000006
0.05161290332000001
0.05105990798000002
0.050691244300000014
0.050691244220000015
0.05087557598000001
0.05069124410000001
0.05059907812
0.050414746280000006
0.05050691214000001
0.05032258048000001
0.05023041462000002
0.05041474650000002
0.05059907838000001
0.050691244100000005
0.05087557590000001
0.05078340996000001
0.050967741800000015
0.05078340996000001
0.05105990766000001
0.051152073660000005
0.051152073660000005
0.05115207382000001
0.05142857148000002
0.051244239720000015
0.05124423968000001
0.05133640562000002
0.05133640562000002
0.05124423980000002
0.05133640574000002
0.051336405780000025
0.051336405780000025
0.051336405780000025
0.05152073766000002
0.051797235360000006
0.05188940126000001
0.05207373306000001
0.0523502308
0.05244239666
0.05281106030000002
0.05290322616000002
0.052811060260000015
0.052811060260000015
0.052995392060000014
0.053087557920000014
0.053087557920000014
0.05327188972000001
0.05336405562000001
0.053640553320000006
0.05400921688
0.054285714660000005
0.054377880520000005
0.05465437798
0.05465437798
0.05502304166000001
0.05511520760000001
0.05529953926000001
0.05539170520000001
0.055483871140000016
0.055483871140000016
0.05566820294000001
0.05585253466000001
0.05612903226000001
0.05631336406000001
0.0563133642
0.056313364240000004
0.056497696080000014
0.05677419372000002
0.05705069136000002
0.05732718902000002
0.05751152082000002
0.05760368662000003
0.057695852420000034
0.05788018418000003
0.05815668196000003
0.05815668196000003
0.05834101376000003
0.05834101376000003
0.05834101376000003
0.05852534546000003
0.05861751140000004
0.05861751140000004
0.05861751140000004
0.05861751140000004
0.05880184320000003
0.05889400910000003
0.05889400910000003
0.05889400910000003
0.05907834090000003
0.05907834090000003
0.05917050680000003
0.05917050680000003
0.05917050680000003
0.05926267270000002
0.05944700436000003
0.05935483846000003
0.05944700436000003
0.05953917022000002
0.059723502060000024
0.059815667920000024
0.059815667920000024
0.059907833720000025
0.059999999660000025
0.059999999660000025
0.060184331500000035
0.06027649740000003
0.06036866330000002
0.06055299510000002
0.06055299510000002
0.06055299510000002
0.06055299510000002
0.06055299510000002
0.06064516104000002
0.06064516104000002
0.06064516104000002
0.060829492740000025
0.060829492740000025
0.06101382444000003
0.06101382444000003
0.06101382444000003
0.06101382444000003
0.061105990340000034
0.061198156280000034
0.06138248812000003
0.06138248812000003
0.06138248812000003
0.061474654020000026
0.06165898572000003
0.06184331752000003
0.06193548332000003
0.06193548332000003
0.062027649120000035
0.062027649120000035
0.062027649120000035
0.062027649120000035
0.06211981502000004
0.06221198092000004
0.06221198092000004
0.06211981502000004
0.06211981502000004
0.062211980920000035
0.062211980920000035
0.062211980920000035
0.062211980920000035
0.062211980920000035
0.062396312720000034
0.06248847872000003
0.06258064462000003
0.06267281052000002
0.06267281052000002
0.06276497642000003
0.06285714222000002
0.06285714222000002
0.06285714222000002
0.06285714222000002
0.06294930812000003
0.06304147402000003
0.06313363992000003
0.06304147402000003
0.06304147402000003
0.06304147402000003
0.06313363992000003
0.06313363992000003
0.06331797162000004
0.06341013752000003
0.06341013752000003
0.06341013752000003
0.06341013752000003
0.06341013752000003
0.06359446932000001
0.06359446936000002
0.06359446936000002
0.06359446936000002
0.06359446936000002
0.06359446936000002
0.06359446936000002
0.06368663516000002
0.06377880106000001
0.06377880106000001
0.06377880106000001
0.06387096696000001
0.06387096696000001
0.06387096696000001
0.06387096696000001
0.06387096696000001
0.06387096696000001
0.06387096696000001
0.06396313276000001
0.06396313276000001
0.06396313276000001
0.06396313276000001
0.06396313276000001
0.06396313276000001
0.06405529856000002
0.06414746450000001
0.06433179620000001
0.06433179620000001
0.06433179620000001
0.06451612780000002
0.06451612780000002
0.06451612780000002
0.06451612780000002
0.06451612780000002
0.06451612780000002
0.06460829360000003
0.06470045940000003
0.06479262540000003
0.06488479140000003
0.06497695730000004
0.06497695730000004
0.06497695730000004
0.06497695730000004
0.06506912330000005
0.06506912340000003
0.06506912340000003
0.06506912340000003
0.06506912340000003
0.06506912340000003
0.06525345530000003
0.06525345530000003
0.06525345530000003
0.06525345530000003
0.06525345530000003
0.06525345530000003
0.06525345530000003
0.06534562120000004
0.06534562120000004
0.06534562120000004
0.06534562120000004
0.06534562120000004
0.06534562120000004
0.06534562120000004
0.06534562120000004
0.06543778710000003
0.06543778710000003
0.06552995310000004
0.06552995310000004
0.06552995310000004
0.06552995310000004
0.06552995310000004
0.06552995310000004
0.06543778710000003
0.06552995300000003
0.06552995300000003
0.06552995300000003
0.06552995300000003
0.06562211900000003
0.06552995310000002
0.06552995310000002
0.06552995310000002
0.06552995310000002
0.06552995310000002
0.06552995310000002
0.06562211900000003
0.06562211900000003
0.06562211900000003
0.06562211900000003
0.06562211900000003
0.06562211900000003
0.06562211900000003
0.06562211900000003
0.06562211900000003
0.06571428490000003
0.06571428490000003
0.06571428490000003
0.06580645070000003
0.06580645070000003
0.06580645070000003
0.06580645070000003
0.06580645070000003
0.06580645070000003
0.06589861660000003
0.06580645080000003
0.06580645080000003
0.06580645080000003
0.06580645080000003
0.06580645080000003
0.06580645080000003
0.06580645080000003
0.06589861660000003
0.06589861660000003
0.06589861660000003
0.06589861660000003
0.06589861660000003
0.06589861660000003
0.06580645066000003
0.06571428476000002
0.06571428476000002
0.06571428476000002
0.06580645056000002
0.06571428466000002
0.06571428466000002
0.06571428466000002
0.06571428466000002
0.06571428466000002
0.06571428466000002
0.06571428466000002
0.06571428466000002
0.06571428466000002
0.06571428466000002
0.06571428466000002
0.06571428466000002
0.06571428466000002
0.06571428466000002
0.06580645056000003
0.06571428456000003
0.06571428456000003
0.06571428456000003
0.06571428456000003
0.06571428456000003
0.06571428456000003
0.06571428456000003
0.06571428436000003
0.06580645026000004
0.06580645026000004
0.06580645026000004
0.06580645026000004
0.06580645026000004
0.06580645026000004
0.06571428436000003
0.06571428436000003
0.06571428436000003
0.06571428436000003
0.06571428436000003
0.06571428436000003
0.06571428436000003
0.06571428436000003
0.06571428436000003
0.06571428436000003
0.06562211836000004
0.06571428426000002
0.06571428426000002
0.06571428426000002
0.06571428426000002
0.06580645026000002
0.06580645026000002
0.06580645026000002
0.06580645026000002
0.06580645026000002
0.06580645026000002
0.06580645026000002
0.06580645026000002
0.06580645026000002
0.06580645026000002
0.06571428446000002
0.06580645036000002
0.06580645036000002
0.06580645036000002
0.06580645036000002
0.06580645036000002
0.06580645036000002
0.06580645036000002
0.06589861626000001
0.06589861626000001
0.06589861626000001
0.06599078216000002
0.06599078216000002
0.06599078216000002
0.06599078216000002
0.06599078216000002
0.06599078216000002
0.06599078216000002
0.06599078216000002
0.06599078216000002
0.06599078216000002
0.06599078216000002
0.06599078216000002
0.06599078216000002
0.06599078216000002
0.06599078216000002
0.06599078216000002
0.06599078216000002
0.06599078216000002
0.06608294806000002
0.06599078216000001
0.06589861636000002
0.06589861636000002
0.06599078216000002
0.06599078216000002
0.06599078216000002
0.06599078216000002
0.06608294796000003
0.06599078216000002
0.06599078216000002
0.06599078216000002
0.06608294816000003
0.06608294816000003
0.06608294816000003
0.06608294816000003
0.06608294816000003
0.06608294816000003
0.06599078216000004
0.06599078216000004
0.06608294796000004
0.06589861626000003
0.06580645036000003
0.06580645036000003
0.06571428436000003
0.06571428436000003
0.06571428436000003
0.06571428436000003
0.06571428436000003
0.06552995256000002
0.06552995256000002
0.06552995256000002
0.06552995256000002
0.06552995256000002
0.06543778666000002
0.06543778666000002
0.06543778666000002
0.06543778666000002
0.06543778666000002
0.06543778666000002
0.06543778666000002
0.06543778666000002
0.06543778666000002
0.06543778666000002
0.06543778666000002
0.06552995246000003
0.06552995246000003
0.06552995246000003
0.06552995246000003
0.06552995246000003
0.06552995246000003
0.06552995246000003
0.06552995246000003
0.06552995246000003
0.06552995246000003
0.06552995246000003
0.06552995246000003
0.06562211840000004
0.06562211840000004
0.06562211840000004
0.06562211840000004
0.06552995260000002
0.06552995260000002
0.06543778680000002
0.06543778680000002
0.06552995270000003
0.06552995270000003
0.06552995270000003
0.06552995270000003
0.06552995270000003
0.06543778676000003
0.06534562096000003
0.06534562096000003
0.06534562096000003
0.06534562096000003
0.06525345516000003
0.06525345516000003
0.06525345516000003
0.06525345516000003
0.06525345516000003
0.06525345516000003
0.06516128916000002
0.06516128916000002
0.06525345510000002
0.06525345510000002
0.06525345510000002
0.06516128930000002
0.06516128930000002
0.06516128930000002
0.06516128930000002
0.06516128930000002
0.06516128930000002
0.06516128930000002
0.06516128930000002
0.06516128930000002
0.06516128930000002
0.06516128930000002
0.06516128930000002
0.06516128930000002
0.06516128930000002
0.06516128930000002
0.06516128930000002
0.06516128930000002
0.06516128930000002
0.06516128930000002
0.06516128930000002
0.06516128930000002
0.06516128930000002
0.06516128930000002
0.06516128930000002
0.06516128930000002
0.06516128930000002
0.06516128930000002
0.06516128930000002
0.06525345516000002
0.06525345516000002
0.06516128926000002
0.06516128926000002
0.06516128926000002
0.06516128926000002
0.06516128926000002
0.06516128926000002
0.06516128926000002
0.06516128926000002
0.06516128926000002
0.06506912336000002
0.06506912336000002
0.06506912336000002
0.06506912336000002
0.06506912336000002
0.06506912336000002
0.06506912336000002
0.06506912336000002
0.06497695736000002
0.06497695736000002
0.06497695736000002
0.06488479156000002
0.06488479156000002
0.06479262566000002
0.06479262566000002
0.06479262566000002
0.06479262566000002
0.06479262566000002
0.06479262566000002
0.06479262566000002
0.06479262566000002
0.06479262566000002
0.06479262566000002
0.06479262566000002
0.06488479166000002
0.06488479166000002
0.06488479166000002
0.06479262586000002
0.06479262586000002
0.06479262586000002
0.06479262586000002
0.06479262586000002
0.06479262586000002
0.06479262586000002
0.06479262586000002
0.06479262586000002
0.06479262586000002
0.06479262586000002
0.06479262586000002
0.06470046006000002
0.06470046006000002
0.06470046006000002
0.06470046006000002
0.06470046006000002
0.06470046006000002
0.06470046006000002
0.06470046006000002
0.06470046006000002
0.06460829426000002
0.06451612836000002
0.06451612836000002
0.06460829436000001
0.06460829436000001
0.06460829436000001
0.06460829436000001
0.06460829436000001
0.06460829436000001
0.06460829436000001
0.06451612856000001
0.06451612856000001
0.06460829446000002
0.06460829446000002
0.06460829446000002
0.06460829446000002
0.06460829446000002
0.06460829446000002
0.06460829446000002
0.06460829446000002
0.06460829446000002
0.06460829446000002
0.06451612846000002
0.06451612846000002
0.06451612846000002
0.06451612846000002
0.06451612846000002
0.06451612846000002
0.06451612846000002
0.06451612846000002
0.06451612846000002
0.06442396256000002
0.06442396256000002
0.06433179666000002
0.06433179666000002
0.06433179666000002
0.06433179666000002
0.06433179666000002
0.06414746506
0.06414746506
0.06405529916000002
0.06396313326000001
0.06396313326000001
0.06396313326000001
0.06387096736000002
0.06387096736000002
0.06387096736000002
0.06377880146
0.06387096736000002
0.06387096736000002
0.06387096736000002
0.06387096736000002
0.06387096736000002
0.06387096736000002
0.06387096736000002
0.06387096736000002
0.06387096736000002
0.06387096736000002
0.06387096736000002
0.06387096736000002
0.06387096736000002
0.06377880142000002
0.06377880142000002
0.06377880142000002
0.06377880142000002
0.06377880142000002
0.06377880142000002
0.06377880142000002
0.06377880142000002
0.06377880142000002
0.06377880142000002
0.06377880142000002
0.06377880142000002
0.06377880142000002
0.06377880142000002
0.06377880142000002
0.06377880142000002
0.06387096732000001
0.06396313322000001
0.06396313322000001
0.06396313322000001
0.06396313322000001
0.06396313322000001
0.06396313322000001
0.06396313322000001
0.06387096742000001
0.06387096742000001
0.06387096742000001
0.06387096742000001
0.06387096742000001
0.06359446972000002
0.06359446972000002
0.06359446972000002
0.06359446972000002
0.06359446972000002
0.06359446972000002
0.06359446972000002
0.06359446972000002
0.06359446972000002
0.06359446972000002
0.06359446972000002
0.06359446972000002
0.06359446972000002
0.06359446972000002
0.06359446972000002
0.06359446972000002
0.06368663552
0.06359446962000001
0.06368663552
0.06368663552
0.06368663552
0.06368663552
0.06368663572000001
0.06368663572000001
0.06359446982
0.06359446982
0.06359446982
0.06359446982
0.06359446982
0.06359446982
0.06359446982
0.06350230392000002
0.06350230392000002
0.06350230392000002
0.06350230392000002
0.06350230392000002
0.06350230392000002
0.06341013802
0.06341013802
0.06341013802
0.06331797212000001
0.06331797212000001
0.06331797212000001
0.06331797212000001
0.06331797212000001
0.06331797212000001
0.06331797212000001
0.06331797212000001
0.06331797212000001
0.06331797212000001
0.06331797212000001
0.06313364022000002
0.06313364022000002
0.06322580612000003
0.06313364032000003
0.06313364032000003
0.06313364032000003
0.06313364032000003
0.06304147442000002
0.06294930852000002
0.06285714262000003
0.06285714262000003
0.06285714262000003
0.06285714262000003
0.06285714262000003
0.06285714262000003
0.06285714262000003
0.06285714262000003
0.06285714262000003
0.06285714262000003
0.06285714262000003
0.06276497668000001
0.06285714262000001
0.06285714262000001
0.06285714262000001
0.06285714262000001
0.06285714262000001
0.06285714262000001
0.06276497682000001
0.06276497682000001
0.06276497682000001
0.06276497682000001
0.06276497682000001
0.06276497682000001
0.06276497682000001
0.06276497682000001
0.06276497682000001
0.06285714272000002
0.06276497682000003
0.06294930862000003
0.06294930862000003
0.06294930862000003
0.06294930862000003
0.06285714262000003
0.06285714262000003
0.06285714262000003
0.06285714262000003
0.06285714262000003
0.06276497682000003
0.06276497682000003
0.06276497682000003
0.06285714272000002
0.06276497682000003
0.06276497682000003
0.06285714272000002
0.06285714272000002
0.06285714272000002
0.06285714272000002
0.06285714272000002
0.06285714272000002
0.06285714272000002
0.06276497692000003
0.06267281102000004
0.06267281102000004
0.06258064522000004
0.06258064522000004
0.06258064522000004
0.062396313380000026
0.06230414748000003
0.06230414748000003
0.06230414748000003
0.06221198168000003
0.06230414748000002
0.06221198168000003
0.06221198168000003
0.06221198168000003
0.06221198168000003
0.06221198168000003
0.06221198168000003
0.062119815780000025
0.062119815780000025
0.062027649980000016
0.062027649980000016
0.062027649980000016
0.062027649980000016
0.062027649980000016
0.062027649980000016
0.062027649980000016
0.062027649980000016
0.062027649980000016
0.062027649980000016
0.062027649980000016
0.061935484080000026
0.062027650080000024
0.062027650080000024
0.062027650080000024
0.06193548428000002
0.06193548428000002
0.062027650080000024
0.062027650080000024
0.062119816020000024
0.062119816020000024
0.062119816020000024
0.062119816020000024
0.062119816020000024
0.062119816020000024
0.062119816020000024
0.062119816020000024
0.06202765012000003
0.06202765012000003
0.06202765012000003
0.06202765012000003
0.06193548412000003
0.06193548412000003
0.06193548412000003
0.06193548412000003
0.06193548412000003
0.06193548412000003
0.06193548412000003
0.06202764992000003
0.06202764992000003
0.06202764992000003
0.06202764992000003
0.061935484020000035
0.06184331802000004
0.06184331802000004
0.06184331802000004
0.06184331802000004
0.061751152120000034
0.061751152120000034
0.061751152120000034
0.06165898622000003
0.06165898622000003
0.06175115212000002
0.06175115212000002
0.06175115212000002
0.06175115212000002
0.06175115212000002
0.06175115212000002
0.06175115212000002
0.06175115212000002
0.06175115212000002
0.06175115212000002
0.06165898622000003
0.061474654380000035
0.061474654380000035
0.061474654380000035
0.061474654380000035
0.061474654380000035
0.061474654380000035
0.061474654380000035
0.061474654380000035
0.061474654380000035
0.061566820180000044
0.061566820180000044
0.061566820180000044
0.061566820180000044
0.06165898608000005
0.06165898608000005
0.061843317880000054
0.061843317880000054
0.06175115198000006
0.06175115198000006
0.06175115198000006
0.06175115198000006
0.06175115198000006
0.06175115198000006
0.06175115198000006
0.06175115198000006
0.06175115198000006
0.06175115198000006
0.061658986180000055
0.061658986180000055
0.061658986180000055
0.061658986180000055
0.061658986180000055
0.061658986180000055
0.061658986180000055
0.061658986180000055
0.061658986180000055
0.061658986180000055
0.061658986180000055
0.061658986180000055
0.061751152080000045
0.061751152080000045
0.061751152080000045
0.061751152080000045
0.061751152080000045
0.061751152080000045
0.061751152080000045
0.061751152080000045
0.061751152080000045
0.061751152080000045
0.061751152080000045
0.061751152080000045
0.061751152080000045
0.061751152080000045
0.061751152080000045
0.061751152080000045
0.061658986220000045
0.061658986220000045
0.061658986220000045
0.061566820320000055
0.061566820320000055
0.061566820320000055
0.061566820320000055
0.061566820320000055
0.061566820320000055
0.06147465432000005
0.06147465432000005
0.06147465432000005
0.06147465432000005
0.06147465432000005
0.06147465432000005
0.06147465432000005
0.06147465432000005
0.06147465432000005
0.06147465432000005
0.061382488420000055
0.061382488420000055
0.061382488420000055
0.061382488420000055
0.061382488420000055
0.06129032252000005
0.06129032252000005
0.06129032252000005
0.06129032252000005
0.06129032252000005
0.06129032252000005
0.06129032252000005
0.06129032252000005
0.06129032252000005
0.06129032252000005
0.06129032252000005
0.06129032252000005
0.06129032252000005
0.06129032252000005
0.06129032252000005
0.06129032252000005
0.061382488420000055
0.061382488420000055
0.061382488420000055
0.061382488420000055
0.061382488420000055
0.06147465432000006
0.06147465432000006
0.06147465432000006
0.06156682012000005
0.06156682012000005
0.06147465432000006
0.061566820220000054
0.061566820220000054
0.06147465442000005
0.06147465442000005
0.06147465442000005
0.06147465442000005
0.06147465442000005
0.06147465442000005
0.06147465442000005
0.06147465442000005
0.06147465442000005
0.06147465442000005
0.06147465442000005
0.06147465442000005
0.06147465442000005
0.06147465442000005
0.06147465442000005
0.06156682032000004
0.06156682032000004
0.06156682032000004
0.06165898632000004
0.06165898632000004
0.06165898632000004
0.061566820420000036
0.061566820420000036
0.061566820420000036
