0.5058064555999998
0.34267281540000005
0.23649769607999999
0.1672811074
0.1329953936
0.11834101390000003
0.11244239624
0.1067281111
0.10202765024000002
0.09824884919999999
0.09465437932000002
0.09115207470000003
0.08764977072000002
0.08516129132000001
0.08258064598000002
0.07981566906000002
0.07732718950000005
0.07539170508000001
0.07281105980000004
0.07152073758000004
0.07013824942000005
0.06801843408000004
0.06682027732000001
0.06626728186000001
0.06497695894000001
0.06359447050000001
0.06211981592000002
0.06009216646000001
0.05944700502000003
0.05898617530000002
0.058156682380000026
0.057327188940000016
0.056958525480000015
0.05585253480000001
0.05539170522000001
0.054562211980000004
0.054377880260000004
0.053824884720000014
0.05327188948000001
0.05308755772000001
0.05253456223999999
0.052258064539999996
0.051705069160000006
0.05133640566
0.051428571520000015
0.05142857146000001
0.050967741880000014
0.05041474660000001
0.050230414920000015
0.050230414920000015
0.050322580780000015
0.04995391732000001
0.049493087740000025
0.04912442414000001
0.04912442414000001
0.04930875586000001
0.04930875586
0.049216589920000005
0.048940092180000005
0.04884792632
0.04894009230000001
0.04912442414000001
0.04921658994000001
0.04921658994000001
0.04930875580000001
0.04940092166000001
0.04940092166000001
0.04930875576000001
0.04921658990000001
0.04921658990000001
0.04921658990000001
0.04912442396000001
0.04921658990000001
0.04921658990000001
0.04903225814000001
0.04894009220000001
0.04903225806000001
0.04894009234000001
0.04884792640000001
0.04884792640000001
0.04884792640000001
0.04875576050000001
0.048755760440000004
0.048755760440000004
0.048571428560000005
0.048571428560000005
0.048571428560000005
0.04866359446000001
0.04875576036000002
0.048847926260000014
0.04894009220000001
0.04884792648000001
0.04894009238000001
0.04894009238000001
0.04894009238000001
0.04912442414000001
0.04903225828000001
0.04912442414000001
0.04912442414000001
0.049308755900000015
0.049400921760000015
0.049493087620000015
0.049677419420000014
0.049677419420000014
0.049585253560000014
0.04949308762000002
0.04949308762000002
0.04940092176000002
0.04949308770000002
0.04949308770000002
0.049585253640000014
0.049585253640000014
0.04976958544000002
0.049769585360000014
0.049953917200000024
0.050046083140000024
0.05004608314000003
0.05023041486000003
0.05023041486000003
0.05041474666000003
0.05078341026000003
0.05078341026000003
0.05078341026000003
0.05096774210000003
0.05096774210000003
0.05096774210000003
0.05096774210000003
0.050875576160000026
0.050875576160000026
0.05096774206000003
0.05115207382000002
0.05124423968000002
0.05124423968000002
0.05124423968000002
0.05124423968000002
0.05170506926000003
0.05188940110000004
0.05198156696000003
0.05207373278000003
0.05207373278000003
0.052258064540000024
0.052258064540000024
0.052258064540000024
0.052258064540000024
0.052258064540000024
0.05262672822000004
0.05271889416000003
0.05281106002000003
0.05281106002000003
0.052718894120000026
0.05281106002000003
0.05290322588000003
0.05290322588000003
0.05290322588000003
0.05290322588000003
0.052995391780000026
0.052995391780000026
0.053087557640000026
0.053179723580000025
0.053179723580000025
0.053179723580000025
0.05327188952000003
0.05336405542000003
0.05336405542000003
0.05354838726000004
0.053640553160000035
0.05382488500000004
0.05391705086000004
0.054101382700000034
0.054101382700000034
0.054101382700000034
0.054009216840000034
0.054193548640000026
0.05428571458000002
0.054377880480000015
0.05447004638000002
0.05456221224000002
0.05456221224000002
0.05465437818000002
0.05474654408000002
0.054838710020000014
0.05493087592000002
0.05493087592000002
0.05493087592000002
0.05511520772000002
0.05511520772000002
0.05511520772000002
0.05511520772000002
0.05511520772000002
0.05520737362000002
0.05529953948000002
0.055391705380000024
0.055391705380000024
0.055391705380000024
0.05557603718000003
0.05557603718000003
0.05566820312000004
0.05576036906000003
0.05585253496000003
0.05585253496000003
0.05585253496000003
0.05585253496000003
0.05585253496000003
0.056036866760000026
0.056036866760000026
0.056036866760000026
0.05622119856000003
0.05622119856000003
0.05649769616000002
0.05649769616000002
0.05649769616000002
0.05658986206000002
0.05649769620000002
0.05668202804000002
0.05668202804000002
0.05668202804000002
0.05668202804000002
0.05668202804000002
0.05686635984000001
0.05686635984000001
0.05686635984000001
0.05686635984000001
0.05677419394000002
0.05677419394000002
0.05677419394000002
0.05668202804000002
0.05668202804000002
0.05677419394000001
0.05686635984000001
0.05686635984000001
0.05686635984000001
0.056958525740000016
0.057142857620000015
0.057327189320000006
0.05741935522000001
0.05741935522000001
0.05741935522000001
0.05741935522000001
0.05741935522000001
0.057603687100000016
0.05769585290000002
0.05769585290000002
0.05769585290000002
0.05769585290000002
0.05769585290000002
0.05769585290000002
0.05769585290000002
0.05778801884000002
0.05806451644000002
0.05815668234000002
0.05834101404000003
0.05834101404000003
0.05834101404000003
0.058525345740000026
0.058525345740000026
0.058525345740000026
0.058525345740000026
0.058709677540000026
0.058709677540000026
0.058709677540000026
0.058709677540000026
0.058709677540000026
0.05889400930000002
0.05889400930000002
0.05898617520000002
0.05898617520000002
0.059078341200000016
0.059078341200000016
0.05926267304000001
0.05935483898000002
0.059447004880000015
0.05953917068000002
0.05953917068000002
0.05953917068000002
0.05953917068000002
0.05953917068000002
0.05963133658000001
0.05963133658000001
0.05963133658000001
0.05981566842
0.05981566842
0.059907834320000006
0.059907834320000006
0.06000000012
0.06000000012
0.06000000012
0.06000000012
0.06000000012
0.06000000012
0.06000000012
0.06018433182
0.06027649762
0.06027649762
0.06027649762
0.06036866352
0.06036866352
0.06036866352
0.06036866352
0.06046082952
0.06046082952
0.06064516132
0.06073732722
0.06082949308
0.06082949308
0.06082949308
0.06092165888
0.06092165888
0.06092165888
0.06101382474
0.06101382474
0.06101382474
0.0611059906
0.0611059906
0.0611059906
0.0611059906
0.0611059906
0.0612903224
0.06119815645999999
0.06119815645999999
0.06119815645999999
0.06119815645999999
0.06119815645999999
0.06119815645999999
0.061290322259999995
0.06147465396
0.061566819860000004
0.06165898576
0.06165898576
0.06165898566000001
0.06175115156
0.06175115156
0.06175115156
0.06175115156
0.06184331736000001
0.06193548336000001
0.06193548336000001
0.062027649260000005
0.062119815200000005
0.062119815200000005
0.062119815200000005
0.062119815200000005
0.0620276492
0.0620276492
0.0620276492
0.0620276492
0.062119815
0.062119815
0.06221198094
0.06221198094
0.06221198094
0.06221198094
0.06221198094
0.06221198094
0.06239631268000001
0.06239631268000001
0.06239631268000001
0.062488478580000006
0.062488478580000006
0.062488478580000006
0.062488478580000006
0.06258064452
0.06267281042000002
0.06267281042000002
0.06267281042000002
0.06267281042000002
0.06267281042000002
0.06267281042000002
0.06276497632000001
0.06276497632000001
0.06276497632000001
0.06276497632000001
0.06276497632000001
0.06276497632000001
0.06276497632000001
0.06276497632000001
0.06285714222000002
0.06285714222000002
0.06285714222000002
0.06285714222000002
0.06285714222000002
0.06276497632000001
0.06276497632000001
0.06276497632000001
0.06276497632000001
0.06276497632000001
0.06276497632000001
0.06276497632000001
0.06285714212000001
0.06294930792000003
0.06294930792000003
0.06294930792000003
0.06294930792000003
0.06294930792000003
0.06313363972000002
0.06313363972000002
0.06313363972000002
0.06322580552000003
0.06322580552000003
0.06331797142000002
0.06331797142000002
0.06331797142000002
0.06331797142000002
0.06331797142000002
0.06341013742000003
0.06341013742000003
0.06341013742000003
0.06341013742000003
0.06341013742000003
0.06341013742000003
0.06341013742000003
0.06350230332000004
0.06350230332000004
0.06350230332000004
0.06350230332000004
0.06350230332000004
0.06359446912000004
0.06359446912000004
0.06359446912000004
0.06359446912000004
0.06359446912000004
0.06359446912000004
0.06359446912000004
0.06368663512000004
0.06368663512000004
0.06368663512000004
0.06368663512000004
0.06368663512000004
0.06368663512000004
0.06368663512000004
0.06368663512000004
0.06368663512000004
0.06387096702000003
0.06387096702000003
0.06387096702000003
0.06387096702000003
0.06387096702000003
0.06387096702000003
0.06387096702000003
0.06387096702000003
0.06387096702000003
0.06396313282000003
0.06396313282000003
0.06396313282000003
0.06396313282000003
0.06396313282000003
0.06405529872000003
0.06405529872000003
0.06405529872000003
0.06405529872000003
0.06405529872000003
0.06405529872000003
0.06405529872000003
0.06405529872000003
0.06405529872000003
0.06405529872000003
0.06396313272000004
0.06396313272000004
0.06387096682000004
0.06387096682000004
0.06377880102000004
0.06368663522000004
0.06368663522000004
0.06377880102000004
0.06377880102000004
0.06377880102000004
0.06377880102000004
0.06377880102000004
0.06377880102000004
0.06387096682000004
0.06387096682000004
0.06387096682000004
0.06387096682000004
0.06387096682000004
0.06387096682000004
0.06387096682000004
0.06387096682000004
0.06387096682000004
0.06387096682000004
0.06387096682000004
0.06387096682000004
0.06387096682000004
0.06387096682000004
0.06387096682000004
0.06387096682000004
0.06387096682000004
0.06387096682000004
0.06396313272000004
0.06396313272000004
0.06396313272000004
0.06396313272000004
0.06396313272000004
0.06396313272000004
0.06396313272000004
0.06396313272000004
0.06396313272000004
0.06396313272000004
0.06396313272000004
0.06396313272000004
0.06396313272000004
0.06396313272000004
0.06396313272000004
0.06396313272000004
0.06396313272000004
0.06396313272000004
0.06396313272000004
0.06396313272000004
0.06396313272000004
0.06396313272000004
0.06396313272000004
0.06396313272000004
0.06396313272000004
0.06396313272000004
0.06405529862000005
0.06405529862000005
0.06405529862000005
0.06405529862000005
0.06405529862000005
0.06405529862000005
0.06405529862000005
0.06405529862000005
0.06405529862000005
0.06405529862000005
0.06405529862000005
0.06396313268000003
0.06396313268000003
0.06396313268000003
0.06396313268000003
0.06396313268000003
0.06396313268000003
0.06396313268000003
0.06396313268000003
0.06396313268000003
0.06396313268000003
0.06396313268000003
0.06396313268000003
0.06396313268000003
0.06396313268000003
0.06396313268000003
0.06396313268000003
0.06396313268000003
0.06396313268000003
0.06405529858000004
0.06405529858000004
0.06405529858000004
0.06405529858000004
0.06396313268000003
0.06396313268000003
0.06396313268000003
0.06387096688000003
0.06387096688000003
0.06387096688000003
0.06387096688000003
0.06387096688000003
0.06387096688000003
0.06387096688000003
0.06387096688000003
0.06387096688000003
0.06396313278000004
0.06396313278000004
0.06396313278000004
0.06396313278000004
0.06396313278000004
0.06396313278000004
0.06396313278000004
0.06396313278000004
0.06396313278000004
0.06396313278000004
0.06396313278000004
0.06387096698000003
0.06377880118000002
0.06377880118000002
0.06377880118000002
0.06377880118000002
0.06377880118000002
0.06377880118000002
0.06377880118000002
0.06377880118000002
0.06377880118000002
0.06377880118000002
0.06377880118000002
0.06377880118000002
0.06377880118000002
0.06377880118000002
0.06377880118000002
0.06377880118000002
0.06377880118000002
0.06377880118000002
0.06377880118000002
0.06377880118000002
0.06377880118000002
0.06377880118000002
0.06377880118000002
0.06377880118000002
0.06377880118000002
0.06368663518000003
0.06368663518000003
0.06368663518000003
0.06368663518000003
0.06368663518000003
0.06368663518000003
0.06359446928000004
0.06368663538000002
0.06368663538000002
0.06368663538000002
0.06368663538000002
0.06368663538000002
0.06368663538000002
0.06368663538000002
0.06368663538000002
0.06368663538000002
0.06368663538000002
0.06368663538000002
0.06368663538000002
0.06368663538000002
0.06368663538000002
0.06359446948000003
0.06359446948000003
0.06359446948000003
0.06368663538000002
0.06368663538000002
0.06368663538000002
0.06368663538000002
0.06368663538000002
0.06359446938000002
0.06359446938000002
0.06359446938000002
0.06359446938000002
0.06359446938000002
0.06359446938000002
0.06359446938000002
0.06359446938000002
0.06359446938000002
0.06359446938000002
0.06359446938000002
0.06359446938000002
0.06350230344000002
0.06350230344000002
0.06350230344000002
0.06350230344000002
0.06350230344000002
0.06350230344000002
0.06350230344000002
0.06350230344000002
0.06350230344000002
0.06350230344000002
0.06350230344000002
0.06341013764000002
0.06341013764000002
0.06341013764000002
0.06341013764000002
0.06331797184000001
0.06331797184000001
0.06331797184000001
0.06331797184000001
0.06331797184000001
0.06331797184000001
0.06341013774000001
0.06341013774000001
0.06341013774000001
0.06341013774000001
0.06341013774000001
0.06341013774000001
0.06350230354000001
0.06350230354000001
0.06341013774000002
0.06350230364000002
0.06350230364000002
0.06350230364000002
0.06350230364000002
0.06350230364000002
0.06350230364000002
0.06350230364000002
0.06341013774000001
0.06322580590000001
0.06322580590000001
0.06322580590000001
0.06322580590000001
0.06304147410000002
0.06304147410000002
0.06304147410000002
0.06304147410000002
0.06304147410000002
0.06304147410000002
0.06313363990000002
0.06304147396000002
0.06304147396000002
0.06304147396000002
0.06304147396000002
0.06304147396000002
0.06304147396000002
0.06304147396000002
0.06304147396000002
0.06294930810000003
0.06285714230000003
0.06285714230000003
0.06285714230000003
0.06294930820000003
0.06294930820000003
0.06294930820000003
0.06294930820000003
0.06294930820000003
0.06294930820000003
0.06294930820000003
0.06304147420000002
0.06304147420000002
0.06313364014000002
0.06313364014000002
0.06313364014000002
0.06313364014000002
0.06313364014000002
0.06313364014000002
0.06313364014000002
0.06304147414000001
0.06313364008000003
0.06313364008000003
0.06313364008000003
0.06313364008000003
0.06313364008000003
0.06304147418000002
0.06313364008000003
0.06313364008000003
0.06313364008000003
0.06313364008000003
0.06313364008000003
0.06313364008000003
0.06313364008000003
0.06313364008000003
0.06313364008000003
0.06313364008000003
0.06313364008000003
0.06313364008000003
0.06313364008000003
0.06313364008000003
0.06304147428000002
0.06304147428000002
0.06304147428000002
0.06294930838000001
0.06294930838000001
0.06294930838000001
0.06294930838000001
0.06294930838000001
0.06294930838000001
0.06294930838000001
0.06294930838000001
0.06294930838000001
0.06294930838000001
0.06294930838000001
0.06294930838000001
0.06294930838000001
0.06285714248000002
0.06294930838000001
0.06294930838000001
0.06294930838000001
0.06294930838000001
0.06294930838000001
0.06294930838000001
0.06294930838000001
0.06294930838000001
0.06294930838000001
0.06294930838000001
0.06294930838000001
0.06294930838000001
0.06285714258000001
0.06285714258000001
0.06285714258000001
0.06276497668000001
0.06276497668000001
0.06276497668000001
0.06276497668000001
0.06276497668000001
0.06276497668000001
0.06285714258000002
0.06285714258000002
0.06285714268000002
0.06285714268000002
0.06285714268000002
0.06285714268000002
0.06285714268000002
0.06285714268000002
0.06285714268000002
0.06285714268000002
0.06285714268000002
0.06285714268000002
0.06285714268000002
0.06285714268000002
0.06285714268000002
0.06285714268000002
0.06294930858000002
0.06294930858000002
0.06294930858000002
0.06294930858000002
0.06294930858000002
0.06294930858000002
0.06294930858000002
0.06294930858000002
0.06294930858000002
0.06294930858000002
0.06294930858000002
0.06294930858000002
0.06294930858000002
0.06294930858000002
0.06285714278000003
0.06285714278000003
0.06285714278000003
0.06285714278000003
0.06285714278000003
0.06285714278000003
0.06285714278000003
0.06285714278000003
0.06285714278000003
0.06285714278000003
0.06285714278000003
0.06285714278000003
0.06285714278000003
0.06285714278000003
0.06285714278000003
0.06285714278000003
0.06285714278000003
0.06294930868000001
0.06304147454000002
0.06304147454000002
0.06304147454000002
0.06304147454000002
0.06304147454000002
0.06304147454000002
0.06304147454000002
0.06304147454000002
0.06304147454000002
0.06304147454000002
0.06304147454000002
0.06304147454000002
0.06285714284
0.06285714284
0.06294930874
0.06294930874
0.06294930874
0.06285714284
0.06285714284
0.06285714284
0.06285714284
0.06294930864
0.06294930864
0.06294930864
0.06285714274000002
0.06285714274000002
0.06285714274000002
0.06276497684000003
0.06267281094000002
0.06267281094000002
0.06267281094000002
0.06258064514000002
0.06258064514000002
0.06258064514000002
0.06258064514000002
0.06258064514000002
0.06258064514000002
0.06258064514000002
0.06258064514000002
0.06258064514000002
0.062488479140000025
0.06230414734000002
0.06230414734000002
0.06230414734000002
0.06230414734000002
0.06221198144000002
0.06221198144000002
0.06184331770000001
0.06184331770000001
0.06184331770000001
0.06184331770000001
0.06184331770000001
0.06184331770000001
0.06184331770000001
0.06184331770000001
0.06184331770000001
0.06193548350000001
0.06184331760000002
0.06175115170000001
0.06175115170000001
0.06175115170000001
0.061658985800000024
0.061658985800000024
0.061658985800000024
0.061658985800000024
0.061658985800000024
0.061658985800000024
0.061658985800000024
0.061658985800000024
0.061658985800000024
0.06156681986000002
0.06156681986000002
0.061658985800000024
0.061658985800000024
0.061658985800000024
0.061658985800000024
0.061658985800000024
0.061658985800000024
0.061658985800000024
0.06156681990000002
0.06147465410000001
0.06147465410000001
0.06147465410000001
0.06147465410000001
0.06147465410000001
0.06147465410000001
0.06156682004000002
0.061658985940000015
0.061658985940000015
0.061658985940000015
0.061658985940000015
0.061658985940000015
0.061658985940000015
0.061658985940000015
0.06175115184000002
0.06175115184000002
0.06175115184000002
0.06175115184000002
0.06175115184000002
0.06175115184000002
0.06175115184000002
0.06175115184000002
0.06175115184000002
0.06175115184000002
0.06175115184000002
0.06175115184000002
0.06175115184000002
0.06175115184000002
0.06175115184000002
0.06175115184000002
0.06165898594000002
0.06165898594000002
0.06165898594000002
0.06165898594000002
0.06156682014000002
0.06156682014000002
0.06156682014000002
0.06156682014000002
0.06156682014000002
0.06156682014000002
0.06156682014000002
0.06156682014000002
0.06156682014000002
0.06156682014000002
0.06156682014000002
0.06156682014000002
0.06156682014000002
0.06156682014000002
0.061658986040000016
0.061658986040000016
0.061751152040000014
0.061751152040000014
0.061751152040000014
0.061751152040000014
0.061751152040000014
0.06184331784000002
0.06184331784000002
0.06184331784000002
0.06184331784000002
0.06184331784000002
0.061935483740000026
0.061935483740000026
0.06202764968000002
0.06202764968000002
0.06202764968000002
0.06193548388000002
0.06202764978000001
0.06202764978000001
0.06202764978000001
0.06202764978000001
0.062119815580000015
0.062119815580000015
0.06221198148000001
0.06221198148000001
0.06221198148000001
0.06230414728000001
0.06230414728000001
0.06230414728000001
0.06230414728000001
0.06230414728000001
0.06230414728000001
0.06230414728000001
0.06230414728000001
0.06230414728000001
0.06230414728000001
0.06221198134000001
0.06221198134000001
0.06221198134000001
0.06221198134000001
0.06221198134000001
0.06221198134000001
0.06221198134000001
0.06221198134000001
0.062119815440000004
0.062119815440000004
0.06202764944000001
0.06202764944000001
0.06202764944000001
0.06202764944000001
0.061935483640000004
0.061935483640000004
0.061935483640000004
