0.5333640664000001
0.42129032780000003
0.33585253720000013
0.27852534628000003
0.2282027664
0.189124425
0.16423963230000008
0.14718893982000003
0.13751152026000002
0.12995391654
0.12571428591999995
0.12211981640000001
0.11889401052
0.11603686656
0.11336405599999999
0.11152073807999999
0.10967741984
0.10746543814000002
0.10516129032000002
0.10414746596000002
0.10285714318000001
0.10119815746000002
0.09926267386000001
0.09806451690000001
0.09640553148000004
0.09548387234000001
0.09364055378
0.09235023104000001
0.09096774206000001
0.08967741968000004
0.08875576048000003
0.08764976958000004
0.08635944688000002
0.08543778818000003
0.08405529920000003
0.08276497640000002
0.08184331772000003
0.08110599052000002
0.08027649782000003
0.07926267342000001
0.07843317982000002
0.07769585312
0.07649769682
0.07557603812000002
0.07419354888
0.07382488534000002
0.07299539224000004
0.07235023086000003
0.07133640606000002
0.07041474662000002
0.07023041468000003
0.06995391718000002
0.06949308788000003
0.06857142888000003
0.06764977010000002
0.06691244308000002
0.06580645238000002
0.06543778864000002
0.06497695900000003
0.06387096818000003
0.06313364104000004
0.06285714348000004
0.062396313820000035
0.06230414792000003
0.06184331858000003
0.06165898672000004
0.06092165930000003
0.06064516174000002
0.06000000036000003
0.05972350262000003
0.05917050706000002
0.05861751156000002
0.058156682100000016
0.05797235026000002
0.057788018400000016
0.05732718900000003
0.057327188900000034
0.05677419342000003
0.056589861620000036
0.056221198180000036
0.056129032340000024
0.05622119838000003
0.05594470044000003
0.05502304140000002
0.05502304144000004
0.05493087564000002
0.054746543940000024
0.05474654390000003
0.05456221206000003
0.05447004616000003
0.05447004616000003
0.054377880360000026
0.05410138258000002
0.05382488476000002
0.05391705070000001
0.05373271898000001
0.05364055304000002
0.05364055286000001
0.053548387060000015
0.053456221120000015
0.053271889420000024
0.05336405532000001
0.053087557580000014
0.052626728080000004
0.052534562140000005
0.05235023034
0.052165898540000005
0.05170506916
0.05179723506
0.05161290322000001
0.05161290314000001
0.05152073720000001
0.05161290310000001
0.05152073720000001
0.051152073740000005
0.05105990784
0.05096774198
0.050875576000000006
0.05096774182000001
0.050875575920000006
0.05096774186
0.051059907800000005
0.050967741940000005
0.051059907880000005
0.050875576120000016
0.050783410180000016
0.050599078380000016
0.05050691248000001
0.05050691248000001
0.05041474658000001
0.050599078380000016
0.050506912440000024
0.050506912440000024
0.050506912440000024
0.05041474650000002
0.05041474654000002
0.050322580640000024
0.050230414780000024
0.050322580640000024
0.05013824884000001
0.050230414780000024
0.050230414780000024
0.050322580720000024
0.050230414860000024
0.05013824896000002
0.049953917240000006
0.049953917240000006
0.04986175134000001
0.049953917240000006
0.049861751300000014
0.049677419500000014
0.049677419500000014
0.049677419500000014
0.049677419500000014
0.04958525356000001
0.049493087620000015
0.049400921760000015
0.049400921760000015
0.04921658992000001
0.04921658992000001
0.04921658992000001
0.04912442402000001
0.04912442402000001
0.04921658988000001
0.04912442394000001
0.04912442394000001
0.04894009218
0.049032258120000005
0.04912442402
0.04921658988
0.04921658988
0.04912442394
0.0491244239
0.049216589840000005
0.04930875574
0.04921658988
0.04921658988
0.04921658988
0.04930875574
0.04949308754000001
0.049400921640000005
0.049400921640000005
0.049400921640000005
0.049400921640000005
0.049400921640000005
0.049400921640000005
0.049400921640000005
0.049400921640000005
0.049400921640000005
0.04949308754000001
0.0495852534
0.0495852534
0.0497695852
0.0497695852
0.0497695852
0.0497695852
0.0497695852
0.0497695852
0.0497695852
0.04986175114
0.04986175114
0.04986175114
0.049953917
0.049953917
0.050046082900000004
0.050046082900000004
0.050046082900000004
0.050046082900000004
0.049953916960000004
0.049861751100000004
0.049769585160000004
0.049677419300000004
0.049677419300000004
0.049677419300000004
0.04949308758000001
0.04949308758000001
0.04958525348000001
0.049677419380000004
0.049585253520000004
0.049585253520000004
0.04958525356
0.04967741950000001
0.04958525364000001
0.04958525364000001
0.04958525364000001
0.04958525364000001
0.04958525364000001
0.04958525364000001
0.04958525364000001
0.04949308778000001
0.04949308778000001
0.04940092184000001
0.04940092184000001
0.04940092184000001
0.04940092184000001
0.0494930877
0.0494930877
0.0494930877
0.049585253600000004
0.049585253600000004
0.049585253600000004
0.049585253600000004
0.049493087740000004
0.049493087740000004
0.049493087740000004
0.049493087740000004
0.049493087740000004
0.049493087740000004
0.049585253600000004
0.049585253600000004
0.049585253600000004
0.04967741954000001
0.04967741954000001
0.04967741954000001
0.04958525360000001
0.04958525360000001
0.04949308774000001
0.04949308774000001
0.04940092184000001
0.049308755900000015
0.049308755900000015
0.049308755900000015
0.049308755900000015
0.049308755900000015
0.049400921800000004
0.049493087660000004
0.04958525356000001
0.04958525356000001
0.04967741942000001
0.04967741942000001
0.04967741942000001
0.04967741942000001
0.04967741942000001
0.04967741942000001
0.04967741942000001
0.04976958528000001
0.04976958528000001
0.04967741942000001
0.04967741942000001
0.049585253520000004
0.049585253520000004
0.049585253520000004
0.049585253520000004
0.04967741938000001
0.04967741938000001
0.04976958524000001
0.04976958524000001
0.049861751140000014
0.049861751140000014
0.049861751140000014
0.049861751140000014
0.050046082940000014
0.05013824884000001
0.05023041478
0.05032258072
0.05032258072
0.05041474658
0.050322580680000006
0.050322580680000006
0.050322580680000006
0.05041474658
0.05041474658
0.05041474658
0.05050691244
0.05050691244
0.05050691244
0.05050691244
0.05050691244
0.050599078340000006
0.050599078340000006
0.050599078340000006
0.05050691244
0.05050691244
0.0505990783
0.0505990783
0.0505990783
0.05050691244
0.0505990783
0.0505990783
0.0505990783
0.05069124416
0.05069124416
0.05069124416
0.05078341002
0.05078341002
0.05078341002
0.05087557596000001
0.05087557596000001
0.05087557596000001
0.05087557596000001
0.05096774186
0.0510599078
0.051152073740000005
0.051152073740000005
0.051152073740000005
0.051152073740000005
0.051152073740000005
0.051244239600000005
0.051244239600000005
0.051244239600000005
0.051244239600000005
0.051244239600000005
0.051244239600000005
0.051336405460000005
0.051336405460000005
0.051336405460000005
0.051428571320000005
0.051520737180000005
0.051520737180000005
0.051520737180000005
0.051520737180000005
0.05170506898000001
0.05170506898000001
0.05170506898000001
0.05170506898000001
0.05170506898000001
0.05170506898000001
0.05170506898000001
0.05188940078
0.05198156664
0.05198156664
0.05198156664
0.05198156664
0.05207373258
0.05207373258
0.05207373258
0.05207373258
0.05198156668
0.05198156668
0.05198156668
0.05207373262
0.05216589842
0.05216589842
0.05216589842
0.05225806436
0.05225806436
0.05225806436
0.05225806436
0.052350230160000004
0.052350230160000004
0.052442396020000004
0.052442396020000004
0.05253456196000001
0.05262672790000001
0.05262672790000001
0.05262672790000001
0.05262672790000001
0.05262672790000001
0.05262672790000001
0.05271889376000001
0.05271889376000001
0.05271889376000001
0.05271889376000001
0.05290322556000002
0.05290322556000002
0.05290322556000002
0.05290322556000002
0.052995391360000005
0.05308755726000001
0.05317972316000001
0.05317972316000001
0.05317972316000001
0.05317972316000001
0.05317972316000001
0.05308755722000002
0.05308755722000002
0.05308755722000002
0.05317972308000002
0.05317972308000002
0.05317972308000002
0.05317972308000002
0.05317972308000002
0.05317972308000002
0.05317972308000002
0.05317972308000002
0.05317972308000002
0.05327188902000001
0.05327188902000001
0.05327188902000001
0.05327188902000001
0.053364054920000015
0.053364054920000015
0.053456220860000014
0.053456220860000014
0.05364055274000001
0.05364055274000001
0.05364055274000001
0.05364055274000001
0.05364055274000001
0.05364055274000001
0.05373271860000001
0.05382488446000001
0.05382488446000001
0.05382488446000001
0.05382488446000001
0.05382488446000001
0.05382488446000001
0.05382488446000001
0.05382488446000001
0.05382488446000001
0.05382488446000001
0.05391705040000001
0.05391705040000001
0.05391705040000001
0.05391705040000001
0.05391705040000001
0.05400921630000002
0.05410138224000002
0.05419354818000002
0.05428571408000002
0.05428571408000002
0.05437788002000002
0.05437788002000002
0.05447004596000002
0.05447004596000002
0.05447004596000002
0.05447004596000002
0.05447004596000002
0.05447004596000002
0.05447004596000002
0.05447004596000002
0.05456221182000002
0.054746543700000025
0.054746543700000025
0.05483870960000003
0.05493087550000003
0.05493087550000003
0.05483870964000003
0.05483870964000003
0.05483870964000003
0.054930875580000024
0.054930875580000024
0.054930875580000024
0.054930875580000024
0.055023041440000024
0.055115207300000024
0.055115207300000024
0.055115207300000024
0.055207373240000024
0.055207373240000024
0.055207373240000024
0.055207373240000024
0.055207373240000024
0.055207373240000024
0.05529953914000003
0.05529953914000003
0.055391705040000024
0.055391705040000024
0.055391705040000024
0.05548387094000003
0.05548387094000003
0.05548387094000003
0.05548387094000003
0.05548387094000003
0.05548387094000003
0.05548387094000003
0.05548387094000003
0.05548387094000003
0.05557603680000003
0.05557603680000003
0.05557603680000003
0.05557603680000003
0.05557603680000003
0.05557603680000003
0.05557603680000003
0.05557603680000003
0.05557603680000003
0.05557603680000003
0.055668202700000016
0.055668202700000016
0.055668202700000016
0.055760368640000016
0.055760368640000016
0.055760368640000016
0.055760368640000016
0.055760368640000016
0.055760368640000016
0.055760368640000016
0.055852534500000016
0.05594470040000002
0.05603686630000002
0.05603686630000002
0.05603686630000002
0.05603686630000002
0.05603686630000002
0.05603686630000002
0.05603686630000002
0.05603686630000002
0.05603686630000002
0.05603686630000002
0.05603686630000002
0.05603686630000002
0.05612903220000001
0.05612903220000001
0.05612903220000001
0.05612903220000001
0.05622119810000001
0.05622119810000001
0.05622119810000001
0.05622119810000001
0.05622119810000001
0.05622119810000001
0.056313364040000015
0.056313364040000015
0.056313364040000015
0.056313364040000015
0.056313364040000015
0.056313364040000015
0.056313364040000015
0.056313364040000015
0.056313364040000015
0.056313364040000015
0.056313364040000015
0.056405529980000015
0.056405529980000015
0.056405529980000015
0.056405529980000015
0.056405529980000015
0.056405529980000015
0.056405529980000015
0.056405529980000015
0.056405529980000015
0.056405529980000015
0.056405529980000015
0.056405529980000015
0.056405529980000015
0.05649769598000001
0.05649769598000001
0.05658986188000001
0.05658986188000001
0.05668202778000001
0.05668202778000001
0.05668202778000001
0.05668202778000001
0.05668202778000001
0.05668202778000001
0.05677419372000002
0.05677419372000002
0.05686635962000002
0.056958525520000025
0.056958525520000025
0.056958525520000025
0.056958525520000025
0.057050691460000025
0.057050691460000025
0.057050691460000025
0.057050691460000025
0.05714285736000003
0.05714285736000003
0.05714285736000003
0.05714285736000003
0.05714285736000003
0.05714285736000003
0.05714285736000003
0.05714285736000003
0.05714285736000003
0.05714285736000003
0.05714285736000003
0.05714285736000003
0.05714285736000003
0.05714285736000003
0.05714285736000003
0.05723502326000003
0.05723502326000003
0.05723502326000003
0.057327189200000024
0.057327189200000024
0.057327189200000024
0.057327189200000024
0.057327189200000024
0.057327189200000024
0.057327189200000024
0.057327189200000024
0.057327189200000024
0.057327189200000024
0.05741935510000003
0.05741935510000003
0.05751152104000003
0.05751152104000003
0.05751152104000003
0.05760368694000002
0.05769585284000001
0.05769585284000001
0.057788018740000016
0.057788018740000016
0.05788018464000002
0.05788018464000002
0.05788018464000002
0.05788018464000002
0.05788018464000002
0.05788018464000002
0.05778801870000001
0.05778801870000001
0.05778801870000001
0.05778801870000001
0.05778801870000001
0.05778801870000001
0.05778801870000001
0.057880184600000016
0.057880184600000016
0.057880184600000016
0.057880184600000016
0.05797235050000002
0.05797235050000002
0.05797235050000002
0.05797235050000002
0.05806451640000002
0.05806451640000002
0.05806451640000002
0.05806451640000002
0.05806451640000002
0.05806451640000002
0.05806451640000002
0.05806451640000002
0.05806451640000002
0.05806451640000002
0.05806451640000002
0.05806451640000002
0.05806451640000002
0.05806451640000002
0.05806451640000002
0.05806451640000002
0.058156682200000025
0.058156682200000025
0.058156682200000025
0.058156682200000025
0.058156682200000025
0.058156682200000025
0.058156682200000025
0.058156682200000025
0.058156682200000025
0.058156682200000025
0.058156682200000025
0.058156682200000025
0.058156682200000025
0.05824884810000003
0.05824884810000003
0.05824884810000003
0.05824884814000003
0.058341014140000036
0.058341014140000036
0.05843318004000003
0.05843318004000003
0.05843318004000003
0.05852534598000004
0.05861751188000003
0.05861751188000003
0.058709677820000035
0.058709677820000035
0.058894009620000035
0.058894009620000035
0.058894009620000035
0.058894009620000035
0.05907834132000004
0.05907834132000004
0.05907834132000004
0.05907834132000004
0.05907834132000004
0.05907834132000004
0.05907834132000004
0.05907834132000004
0.05907834132000004
0.05917050722000004
0.05917050722000004
0.05917050722000004
0.05917050722000004
0.059262673120000046
0.059262673120000046
0.059262673120000046
0.059262673120000046
0.059262673120000046
0.05935483902000004
0.05935483902000004
0.05935483902000004
0.05935483902000004
0.059447004960000036
0.059447004960000036
0.059447004960000036
0.059447004960000036
0.059447004960000036
0.059447004960000036
0.059447004960000036
0.059447004960000036
0.059447004960000036
0.05953917086000003
0.05953917086000003
0.059631336760000035
0.059631336760000035
0.059631336760000035
0.059631336760000035
0.05972350266000003
0.05972350266000003
0.05972350266000003
0.05972350266000003
0.05972350266000003
0.05972350266000003
0.05972350266000003
0.05972350266000003
0.05972350266000003
0.05972350266000003
0.05981566860000004
0.05981566860000004
0.05981566860000004
0.05981566860000004
0.05981566860000004
0.05981566860000004
0.05981566860000004
0.05990783450000003
0.05990783450000003
0.05990783450000003
0.05990783450000003
0.05990783450000003
0.05990783450000003
0.060000000300000036
0.060000000300000036
0.060000000300000036
0.060000000300000036
0.060000000300000036
0.06009216624000003
0.06009216624000003
0.06009216624000003
0.06009216624000003
0.06009216624000003
0.06009216624000003
0.06009216624000003
0.06018433214000003
0.06018433214000003
0.060276497940000034
0.060276497940000034
0.060276497940000034
0.06036866384000004
0.06036866384000004
0.06036866384000004
0.06036866384000004
0.06036866384000004
0.06036866384000004
0.06036866384000004
0.06046082970000004
0.06046082970000004
0.06046082970000004
0.060552995600000034
0.060552995600000034
0.060552995600000034
0.060552995600000034
0.060552995600000034
0.060645161540000034
0.060645161540000034
0.060645161540000034
0.06073732744000004
0.06073732744000004
0.06073732744000004
0.06073732744000004
0.06073732744000004
0.06073732744000004
0.06073732744000004
0.06073732744000004
0.06073732744000004
0.06073732744000004
0.06073732744000004
0.06073732744000004
0.06073732744000004
0.06073732744000004
0.06082949338000003
0.06082949338000003
0.060921659380000034
0.060921659380000034
0.060921659380000034
0.060921659380000034
0.060921659380000034
0.060921659380000034
0.060921659380000034
0.060921659380000034
0.060921659380000034
0.060921659380000034
0.060921659380000034
0.060921659380000034
0.060921659380000034
0.061013825180000036
0.061013825180000036
0.061013825180000036
0.061013825180000036
0.061013825180000036
0.061013825180000036
0.061013825180000036
0.061013825180000036
0.061013825180000036
0.06110599118000004
0.06110599118000004
0.06110599118000004
0.06110599118000004
0.06110599118000004
0.06110599118000004
0.06110599118000004
0.061198156980000036
0.06129032288000004
0.06129032288000004
0.06129032288000004
0.06129032288000004
0.06129032288000004
0.06129032288000004
0.06129032288000004
0.06129032288000004
0.06129032288000004
0.06129032288000004
0.06129032288000004
0.06129032288000004
0.06138248868000004
0.06138248868000004
0.06138248868000004
0.06138248868000004
0.06147465462000004
0.06147465462000004
0.06147465462000004
0.061566820520000044
0.061566820520000044
0.061566820520000044
0.061566820520000044
0.061566820520000044
0.061566820520000044
0.061566820520000044
0.061566820520000044
0.061566820520000044
0.061566820520000044
0.061566820520000044
0.061566820520000044
0.061566820520000044
0.061566820520000044
0.06175115232000004
0.06175115232000004
0.06175115232000004
0.06175115232000004
0.06175115232000004
0.06175115232000004
0.06175115232000004
0.06175115232000004
0.06175115232000004
0.06175115232000004
0.06175115232000004
0.06175115232000004
0.06175115232000004
0.061843318120000046
0.061843318120000046
0.06175115222000004
0.06175115222000004
0.06175115222000004
0.06175115222000004
0.06175115222000004
0.06175115222000004
0.061843318120000046
0.06193548402000005
0.06193548402000005
0.06193548402000005
0.06193548402000005
0.06193548402000005
0.06193548402000005
0.06193548402000005
0.06193548402000005
0.06202764992000004
0.06202764992000004
0.06202764992000004
0.06202764992000004
0.06202764992000004
0.06202764992000004
0.06202764992000004
0.06202764992000004
0.06202764992000004
0.06202764992000004
0.06202764992000004
0.06202764992000004
0.06211981582000004
0.06211981582000004
0.06211981582000004
0.06211981582000004
0.06211981582000004
0.06211981582000004
0.06211981582000004
0.06211981582000004
0.06211981582000004
0.06211981582000004
0.06211981582000004
0.06211981582000004
0.06211981582000004
0.062027649880000035
0.062027649880000035
0.062027649880000035
0.062027649880000035
0.062027649880000035
0.062027649880000035
0.062027649880000035
0.062027649880000035
0.062027649880000035
0.062119815680000044
0.062119815680000044
0.06221198148000004
0.06221198148000004
0.06230414748000004
0.06230414748000004
0.06230414748000004
0.06239631328000004
0.06248847918000004
0.06248847918000004
0.06258064498000004
0.06258064498000004
0.06258064498000004
0.06258064498000004
0.06258064498000004
0.06258064498000004
0.06258064498000004
0.06258064498000004
0.06258064498000004
0.06258064498000004
0.06258064498000004
0.06258064498000004
0.06258064498000004
0.06258064498000004
0.06258064498000004
0.06258064498000004
0.06258064498000004
0.06258064498000004
0.06258064498000004
0.06267281088000004
0.06267281088000004
0.06267281088000004
0.06267281088000004
0.06267281088000004
0.06276497668000004
0.06285714268000003
0.06285714268000003
0.06285714268000003
0.06285714268000003
0.06285714268000003
0.06285714268000003
0.06285714268000003
0.06285714268000003
0.06285714268000003
0.06285714268000003
0.06285714268000003
0.06285714268000003
0.06285714268000003
0.06285714268000003
0.06294930858000003
0.06294930858000003
0.06304147452000003
0.06304147452000003
0.06304147452000003
0.06304147452000003
0.06304147452000003
0.06304147452000003
0.06304147452000003
0.06304147452000003
0.06304147452000003
0.06304147452000003
0.06304147452000003
0.06304147452000003
0.06313364042000004
0.06313364042000004
0.06313364042000004
0.06313364042000004
0.06313364042000004
0.06313364042000004
0.06313364042000004
