0.5399078406000001
0.530875585
0.5247004672
0.5007373352
0.4905990841999999
0.4837788066
0.462027655
0.4529953984000001
0.44764977640000003
0.4378801899999999
0.43299539859999997
0.4067281162000002
0.40064516860000005
0.3964977022000001
0.40110599820000004
0.39769585900000015
0.3947465492000001
0.390414754
0.38341014219999997
0.3746543834
0.3678341058000001
0.36211982240000007
0.3578801894000001
0.3548387150000001
0.3491244304000001
0.34488479768
0.33917051088000016
0.33262673348000016
0.32783410708000005
0.32313364428000013
0.31981567192000004
0.31585254012
0.3105990833200001
0.3048847963200001
0.2994470087200001
0.2946543819600001
0.2913364106800001
0.2847004644
0.27898617928000013
0.27336405888000004
0.26820277044000007
0.26221198604
0.25658986540000006
0.2519815686000001
0.24451613056000007
0.23898617828000002
0.23474654687999996
0.2318894044000001
0.22737327478000008
0.22193548766000007
0.21861751396000006
0.21668203108
0.21391705308000009
0.2110599102600001
0.20654378094000003
0.20156682186000008
0.1978801872
0.19493087917999996
0.19179723718000002
0.18838709890000005
0.18654378062
0.18405530122
0.18221198385999998
0.18101382698
0.17751152238
0.17456221397999996
0.17115207525999995
0.16884792833999995
0.16516129153999998
0.1637788035399999
0.16129032379999997
0.16036866399999994
0.15953917192
0.157511522
0.15668202919999996
0.15465437952
0.15400921924
0.15271889651999998
0.15115207683999998
0.14986175416000003
0.14857143112000004
0.14746543984000002
0.14599078467999999
0.14525345782000001
0.14442396488
0.14331797412000002
0.14248848132000003
0.1408294948
0.13972350418000004
0.1391705087
0.13889401058000003
0.13870968020000005
0.13788018620000006
0.13631336556000007
0.13511520904000007
0.13382488614000004
0.13299539272000005
0.13115207568000004
0.13096774298000002
0.13041474806000003
0.12958525504000007
0.12746543936000007
0.12700460984000003
0.12635944856000003
0.12580645314000002
0.12497696026000002
0.12414746638000002
0.12322580738000002
0.12304147530000002
0.12248847992000002
0.12175115264000003
0.12101382540000002
0.12036866468000001
0.11972350320000003
0.11917050756000001
0.11797235092000001
0.1173271897
0.11668202828
0.11557603728
0.11511520812000002
0.11511520792
0.11465437912000002
0.11456221320000003
0.11410138340000003
0.11391705148000002
0.11382488598000001
0.11345622238000003
0.11317972458000002
0.11271889520000002
0.11216589988000003
0.11170507020000003
0.11152073808000004
0.11142857208000007
0.11096774266000006
0.11087557646000006
0.11050691288000004
0.10976958604000005
0.10949308864000006
0.10912442506000007
0.10884792734000007
0.10820276610000004
0.10811060010000004
0.10755760504000003
0.10737327304000002
0.10728110736000003
0.10709677546000003
0.10672811194000004
0.10635944844000005
0.10626728264000004
0.10617511672000005
0.10608295072000004
0.10571428712000004
0.10516129134000003
0.10451612942000005
0.10451612942000005
0.10433179752000003
0.10387096810000004
0.10368663630000004
0.10304147508000007
0.10276497758000006
0.10276497758000006
0.10230414828000005
0.10211981668000006
0.10202765100000005
0.10147465580000008
0.10156682168000007
0.10156682168000007
0.10129032398000007
0.10064516266000006
0.10046083042000006
0.09981566946000006
0.09981566946000006
0.09944700566000005
0.09907834236000003
0.09889401056000004
0.09870967856000004
0.09824884926000003
0.09788018586000001
0.09769585356
0.09741935556000002
0.09723502366
0.09705069176
0.09686635996
0.09668202826
0.09640553098
0.09631336505999999
0.09603686755999999
0.09594470165999999
0.09557603796
0.09539170626
0.09520737436000001
0.09493087656
0.09465437888000001
0.09465437896000002
0.09428571538000004
0.09391705170000003
0.09336405640000005
0.09327189020000004
0.09317972420000004
0.09290322630000004
0.09290322630000004
0.09271889470000003
0.09225806550000001
0.09207373370000001
0.09207373370000001
0.09207373330000002
0.09188940140000001
0.09198156740000002
0.09198156740000002
0.09179723560000003
0.09133640610000002
0.09078341080000003
0.09023041520000001
0.08976958640000002
0.08958525460000002
0.08921659070000003
0.08820276530000001
0.08774193600000002
0.08737327230000001
0.087096775
0.08599078346000001
0.08543778796000001
0.08460829556000002
0.08304147466000002
0.08184331796000004
0.08110599116000003
0.08092165936000002
0.08036866416000005
0.07972350276000005
0.07907834116000005
0.07852534586000004
0.07769585296000003
0.07741935516000004
0.07686635972000003
0.07622119834000003
0.07585253436000002
0.07529953898000001
0.07511520704000002
0.07483870934000002
0.07456221174000001
0.07419354834000001
0.07400921614
0.07400921614
0.07382488504000001
0.07345622154000002
0.07308755774000002
0.07262672824000001
0.07244239676000001
0.07244239676
0.07207373326
0.07188940144
0.07179723564
0.07161290374
0.07133640614000002
0.07105990834
0.07069124464
0.07041474704
0.06995391734000003
0.06976958564000002
0.06958525394000001
0.06940092224000001
0.06930875624000002
0.06912442410000001
0.06912442410000001
0.06903225814000001
0.06903225814000001
0.06884792644000001
0.06866359464000002
0.06866359464000002
0.06838709700000002
0.06838709700000002
0.06829493120000002
0.06811059934000002
0.06783410164000003
0.06774193574000002
0.06774193574000002
0.06764976984000003
0.06764976988000003
0.06764976988000003
0.06755760402000002
0.06718894052000003
0.06718894052000003
0.06682027712000005
0.06672811132000005
0.06663594542000004
0.06645161348000003
0.06599078398000004
0.06589861818000003
0.06571428644000002
0.06571428654000001
0.06571428654000001
0.06562212054000001
0.06543778866000002
0.06516129098000004
0.06525345678000002
0.06534562268000002
0.06534562268000002
0.06534562268000002
0.06497695878000002
0.06479262698000003
0.06479262698000003
0.06479262698000003
0.06470046112000002
0.06433179762000002
0.06423963172000004
0.06414746582000003
0.06405529992000003
0.06387096816000003
0.06387096816000003
0.06368663626000004
0.06368663626000004
0.06368663626000004
0.06359447040000003
0.06331797270000003
0.06304147500000004
0.06294930900000004
0.06304147490000003
0.06304147490000003
0.06304147490000003
0.06285714310000003
0.06276497716000003
0.06267281126000004
0.06258064536000003
0.06258064536000003
0.06258064546000003
0.06248847952000003
0.06248847952000003
0.06230414792000003
0.06230414792000003
0.06230414782000004
0.06230414782000004
0.06230414782000004
0.06211981596000004
0.06193548412000003
0.06175115232000002
0.06175115232000002
0.06175115232000002
0.06165898642000003
0.061474654620000034
0.06119815682000003
0.061105990840000034
0.061105990840000034
0.061013825040000025
0.06092165914000002
0.06092165914000002
0.06101382494000003
0.06092165904000003
0.06073732724000003
0.06055299544000002
0.06046082954000002
0.060276497540000015
0.06018433164000002
0.060092165840000024
0.06009216594000002
0.06009216594000002
0.059999999940000014
0.06009216584000002
0.06018433178000002
0.06009216588000001
0.05999999998000001
0.05999999998000001
0.05990783412000001
0.05981566826000001
0.05963133646000002
0.05972350236000002
0.05972350236000002
0.05972350236000002
0.05972350236000002
0.059815668260000024
0.059723502400000024
0.05972350244000002
0.05972350244000002
0.05972350244000002
0.05972350236000002
0.059631336560000026
0.059539170660000036
0.059539170660000036
0.059539170660000036
0.059539170660000036
0.05944700476000003
0.05944700476000003
0.05944700456000003
0.05917050686000004
0.05907834096000004
0.05907834110000003
0.05907834110000003
0.058986175200000025
0.058986175200000025
0.058986175200000025
0.058894009300000036
0.05880184336000003
0.05870967742000003
0.05861751148000003
0.05852534562000003
0.05843317978000004
0.05843317978000004
0.05843317978000004
0.058525345680000035
0.05843317978000004
0.05834101398000003
0.058064516340000025
0.05788018450000003
0.05788018450000003
0.057880184500000015
0.05806451620000003
0.057880184360000024
0.05769585236000002
0.057788018260000025
0.057788018260000025
0.05760368646000002
0.05769585236000002
0.05769585236000002
0.05751152060000002
0.05751152060000002
0.057419354800000016
0.057419354800000016
0.057419354800000016
0.057419354800000016
0.057235023060000015
0.057235023060000015
0.057235023060000015
0.057050691160000014
0.05686635932000002
0.05686635932000002
0.05677419352000001
0.05649769596000001
0.05649769596000001
0.05649769596000001
0.05649769596000001
0.05668202766000001
0.056589861760000006
0.056497695860000016
0.05640552996000001
0.05640552996000001
0.05640552996000001
0.05640552996000001
0.05631336416000001
0.056221198260000015
0.056129032320000015
0.056129032320000015
0.05603686642000001
0.055944700420000014
0.055852534560000014
0.055852534560000014
0.055852534560000014
0.055852534560000014
0.055852534560000014
0.05576036876000002
0.05576036876000002
0.055852534620000005
0.055852534620000005
0.05594470052
0.05594470052
0.055852534620000005
0.055852534620000005
0.05576036868000001
0.05566820282000001
0.05557603688000001
0.05557603688000001
0.05548387098000001
0.05539170504000001
0.05529953918000001
0.05511520738
0.05520737324
0.05520737324
0.055023041480000014
0.055023041480000014
0.055023041480000014
0.05502304162000002
0.05502304162000002
0.05502304162000002
0.05493087568000001
0.05493087568000001
0.05483870982000001
0.05483870982000001
0.05483870982000001
0.05483870982000001
0.05483870982000001
0.054930875720000015
0.05502304162000002
0.05502304162000002
0.05502304162000002
0.05502304162000002
0.054746543920000015
0.054746543920000015
0.054746543920000015
0.054654377980000016
0.054562212120000016
0.054562212120000016
0.054562212120000016
0.054562212120000016
0.054562212120000016
0.054562212120000016
0.054562212120000016
0.054470046260000016
0.054470046260000016
0.054562212120000016
0.05465437802000001
0.05465437802000001
0.05465437802000001
0.054470046260000016
0.054470046260000016
0.054470046260000016
0.05437788036000001
0.05428571446000001
0.054101382660000016
0.054101382660000016
0.054101382660000016
0.054101382660000016
0.054009216860000014
0.054101382760000004
0.054009216860000014
0.05391705086000001
0.05391705086000001
0.05391705086000001
0.05382488496000001
0.05382488496000001
0.05382488496000001
0.05382488496000001
0.05373271906000002
0.05354838726000002
0.05354838726000002
0.05364055316000002
0.053732719020000014
0.053732719020000014
0.053732719020000014
0.05354838732000001
0.053456221380000016
0.053456221380000016
0.05354838728000002
0.05354838728000002
0.05354838728000002
0.05354838728000002
0.05354838728000002
0.05354838728000002
0.053456221380000016
0.053456221380000016
0.053456221380000016
0.053456221380000016
0.053364055520000016
0.05327188962000001
0.053364055560000005
0.053271889700000005
0.0531797238
0.05308755786000001
0.05308755786000001
0.05299539192000001
0.05299539192000001
0.05308755786000001
0.05299539196000001
0.05308755786000001
0.052903226020000006
0.052903226020000006
0.052903226020000006
0.052903226020000006
0.052903226020000006
0.05281106012000001
0.05281106012000001
0.05271889426
0.05271889426
0.052626728360000014
0.052811060160000006
0.05290322606
0.05290322606
0.05290322606
0.05290322606
0.05290322606
0.05290322606
0.05299539192
0.05308755786000001
0.05308755786000001
0.05299539192
0.05299539192
0.05299539192
0.05299539192
0.05299539192
0.05290322602
0.05281106012
0.05281106012
0.05281106012
0.05281106012
0.05281106012
0.05281106012
0.05281106012
0.05281106012
0.05281106012
0.05281106012
0.05271889412
0.05271889412
0.05271889422
0.05262672836
0.05262672836
0.05262672836
0.052811060160000006
0.052811060160000006
0.052811060160000006
0.05271889426
0.0526267284
0.0526267284
0.0526267284
0.0525345626
0.0525345626
0.0525345626
0.0525345626
0.0525345626
0.0525345626
0.052442396700000005
0.052442396700000005
0.052442396700000005
0.05235023076000001
0.05235023076000001
0.05235023076000001
0.05235023076000001
0.052442396660000015
0.052442396660000015
0.052442396660000015
0.052442396660000015
0.05235023072000001
0.05244239658000001
0.05253456248000001
0.05253456248000001
0.05253456248000001
0.05253456248000001
0.05253456248000001
0.05253456248000001
0.05253456248000001
0.05253456248000001
0.05262672834000001
0.052534562440000016
0.052534562440000016
0.052534562440000016
0.052534562440000016
0.052534562440000016
0.05262672838000002
0.05262672838000002
0.05262672838000002
0.05262672838000002
0.05262672838000002
0.05262672838000002
0.05262672838000002
0.052534562440000016
0.052534562440000016
0.05244239654000002
0.052350230640000016
0.05225806474000001
0.05225806474000001
0.05225806474000001
0.05225806474000001
0.05225806474000001
0.05225806474000001
0.05216589888000001
0.05216589888000001
0.05216589888000001
0.05216589888000001
0.05216589888000001
0.05216589888000001
0.05216589888000001
0.05216589888000001
0.052073732940000006
0.051981567080000006
0.051981567080000006
0.051981567080000006
0.051981567080000006
0.05188940118000002
0.05188940118000002
0.05188940118000002
0.05188940118000002
0.05179723532000002
0.05179723532000002
0.05179723532000002
0.05179723532000002
0.05179723532000002
0.05179723532000002
0.05179723532000002
0.05179723532000002
0.05170506938000001
0.05170506938000001
0.05170506938000001
0.05170506938000001
0.05170506938000001
0.05170506938000001
0.05170506938000001
0.05170506938000001
0.05170506938000001
0.05170506938000001
0.05170506938000001
0.051612903480000014
0.051612903480000014
0.051612903480000014
0.051612903480000014
0.051612903480000014
0.051612903480000014
0.051612903480000014
0.051520737540000014
0.051520737540000014
0.051520737540000014
0.051520737540000014
0.051520737540000014
0.051520737540000014
0.051520737540000014
0.05142857160000002
0.051520737540000014
0.051520737540000014
0.051520737540000014
0.051520737540000014
0.051428571680000014
0.051428571680000014
0.051428571680000014
0.051428571680000014
0.051428571680000014
0.05133640578000001
0.05133640578000001
0.05133640578000001
0.05133640578000001
0.05133640578000001
0.05133640578000001
0.05133640578000001
0.05133640578000001
0.05124423988000002
0.05124423988000002
0.05124423988000002
0.05115207402000002
0.05105990812000002
0.05096774222000002
0.05096774222000002
0.05096774222000002
0.05105990816000002
0.05105990816000002
0.05105990816000002
0.05105990816000002
0.05105990816000002
0.05105990816000002
0.050967742260000025
0.050967742260000025
0.050967742260000025
0.050967742260000025
0.050967742260000025
0.050967742260000025
0.050967742260000025
0.050875576400000025
0.05078341046000002
0.05078341046000002
0.05078341046000002
0.05078341046000002
0.050691244520000026
0.050691244520000026
0.050691244520000026
0.050599078580000026
0.050599078580000026
0.050599078580000026
0.050599078580000026
0.050599078580000026
0.050599078580000026
0.050599078580000026
0.050599078580000026
0.050599078580000026
0.050599078580000026
0.050599078580000026
0.050599078580000026
0.050599078580000026
0.050599078580000026
0.050599078580000026
0.050599078580000026
0.050599078580000026
0.050599078580000026
0.050599078580000026
0.050599078580000026
0.050599078580000026
0.050599078580000026
0.050691244520000026
0.050691244520000026
0.050691244520000026
0.050691244520000026
0.050691244520000026
0.050691244520000026
0.050691244520000026
0.050691244520000026
0.050691244520000026
0.050691244520000026
0.050691244520000026
0.050691244520000026
0.050691244520000026
0.050691244520000026
0.050691244520000026
0.050783410420000015
0.050783410420000015
0.050783410420000015
0.050783410420000015
0.05087557632000002
0.05087557632000002
0.05087557632000002
0.05087557632000002
0.05087557632000002
0.05087557632000002
0.05087557632000002
0.05087557632000002
0.05096774222000002
0.05096774222000002
0.05096774222000002
0.050875576280000015
0.05096774218000002
0.05096774218000002
0.05096774218000002
0.05096774218000002
0.05096774218000002
0.05096774218000002
0.05096774218000002
0.05096774218000002
0.05096774218000002
0.05096774218000002
0.05096774218000002
0.051059908080000015
0.05105990812000002
0.05105990812000002
0.05105990812000002
0.05105990812000002
0.05105990812000002
0.05105990812000002
0.05105990812000002
0.05105990812000002
0.05105990812000002
0.05105990812000002
0.05105990812000002
0.05105990812000002
0.05115207398000002
0.05115207398000002
0.05115207398000002
0.05115207398000002
0.05115207398000002
0.05115207398000002
0.05115207398000002
0.05115207398000002
0.05124423988000002
0.05124423988000002
0.05124423988000002
0.05124423988000002
0.05124423988000002
0.05124423988000002
0.05124423988000002
0.05124423988000002
0.05124423988000002
0.05124423988000002
0.05124423988000002
0.05124423988000002
0.05124423988000002
0.05133640574000002
0.05133640574000002
0.05133640574000002
0.05133640574000002
0.05133640574000002
0.05133640574000002
0.05133640574000002
0.05115207398000002
0.05115207398000002
0.05115207398000002
0.051244239920000025
0.051244239920000025
0.051244239920000025
0.051244239920000025
0.051244239920000025
0.051244239920000025
0.051244239920000025
0.051244239920000025
0.051244239920000025
0.051244239920000025
0.051244239920000025
0.051244239920000025
0.051244239920000025
0.051244239920000025
0.051244239920000025
0.051244239920000025
0.051244239920000025
0.051244239920000025
0.051244239920000025
0.051244239920000025
0.051244239920000025
0.051244239920000025
0.051244239920000025
0.051244239920000025
0.051244239920000025
0.051244239920000025
0.051244239920000025
0.051244239920000025
0.051244239920000025
0.051244239920000025
0.051244239920000025
0.051244239920000025
0.051244239920000025
0.051244239920000025
0.051244239920000025
0.051244239920000025
0.051244239920000025
0.05115207398000002
0.05115207398000002
0.05115207398000002
0.05115207398000002
0.05115207398000002
0.05115207398000002
0.05115207398000002
0.05115207398000002
0.05115207398000002
0.05115207398000002
0.05115207398000002
0.05115207398000002
0.05115207398000002
0.05115207398000002
0.05115207398000002
0.05115207398000002
0.05115207398000002
0.05115207398000002
0.05115207398000002
0.051244239920000025
0.051244239920000025
0.051244239920000025
0.051244239920000025
0.051244239920000025
0.051244239920000025
0.051244239920000025
0.051244239920000025
0.051244239920000025
0.051244239920000025
0.051244239920000025
0.051244239920000025
0.051244239920000025
0.051244239920000025
0.051244239920000025
0.051244239920000025
0.05115207402000002
0.05115207402000002
0.05115207402000002
0.05115207402000002
0.05124423996000002
0.05124423996000002
0.05124423996000002
0.05124423996000002
0.05133640586000002
0.05133640586000002
0.05133640586000002
0.05133640586000002
0.05133640586000002
0.05133640586000002
0.05133640586000002
0.051428571800000024
0.051428571800000024
0.051428571800000024
0.051428571800000024
0.051428571800000024
0.05152073770000002
0.05152073770000002
0.05152073770000002
0.05152073770000002
0.05152073770000002
0.05152073770000002
0.05152073770000002
0.05152073770000002
0.05152073770000002
0.051612903600000024
0.051612903600000024
0.051612903600000024
0.051612903600000024
0.05170506950000002
0.05161290356000002
0.05161290356000002
0.05161290356000002
0.05161290356000002
0.05161290356000002
0.05161290356000002
0.05161290356000002
0.05161290356000002
0.05161290356000002
0.05170506946000002
0.05170506946000002
0.05170506946000002
0.05170506946000002
0.05170506946000002
0.05170506946000002
0.05170506946000002
0.05170506946000002
0.05161290352000002
0.05161290352000002
0.05161290352000002
0.05161290352000002
0.05161290352000002
0.05161290352000002
0.05161290352000002
0.05161290352000002
0.05170506942000002
0.05170506942000002
0.05170506942000002
0.05170506942000002
0.05170506942000002
0.05170506942000002
0.05170506942000002
0.05170506942000002
0.05170506942000002
0.05170506942000002
0.05170506942000002
0.05170506942000002
0.05170506942000002
0.05170506942000002
0.05170506942000002
