0.5293087623999998
0.28774193880000004
0.18497696144000003
0.13714285869999998
0.12018433170000002
0.10976958510000001
0.10341013918
0.09806451626000001
0.09373271882000003
0.08930875626000004
0.08534562248000004
0.08248847946000003
0.08000000000000003
0.07677419440000004
0.07437788096000005
0.07188940192000003
0.06940092264000003
0.06682027709999999
0.06525345646000003
0.06405529986000003
0.06184331846000002
0.060276498120000035
0.05926267314000002
0.058617511780000034
0.05778801856000003
0.057235023200000026
0.05658986166000001
0.056129032300000006
0.05557603720000001
0.05465437820000002
0.05410138284000002
0.053271889760000024
0.05262672856000003
0.05216589906000002
0.05170506962000001
0.051520737720000015
0.051981567180000014
0.05161290346000001
0.05105990810000001
0.05115207410000001
0.05078341054000001
0.050691244640000015
0.05078341054000001
0.050783410580000014
0.05041474706000001
0.05023041526000001
0.050138249320000015
0.05041474710000001
0.050506913000000014
0.05059907878000001
0.05059907878000001
0.05069124468000001
0.050506912800000005
0.05069124456000001
0.050783410460000004
0.050967742300000014
0.05124423996000001
0.051336405780000004
0.051336405780000004
0.051336405780000004
0.051244239880000014
0.05142857164000001
0.05133640574000001
0.051244239880000014
0.051244239880000014
0.051336405820000014
0.051336405820000014
0.051152074060000025
0.051244239920000025
0.051152074060000025
0.05096774218000002
0.05105990808000002
0.05105990796000002
0.05105990796000002
0.05115207390000002
0.05115207390000002
0.05115207390000002
0.05124423984000002
0.051520737540000014
0.051612903360000024
0.05188940102000002
0.05188940106000002
0.051797235080000024
0.05198156688000002
0.05207373282000002
0.05216589868000002
0.05225806454000002
0.05244239638000001
0.05281106006000002
0.05281106006000002
0.05290322600000001
0.053087557880000025
0.053271889680000024
0.05336405558000003
0.05345622148000003
0.05345622148000003
0.05364055324000003
0.05382488508000003
0.053824884980000036
0.053824884980000036
0.053917050880000025
0.053917050840000036
0.05400921674000004
0.054377880380000035
0.05447004628000003
0.05447004628000003
0.054654378040000035
0.05465437814000003
0.05483871002000003
0.054838710020000035
0.05511520784000003
0.05520737370000003
0.055115207800000024
0.05520737370000003
0.055391705500000034
0.055391705500000034
0.055391705500000034
0.055483871360000034
0.05557603726000002
0.05557603726000002
0.05566820312000002
0.05576036902000003
0.05622119850000003
0.05640553024000003
0.05649769610000002
0.05677419376000003
0.05686635966000003
0.05705069146000004
0.05741935514000003
0.05760368694000003
0.05760368694000003
0.05760368694000003
0.057695852840000034
0.057788018700000034
0.057788018700000034
0.057880184640000026
0.05797235054000003
0.05806451644000003
0.058156682340000036
0.05824884824000003
0.058433180080000036
0.058433180080000036
0.05852534602000003
0.05861751196000003
0.05870967786000003
0.05880184366000003
0.05889400956000003
0.05889400956000003
0.05898617536000003
0.059078341260000035
0.059078341240000026
0.059078341240000026
0.05907834128000003
0.059354838980000026
0.05953917078000002
0.05953917078000002
0.05953917078000002
0.05963133668000002
0.059815668560000035
0.059815668560000035
0.05972350262000003
0.05972350262000003
0.05981566852000004
0.05990783438000004
0.05990783438000004
0.06027649778000004
0.06027649778000004
0.06018433188000004
0.06027649768000004
0.06027649768000004
0.06027649768000004
0.06027649768000004
0.06036866348000005
0.06046082942000004
0.06046082942000004
0.060552995320000046
0.06064516122000004
0.06092165892000003
0.06092165892000003
0.06101382472000003
0.06101382472000003
0.06119815642000003
0.06147465402000003
0.06175115172000003
0.06175115172000003
0.06175115172000003
0.06184331772000002
0.06184331772000002
0.06184331772000002
0.06193548352000002
0.06193548352000002
0.062027649420000025
0.062027649420000025
0.062211981220000025
0.06230414702000003
0.06248847882000003
0.06267281062000003
0.06267281062000003
0.06267281062000003
0.06267281062000003
0.06267281062000003
0.06267281062000003
0.06267281062000003
0.06267281062000003
0.06267281062000003
0.06276497652000003
0.06276497652000003
0.06276497652000003
0.06304147436000003
0.06322580616000002
0.06331797196000002
0.06322580616000004
0.06322580616000004
0.06322580616000004
0.06331797196000002
0.06331797206000002
0.06331797206000002
0.06331797206000002
0.06341013796000002
0.06341013796000002
0.06341013796000002
0.06341013796000002
0.06350230386000001
0.06359446980000001
0.06368663560000001
0.06368663560000001
0.06368663560000001
0.06368663560000001
0.06368663560000001
0.06368663560000001
0.06350230390000002
0.06359446980000001
0.06350230400000001
0.06350230400000001
0.06359447000000001
0.06368663580000002
0.06368663580000002
0.06368663580000002
0.06377880160000002
0.06396313330000003
0.06405529920000003
0.06405529920000003
0.06405529920000003
0.06414746506
0.06405529916000002
0.06405529916000002
0.06405529916000002
0.06414746506
0.06423963096
0.06423963096
0.06423963096
0.06442396280000001
0.06442396280000001
0.06442396280000001
0.06451612860000001
0.0646082945
0.0646082945
0.0646082945
0.0646082945
0.0646082945
0.06470046030000001
0.06470046030000001
0.06470046030000001
0.06479262610000001
0.06479262610000001
0.06488479200000001
0.06488479200000001
0.06488479200000001
0.06488479200000001
0.0649769579
0.0649769579
0.0649769579
0.0650691238
0.06516128980000001
0.0652534557
0.0652534557
0.0651612898
0.0651612898
0.0652534557
0.0652534557
0.0652534557
0.0653456217
0.0653456217
0.0653456217
0.0653456217
0.0653456217
0.0653456217
0.0653456217
0.0653456217
0.0653456217
0.0653456217
0.0653456217
0.0654377876
0.0654377876
0.0656221193
0.0656221193
0.06562211920000001
0.06562211920000001
0.06562211920000001
0.06562211920000001
0.06571428500000001
0.06571428500000001
0.06571428500000001
0.06571428500000001
0.065806451
0.065806451
0.06571428506000002
0.06571428506000002
0.06562211916000002
0.06562211916000002
0.06552995316000002
0.06580645100000002
0.06580645100000002
0.06580645100000002
0.06571428500000003
0.06580645090000002
0.06580645090000002
0.06580645090000002
0.06580645090000002
0.06580645090000002
0.06589861690000003
0.06589861690000003
0.06589861690000003
0.06589861690000003
0.06599078280000002
0.06617511450000003
0.06626728040000002
0.06617511450000003
0.06617511450000003
0.06617511450000003
0.06617511450000003
0.06617511450000003
0.06617511450000003
0.06617511450000003
0.06608294860000002
0.06599078260000002
0.06599078260000002
0.06599078260000002
0.06599078260000002
0.06589861680000002
0.06589861680000002
0.06589861680000002
0.06589861680000002
0.06589861680000002
0.06589861680000002
0.06599078260000002
0.06599078260000002
0.06599078260000002
0.06599078260000002
0.06599078260000002
0.06599078260000002
0.06608294840000002
0.06608294840000002
0.06608294840000002
0.06599078240000003
0.06599078240000003
0.06599078240000003
0.06589861640000003
0.06589861640000003
0.06589861640000003
0.06589861640000003
0.06589861640000003
0.06580645050000003
0.06580645050000003
0.06589861630000002
0.06589861630000002
0.06580645040000004
0.06580645040000004
0.06580645040000004
0.06580645040000004
0.06589861620000004
0.06589861620000004
0.06589861620000004
0.06589861620000004
0.06589861620000004
0.06589861620000004
0.06589861620000004
0.06589861620000004
0.06599078210000003
0.06599078210000003
0.06599078210000003
0.06599078210000003
0.06599078210000003
0.06589861620000004
0.06589861620000004
0.06589861620000004
0.06589861620000004
0.06589861620000004
0.06589861620000004
0.06589861620000004
0.06589861620000004
0.06589861620000004
0.06589861620000004
0.06589861620000004
0.06589861620000004
0.06589861620000004
0.06589861620000004
0.06589861620000004
0.06589861620000004
0.06589861620000004
0.06589861620000004
0.06580645030000003
0.06589861640000003
0.06580645050000003
0.06580645050000003
0.06589861640000003
0.06589861640000003
0.06580645046000004
0.06580645046000004
0.06580645046000004
0.06580645046000004
0.06580645046000004
0.06580645046000004
0.06589861626000004
0.06589861626000004
0.06580645046000004
0.06571428466000004
0.06571428466000004
0.06571428466000004
0.06580645046000004
0.06580645046000004
0.06580645046000004
0.06580645046000004
0.06580645046000004
0.06580645046000004
0.06580645046000004
0.06580645046000004
0.06580645046000004
0.06571428456000004
0.06571428456000004
0.06571428456000004
0.06571428456000004
0.06571428456000004
0.06571428456000004
0.06571428456000004
0.06562211876000004
0.06562211876000004
0.06562211876000004
0.06562211876000004
0.06562211876000004
0.06562211876000004
0.06562211876000004
0.06571428466000004
0.06571428466000004
0.06571428466000004
0.06571428466000004
0.06571428466000004
0.06571428466000004
0.06571428466000004
0.06571428466000004
0.06562211876000004
0.06562211876000004
0.06562211876000004
0.06580645036000003
0.06589861616000003
0.06589861616000003
0.06589861616000003
0.06571428426000002
0.06571428426000002
0.06571428426000002
0.06571428426000002
0.06571428426000002
0.06580645016000002
0.06580645016000002
0.06580645016000002
0.06571428426000002
0.06571428426000002
0.06571428426000002
0.06562211846000002
0.06562211846000002
0.06562211846000002
0.06571428446000001
0.06571428446000001
0.06571428446000001
0.06562211856000003
0.06552995256000002
0.06552995256000002
0.06552995256000002
0.06543778676000002
0.06543778676000002
0.06534562096000002
0.06525345516000002
0.06525345516000002
0.06525345516000002
0.06525345516000002
0.06516128936000003
0.06516128936000003
0.06516128936000003
0.06506912356000001
0.06506912356000001
0.06497695776000002
0.06506912376000001
0.06497695782000001
0.06497695782000001
0.06497695782000001
0.06497695782000001
0.06497695782000001
0.06497695782000001
0.06506912362000002
0.06506912362000002
0.06506912362000002
0.06506912362000002
0.06506912362000002
0.06506912362000002
0.06506912362000002
0.06506912362000002
0.06506912362000002
0.06506912362000002
0.06506912362000002
0.06497695782000003
0.06497695782000003
0.06488479202000003
0.06488479202000003
0.06488479202000003
0.06479262612000003
0.06479262612000003
0.06479262612000003
0.06479262612000003
0.06479262612000003
0.06470046022000003
0.06479262602000004
0.06479262602000004
0.06488479182000004
0.06479262588000004
0.06479262588000004
0.06470045988000003
0.06470045988000003
0.06470045988000003
0.06460829408000003
0.06460829408000003
0.06460829408000003
0.06451612818000002
0.06442396238000002
0.06442396238000002
0.06442396238000002
0.06442396238000002
0.06442396238000002
0.06442396238000002
0.06442396238000002
0.06442396238000002
0.06442396238000002
0.06433179648000004
0.06423963068000002
0.06414746478000004
0.06414746478000004
0.06414746478000004
0.06414746478000004
0.06414746478000004
0.06414746478000004
0.06405529878000003
0.06405529878000003
0.06396313298000003
0.06396313298000003
0.06387096718000002
0.06368663548000002
0.06368663548000002
0.06359446958000002
0.06359446958000002
0.06359446958000002
0.06359446958000002
0.06359446958000002
0.06368663552000002
0.06368663552000002
0.06377880142000002
0.06377880152000001
0.06377880152000001
0.06377880152000001
0.06377880152000001
0.06359446972000002
0.06359446972000002
0.06359446972000002
0.06368663562000001
0.06359446972
0.06359446972
0.06359446972
0.06350230382000001
0.06350230382000001
0.06350230382000001
0.06350230382000001
0.06350230382000001
0.06341013802
0.06341013802
0.06341013802
0.06341013802
0.06341013802
0.06341013802
0.06331797208
0.06331797208
0.06331797208
0.06331797208
0.06331797208
0.06331797208
0.06331797208
0.06331797208
0.06331797208
0.06331797208
0.06331797208
0.06331797208
0.06331797208
0.06331797208
0.06331797208
0.06331797208
0.06322580628
0.06313364038000001
0.06313364038000001
0.06304147458
0.06304147458
0.06304147458
0.06294930878
0.06294930878
0.06304147468
0.06304147468
0.06304147468
0.06304147468
0.06304147468
0.06304147468
0.06294930888
0.06294930888
0.06294930898
0.06294930898
0.06294930898
0.06285714308
0.06276497718
0.06267281118
0.06267281118
0.06258064524
0.06258064524
0.06258064524
0.06258064524
0.06258064524
0.06258064524
0.06258064524
0.06258064524
0.06248847933999999
0.06258064524
0.06258064524
0.06258064524
0.06258064524
0.06267281114
0.06267281114
0.06267281114
0.06258064524000001
0.062488479340000014
0.062488479340000014
0.06258064524000001
0.06239631364
0.06239631364
0.06248847944
0.06248847944
0.06248847944
0.06248847944
0.06248847944
0.06248847944
0.06239631354000001
0.06239631354000001
0.06239631354000001
0.06230414768000001
0.06230414768000001
0.06230414768000001
0.06230414768000001
0.06221198178000001
0.062119815880000005
0.062119815880000005
0.06202765008
0.06202765008
0.06202765008
0.06202765008
0.06202765008
0.06202765008
0.06202765008
0.06211981598000001
0.06202765008
0.06202765008
0.06193548418
0.06193548418
0.06193548418
0.061843318280000004
0.061843318280000004
0.061843318280000004
0.061843318280000004
0.061843318280000004
0.061843318280000004
0.061843318280000004
0.06175115238
0.06175115238
0.06175115238
0.06175115238
0.06184331828
0.06184331828
0.06184331828
0.06184331828
0.06184331828
0.06184331832
0.06184331832
0.06184331832
0.06184331832
0.061751152420000004
0.06165898662000001
0.06165898662000001
0.06165898662000001
0.06165898662000001
0.06165898662000001
0.061751152420000004
0.061751152420000004
0.061751152420000004
0.06165898652000001
0.06165898652000001
0.061566820620000004
0.06165898652000001
0.06165898652000001
0.061566820720000005
0.061566820720000005
0.061566820720000005
0.061566820720000005
0.061566820720000005
0.061566820720000005
0.061566820720000005
0.061566820720000005
0.061566820720000005
0.061566820720000005
0.06147465492
0.06147465492
0.06147465492
0.06129032322
0.06129032322
0.06129032322
0.06138248911999999
0.061474654919999996
0.061474654919999996
0.061474654919999996
0.061474654919999996
0.061474654919999996
0.061474654919999996
0.061474654919999996
0.061474654919999996
0.061474654919999996
0.061474654919999996
0.061474654919999996
0.061474654919999996
0.061474654919999996
0.06156682085999999
0.06156682085999999
0.06156682085999999
0.06156682085999999
0.06156682085999999
0.06156682085999999
0.06175115265999999
0.06175115265999999
0.06175115265999999
0.06175115265999999
0.06175115255999999
0.06175115255999999
0.06175115255999999
0.06175115255999999
0.06184331841999999
0.06184331841999999
0.06184331841999999
0.06184331841999999
0.06184331841999999
0.06184331841999999
0.06175115251999999
0.06175115251999999
0.06175115251999999
0.06165898672
0.06156682082000001
0.06156682082000001
0.06156682082000001
0.06156682082000001
0.06165898672
0.06165898672
0.06165898672
0.06165898672
0.06175115261999999
0.06175115261999999
0.06165898672
0.06175115261999999
0.06175115261999999
0.06175115261999999
0.06165898672
0.06165898672
0.06165898672
0.06165898672
0.06165898672
0.06165898672
0.06165898672
0.06165898672
0.06165898672
0.061566820919999994
0.06138248912
0.06138248912
0.06129032331999999
0.06129032331999999
0.061198157379999986
0.061198157379999986
0.061198157379999986
0.061198157379999986
0.061198157379999986
0.061198157379999986
0.061198157379999986
0.06110599143999999
0.06110599143999999
0.06110599143999999
0.06110599143999999
0.06110599143999999
0.06101382564
0.06092165974
0.06092165974
0.060829493840000005
0.060829493840000005
0.060829493840000005
0.060921659640000014
0.060921659640000014
0.060921659640000014
0.060921659640000014
0.060921659640000014
0.060921659640000014
0.060921659640000014
0.060921659640000014
0.060921659640000014
0.060921659640000014
0.06082949374000001
0.06082949374000001
0.06082949374000001
0.060737327840000015
0.060737327840000015
0.060737327840000015
0.060737327840000015
0.060737327840000015
0.060737327840000015
0.060737327840000015
0.06064516194000002
0.06064516194000002
0.060552996040000015
0.060552996040000015
0.06046083014000001
0.06046083014000001
0.06046083014000001
0.06046083014000001
0.060552996040000015
0.060552996040000015
0.060552996040000015
0.060552996040000015
0.060552996040000015
0.06064516194000001
0.06064516194000001
0.06073732784000001
0.06073732784000001
0.06073732784000001
0.06073732784000001
0.06064516194000001
0.060737327840000015
0.060829493780000014
0.060829493780000014
0.06092165968000002
0.06101382558000002
0.06101382558000002
0.06101382558000002
0.06101382558000002
0.06101382558000002
0.06101382558000002
0.06101382558000002
0.06101382558000002
0.06101382558000002
0.06110599148000001
0.06110599148000001
0.06110599148000001
0.06119815742000002
0.06129032332000002
0.06129032332000002
0.06129032332000002
0.06129032332000002
0.06129032332000002
0.06129032332000002
0.06129032332000002
0.06129032332000002
0.06129032332000002
0.06129032332000002
0.06129032332000002
0.06129032332000002
0.06138248912000002
0.06129032322000003
0.06119815732000003
0.06119815732000003
0.06119815732000003
0.06119815732000003
0.061290323220000026
0.06119815732000002
0.06119815732000002
0.06119815732000002
0.06129032322000001
0.06138248916000001
0.06138248916000001
0.061198157460000006
0.061198157460000006
0.06129032336000001
0.06138248926
0.06147465516
0.06147465516
0.06147465516
0.06138248926000001
0.06138248926000001
0.06138248926000001
0.06138248926000001
0.06138248926000001
0.06147465516
0.06147465516
0.06138248926000001
0.06138248926000001
0.061474655060000015
0.061474655060000015
0.061474655060000015
0.061474655060000015
0.061474655060000015
0.061474655060000015
0.061474655060000015
0.06156682096000001
0.06156682096000001
0.06156682096000001
0.06156682096000001
0.06156682096000001
0.06156682096000001
0.06156682096000001
0.06156682096000001
0.06156682096000001
0.06156682096000001
0.06156682096000001
0.06156682096000001
0.06156682096000001
0.06156682096000001
0.06156682096000001
0.061474655060000015
0.061474655060000015
0.061474655060000015
0.061474655060000015
0.061474655060000015
0.061474655060000015
0.061474655060000015
0.061474655060000015
0.061474655060000015
0.061474655060000015
0.061474655060000015
0.061474655060000015
0.061474655060000015
0.061474655060000015
0.061474655060000015
0.061474655060000015
0.061474655060000015
0.06138248916000002
0.06138248916000002
0.06138248916000002
0.061290323260000015
0.061290323260000015
0.061198157360000026
0.061198157360000026
0.061198157360000026
0.061198157360000026
0.06110599146000002
0.06101382556000002
0.06101382556000002
0.06110599146000002
0.06110599146000002
0.06110599146000002
0.061290323260000015
0.06119815736000001
0.06119815736000001
0.06119815736000001
0.06119815736000001
0.06119815736000001
0.06119815736000001
0.06119815736000001
0.06119815736000001
0.06129032326000001
0.06129032326000001
0.06129032326000001
0.06129032326000001
0.06129032326000001
0.061198157360000005
0.061198157360000005
0.061198157360000005
0.061198157360000005
0.061198157360000005
0.061198157360000005
0.06110599146000001
0.06110599146000001
0.06110599146000001
0.06110599146000001
0.06110599146000001
0.06110599146000001
0.06110599146000001
0.06110599146000001
0.06110599146000001
0.06110599146000001
0.06101382556000002
0.06101382556000002
0.06101382556000002
0.06101382556000002
0.06101382556000002
0.06101382556000002
0.06101382556000002
0.06092165962000001
0.06092165962000001
