0.5320737376000001
0.21686636101999998
0.12645161309999997
0.10967741968
0.10165898722000001
0.09511520832000002
0.08940092280000003
0.08479262690000003
0.08027649900000002
0.07668202820000002
0.07345622178000004
0.07059907848000002
0.06801843330000003
0.06645161280000003
0.06276497730000004
0.06147465456000005
0.05963133690000005
0.058156682440000024
0.05695852556000001
0.05612903268000002
0.05529953950000003
0.05483870996000003
0.05391705090000002
0.05354838742000001
0.053271889580000016
0.05281106014000001
0.05225806478000001
0.05170506938000001
0.05170506942000001
0.05152073766000001
0.05133640586000001
0.05115207414000001
0.05133640586000001
0.05096774226000002
0.05069124452000001
0.050967742140000015
0.05105990804000001
0.05115207390000001
0.05087557620000001
0.05096774214000001
0.05096774214000001
0.05105990804000001
0.05115207390000001
0.050967742060000015
0.05096774202000001
0.050967742020000005
0.051244239680000005
0.05133640562000001
0.05133640558000001
0.0514285716
0.051612903439999996
0.051612903439999996
0.05152073754
0.0517050693
0.05188940110000001
0.0522580647
0.052442396460000006
0.052626728180000006
0.052626728180000006
0.05271889408000001
0.05299539172000002
0.05327188946000001
0.053548387240000016
0.05373271896000002
0.053824884900000015
0.05382488482000002
0.053917050720000026
0.05419354838000001
0.05456221206000001
0.05493087574000002
0.05511520766000001
0.05511520766000002
0.055207373560000016
0.05502304172000001
0.055115207620000016
0.05529953946000002
0.055483871260000026
0.05566820306000002
0.05566820306000002
0.055944700800000025
0.056221198500000014
0.05649769624000002
0.05668202798000002
0.056774193880000025
0.05695852564000003
0.05695852564000003
0.056958525600000025
0.05714285744000002
0.05714285744000002
0.05732718918000002
0.05741935508000001
0.05741935508000001
0.057603686880000005
0.057695852680000013
0.05751152080000001
0.05751152080000001
0.057603686700000004
0.057603686700000004
0.05769585264000001
0.05778801854
0.057972350340000006
0.057972350340000006
0.05806451624
0.05824884808
0.05834101388000001
0.05834101388000001
0.05843317968000001
0.058525345580000006
0.058525345580000006
0.058617511479999995
0.058617511479999995
0.05861751148000001
0.05870967738000001
0.05880184332000002
0.05880184332000002
0.05880184332000002
0.058894009220000015
0.058894009220000015
0.05898617512000001
0.05917050682000002
0.05917050682000002
0.05926267272000002
0.05935483862000002
0.05944700452000002
0.059631336320000006
0.05981566816000001
0.06000000000000001
0.06000000000000001
0.06018433180000002
0.06036866360000001
0.06046082940000001
0.06073732700000001
0.06073732700000001
0.06092165870000001
0.06101382460000001
0.06101382460000001
0.06110599054000001
0.06110599054000001
0.06138248814000002
0.06129032224000002
0.06129032224000002
0.06129032224000002
0.06138248818000002
0.06147465418000001
0.061658986020000014
0.06193548372000001
0.06193548372000001
0.06221198146000002
0.06221198146000002
0.06221198146000002
0.06221198146000002
0.062396313160000015
0.062396313160000015
0.06248847906000002
0.06267281086000001
0.06276497676000001
0.06276497676000001
0.06285714256000001
0.06285714256000001
0.06285714256000001
0.06294930846000002
0.06294930846000002
0.06294930846000002
0.06294930846000002
0.06294930846000002
0.06304147432000001
0.06304147432000001
0.06313364012000001
0.06313364012000001
0.06313364012000001
0.06304147422000002
0.06304147422000002
0.06304147422000002
0.06304147422000002
0.06313364002
0.06313364002
0.06322580596
0.06341013776
0.06350230356000001
0.06359446936000002
0.06359446936000002
0.06359446936000002
0.06359446936000002
0.06359446936000002
0.06359446936000002
0.06359446936000002
0.06368663526000001
0.06368663526000001
0.06377880116000001
0.06396313286000002
0.06414746466000003
0.06423963046000002
0.06423963046000002
0.06423963046000002
0.06433179626000002
0.06433179626000002
0.06442396226000001
0.06451612816000002
0.06442396236000002
0.06442396236000002
0.06451612816
0.06460829406
0.06460829406
0.06470046006
0.06470046006
0.06470046006000002
0.06470046006000002
0.06470046006000002
0.06488479186000001
0.06488479186000001
0.06488479186000001
0.06479262596000002
0.06479262596000002
0.06479262596000002
0.06479262596000002
0.06479262596000002
0.06479262596000002
0.06470046006000002
0.06470046006000002
0.06470046006000002
0.06470046006000002
0.06460829416000001
0.06460829416000001
0.06451612826000001
0.06433179646000003
0.06442396246000003
0.06442396246000003
0.06442396246000003
0.06442396246000003
0.06442396246000003
0.06442396236000004
0.06433179636000004
0.06433179636000004
0.06433179636000004
0.06433179636000004
0.06423963056000004
0.06423963056000004
0.06433179646000003
0.06433179646000003
0.06433179646000003
0.06433179646000003
0.06433179646000003
0.06433179646000003
0.06433179666000004
0.06433179666000004
0.06423963086000004
0.06423963086000004
0.06423963086000004
0.06433179676000003
0.06442396266000003
0.06442396266000003
0.06442396266000003
0.06442396266000003
0.06423963086000004
0.06423963086000004
0.06423963086000004
0.06423963096000003
0.06423963096000003
0.06423963096000003
0.06423963096000003
0.06414746506000003
0.06414746506000003
0.06405529926000003
0.06414746516000004
0.06414746516000004
0.06414746516000004
0.06414746516000004
0.06414746516000004
0.06414746516000004
0.06414746516000004
0.06414746516000004
0.06414746516000004
0.06414746516000004
0.06414746516000004
0.06414746516000004
0.06405529926000003
0.06405529926000003
0.06414746516000004
0.06414746516000004
0.06414746516000004
0.06405529926000005
0.06405529926000005
0.06405529926000005
0.06405529926000005
0.06405529926000005
0.06405529926000005
0.06405529926000005
0.06405529926000005
0.06414746516000004
0.06414746516000004
0.06423963106000004
0.06423963106000004
0.06414746526000004
0.06414746526000004
0.06423963116000003
0.06423963106000002
0.06423963106000002
0.06423963106000002
0.06423963106000002
0.06423963106000002
0.06423963106000002
0.06423963106000002
0.06423963106000002
0.06423963106000002
0.06414746516000001
0.06414746516000001
0.06414746516000001
0.06414746516000001
0.06405529936000001
0.06405529936000001
0.06405529936000001
0.06396313356000002
0.06396313356000002
0.06377880176000002
0.06377880176000002
0.06377880176000002
0.06377880176000002
0.06377880176000002
0.06387096766000003
0.06387096766000003
0.06387096766000003
0.06387096766000003
0.06387096766000003
0.06387096766000003
0.06387096756000003
0.06387096756000003
0.06377880162000003
0.06377880152000004
0.06387096752000004
0.06387096752000004
0.06387096752000004
0.06387096752000004
0.06387096752000004
0.06368663582000005
0.06368663582000005
0.06368663582000005
0.06377880162000003
0.06368663572000004
0.06368663572000004
0.06377880162000003
0.06377880162000003
0.06377880162000003
0.06377880162000003
0.06368663582000003
0.06368663582000003
0.06350230402000001
0.06331797222000002
0.06322580632000002
0.06322580632000002
0.06313364042000004
0.06313364042000004
0.06322580632000004
0.06313364042000004
0.06313364042000004
0.06313364042000004
0.06313364042000004
0.06313364042000004
0.06313364042000004
0.06313364042000004
0.06313364042000004
0.06313364042000004
0.06313364042000004
0.06313364042000004
0.06313364042000004
0.06322580632000002
0.06313364052000003
0.06313364052000003
0.06313364052000003
0.06313364052000003
0.06304147462000004
0.06294930872000003
0.06285714292000003
0.06276497698000003
0.06276497698000003
0.06276497698000003
0.06267281108000003
0.06267281108000003
0.06267281108000003
0.06267281104000003
0.06276497698000003
0.06285714292000003
0.06285714292000003
0.06285714292000003
0.06294930886000003
0.06294930886000003
0.06285714296000001
0.06285714296000001
0.06294930886000003
0.06294930886000003
0.06294930886000003
0.06294930886000003
0.06294930886000003
0.06294930886000003
0.06294930876000002
0.06294930876000002
0.06294930876000002
0.06294930876000002
0.06294930876000002
0.06285714286000002
0.06294930876000002
0.06285714286000002
0.06285714286000002
0.06285714286000002
0.06285714286000002
0.06285714276000003
0.06285714276000003
0.06285714276000003
0.06285714276000003
0.06285714276000003
0.06276497686000002
0.06267281096000002
0.06267281096000002
0.06267281096000002
0.06267281096000002
0.062488479360000015
0.062488479360000015
0.06258064526000001
0.06248847946
0.06248847946
0.06248847946
0.06248847946
0.06248847946
0.06248847946
0.062396313560000013
0.062396313560000013
0.06248847946000002
0.06248847946000002
0.062396313560000013
0.062304147620000014
0.062304147620000014
0.06221198172000002
0.062119815780000025
0.06211981568000003
0.06211981568000003
0.06211981568000003
0.06211981568000003
0.06202764988000003
0.06202764988000003
0.06202764988000003
0.06202764988000003
0.06202764988000003
0.06211981582000003
0.06211981582000003
0.06221198172000003
0.06221198172000003
0.06221198172000003
0.06221198172000003
0.062119815720000034
0.062119815720000034
0.062119815720000034
0.062119815720000034
0.062119815720000034
0.062119815680000044
0.062119815680000044
0.062211981580000034
0.06239631346000003
0.06239631346000003
0.06239631346000003
0.06239631346000003
0.06239631346000003
0.06239631346000003
0.06239631346000003
0.06239631346000003
0.06239631346000003
0.06239631346000003
0.062304147660000024
0.062304147660000024
0.062304147760000025
0.06221198186000002
0.06221198186000002
0.06221198186000002
0.06221198186000002
0.06221198186000002
0.06221198186000002
0.06221198186000002
0.062119815960000026
0.062119815960000026
0.062119815960000026
0.062119815960000026
0.062119815960000026
0.062119815960000026
0.062119815960000026
0.062119815960000026
0.06230414780000003
0.06230414780000003
0.06230414780000003
0.062396313600000024
0.06230414780000002
0.06230414780000002
0.06230414780000002
0.06230414780000002
0.06221198190000002
0.06221198190000002
0.06221198190000002
0.062119816100000017
0.062119816100000017
0.062119816100000017
0.062119816100000017
0.06193548440000002
0.06193548440000002
0.06193548440000002
0.06193548440000002
0.06193548440000002
0.06202765020000002
0.06202765020000002
0.06211981610000002
0.06211981610000002
0.06211981606000003
0.06211981606000003
0.06211981606000003
0.06211981606000003
0.06211981606000003
0.06211981606000003
0.06211981606000003
0.06211981606000003
0.062027650160000024
0.06193548422000003
0.06193548422000003
0.061843318320000035
0.061843318320000035
0.06175115242000003
0.06175115242000003
0.06175115242000003
0.06175115242000003
0.06175115242000003
0.06184331832000003
0.06184331832000003
0.06184331832000003
0.06175115242000003
0.06165898652000003
0.06165898652000003
0.06165898652000003
0.06165898652000003
0.06165898652000003
0.06165898652000003
0.06165898652000003
0.061566820620000025
0.061566820620000025
0.061566820620000025
0.061566820620000025
0.061566820620000025
0.061566820620000025
0.061566820620000025
0.061566820620000025
0.06147465472000002
0.06147465472000002
0.06147465472000002
0.06147465472000002
0.061382488920000026
0.061382488920000026
0.06129032302000002
0.06129032302000002
0.061105991220000024
0.06101382532000002
0.06101382532000002
0.06092165942000003
0.06092165942000003
0.06092165942000003
0.06092165942000003
0.06092165942000003
0.06082949362000003
0.06082949362000003
0.06082949362000003
0.06073732772000003
0.06073732772000003
0.06064516182000003
0.06055299592000003
0.060645161820000036
0.060645161820000036
0.060552996020000034
0.060552996020000034
0.060645161820000036
0.060645161820000036
0.060645161820000036
0.060645161820000036
0.060645161820000036
0.06055299592000003
0.06055299592000003
0.06046083002000003
0.06046083002000003
0.06046083002000003
0.06046083002000003
0.060552995920000026
0.060552995920000026
0.060552995920000026
0.060552995920000026
0.06046083002000003
0.06046083002000003
0.06046083002000003
0.06046083002000003
0.06046083002000003
0.06046083002000003
0.06064516182000003
0.060737327620000024
0.060737327620000024
0.060737327620000024
0.060737327620000024
0.060737327620000024
0.060737327620000024
0.060737327620000024
0.060737327620000024
0.060737327620000024
0.060737327620000024
0.060737327620000024
0.06064516182000002
0.06064516182000002
0.06064516182000002
0.060737327620000024
0.060737327620000024
0.060737327620000024
0.060737327620000024
0.060737327620000024
0.060737327620000024
0.060737327620000024
0.060737327620000024
0.06055299582000002
0.06055299582000002
0.06055299582000002
0.06055299582000002
0.06046083002000002
0.06046083002000002
0.060368664120000026
0.060368664120000026
0.06027649822000002
0.06027649822000002
0.06027649822000002
0.06027649822000002
0.060368664120000026
0.060368664120000026
0.060368664120000026
0.060460829920000035
0.060460829920000035
0.060460829920000035
0.060460829920000035
0.06055299582000004
0.06055299592000003
0.060645161720000035
0.060552995820000045
0.060552995820000045
0.060552995820000045
0.060552995820000045
0.060552995820000045
0.060737327660000034
0.06082949356000004
0.06092165946000004
0.06092165946000004
0.060921659460000034
0.060921659460000034
0.060921659460000034
0.060921659460000034
0.060921659460000034
0.060921659460000034
0.060921659460000034
0.060921659460000034
0.060921659460000034
0.060921659460000034
0.060921659460000034
0.060921659460000034
0.060921659460000034
0.060921659460000034
0.06082949346000003
0.06082949346000003
0.060829493320000025
0.06092165922000002
0.060829493320000025
0.06073732742000002
0.06073732742000002
0.06073732742000002
0.06073732742000002
0.06073732742000002
0.06073732742000002
0.06073732742000002
0.06073732742000002
0.06073732742000002
0.06082949332000002
0.060737327420000015
0.060737327420000015
0.060552995580000026
0.060552995580000026
0.06064516148000003
0.06064516148000003
0.06064516148000003
0.06055299568000003
0.06055299568000003
0.06055299568000003
0.06055299568000003
0.06055299568000003
0.06055299568000003
0.06064516158000002
0.06064516158000002
0.06073732752000002
0.06073732752000002
0.06073732752000002
0.06073732752000002
0.06073732752000002
0.06073732752000002
0.06073732752000002
0.060829493420000026
0.060829493420000026
0.060737327420000015
0.060737327420000015
0.060737327420000015
0.060737327420000015
0.06064516152000002
0.06064516152000002
0.060460829720000026
0.060460829720000026
0.060460829720000026
0.060460829720000026
0.060368663780000026
0.060368663780000026
0.060368663780000026
0.06027649788000003
0.06027649788000003
0.060368663780000026
0.060368663780000026
0.060368663780000026
0.060368663780000026
0.060368663780000026
0.060368663780000026
0.06046082978000003
0.06046082978000003
0.06046082978000003
0.06046082978000003
0.06046082978000003
0.06046082978000003
0.06055299568000003
0.06073732748000002
0.06073732748000002
0.06073732748000002
0.06073732748000002
0.06073732748000002
0.06073732748000002
0.06073732748000002
0.06073732748000002
0.06073732748000002
0.060645161580000016
0.06055299568000003
0.06064516162000002
0.06064516162000002
0.06064516162000002
0.06064516162000002
0.060552995720000016
0.060552995720000016
0.06064516162000002
0.06064516162000002
0.06064516162000002
0.06064516162000002
0.06082949352000002
0.06082949352000002
0.06082949352000002
0.06092165942000001
0.06092165942000001
0.06092165942000001
0.06092165942000001
0.06082949352000002
0.06073732762000002
0.06073732762000002
0.06073732762000002
0.06073732762000002
0.06073732762000002
0.06073732762000002
0.06073732762000002
0.06082949352000001
0.060921659460000006
0.060921659460000006
0.06082949356000001
0.06082949356000001
0.06082949356000001
0.06082949356000001
0.06082949356000001
0.06082949356000001
0.06082949356000001
0.06082949356000001
0.06092165936000002
0.06092165936000002
0.06092165936000002
0.06092165936000002
0.06092165936000002
0.06101382526000001
0.06101382526000001
0.06101382526000001
0.06092165936000002
0.06092165936000002
0.06092165936000002
0.06092165936000002
0.061013825260000015
0.061013825260000015
0.061013825260000015
0.061013825260000015
0.061013825260000015
0.061013825260000015
0.061013825260000015
0.06110599116000001
0.06110599116000001
0.06110599116000001
0.06110599116000001
0.06110599116000001
0.06110599116000001
0.06110599116000001
0.06110599116000001
0.06110599116000001
0.06110599116000001
0.06110599116000001
0.06110599116000001
0.06110599116000001
0.06110599116000001
0.06110599116000001
0.06110599116000001
0.06110599116000001
0.06110599116000001
0.06110599116000001
0.06110599116000001
0.06110599116000001
0.06101382536000001
0.06101382536000001
0.060921659460000006
0.060921659460000006
0.06101382536000001
0.060921659360000005
0.060921659360000005
0.060921659360000005
0.060921659360000005
0.06101382526000001
0.06101382526000001
0.06101382526000001
0.06101382526000001
0.06101382526000001
0.06101382526000001
0.06101382526000001
0.06101382526000001
0.06101382526000001
0.06101382526000001
0.06110599116000001
0.06110599116000001
0.06110599116000001
0.06110599116000001
0.06110599116000001
0.06110599116000001
0.06110599116000001
0.06110599116000001
0.06110599116000001
0.06110599116000001
0.06101382526000001
0.06101382526000001
0.06101382526000001
0.06101382526000001
0.06101382526000001
0.061198157060000015
0.061198157060000015
0.061198157060000015
0.061198157060000015
0.061198157060000015
0.061198157060000015
0.06129032286000002
0.06129032286000002
0.061198156960000014
0.061198156960000014
0.06110599106000001
0.06110599106000001
0.06110599106000001
0.06110599106000001
0.06110599106000001
0.06110599106000001
0.06110599106000001
0.06110599106000001
0.06101382506000001
0.061105990960000016
0.061105990960000016
0.06119815686000002
0.06119815686000002
0.06119815686000002
0.061382488560000024
0.061382488560000024
0.061382488560000024
0.061382488560000024
0.061382488560000024
0.061382488560000024
0.06129032266000002
0.06129032266000002
0.06129032266000002
0.06129032266000002
0.06129032266000002
0.06129032266000002
0.06129032266000002
0.06129032266000002
0.06129032266000002
0.06129032266000002
0.06119815686000002
0.06119815686000002
0.06119815686000002
0.06129032266000002
0.06129032266000002
0.06129032266000002
0.06129032266000002
0.06119815676000002
0.06119815676000002
0.06119815676000002
0.06119815676000002
0.06119815676000002
0.06119815676000002
0.06119815676000002
0.06119815676000002
0.06119815676000002
0.06119815676000002
0.06119815676000002
0.06119815676000002
0.06119815676000002
0.06119815676000002
0.06119815676000002
0.06119815676000002
0.06119815676000002
0.06119815676000002
0.06119815676000002
0.06119815676000002
0.06119815676000002
0.06119815676000002
0.06119815676000002
0.06119815676000002
0.06119815676000002
0.06119815676000002
0.06119815676000002
0.06119815676000002
0.06119815676000002
0.061290322660000014
0.06119815676000002
0.061105990960000016
0.061105990960000016
0.061105990960000016
0.06119815676000002
0.06129032276000002
0.06129032276000002
0.06129032276000002
0.06129032276000002
0.06129032276000002
0.06129032276000002
0.06129032276000002
0.06129032276000002
0.06129032276000002
0.06138248876000002
0.06138248876000002
0.06129032282000003
0.06129032282000003
0.06129032282000003
0.06129032282000003
0.06129032282000003
0.061198156920000024
0.061198156920000024
0.061198156920000024
0.061198156920000024
0.061198156920000024
0.061198156920000024
0.061198156920000024
0.061198156920000024
0.061198156920000024
0.061198156920000024
0.061198156920000024
0.061198156920000024
0.061198156920000024
0.061198156920000024
0.061198156920000024
0.061198156920000024
0.06138248876000002
0.061474654660000023
0.061474654660000023
0.061474654660000023
0.061474654660000023
0.061474654660000023
0.061474654660000023
0.061474654660000023
0.061474654660000023
0.06156682066000002
0.061474654760000025
0.061474654760000025
0.061474654760000025
0.061474654760000025
0.061474654760000025
0.061474654760000025
0.061474654760000025
0.061474654760000025
0.061474654760000025
0.061474654760000025
0.061474654760000025
0.06156682066000002
0.06156682066000002
0.06156682066000002
0.06184331836000001
0.06184331836000001
0.06184331836000001
0.06184331836000001
0.06184331836000001
0.06184331836000001
0.06193548430000001
0.06193548430000001
0.06193548430000001
0.06193548430000001
0.06193548430000001
0.06193548430000001
0.06193548430000001
0.06193548430000001
0.06193548430000001
