0.5254377979999999
0.20912442511999998
0.12820276572
0.11142857292000004
0.10359447062000003
0.09723502286000006
0.09235023072000001
0.08857143000000002
0.0827649783
0.07797235152000001
0.07336405602000004
0.07050691322000004
0.06774193572000003
0.06562212030000002
0.06470046124000002
0.06331797246000001
0.06211981610000002
0.06046082960000002
0.05889400960000001
0.058341013920000025
0.05760368696000003
0.05594470056000001
0.05502304162000002
0.054377880400000016
0.05391705074000003
0.053364055220000026
0.05308755766000001
0.05308755770000001
0.052811060200000016
0.052534562500000014
0.05179723514000001
0.05142857148000002
0.051705069260000014
0.05152073748000001
0.05115207384000001
0.05078341020000001
0.050691244400000016
0.05050691264000001
0.05032258080000001
0.050230414940000016
0.050138249040000006
0.050138249
0.050138249
0.05023041494000001
0.05023041494000001
0.05004608322000001
0.049769585600000006
0.04958525380000001
0.04958525372000001
0.04976958548000001
0.04976958548000001
0.04976958552
0.0498617515
0.049677419619999996
0.04967741958000001
0.04986175130000001
0.049769585400000003
0.04995391724
0.050230414980000006
0.05041474682
0.050414746860000005
0.050414746860000005
0.050599078580000005
0.050783410380000005
0.050691244520000005
0.050691244520000005
0.050691244520000005
0.05096774214
0.05115207386
0.0514285716
0.0514285716
0.0515207374
0.0514285715
0.051612903259999995
0.051612903179999996
0.051612903179999996
0.051612903140000006
0.05170506908
0.05179723494
0.051981566820000005
0.05207373272
0.05216589858
0.052350230299999995
0.052442396239999994
0.05253456214
0.05262672808
0.05262672808
0.05271889394
0.05271889394
0.0528110598
0.05308755750000001
0.05308755750000001
0.05308755750000001
0.053364055240000006
0.05336405524
0.0535483869
0.05373271870000001
0.05373271870000001
0.05354838682
0.05373271870000001
0.05382488460000001
0.053824884560000015
0.054101382300000014
0.054101382300000014
0.054101382300000014
0.05419354824000002
0.05437788008000002
0.05456221188000002
0.054654377820000016
0.05447004594000001
0.05456221184000001
0.05465437778000001
0.05493087534000002
0.05502304124000002
0.05520737308000002
0.05539170488000002
0.055668202520000015
0.05585253442000001
0.05594470036000001
0.05612903216000001
0.05612903230000001
0.05612903230000001
0.05612903230000001
0.05622119820000002
0.05631336414000002
0.05649769594000002
0.056589861840000026
0.05668202772000003
0.05668202772000003
0.05677419362000002
0.05695852542000002
0.057142857220000016
0.057327189060000026
0.05751152086000002
0.05769585256000002
0.05778801846000002
0.05778801846000002
0.05778801846000002
0.057880184360000024
0.05797235026000003
0.057972350360000015
0.058156682280000024
0.058156682280000024
0.058341014080000024
0.05843317998000001
0.05834101404000002
0.05843317998000003
0.05852534588000003
0.05861751178000002
0.05870967768000004
0.05870967768000004
0.05880184358000003
0.05889400952000003
0.05889400952000003
0.05898617542000004
0.05898617542000004
0.05917050722000003
0.05917050722000003
0.05926267312000002
0.05935483906000002
0.05935483906000002
0.05935483906000002
0.05944700496000002
0.05953917086000002
0.059447004960000015
0.059447004960000015
0.05953917086000002
0.059631336860000016
0.059723502800000015
0.05981566870000002
0.05990783450000002
0.06009216640000003
0.06009216640000003
0.06009216640000003
0.06018433230000003
0.06027649810000003
0.06036866400000003
0.060460829900000033
0.060552995800000044
0.06064516170000003
0.06073732770000004
0.060829493600000034
0.060829493600000034
0.06092165950000003
0.06101382540000003
0.06110599134000003
0.06119815714000004
0.06119815714000004
0.06119815714000004
0.06119815714000004
0.06119815714000004
0.06119815714000004
0.06119815714000004
0.06119815714000004
0.06119815714000004
0.06119815714000004
0.06119815718000003
0.06119815718000003
0.06119815718000003
0.06119815718000003
0.06129032298000003
0.06129032298000003
0.061382488780000036
0.06138248858000003
0.06156682038000003
0.06156682038000003
0.06156682038000003
0.06156682038000003
0.061658986180000035
0.061658986180000035
0.06175115208000004
0.06175115208000004
0.06175115208000004
0.061843317980000034
0.06202764988000003
0.06230414758000003
0.06230414758000003
0.06230414758000003
0.06230414758000003
0.06239631358000003
0.062488479580000034
0.06258064548000003
0.06267281138000003
0.06267281138000003
0.06267281138000003
0.06267281138000003
0.06276497718000003
0.06285714308000004
0.06285714308000004
0.06285714308000004
0.06285714308000004
0.06294930898000003
0.06294930898000003
0.06304147478000005
0.06304147478000005
0.06294930888000004
0.06294930888000004
0.06294930888000004
0.06304147468000004
0.06304147468000004
0.06304147468000004
0.06304147468000004
0.06304147468000004
0.06304147468000004
0.06313364048000003
0.06304147458000003
0.06304147458000003
0.06304147458000003
0.06304147458000003
0.06304147458000003
0.06304147458000003
0.06294930878000003
0.06313364058000002
0.06322580638000003
0.06322580638000003
0.06322580638000003
0.06313364044000003
0.06313364044000003
0.06313364044000003
0.06313364044000003
0.06313364044000003
0.06313364044000003
0.06322580634000002
0.06331797228000002
0.06331797228000002
0.06331797228000002
0.06331797228000002
0.06322580648000004
0.06313364048000002
0.06313364048000002
0.06313364048000002
0.06322580628000002
0.06322580628000002
0.06331797218000003
0.06331797218000003
0.06331797218000003
0.06331797218000003
0.06331797218000003
0.06331797218000003
0.06331797218000003
0.06341013798000003
0.06341013798000003
0.06341013798000003
0.06341013798000003
0.06341013798000003
0.06341013798000003
0.06350230388000004
0.06341013798000003
0.06331797208000003
0.06341013794000003
0.06359446982000003
0.06368663582000003
0.06368663582000003
0.06368663582000003
0.06368663582000003
0.06377880172000003
0.06387096762000004
0.06387096762000004
0.06377880172000003
0.06377880172000003
0.06377880172000003
0.06368663582000003
0.06368663582000003
0.06368663582000003
0.06359446992000004
0.06359446992000004
0.06359446992000004
0.06359446992000004
0.06359446992000004
0.06368663582000003
0.06377880172000004
0.06377880172000004
0.06387096762000004
0.06387096762000004
0.06387096762000004
0.06377880162000003
0.06377880162000003
0.06377880162000003
0.06377880162000003
0.06377880162000003
0.06387096756000003
0.06387096756000003
0.06387096756000003
0.06387096756000003
0.06368663566000002
0.06368663566000002
0.06387096746000002
0.06387096746000002
0.06387096746000002
0.06396313346000002
0.06396313346000002
0.06377880176000002
0.06377880176000002
0.06377880176000002
0.06396313356000001
0.06396313356000001
0.06396313356000001
0.06405529946000002
0.06405529946000002
0.06405529946000002
0.06405529946000002
0.06405529946000002
0.06405529946000002
0.06405529946000002
0.06405529946000002
0.06405529946000002
0.06405529946000002
0.06405529946000002
0.06405529946000002
0.06405529946000002
0.06405529936000001
0.06414746526000001
0.06414746526000001
0.06414746526000001
0.06414746526000001
0.06414746526000001
0.06414746526000001
0.06414746526000001
0.06414746526000001
0.06423963116000002
0.06423963116000002
0.06423963116000002
0.06423963116000002
0.06423963116000002
0.06423963116000002
0.06423963116000002
0.06423963116000002
0.06423963116000002
0.06423963116000002
0.06414746526000001
0.06405529946000002
0.06414746536
0.06414746536
0.06414746536
0.06405529956
0.06405529956
0.06414746536
0.06414746536
0.06414746536
0.06405529946
0.06405529946
0.06396313366
0.06396313366
0.06396313366
0.06396313366
0.06396313366
0.06405529956
0.06405529956
0.06405529956
0.06405529956
0.06405529956
0.06405529956
0.06414746546
0.06414746546
0.06414746546
0.06414746546
0.06414746546
0.06414746546
0.06414746546
0.06414746546
0.06405529956
0.06414746546
0.06414746546
0.06405529952
0.06405529952
0.06405529952
0.06405529952
0.06396313372
0.06396313372
0.06396313372
0.06405529961999999
0.06405529961999999
0.06405529961999999
0.06405529961999999
0.06405529961999999
0.06405529961999999
0.06405529961999999
0.06405529961999999
0.06405529961999999
0.06405529961999999
0.06405529961999999
0.06405529961999999
0.06414746542
0.06414746542
0.06414746542
0.06414746542
0.06423963122
0.06423963122
0.06405529942
0.06405529942
0.06405529942
0.06396313352
0.06396313352
0.06396313352
0.06396313352
0.06396313352
0.06396313352
0.06396313352
0.06396313352
0.06396313352
0.06396313352
0.06396313352
0.06396313352
0.06396313352
0.06396313352
0.06396313352
0.06387096762000001
0.06377880172000001
0.06377880172000001
0.06377880172000001
0.06377880172000001
0.06377880172000001
0.06377880172000001
0.06368663572000002
0.06368663572000002
0.06350230402000002
0.06350230402000002
0.06350230402000002
0.06341013812000001
0.06341013812000001
0.06341013812000001
0.06341013812000001
0.06341013812000001
0.06341013812000001
0.06341013812000001
0.06331797222000002
0.06331797222000002
0.06322580632000002
0.06322580632000002
0.06304147442000002
0.06304147442000002
0.06304147442000002
0.06304147442000002
0.06304147442000002
0.06304147442000002
0.06304147442000002
0.06285714262000003
0.06285714262000003
0.06285714262000003
0.06258064468000002
0.06258064468000002
0.06258064468000002
0.06258064468000002
0.06248847878000002
0.06258064458000002
0.06258064458000002
0.06258064458000002
0.06258064458000002
0.06267281038000003
0.06267281038000003
0.06258064458000002
0.06258064458000002
0.06258064458000002
0.06258064458000002
0.06258064458000002
0.06258064458000002
0.06258064458000002
0.06258064458000002
0.06258064458000002
0.06258064458000002
0.06258064458000002
0.06258064458000002
0.06258064458000002
0.06258064458000002
0.06258064458000002
0.06267281052000002
0.06267281052000002
0.06267281062000003
0.06267281062000003
0.06267281062000003
0.06267281062000003
0.06267281062000003
0.06267281062000003
0.06258064472000004
0.06258064472000004
0.06258064472000004
0.06239631302000003
0.06239631302000003
0.062304147120000035
0.062304147120000035
0.062304147120000035
0.062304147120000035
0.062304147120000035
0.062304147120000035
0.062304147120000035
0.062304147120000035
0.06221198112000003
0.06221198112000003
0.06221198112000003
0.06221198112000003
0.06221198112000003
0.06211981522000003
0.06211981522000003
0.06211981522000003
0.06221198112000003
0.06221198112000003
0.06221198112000003
0.06211981522000003
0.06211981522000003
0.06221198122000003
0.06221198122000003
0.062211981220000025
0.062211981220000025
0.062211981220000025
0.06211981532000003
0.06211981532000003
0.06211981532000003
0.06221198122000003
0.06221198122000003
0.06211981532000003
0.06211981532000003
0.062211981260000035
0.062211981260000035
0.062211981260000035
0.06230414716000004
0.062211981260000035
0.062211981260000035
0.062211981260000035
0.062211981260000035
0.062211981260000035
0.06221198136000003
0.06221198136000003
0.06221198136000003
0.06221198136000003
0.06221198136000003
0.06221198136000003
0.06221198136000003
0.06221198136000003
0.06221198136000003
0.06221198136000003
0.06221198136000003
0.062304147260000026
0.062304147260000026
0.062304147260000026
0.06211981552000003
0.06211981552000003
0.06211981552000003
0.06211981552000003
0.06211981552000003
0.06211981552000003
0.06202764972000002
0.06202764972000002
0.06202764972000002
0.06193548382000003
0.06193548382000003
0.06193548382000003
0.06193548382000003
0.06193548382000003
0.06193548382000003
0.06193548382000003
0.06193548382000003
0.06193548382000003
0.06193548382000003
0.06193548382000003
0.06193548382000003
0.06193548382000003
0.061751152120000034
0.061751152120000034
0.061751152120000034
0.06165898622000003
0.06165898622000003
0.06165898622000003
0.06165898622000003
0.06165898622000003
0.06156682032000003
0.06156682032000003
0.06147465438000003
0.06147465438000003
0.06147465438000003
0.06147465438000003
0.06156682032000003
0.06156682032000003
0.061474654420000024
0.061474654420000024
0.061474654420000024
0.061474654420000024
0.061751152120000034
0.061751152120000034
0.061751152120000034
0.061751152120000034
0.061751152120000034
0.061751152120000034
0.06156682028000004
0.061474654480000036
0.061474654480000036
0.061474654480000036
0.061474654480000036
0.061474654480000036
0.061474654480000036
0.061474654480000036
0.061474654480000036
0.06138248858000004
0.06138248858000004
0.06129032268000004
0.06129032268000004
0.06129032268000004
0.06129032268000004
0.06129032268000004
0.06129032268000004
0.06138248858000003
0.06138248858000004
0.06138248858000004
0.06138248858000004
0.06138248858000004
0.06138248858000004
0.061566820420000036
0.06147465452000004
0.06138248858000004
0.06129032268000004
0.06138248858000004
0.06138248858000004
0.06138248858000004
0.061474654480000036
0.061474654480000036
0.061474654480000036
0.061474654480000036
0.061474654480000036
0.061474654480000036
0.061474654480000036
0.061474654480000036
0.061474654480000036
0.061474654480000036
0.061474654480000036
0.061474654480000036
0.061474654480000036
0.061474654480000036
0.061474654480000036
0.061474654480000036
0.06138248848000003
0.06138248848000003
0.06138248848000003
0.06138248848000003
0.06138248848000003
0.06138248848000003
0.06138248848000003
0.061474654380000035
0.06156682038000004
0.061474654480000036
0.061474654480000036
0.061474654480000036
0.061474654480000036
0.061474654480000036
0.061474654480000036
0.061474654480000036
0.061474654480000036
0.061474654480000036
0.061474654480000036
0.061474654480000036
0.06138248854000004
0.06138248854000004
0.06138248854000004
0.06138248854000004
0.06138248854000004
0.06129032264000003
0.06119815684000003
0.06110599094000004
0.061013825040000046
0.061013825040000046
0.061013825040000046
0.06092165914000004
0.06092165914000004
0.06092165914000004
0.06092165914000004
0.060829493240000046
0.060829493240000046
0.060829493240000046
0.060829493240000046
0.060829493240000046
0.060829493240000046
0.06092165914000005
0.061013825080000056
0.061013825080000056
0.061013825080000056
0.06110599098000005
0.06110599098000005
0.06110599098000005
0.061013825040000046
0.061013825040000046
0.061013825040000046
0.061013825040000046
0.061013825040000046
0.06092165904000004
0.06092165904000004
0.06082949314000005
0.06082949314000005
0.06073732734000004
0.06073732734000004
0.06073732734000004
0.06073732734000004
0.06082949324000004
0.06092165914000004
0.06092165914000004
0.06092165914000004
0.06092165914000004
0.06092165914000004
0.06082949324000004
0.06082949324000004
0.06082949324000004
0.06082949324000004
0.06082949324000004
0.06082949324000004
0.06082949324000004
0.06082949324000004
0.06082949324000004
0.06082949324000004
0.060737327340000036
0.060737327340000036
0.060737327340000036
0.060829493280000035
0.06092165918000004
0.06092165918000004
0.06101382508000003
0.060921659180000025
0.06101382508000002
0.06101382508000002
0.06101382508000002
0.06101382508000002
0.06101382508000002
0.06101382508000002
0.06101382508000002
0.06101382508000002
0.06101382508000002
0.06101382508000002
0.06101382508000002
0.06101382508000002
0.06101382508000002
0.06110599098000002
0.06110599098000002
0.06110599098000002
0.06110599088000001
0.06110599088000001
0.06110599088000001
0.06110599088000001
0.06101382508
0.06101382508
0.06092165914000001
0.06092165914000001
0.06082949324000001
0.06082949324000001
0.06082949324000001
0.06082949314000001
0.06082949314000001
0.06082949314000001
0.06082949314000001
0.06082949314000001
0.06082949314000001
0.06082949314000001
0.06082949314000001
0.06082949314000001
0.06092165904000001
0.06092165904000001
0.06092165904000001
0.06092165904000001
0.060829493140000024
0.060829493140000024
0.060829493140000024
0.060829493140000024
0.060737327340000015
0.060737327340000015
0.060737327340000015
0.060737327340000015
0.060737327340000015
0.06064516144000001
0.06064516144000001
0.06064516144000001
0.06064516144000001
0.06064516144000001
0.06064516144000001
0.060737327340000015
0.06064516144000001
0.06064516144000001
0.06064516144000001
0.06064516144000001
0.06064516144000001
0.060552995640000024
0.06046082974000003
0.060368663940000025
0.060368663940000025
0.060368663940000025
0.060368663940000025
0.060368663940000025
0.060368663940000025
0.060368663940000025
0.060368663940000025
0.060368663940000025
0.060368663940000025
0.060368663940000025
0.060368663940000025
0.060368663940000025
0.060368663940000025
0.06027649804000002
0.06027649804000002
0.06027649804000002
0.06027649804000002
0.06027649804000002
0.06027649804000002
0.06027649804000002
0.06027649804000002
0.06027649804000002
0.06018433214000002
0.06018433214000002
0.06018433214000002
0.06018433214000002
0.06018433214000002
0.06018433214000002
0.06027649804000001
0.06027649804000001
0.06027649804000001
0.060184332140000005
0.060184332140000005
0.060184332140000005
0.060184332140000005
0.060184332140000005
0.060184332140000005
0.060184332140000005
0.060092166240000015
0.060092166240000015
0.06018433214000002
0.06018433214000002
0.06018433214000002
0.06027649804000002
0.06027649804000002
0.06027649804000002
0.06027649804000002
0.06027649804000002
0.06036866404000002
0.06036866404000002
0.06036866404000002
0.06036866404000002
0.06046082994000002
0.06046082994000002
0.06046082994000002
0.06046082994000002
0.06046082994000002
0.06046082994000002
0.06046082994000002
0.06046082994000002
0.06046082994000002
0.06046082994000002
0.06046082994000002
0.06046082994000002
0.06036866404000002
0.06036866404000002
0.06036866404000002
0.06036866404000002
0.06036866404000002
0.06046082994000002
0.06046082994000002
0.06046082994000002
0.06046082994000002
0.06046082994000002
0.06046082994000002
0.06046082994000002
0.06046082994000002
0.06055299588000002
0.06055299588000002
0.06055299588000002
0.06055299588000002
0.06055299588000002
0.060645161680000025
0.060645161680000025
0.060645161680000025
0.060645161680000025
0.060645161680000025
0.060645161680000025
0.060645161680000025
0.060645161680000025
0.060645161680000025
0.060645161680000025
0.06073732758000003
0.06082949338000002
0.06082949338000002
0.06082949338000002
0.06082949338000002
0.06082949338000002
0.06073732758000002
0.06073732758000002
0.06073732758000002
0.06073732758000002
0.06073732758000002
0.06073732758000002
0.06073732758000002
0.06073732758000002
0.06073732758000002
0.06073732758000002
0.06064516168000002
0.06064516168000002
0.06064516168000002
0.06064516168000002
0.06064516168000002
0.06064516168000002
0.06064516168000002
0.06064516168000002
0.06064516168000002
0.06064516168000002
0.06064516168000002
0.06064516168000002
0.06064516168000002
0.06064516168000002
0.06064516168000002
0.06073732758000002
0.06073732758000002
0.06073732758000002
0.06073732758000002
0.06082949358000003
0.06082949358000003
0.06082949358000003
0.06082949358000003
0.06082949358000003
0.06082949358000003
0.06082949358000003
0.06082949358000003
0.06082949358000003
0.06082949358000003
0.06082949358000003
0.06082949358000003
0.06082949358000003
0.06082949358000003
0.06082949358000003
0.06082949358000003
0.06082949358000003
0.06082949358000003
0.06082949358000003
0.06082949358000003
0.06082949358000003
0.06082949358000003
0.06082949358000003
0.06082949358000003
0.06082949358000003
0.06082949358000003
0.06082949358000003
0.06082949358000003
0.06082949358000003
0.06082949358000003
0.06082949358000003
0.06082949358000003
0.06082949358000003
0.06073732768000002
0.06073732768000002
0.06073732768000002
0.06073732768000002
0.06073732768000002
0.06064516174000002
0.06064516174000002
0.06064516174000002
0.06064516174000002
0.06064516174000002
0.06064516174000002
0.06064516174000002
0.06055299594000002
0.06055299594000002
0.06055299594000002
0.06055299594000002
0.06046083000000002
0.06036866406000002
0.06036866406000002
0.06036866406000002
0.060460829960000025
0.060460829960000025
0.060460829960000025
0.060460829960000025
