0.5337327231999999
0.4417511547999999
0.38258065080000003
0.3458986222
0.29907834480000006
0.2503225826
0.21834101480000004
0.19594470272000003
0.18184331952000005
0.17271889572000002
0.16626728204
0.15732718944
0.14774193608
0.13677419384
0.12774193596
0.12276497705999999
0.11880184482000003
0.11483871084000002
0.11059907978000004
0.10783410258000002
0.10534562322000002
0.10285714368000003
0.10175115276000003
0.10018433294000002
0.09760368822000005
0.09548387160000005
0.09400921762000003
0.09317972452000005
0.09207373342000005
0.09023041548000008
0.08847926376000004
0.08709677548000005
0.08635944840000004
0.08543778900000003
0.08442396390000001
0.08359447038000001
0.08258064542000002
0.08165898672000005
0.08000000032000003
0.07788018480000003
0.07631336406000003
0.07548387086000004
0.07465437792000003
0.07345622164000004
0.07198156714000004
0.07096774210000002
0.07041474670000002
0.06930875596000002
0.06829493134000003
0.06746543838
0.06691244304000002
0.06617511564000003
0.06571428624000003
0.06534562280000003
0.06414746576000004
0.06368663622000004
0.06331797262000002
0.06294930922000005
0.06267281146000003
0.06230414762000002
0.06193548412000002
0.06165898654000002
0.06119815710000004
0.06082949346000003
0.06036866392000003
0.06009216622000003
0.059539170860000025
0.05907834122000002
0.05898617530000003
0.05852534568000003
0.05843317968000003
0.05834101384000002
0.05788018446000001
0.05760368690000003
0.056958525420000024
0.05658986196000002
0.055852534680000024
0.05520737344000002
0.055115207540000016
0.054838709980000025
0.05474654400000002
0.05493087588000003
0.05493087588000003
0.054654378100000026
0.054562212240000026
0.054193548640000026
0.05428571450000003
0.05428571450000003
0.053917050860000024
0.053640553120000024
0.05336405550000003
0.05290322596000003
0.052811060060000026
0.05262672822000002
0.05253456236000002
0.05244239650000002
0.05225806460000002
0.052073732800000015
0.05198156690000002
0.05207373284000002
0.05216589870000002
0.05216589870000002
0.052073732800000015
0.052165898740000015
0.052073732800000015
0.052073732800000015
0.051981566940000015
0.051889401000000016
0.051889401080000015
0.051797235140000016
0.05161290334000001
0.05161290330000002
0.05170506920000002
0.05170506920000002
0.051520737400000016
0.05142857150000001
0.051244239620000014
0.05115207382000001
0.05124423976000002
0.05115207382000001
0.05105990788000001
0.05115207374000001
0.05115207374000001
0.05105990788000001
0.05105990788000001
0.05115207368000001
0.05105990778000002
0.050875575940000015
0.05105990778000002
0.05096774192000002
0.05087557598000002
0.05096774192000002
0.05096774192000002
0.051152073760000014
0.051152073760000014
0.05133640560000002
0.05142857146000002
0.05152073732000001
0.05142857138000001
0.05142857138000001
0.05142857138000001
0.05142857138000001
0.05133640544
0.05133640544
0.05124423954000001
0.051152073600000014
0.05105990766000001
0.05105990766000001
0.05115207352000001
0.05115207352000001
0.05105990766000001
0.05105990766000001
0.05087557590000001
0.05087557590000001
0.051059907780000004
0.05115207368000001
0.05115207368000001
0.05115207368000001
0.051059907780000004
0.051059907780000004
0.051059907780000004
0.05096774198
0.05096774198
0.05105990784
0.05105990784
0.05096774198
0.05096774198
0.05096774198
0.05096774198
0.05078341018000001
0.05087557608000001
0.050967741940000005
0.050967741940000005
0.05105990784000001
0.051152073740000005
0.05124423968000001
0.05124423968000001
0.05124423968000001
0.05133640562000001
0.051428571560000004
0.05133640562000001
0.05133640562000001
0.05142857156000002
0.05142857156000002
0.05133640570000002
0.05124423976000001
0.05124423976000001
0.051336405660000015
0.05124423976000002
0.05124423976000002
0.05152073738000002
0.05152073738000002
0.05152073738000002
0.05161290332000002
0.05161290332000002
0.05179723504000002
0.05170506910000002
0.05179723500000002
0.05179723500000002
0.05179723500000002
0.05179723496000002
0.051797235000000025
0.051889400940000024
0.051889400940000024
0.051889400940000024
0.051889400940000024
0.05198156684000002
0.05198156684000002
0.05198156684000002
0.05198156684000002
0.05198156684000002
0.05188940090000003
0.05198156684000002
0.05207373274000002
0.05207373274000002
0.05207373274000002
0.05207373274000002
0.05216589864000002
0.05225806450000002
0.052442396260000024
0.05262672814000003
0.05262672814000003
0.05262672814000003
0.05262672814000003
0.05262672814000003
0.05271889404000003
0.05271889404000003
0.05281105994000004
0.05290322588000003
0.05299539182000003
0.05308755762000003
0.05308755762000003
0.05308755762000003
0.05308755762000003
0.05308755762000003
0.05308755762000003
0.05317972356000003
0.053271889460000034
0.053271889460000034
0.05336405536000002
0.05345622116000003
0.05345622116000003
0.05345622116000003
0.05345622116000003
0.05345622116000003
0.053548387060000036
0.053548387060000036
0.05364055300000004
0.05364055300000004
0.05373271890000003
0.05373271890000003
0.053824884800000035
0.053824884800000035
0.053824884800000035
0.053824884800000035
0.05391705070000004
0.05400921656000004
0.05410138246000004
0.05410138246000004
0.05400921656000004
0.054101382460000035
0.054101382460000035
0.054101382460000035
0.054101382460000035
0.05419354836000004
0.05428571422000004
0.05437788012000003
0.05437788012000003
0.05456221196000002
0.05456221200000003
0.05465437786000003
0.05483870970000002
0.05483870970000002
0.05502304150000003
0.05520737334000003
0.05529953914000003
0.05548387098000004
0.055668202820000026
0.055760368760000026
0.055760368760000026
0.055760368760000026
0.055760368760000026
0.05594470050000003
0.05594470050000003
0.05603686630000003
0.05612903224000003
0.05612903224000003
0.05631336394000003
0.05631336394000003
0.05631336394000003
0.05658986168000003
0.05668202758000003
0.05668202758000003
0.05677419352000003
0.05677419352000003
0.056866359420000026
0.056958525320000016
0.056958525320000016
0.056958525320000016
0.056958525320000016
0.056958525320000016
0.05705069122000002
0.05705069122000002
0.05714285708000002
0.05714285708000002
0.05714285708000002
0.05714285708000002
0.05714285708000002
0.05714285708000002
0.05714285708000002
0.05714285708000002
0.05723502302000002
0.05723502302000002
0.05723502302000002
0.05723502302000002
0.05723502302000002
0.05723502302000002
0.05723502302000002
0.05732718882000002
0.05732718882000002
0.05732718882000002
0.05732718882000002
0.05732718882000002
0.05741935468000002
0.05741935468000002
0.057511520580000024
0.05751152068000003
0.05751152068000003
0.05751152068000003
0.05751152068000003
0.05751152068000003
0.05769585248000004
0.05769585248000004
0.05769585248000004
0.05769585248000004
0.05788018436000003
0.05797235030000003
0.05797235030000003
0.05815668214000002
0.05815668214000002
0.05815668214000002
0.05815668214000002
0.05815668214000002
0.05834101390000002
0.05834101390000002
0.05843317984000002
0.05843317984000002
0.05834101394000002
0.05834101394000002
0.05843317984000002
0.05843317984000002
0.05843317984000002
0.05843317984000002
0.05843317984000002
0.05843317984000002
0.05843317984000002
0.05843317984000002
0.05843317984000002
0.05852534578000002
0.05852534578000002
0.058617511580000024
0.058617511580000024
0.058617511580000024
0.058617511580000024
0.058617511580000024
0.058617511580000024
0.058617511580000024
0.058617511580000024
0.058709677380000026
0.05907834098000001
0.05907834098000001
0.05907834098000001
0.05907834098000001
0.05907834098000001
0.05907834098000001
0.059170506880000015
0.059170506880000015
0.05926267278000002
0.05926267278000002
0.059170506980000016
0.059170506980000016
0.059170506980000016
0.059170506980000016
0.059170506980000016
0.059170506980000016
0.05926267278000002
0.05926267278000002
0.059354838680000015
0.059354838680000015
0.059354838680000015
0.059354838680000015
0.059354838680000015
0.059539170440000004
0.059539170440000004
0.05963133634000001
0.05972350224000001
0.05972350224000001
0.05972350224000001
0.05972350224000001
0.059815668240000015
0.059815668240000015
0.059815668240000015
0.059815668240000015
0.05990783414000001
0.060000000040000015
0.06009216594000002
0.06009216594000002
0.06009216594000002
0.06018433188000001
0.06018433188000001
0.06018433188000001
0.06018433188000001
0.060368663740000016
0.060368663740000016
0.06046082964000001
0.06046082964000001
0.06046082964000001
0.06046082964000001
0.06046082964000001
0.06046082964000001
0.06046082964000001
0.06046082964000001
0.06046082964000001
0.06046082964000001
0.06046082964000001
0.060552995540000015
0.060552995540000015
0.060552995540000015
0.060552995540000015
0.06064516140000001
0.060737327340000015
0.060737327340000015
0.060737327340000015
0.060737327340000015
0.060737327340000015
0.060737327340000015
0.060737327340000015
0.060737327340000015
0.060737327340000015
0.060737327340000015
0.06082949314000001
0.06082949314000001
0.06082949314000001
0.06082949314000001
0.06082949314000001
0.06082949314000001
0.060921658940000005
0.060921658940000005
0.06101382484000001
0.06101382484000001
0.06110599074000001
0.06110599074000001
0.06119815654000002
0.06119815654000002
0.06119815654000002
0.06119815654000002
0.06119815654000002
0.06129032248000001
0.06129032248000001
0.061382488380000017
0.061382488380000017
0.061382488380000017
0.061382488380000017
0.061382488380000017
0.061382488380000017
0.061382488380000017
0.061382488380000017
0.061382488380000017
0.06147465428000001
0.06147465428000001
0.06147465428000001
0.06147465428000001
0.06147465428000001
0.061566820080000015
0.06165898598000002
0.06165898598000002
0.06165898598000002
0.06165898598000002
0.06165898598000002
0.06165898598000002
0.06165898598000002
0.06165898598000002
0.06165898598000002
0.06165898598000002
0.06165898598000002
0.06165898598000002
0.06165898598000002
0.06165898598000002
0.06165898598000002
0.061751151920000025
0.061751151920000025
0.061751151920000025
0.06184331782000002
0.06184331782000002
0.06184331782000002
0.06184331782000002
0.06175115202000001
0.06193548382000002
0.06193548382000002
0.06193548382000002
0.06202764972000002
0.062119815620000025
0.062119815620000025
0.062119815620000025
0.062119815620000025
0.062119815620000025
0.062304147320000024
0.06239631332000003
0.06239631332000003
0.06239631332000003
0.06239631332000003
0.06239631332000003
0.06239631332000003
0.062488479220000025
0.062488479220000025
0.062488479220000025
0.062488479220000025
0.062488479220000025
0.062488479220000025
0.062488479220000025
0.062488479220000025
0.062488479220000025
0.062488479220000025
0.06258064512000001
0.06267281092000002
0.06267281092000002
0.06267281092000002
0.06267281092000002
0.06267281092000002
0.06267281092000002
0.06267281092000002
0.06267281092000002
0.06276497682000001
0.06276497682000001
0.06276497682000001
0.06276497682000001
0.06276497682000001
0.06276497682000001
0.06276497682000001
0.06276497682000001
0.06276497682000001
0.06276497682000001
0.06276497682000001
0.06276497682000001
0.06276497682000001
0.06276497682000001
0.06276497682000001
0.06276497682000001
0.06276497682000001
0.06276497682000001
0.06276497682000001
0.06276497682000001
0.06276497682000001
0.06276497682000001
0.06276497682000001
0.06276497682000001
0.06276497682000001
0.06285714262000001
0.06285714262000001
0.06294930842000002
0.06294930842000002
0.06294930842000002
0.06294930842000002
0.06294930842000002
0.06294930842000002
0.06294930842000002
0.06294930842000002
0.06294930842000002
0.06294930842000002
0.06294930842000002
0.06294930842000002
0.06304147432000001
0.06304147432000001
0.06304147432000001
0.06304147432000001
0.06304147432000001
0.06304147432000001
0.06304147432000001
0.06304147432000001
0.06304147432000001
0.06304147432000001
0.06313364022000002
0.06313364022000002
0.06313364022000002
0.06313364022000002
0.06313364022000002
0.06322580602000002
0.06331797182000003
0.06341013772000002
0.06341013772000002
0.06341013772000002
0.06341013772000002
0.06341013772000002
0.06341013772000002
0.06341013772000002
0.06341013772000002
0.06341013772000002
0.06341013772000002
0.06341013772000002
0.06350230362000003
0.06350230362000003
0.06350230362000003
0.06350230362000003
0.06350230362000003
0.06350230362000003
0.06350230362000003
0.06350230362000003
0.06359446962000002
0.06359446962000002
0.06359446962000002
0.06368663542000003
0.06368663542000003
0.06368663542000003
0.06368663542000003
0.06368663542000003
0.06368663542000003
0.06368663542000003
0.06368663542000003
0.06368663542000003
0.06368663542000003
0.06368663542000003
0.06368663542000003
0.06368663542000003
0.06368663542000003
0.06368663542000003
0.06368663542000003
0.06368663542000003
0.06368663542000003
0.06368663542000003
0.06368663542000003
0.06368663542000003
0.06368663542000003
0.06368663542000003
0.06368663542000003
0.06368663542000003
0.06368663542000003
0.06368663542000003
0.06368663542000003
0.06368663542000003
0.06368663542000003
0.06368663542000003
0.06368663542000003
0.06368663542000003
0.06368663542000003
0.06368663542000003
0.06368663542000003
0.06368663542000003
0.06368663542000003
0.06368663542000003
0.06368663542000003
0.06368663542000003
0.06368663542000003
0.06368663542000003
0.06368663542000003
0.06368663542000003
0.06368663542000003
0.06368663542000003
0.06368663542000003
0.06368663542000003
0.06377880128000003
0.06377880128000003
0.06377880128000003
0.06377880128000003
0.06377880128000003
0.06377880128000003
0.06377880128000003
0.06377880128000003
0.06377880128000003
0.06377880128000003
0.06377880128000003
0.06377880128000003
0.06377880128000003
0.06377880128000003
0.06377880128000003
0.06377880128000003
0.06377880128000003
0.06377880128000003
0.06377880128000003
0.06377880128000003
0.06377880128000003
0.06377880128000003
0.06387096718000002
0.06387096718000002
0.06387096718000002
0.06387096718000002
0.06387096718000002
0.06387096718000002
0.06387096718000002
0.06387096718000002
0.06387096718000002
0.06387096718000002
0.06387096718000002
0.06387096718000002
0.06387096718000002
0.06387096718000002
0.06387096718000002
0.06387096718000002
0.06387096718000002
0.06377880128000003
0.06377880128000003
0.06377880128000003
0.06377880128000003
0.06387096708000002
0.06387096708000002
0.06387096708000002
0.06396313298000003
0.06396313298000003
0.06396313298000003
0.06414746478000001
0.06414746478000001
0.06414746478000001
0.06414746478000001
0.06423963068000002
0.06423963068000002
0.06423963068000002
0.06423963068000002
0.06423963068000002
0.06414746478000002
0.06414746478000002
0.06414746478000002
0.06414746478000002
0.06414746478000002
0.06414746478000002
0.06414746478000002
0.06414746478000002
0.06414746478000002
0.06414746478000002
0.06414746478000002
0.06414746478000002
0.06414746478000002
0.06414746478000002
0.06414746478000002
0.06414746478000002
0.06414746478000002
0.06414746478000002
0.06414746478000002
0.06414746478000002
0.06423963068000002
0.06423963068000002
0.06423963068000002
0.06423963068000002
0.06423963068000002
0.06423963068000002
0.06423963068000002
0.06423963068000002
0.06423963068000002
0.06423963068000002
0.06423963068000002
0.06433179668000003
0.06433179668000003
0.06433179668000003
0.06433179668000003
0.06423963074000003
0.06414746474000002
0.06414746474000002
0.06414746474000002
0.06423963054000002
0.06423963054000002
0.06423963054000002
0.06423963054000002
0.06423963054000002
0.06423963054000002
0.06423963054000002
0.06423963054000002
0.06423963054000002
0.06423963054000002
0.06423963054000002
0.06423963054000002
0.06423963054000002
0.06423963054000002
0.06423963054000002
0.06433179648000004
0.06433179648000004
0.06433179648000004
0.06433179648000004
0.06433179648000004
0.06433179648000004
0.06433179648000004
0.06433179648000004
0.06433179648000004
0.06433179648000004
0.06433179648000004
0.06433179648000004
0.06433179648000004
0.06433179648000004
0.06433179648000004
0.06433179648000004
0.06433179648000004
0.06433179648000004
0.06433179648000004
0.06433179648000004
0.06433179648000004
0.06433179648000004
0.06442396238000002
0.06442396238000002
0.06442396238000002
0.06442396238000002
0.06442396238000002
0.06442396238000002
0.06442396238000002
0.06451612818000002
0.06451612818000002
0.06451612818000002
0.06451612818000002
0.06451612818000002
0.06451612818000002
0.06451612818000002
0.06451612818000002
0.06451612818000002
0.06451612818000002
0.06451612818000002
0.06451612818000002
0.06451612818000002
0.06451612818000002
0.06460829398000004
0.06460829398000004
0.06460829398000004
0.06460829398000004
0.06460829398000004
0.06460829398000004
0.06451612808000004
0.06451612808000004
0.06451612808000004
0.06451612808000004
0.06460829398000004
0.06460829398000004
0.06460829398000004
0.06460829398000004
0.06451612804000004
0.06451612804000004
0.06451612804000004
0.06451612804000004
0.06451612804000004
0.06451612804000004
0.06451612804000004
0.06460829398000004
0.06460829398000004
0.06460829398000004
0.06460829398000004
0.06460829398000004
0.06460829398000004
0.06460829398000004
0.06470045988000003
0.06470045988000003
0.06470045988000003
0.06470045988000003
0.06470045988000003
0.06470045988000003
0.06470045988000003
0.06470045988000003
0.06470045988000003
0.06470045988000003
0.06470045988000003
0.06460829398000004
0.06460829398000004
0.06470045988000002
0.06460829398000002
0.06451612808000003
0.06451612808000003
0.06451612808000003
0.06460829388000003
0.06460829388000003
0.06460829388000003
0.06460829388000003
0.06460829388000003
0.06460829388000003
0.06460829388000003
0.06451612794000003
0.06451612794000003
0.06451612794000003
0.06451612794000003
0.06451612794000003
0.06451612794000003
0.06451612794000003
0.06451612794000003
0.06451612794000003
0.06451612794000003
0.06451612794000003
0.06451612794000003
0.06451612794000003
0.06451612794000003
0.06451612794000003
0.06451612794000003
0.06451612794000003
0.06451612794000003
0.06442396214000003
0.06442396214000003
0.06451612814000003
0.06451612814000003
0.06451612814000003
0.06451612814000003
0.06460829414000004
0.06470045994000004
0.06470045994000004
0.06470045994000004
0.06470045994000004
0.06470045994000004
0.06470045994000004
0.06470045994000004
0.06470045994000004
0.06470045994000004
0.06470045994000004
0.06470045994000004
0.06470045994000004
0.06470045994000004
0.06470045994000004
0.06470045994000004
0.06470045994000004
0.06470045994000004
0.06470045994000004
0.06470045994000004
0.06470045994000004
0.06470045994000004
0.06470045994000004
0.06470045994000004
0.06470045994000004
0.06470045994000004
0.06470045994000004
0.06470045994000004
0.06470045994000004
0.06470045994000004
0.06470045994000004
0.06479262574000004
0.06479262574000004
0.06479262574000004
0.06479262574000004
0.06488479178000003
0.06488479178000003
0.06488479178000003
0.06488479178000003
0.06488479178000003
0.06488479178000003
0.06488479178000003
0.06488479178000003
0.06488479178000003
0.06488479178000003
0.06488479178000003
0.06488479178000003
0.06479262584000003
0.06479262584000003
0.06479262584000003
0.06479262584000003
0.06479262584000003
0.06479262584000003
0.06470045990000003
0.06470045990000003
0.06470045990000003
0.06470045990000003
0.06479262570000004
0.06479262570000004
0.06479262570000004
0.06479262570000004
0.06479262570000004
0.06479262570000004
0.06479262570000004
0.06488479170000004
0.06488479170000004
0.06488479170000004
0.06488479170000004
0.06488479170000004
0.06488479170000004
0.06488479170000004
0.06488479170000004
0.06488479170000004
0.06488479170000004
0.06488479170000004
0.06488479170000004
0.06488479170000004
0.06488479170000004
0.06488479170000004
0.06488479170000004
0.06488479170000004
0.06488479170000004
0.06488479170000004
0.06488479170000004
0.06488479170000004
0.06488479170000004
0.06488479170000004
0.06497695760000005
0.06497695760000005
0.06497695760000005
0.06497695760000005
0.06497695760000005
0.06497695760000005
0.06497695760000005
0.06497695760000005
0.06497695760000005
0.06497695760000005
0.06497695760000005
0.06497695760000005
0.06497695760000005
0.06497695760000005
0.06497695760000005
0.06497695760000005
0.06497695760000005
0.06497695760000005
0.06497695760000005
0.06497695760000005
0.06497695760000005
0.06497695760000005
0.06497695760000005
