0.5159447107999999
0.36331797540000005
0.2816589892800001
0.2082949319999999
0.15981567029999996
0.13640553110000003
0.12304147472000002
0.11465437786
0.10829493132000004
0.10423963186000001
0.10018433268000003
0.09751152192000002
0.09354838768000003
0.0907834116
0.08866359606000003
0.08663594582000002
0.08423963218000002
0.08258064578000004
0.08064516210000004
0.07861751190000003
0.07686635990000006
0.07474654380000005
0.07290322560000002
0.07078341012000004
0.06949308724000003
0.06866359454000001
0.06746543794000003
0.06608294974000002
0.06470046128000001
0.06359447060000002
0.06248847954000002
0.061013825200000024
0.05953917052000003
0.05861751144000003
0.05778801872000004
0.05769585316000004
0.05732718946000002
0.056682028120000026
0.05622119856000003
0.05585253490000003
0.05529953954000003
0.05502304180000003
0.05493087568000003
0.054562212120000037
0.05419354852000003
0.054193548340000036
0.05391705050000004
0.053824884540000034
0.05354838708000004
0.05336405538000004
0.05336405556000003
0.05317972378000003
0.052995392060000014
0.052903226200000014
0.05308755792000002
0.05308755796000002
0.053179723760000026
0.05308755790000002
0.05262672836000002
0.05262672842000002
0.05225806462000002
0.05235023048000002
0.05244239638000001
0.05235023044000002
0.052073732620000014
0.052165898580000016
0.052350230380000015
0.05235023052000001
0.05179723524000002
0.051612903360000024
0.051520737380000015
0.051244239720000015
0.05105990796000001
0.051152073860000015
0.05087557608000002
0.05087557616000002
0.05087557616000002
0.05069124436000002
0.05069124436000002
0.050875576160000026
0.05096774210000002
0.05078341026000002
0.050967742060000015
0.051244239760000025
0.051244239760000025
0.05133640566000003
0.05152073746000002
0.05161290326000002
0.051705069160000026
0.05179723510000003
0.05179723510000003
0.051705069160000026
0.051705069160000026
0.051612903300000026
0.05179723510000003
0.05188940096000003
0.052165898620000026
0.052165898620000026
0.05235023042000003
0.05225806452000003
0.05225806452000003
0.05225806452000003
0.052258064560000025
0.052258064560000025
0.052258064560000025
0.052258064560000025
0.05235023050000003
0.05262672816000003
0.05262672816000003
0.052811059960000024
0.05281106000000003
0.05281106000000003
0.05281106000000003
0.05281106000000003
0.05281106000000003
0.052811060040000024
0.052903225980000024
0.05299539188000003
0.05299539188000003
0.05299539188000003
0.053087557820000034
0.053087557820000034
0.05299539206000003
0.05299539206000003
0.052903226120000035
0.05299539206000003
0.05299539206000003
0.05308755796000003
0.053364055660000034
0.053456221600000034
0.05391705118000003
0.05391705118000003
0.05419354892000003
0.05428571486000003
0.05437788072000003
0.05437788072000003
0.05447004662000002
0.05456221248000002
0.05465437834000002
0.05465437834000002
0.05474654424000002
0.05474654424000002
0.05474654424000002
0.05483871010000002
0.05502304184000002
0.05502304184000002
0.05502304184000002
0.05502304184000002
0.05502304184000002
0.055207373600000026
0.055207373600000026
0.055207373600000026
0.05529953950000003
0.05548387122000003
0.05548387122000003
0.055668203020000015
0.05585253478000002
0.05603686654000002
0.05603686654000002
0.056036866400000024
0.056129032340000024
0.05612903248000002
0.05612903248000002
0.05612903248000002
0.05612903248000002
0.056221198380000025
0.056221198380000025
0.056221198380000025
0.05631336428000003
0.056497695980000026
0.05658986192000004
0.05658986192000004
0.05658986192000004
0.056682027820000036
0.056682027820000036
0.056682027820000036
0.05686635970000003
0.056958525600000025
0.056958525600000025
0.05714285740000003
0.05714285740000003
0.05714285740000003
0.05714285740000003
0.05714285740000003
0.057235023340000024
0.057235023340000024
0.057235023340000024
0.057235023340000024
0.05732718928000003
0.057419355180000034
0.05751152108000004
0.057603686980000034
0.05751152108000004
0.05751152108000004
0.05751152108000004
0.05769585288000004
0.05769585288000003
0.05778801878000003
0.05788018468000003
0.057972350580000026
0.05815668232000003
0.05815668232000003
0.05824884812000002
0.05824884812000002
0.05843317982000003
0.05843317982000003
0.05852534562000003
0.05880184332000003
0.05880184332000003
0.058894009120000035
0.058894009120000035
0.05898617502000004
0.05898617502000004
0.05898617502000004
0.05898617502000004
0.05898617502000004
0.059078340920000035
0.059078340920000035
0.05926267276000004
0.05926267276000004
0.05926267276000004
0.05926267276000004
0.05926267276000004
0.05926267276000004
0.059447004600000034
0.05953917050000004
0.05963133640000004
0.05981566824000004
0.059907834180000036
0.059907834180000036
0.060000000120000035
0.05990783422000003
0.05990783422000003
0.060000000120000035
0.06009216602000003
0.060276497820000025
0.060276497820000025
0.060276497820000025
0.06036866372000002
0.060460829520000016
0.06073732718000002
0.06073732718000002
0.06073732718000002
0.06073732718000002
0.06073732718000002
0.06073732718000002
0.06073732718000002
0.06073732718000002
0.06082949308000002
0.06082949308000002
0.06082949308000002
0.06082949308000002
0.06082949308000002
0.06092165898000002
0.06092165898000002
0.061013824880000025
0.061013824880000025
0.061013824880000025
0.061013824880000025
0.061013824880000025
0.061105990780000015
0.061105990780000015
0.061105990780000015
0.061105990780000015
0.061105990780000015
0.061105990780000015
0.06119815668000002
0.06119815668000002
0.06138248848000002
0.06138248848000002
0.06156682022000002
0.06156682022000002
0.06156682022000002
0.06156682022000002
0.06156682022000002
0.06165898612000002
0.06165898612000002
0.06175115192000002
0.06175115192000002
0.06184331772000002
0.06184331772000002
0.06184331772000002
0.062027649420000025
0.062027649420000025
0.062027649420000025
0.062027649420000025
0.062027649420000025
0.062027649420000025
0.062027649420000025
0.062027649420000025
0.062027649420000025
0.062027649420000025
0.062027649420000025
0.06230414706000003
0.06230414706000003
0.06230414706000003
0.062396312960000026
0.06248847876000003
0.06258064466000002
0.06258064466000002
0.06258064466000002
0.06258064466000002
0.06258064466000002
0.06258064466000002
0.06258064466000002
0.06276497646000002
0.06276497646000002
0.06276497646000002
0.06285714236000003
0.06285714236000003
0.06285714236000003
0.06304147416000004
0.06313364022000004
0.06313364022000004
0.06313364022000004
0.06313364022000004
0.06313364022000004
0.06304147442000003
0.06304147442000003
0.06304147442000003
0.06294930862000003
0.06294930862000003
0.06304147442000003
0.06304147442000003
0.06313364032000003
0.06313364032000003
0.06322580612000002
0.06322580612000002
0.06322580612000002
0.06331797202000003
0.06331797202000003
0.06331797202000003
0.06341013782000003
0.06341013782000003
0.06341013782000003
0.06341013782000003
0.06341013782000003
0.06341013782000003
0.06341013782000003
0.06341013782000003
0.06341013782000003
0.06350230382000002
0.06350230382000002
0.06350230382000002
0.06359446972000002
0.06368663558000003
0.06368663558000003
0.06368663558000003
0.06368663558000003
0.06368663558000003
0.06377880152000003
0.06368663562000001
0.06368663562000001
0.06368663562000001
0.06377880152000001
0.06377880152000001
0.06377880152000001
0.06377880152000001
0.06377880152000001
0.06377880148000002
0.06377880148000002
0.06377880148000002
0.06377880148000002
0.06377880148000002
0.06377880148000002
0.06377880148000002
0.06377880148000002
0.06387096738000002
0.06387096738000002
0.06387096738000002
0.06387096738000002
0.06387096738000002
0.06387096738000002
0.06387096738000002
0.06396313318000002
0.06405529908000002
0.06405529908000002
0.06405529908000002
0.06405529908000002
0.06414746498000001
0.06405529918000002
0.06405529918000002
0.06414746518000002
0.06414746518000002
0.06414746518000002
0.06414746518000002
0.06414746518000002
0.06414746518000002
0.06414746518000002
0.06414746518000002
0.06414746518000002
0.06414746518000002
0.06414746518000002
0.06414746518000002
0.06414746518000002
0.06414746518000002
0.06414746518000002
0.06414746518000002
0.06433179688000003
0.06433179688000003
0.06433179688000003
0.06433179688000003
0.06433179688000003
0.06423963098000002
0.06423963098000002
0.06423963098000002
0.06423963098000002
0.06442396268000002
0.06433179678000003
0.06433179678000003
0.06433179678000003
0.06433179678000003
0.06433179678000003
0.06433179678000003
0.06433179678000003
0.06433179678000003
0.06433179678000003
0.06433179678000003
0.06433179678000003
0.06433179678000003
0.06433179678000003
0.06433179678000003
0.06423963088000004
0.06414746488000003
0.06414746488000003
0.06414746488000003
0.06433179668000003
0.06433179668000003
0.06433179668000003
0.06433179668000003
0.06433179668000003
0.06433179668000003
0.06433179668000003
0.06442396248000003
0.06442396248000003
0.06442396248000003
0.06442396248000003
0.06451612838000002
0.06451612838000002
0.06451612838000002
0.06451612838000002
0.06451612838000002
0.06451612838000002
0.06451612838000002
0.06451612838000002
0.06451612838000002
0.06451612838000002
0.06451612838000002
0.06451612838000002
0.06442396244000002
0.06442396244000002
0.06442396244000002
0.06442396244000002
0.06442396244000002
0.06442396244000002
0.06442396244000002
0.06442396244000002
0.06433179664000002
0.06423963074000003
0.06423963074000003
0.06414746484000002
0.06414746484000002
0.06414746484000002
0.06414746484000002
0.06423963078000001
0.06423963078000001
0.06423963078000001
0.06423963078000001
0.06423963078000001
0.06423963078000001
0.06414746488000002
0.06414746488000002
0.06414746488000002
0.06414746488000002
0.06414746488000002
0.06396313298000002
0.06396313298000002
0.06396313298000002
0.06396313298000002
0.06396313298000002
0.06396313298000002
0.06396313298000002
0.06396313298000002
0.06396313298000002
0.06396313298000002
0.06387096718000002
0.06387096718000002
0.06387096718000002
0.06377880124000002
0.06377880124000002
0.06377880124000002
0.06377880124000002
0.06377880124000002
0.06377880124000002
0.06377880124000002
0.06377880124000002
0.06377880124000002
0.06377880124000002
0.06377880124000002
0.06377880124000002
0.06377880124000002
0.06377880124000002
0.06377880124000002
0.06377880124000002
0.06377880124000002
0.06377880124000002
0.06377880124000002
0.06377880124000002
0.06377880124000002
0.06377880124000002
0.06377880124000002
0.06377880124000002
0.06377880124000002
0.06377880124000002
0.06377880124000002
0.06377880124000002
0.06377880124000002
0.06377880124000002
0.06368663544000003
0.06368663544000003
0.06368663544000003
0.06359446954000003
0.06359446954000003
0.06350230364000002
0.06350230364000002
0.06350230364000002
0.06350230364000002
0.06350230364000002
0.06341013764000003
0.06350230354000003
0.06350230354000003
0.06341013760000003
0.06341013760000003
0.06341013760000003
0.06341013760000003
0.06341013760000003
0.06331797160000002
0.06331797160000002
0.06331797160000002
0.06331797160000002
0.06331797160000002
0.06331797160000002
0.06331797160000002
0.06331797160000002
0.06341013740000002
0.06341013740000002
0.06341013740000002
0.06341013740000002
0.06341013740000002
0.06341013740000002
0.06341013740000002
0.06341013740000002
0.06341013740000002
0.06341013740000002
0.06341013740000002
0.06341013740000002
0.06341013740000002
0.06341013740000002
0.06341013740000002
0.06341013740000002
0.06341013740000002
0.06341013740000002
0.06341013740000002
0.06341013740000002
0.06341013740000002
0.06341013740000002
0.06341013740000002
0.06341013740000002
0.06341013740000002
0.06341013740000002
0.06341013740000002
0.06341013740000002
0.06341013740000002
0.06341013740000002
0.06341013740000002
0.06341013740000002
0.06341013740000002
0.06341013740000002
0.06341013740000002
0.06341013740000002
0.06341013740000002
0.06341013740000002
0.06341013740000002
0.06341013740000002
0.06341013740000002
0.06341013740000002
0.06341013740000002
0.06341013740000002
0.06341013740000002
0.06350230334000002
0.06350230334000002
0.06350230334000002
0.06359446928000002
0.06359446928000002
0.06359446928000002
0.06359446928000002
0.06368663528000003
0.06359446948000003
0.06359446948000003
0.06359446948000003
0.06359446948000003
0.06350230358000003
0.06350230358000003
0.06350230358000003
0.06350230358000003
0.06350230358000003
0.06350230358000003
0.06350230358000003
0.06350230358000003
0.06350230358000003
0.06350230358000003
0.06350230358000003
0.06350230358000003
0.06350230358000003
0.06341013768000002
0.06341013768000002
0.06341013768000002
0.06341013768000002
0.06341013768000002
0.06341013768000002
0.06350230358000003
0.06350230358000003
0.06350230358000003
0.06350230358000003
0.06350230358000003
0.06350230358000003
0.06350230358000003
0.06350230358000003
0.06350230358000003
0.06350230358000003
0.06350230358000003
0.06350230358000003
0.06350230358000003
0.06359446952000003
0.06359446952000003
0.06359446952000003
0.06350230372000003
0.06331797192000004
0.06331797192000004
0.06331797192000004
0.06331797192000004
0.06331797192000004
0.06331797192000004
0.06331797192000004
0.06341013772000002
0.06341013772000002
0.06341013772000002
0.06341013772000002
0.06341013772000002
0.06350230362000003
0.06350230362000003
0.06350230362000003
0.06350230362000003
0.06350230362000003
0.06350230362000003
0.06350230362000003
0.06350230362000003
0.06341013772000004
0.06341013772000004
0.06341013772000004
0.06341013772000004
0.06341013772000004
0.06331797182000004
0.06331797182000004
0.06331797192000002
0.06313364012000003
0.06313364012000003
0.06313364012000003
0.06313364012000003
0.06304147422000003
0.06304147422000003
0.06304147422000003
0.06304147422000003
0.06304147422000003
0.06304147422000003
0.06313364002000003
0.06313364002000003
0.06313364002000003
0.06313364002000003
0.06313364002000003
0.06313364002000003
0.06313364002000003
0.06313364002000003
0.06313364002000003
0.06313364002000003
0.06304147412000002
0.06304147412000002
0.06304147412000002
0.06304147412000002
0.06304147412000002
0.06304147412000002
0.06313364002000002
0.06313364002000002
0.06313364002000002
0.06313364002000002
0.06313364002000002
0.06313364002000002
0.06313364002000002
0.06313364002000002
0.06304147422000002
0.06304147422000002
0.06304147422000002
0.06304147422000002
0.06304147422000002
0.06304147422000002
0.06304147422000002
0.06304147422000002
0.06304147422000002
0.06304147422000002
0.06294930832000004
0.06294930832000004
0.06294930832000004
0.06285714242000004
0.06285714242000004
0.06285714242000004
0.06285714242000004
0.06285714242000004
0.06294930832000004
0.06294930832000004
0.06294930832000004
0.06294930832000004
0.06294930832000004
0.06294930832000004
0.06285714242000004
0.06285714242000004
0.06285714242000004
0.06285714242000004
0.06285714242000004
0.06285714242000004
0.06285714242000004
0.06285714242000004
0.06285714242000004
0.06294930832000004
0.06304147422000005
0.06304147422000005
0.06304147422000005
0.06304147422000005
0.06304147422000005
0.06313364012000004
0.06313364012000004
0.06313364012000004
0.06313364012000004
0.06313364012000004
0.06313364012000004
0.06313364012000004
0.06313364012000004
0.06313364012000004
0.06294930842000004
0.06294930842000004
0.06285714242000004
0.06285714242000004
0.06285714242000004
0.06285714242000004
0.06285714242000004
0.06285714242000004
0.06276497652000003
0.06276497652000003
0.06276497652000003
0.06267281058000003
0.06267281058000003
0.06267281058000003
0.06267281058000003
0.06267281058000003
0.06276497648000004
0.06276497648000004
0.06276497648000004
0.06276497648000004
0.06267281058000004
0.06276497648000004
0.06267281058000004
0.06267281058000004
0.06267281058000004
0.06267281058000004
0.06267281058000004
0.06267281058000004
0.06258064478000004
0.06258064478000004
0.06258064478000004
0.06258064478000004
0.06258064478000004
0.06258064478000004
0.06258064478000004
0.06258064478000004
0.06258064478000004
0.06258064478000004
0.06258064478000004
0.06258064478000004
0.06267281072000004
0.06267281072000004
0.06267281072000004
0.06267281072000004
0.06267281072000004
0.06267281072000004
0.06267281072000004
0.06267281072000004
0.06267281072000004
0.06258064492000004
0.06258064492000004
0.06258064492000004
0.06258064492000004
0.06258064492000004
0.06258064492000004
0.06258064492000004
0.06258064492000004
0.06258064492000004
0.06258064492000004
0.06258064492000004
0.06258064492000004
0.06258064492000004
0.06258064492000004
0.06267281082000004
0.06276497672000005
0.06276497672000005
0.06276497672000005
0.06276497672000005
0.06276497672000005
0.06276497672000005
0.06285714272000004
0.06285714272000004
0.06285714272000004
0.06285714272000004
0.06285714272000004
0.06285714272000004
0.06285714272000004
0.06285714272000004
0.06285714272000004
0.06285714272000004
0.06276497682000004
0.06276497682000004
0.06276497682000004
0.06267281092000004
0.06267281092000004
0.06267281092000004
0.06267281092000004
0.06267281092000004
0.06267281092000004
0.06276497682000004
0.06276497682000004
0.06276497682000004
0.06276497682000004
0.06276497682000004
0.06276497682000004
0.06276497682000004
0.06276497682000004
0.06276497682000004
0.06276497682000004
0.06276497682000004
0.06276497682000004
0.06276497682000004
0.06276497682000004
0.06276497682000004
0.06276497682000004
0.06276497682000004
0.06276497682000004
0.06267281088000004
0.06267281088000004
0.06267281088000004
0.06267281088000004
0.06267281088000004
0.06267281088000004
0.06267281088000004
0.06267281088000004
0.06267281088000004
0.06267281088000004
0.06267281088000004
0.06276497682000004
0.06276497682000004
0.06285714272000004
0.06285714272000004
0.06285714272000004
0.06285714272000004
0.06285714272000004
0.06294930862000003
0.06294930862000003
0.06294930862000003
0.06294930862000003
0.06285714272000004
0.06285714272000004
0.06285714272000004
0.06285714272000004
0.06285714272000004
0.06285714272000004
0.06294930872000004
0.06294930872000004
0.06294930872000004
0.06294930872000004
0.06285714292000004
0.06285714292000004
0.06285714292000004
0.06285714292000004
0.06285714292000004
0.06285714292000004
0.06285714292000004
0.06285714292000004
0.06276497712000002
0.06276497712000002
0.06276497712000002
0.06276497712000002
0.06276497712000002
0.06276497712000002
0.06276497712000002
0.06276497712000002
0.06276497712000002
0.06267281122000004
0.06267281122000004
0.06267281122000004
0.06267281122000004
0.06267281122000004
0.06267281122000004
0.06267281122000004
0.06248847952000003
0.06248847952000003
0.06248847952000003
0.06248847952000003
0.06248847952000003
0.06248847952000003
0.06248847952000003
0.06248847952000003
0.06258064542000003
0.06258064542000003
0.06258064542000003
0.06258064542000003
0.06258064542000003
0.06258064542000003
0.06258064542000003
0.06258064542000003
0.06258064542000003
0.06258064542000003
0.06258064542000003
0.06248847952000003
0.06248847952000003
0.06248847952000003
0.06248847952000003
0.06248847952000003
0.06248847952000003
0.06248847952000003
0.06248847952000003
0.06248847952000003
0.06248847952000003
0.06258064552000003
0.06258064552000003
0.06267281132000004
0.06267281132000004
0.06267281132000004
0.06248847942000004
0.06248847942000004
0.06258064532000003
0.06248847942000004
0.06248847942000004
0.06248847942000004
0.06248847942000004
0.06248847942000004
0.06248847942000004
0.06248847942000004
0.06248847942000004
0.06248847942000004
0.06248847942000004
0.06248847942000004
0.06248847942000004
0.06248847942000004
0.06248847942000004
0.06248847942000004
0.06248847942000004
0.062396313480000035
0.062488479380000024
0.062488479380000024
0.062488479380000024
0.062488479380000024
0.062488479380000024
0.062488479380000024
0.06239631358000002
0.06239631358000002
0.06239631358000002
0.06239631348000002
0.06239631348000002
0.062488479480000025
0.062488479480000025
0.062488479480000025
0.062488479480000025
0.062488479480000025
0.062488479480000025
0.062488479480000025
0.062488479480000025
0.062488479480000025
0.062488479480000025
0.062488479480000025
0.062488479480000025
0.062488479480000025
0.062488479480000025
0.062488479480000025
0.06258064548000003
0.06258064548000003
0.062488479680000035
0.062488479680000035
0.062488479680000035
0.062488479680000035
0.062488479680000035
0.06239631368000003
0.06239631368000003
0.06239631368000003
0.06239631368000003
