0.5004608363999997
0.48147465979999976
0.4713364136
0.45723502660000015
0.43834101839999984
0.42506912819999987
0.40663594759999994
0.38580645559999993
0.3715207412000001
0.36027650180000004
0.35281106240000004
0.3465437818000001
0.34073733000000006
0.33317972692000003
0.32801843588
0.3214746564
0.31714286288
0.31308756068
0.3076497708800001
0.3021198188799999
0.29124424128000004
0.28239631428000006
0.2725345639200001
0.26341013932
0.25824885063999997
0.25271889456
0.24755760335999993
0.24101382495999996
0.2349308769599999
0.22995391775999985
0.2235023049599999
0.2179723518799999
0.21271889471999997
0.20728110772000005
0.20313364172000004
0.20055299636000007
0.19668202860000006
0.19354838688000003
0.1902304152
0.18617511671999998
0.18322580704000002
0.18110599200000002
0.1785253462
0.17585253520000002
0.17400921732000005
0.17069124462000002
0.16792626787999995
0.16442396355999997
0.16193548376
0.16018433203999996
0.15769585232
0.15419354872
0.15170507092000002
0.14958525488000002
0.14700460860000003
0.14534562252000002
0.14368663703999998
0.14239631484
0.14119815716
0.13990783464
0.13926267392000002
0.13843318040000002
0.13760368748000001
0.13640553076
0.13529954048
0.134285715
0.13281106080000005
0.13198156760000004
0.13133640628000007
0.13041474760000002
0.12967742072000005
0.12930875720000004
0.12801843392000004
0.12718894132000005
0.12682027724000006
0.12626728224000006
0.12645161380000003
0.12571428644000002
0.12506912472
0.12442396332
0.12396313332
0.12359447012000001
0.1231336408
0.12267281103999998
0.12175115224
0.12138248819999997
0.12082949323999997
0.12000000059999998
0.11972350251999998
0.11990783464
0.11972350284
0.11898617532
0.11880184375999998
0.11852534616
0.11806451716
0.11760368804
0.11741935624
0.11723502463999998
0.11705069271999997
0.11686636071999999
0.1167741948
0.11612903383999999
0.11576036984
0.11529954056000001
0.11493087672000002
0.11474654512
0.1142857152
0.11400921748
0.11354838767999999
0.11354838767999999
0.11317972403999998
0.11253456316000002
0.11244239736
0.11225806556000001
0.11216589924
0.11188940156
0.11188940156
0.11152073756
0.11142857156000002
0.11124423966000001
0.11050691282000001
0.11032258134
0.11023041534000001
0.11013824974000003
0.1099539175
0.10976958578
0.10949308778000001
0.10921659018
0.1090322585
0.1088479267
0.1088479267
0.10866359469999999
0.10820276541999999
0.10820276541999999
0.10811059941999997
0.10811059949999997
0.10811059949999997
0.10783410179999998
0.10755760401999997
0.10737327242
0.10700460902
0.1068202773
0.1066359454
0.10654377949999999
0.1063594477
0.1060829501
0.10599078390000001
0.10589861810000001
0.10571428640000001
0.10543778880000002
0.10534562292000002
0.10534562284000001
0.10525345704000001
0.10516129124000002
0.10506912524000002
0.10451612952
0.10405529995999999
0.10396313395999998
0.10377880175999998
0.10341013819999999
0.10313364062
0.10294930883999999
0.10276497705999998
0.10258064534000001
0.10239631344000001
0.10221198164
0.10221198164
0.10202764964
0.10184331803999999
0.10175115214
0.10156681994
0.10129032203999999
0.10092165866000002
0.10082949266000002
0.10073732698000003
0.10055299498000002
0.10036866309999999
0.10018433142
0.10018433142
0.0999999997
0.099815668
0.09963133608
0.09963133608
0.09935483835999999
0.09935483835999999
0.09898617474000002
0.09880184314000001
0.09852534546000001
0.09843317946
0.09843317946
0.09815668166000002
0.09806451598
0.09797235018
0.09788018438000001
0.09751152086000003
0.09741935486000003
0.09705069118000002
0.09686635918000003
0.09649769572000004
0.09622119796000003
0.09612903216000003
0.09603686636000004
0.09576036856000003
0.09566820256000005
0.09548387056000004
0.09529953896000004
0.09511520706000004
0.09493087516000004
0.09493087516000004
0.09474654356000003
0.09428571396000006
0.09428571396000006
0.09410138224000004
0.09382488466000004
0.09373271876000004
0.09364055288000005
0.09354838696000004
0.09345622116000005
0.09327188932000004
0.09308755772000003
0.09308755772000003
0.09281106034000003
0.09244239674000002
0.09244239674000002
0.09235023094
0.09235023094
0.09225806494000001
0.09216589894
0.09198156704
0.09161290384000001
0.09161290384000001
0.09161290404000001
0.09152073804000001
0.09152073804000001
0.09133640624
0.09115207424
0.09105990824000001
0.09096774224000001
0.09087557644000001
0.09059907872
0.09050691292000002
0.09032258120000002
0.09032258120000002
0.09013824960000001
0.09013824960000001
0.09004608360000001
0.08986175200000002
0.08986175180000001
0.08976958580000001
0.08967741980000002
0.08940092228000002
0.08930875648
0.08912442468
0.08894009268
0.08884792668
0.08875576076
0.08875576076
0.08866359475999999
0.08847926296000001
0.08811059980000001
0.08801843380000002
0.08755760430000002
0.08737327250000002
0.08728110650000001
0.08718894070000002
0.08700460888000001
0.08691244288000002
0.08691244288000002
0.08663594518000003
0.08663594518000003
0.08645161358000004
0.08635944758000004
0.08599078430000004
0.08589861838000004
0.08571428678000004
0.08562212078000003
0.08543778898000003
0.08525345698000003
0.08525345698000003
0.08534562298000002
0.08516129108000003
0.08506912508000003
0.08506912508000003
0.08488479318000003
0.08470046148000003
0.08460829548000003
0.08433179778000004
0.08423963188000004
0.08405530028000005
0.08405530008000003
0.08387096828000003
0.08387096828000003
0.08387096828000003
0.08359447066000002
0.08359447066000002
0.08341013906
0.08322580736000001
0.08285714384000001
0.08258064574000003
0.08248847994000003
0.08239631414000001
0.08230414834000004
0.08221198244000004
0.08211981644000003
0.08211981644000003
0.08202765044000003
0.08202765044000003
0.08202765044000003
0.08175115276000001
0.08165898696000001
0.08138248896
0.08138248896
0.08129032316
0.08119815726
0.08101382542000002
0.08101382542000002
0.08073732782000001
0.08073732782000001
0.08064516192000001
0.08046083004000001
0.08036866414000002
0.08027649814000001
0.07990783474000003
0.07981566894000004
0.07981566894000004
0.07981566894000004
0.07981566894000004
0.07972350294000004
0.07963133700000004
0.07935483930000004
0.07917050760000004
0.07917050760000004
0.07917050760000004
0.07880184380000003
0.07880184380000003
0.07861751200000003
0.07852534610000002
0.07852534610000002
0.07843318010000001
0.07797235056000001
0.07788018468000002
0.07778801878000002
0.07769585298000002
0.07769585298000002
0.07760368698000003
0.07741935498000002
0.07714285734000001
0.07677419374000002
0.07677419374000002
0.07677419374000002
0.07658986184000001
0.07622119824000001
0.07622119824000001
0.07612903234000001
0.07603686634000001
0.07585253468
0.07585253468
0.07576036888000001
0.07576036888000001
0.07557603698
0.07557603698
0.07557603698
0.07548387122000001
0.07548387122000001
0.07529953952
0.07520737372000001
0.07520737372000001
0.07502304192000002
0.07502304192000002
0.07493087612
0.07474654442000002
0.07456221262000001
0.07419354892000002
0.07419354892000002
0.07391705112000001
0.07391705112000001
0.07391705112000001
0.07373271936
0.07354838766
0.07345622166000002
0.07336405566000001
0.07327188976000003
0.07317972396000001
0.07308755796000002
0.07308755796000002
0.07308755796000002
0.07290322636000002
0.07271889466000002
0.07271889466000002
0.07262672876000002
0.07253456286000003
0.07225806526000005
0.07225806526000005
0.07207373336000003
0.07188940136000004
0.07188940136000004
0.07161290386000002
0.07161290386000002
0.07161290386000002
0.07152073796000004
0.07133640636000002
0.07124424056000002
0.07115207466000001
0.07096774286000002
0.07096774286000002
0.07059907916000002
0.07032258146000003
0.07023041556000002
0.07023041556000002
0.07023041556000002
0.07032258146000002
0.07004608376000002
0.06995391796000001
0.06986175206000002
0.06967742036000002
0.06940092256000002
0.06921659066000002
0.06912442476000003
0.06903225882000003
0.06903225882000003
0.06884792702000002
0.06884792702000002
0.06875576102000001
0.06857142922000001
0.06838709742
0.06811059952000001
0.06801843372000001
0.06801843372000001
0.06783410188000001
0.06774193608000001
0.06774193608000001
0.06755760448
0.06737327257999999
0.06718894078
0.06709677492
0.06709677492
0.06709677492
0.06700460912
0.06691244331999999
0.06682027742
0.06663594552000002
0.06654377962000001
0.06654377972
0.06654377972
0.06645161372000001
0.06635944782
0.06635944782
0.06635944782
0.06635944782
0.06635944782
0.06635944782
0.06635944782
0.06617511592
0.06617511592
0.06599078411999999
0.06589861822000001
0.06580645222
0.06571428632000002
0.06580645212000001
0.06580645222
0.06571428642000002
0.06562212052000002
0.06552995452000002
0.06552995452000002
0.06552995452000002
0.06552995452000002
0.06543778852000001
0.06534562272000001
0.06534562272000001
0.06543778858000002
0.06543778858000002
0.06525345668
0.06516129074000002
0.06488479304000001
0.06470046134
0.06460829534000001
0.06460829534000001
0.06451612944000001
0.06433179764000002
0.06433179764000002
0.06433179764000002
0.06414746574000002
0.06414746574000002
0.06405529994000002
0.06387096804000002
0.06387096804000002
0.06396313394000001
0.06396313394000001
0.06396313394000001
0.06387096794000002
0.06387096794000002
0.06405529964000002
0.06405529964000002
0.06396313374000002
0.06377880194000003
0.06368663624000002
0.06359447034000003
0.06359447034000003
0.06368663624000001
0.06350230430000002
0.06341013840000002
0.06331797246000002
0.06331797246000002
0.06313364070000002
0.06285714300000002
0.06285714306000002
0.06285714306000002
0.06267281126000002
0.06258064526000001
0.06239631346000001
0.06230414766000001
0.06221198176000001
0.06221198176000001
0.06221198176000001
0.06221198176000001
0.06221198176000001
0.06211981576000001
0.06211981576000001
0.06202764986000002
0.06202764986000002
0.06184331806000002
0.06184331806000002
0.06184331806000002
0.06175115216000002
0.06175115216000002
0.06175115216000002
0.06175115216000002
0.06165898626000002
0.06165898626000002
0.06165898626000002
0.06165898626000002
0.06156682026000002
0.06119815656000002
0.06110599066000002
0.06110599066000002
0.06110599066000002
0.06092165876000002
0.06073732706000002
0.06064516126000002
0.06073732726000001
0.060645161460000006
0.06046082986000001
0.06046082986000001
0.06046082986000001
0.06046082986000001
0.06046082986000001
0.06046082986000001
0.06036866386000002
0.06036866386000002
0.06027649806000001
0.06027649806000001
0.06009216622000002
0.06009216622000002
0.060000000220000016
0.05990783428000001
0.05990783428000001
0.05981566848000001
0.05981566848000001
0.05981566848000001
0.05981566848000001
0.05972350254
0.059631336640000004
0.059354839000000006
0.059354839000000006
0.059354839000000006
0.059262673
0.059262673
0.059078341200000016
0.05917050710000002
0.059078341200000016
0.05889400944000001
0.05889400944000001
0.058801843540000016
0.058801843540000016
0.058801843540000016
0.058801843540000016
0.05870967764000002
0.05870967764000002
0.05870967764000002
0.05861751174000002
0.05852534584000001
0.05852534584000001
0.058341014000000024
0.05824884810000003
0.05824884810000003
0.05824884810000003
0.05824884810000003
0.05815668224000003
0.05815668224000003
0.058064516440000026
0.058064516440000026
0.058064516440000026
0.058064516440000026
0.058064516440000026
0.058064516440000026
0.058064516440000026
0.058064516440000026
0.05797235054000002
0.05788018464000002
0.05788018464000002
0.05778801874000003
0.05778801874000003
0.05778801874000003
0.05778801874000003
0.05778801864000003
0.05778801864000003
0.057603686880000025
0.057603686880000025
0.05751152098000002
0.05751152098000002
0.057419355040000015
0.057419355040000015
0.057419355040000015
0.057419355040000015
0.05732718918000002
0.05732718918000002
0.05732718918000002
0.057235023180000025
0.057235023180000025
0.057235023180000025
0.057235023180000025
0.057235023180000025
0.057050691580000014
0.05677419394000002
0.05677419394000002
0.05668202800000002
0.05668202800000002
0.05668202800000002
0.05668202800000002
0.05658986210000002
0.05649769620000002
0.05649769620000002
0.05640553030000002
0.056221198500000034
0.05612903260000003
0.05612903260000003
0.056221198500000034
0.056221198500000034
0.056221198500000034
0.056221198500000034
0.05612903270000003
0.056221198640000025
0.056221198640000025
0.056129032740000036
0.056129032740000036
0.05603686684000003
0.05603686684000003
0.05603686684000003
0.055944700940000036
0.05594470094000003
0.05594470094000003
0.05585253500000003
0.05585253500000003
0.05576036914000003
0.05576036914000003
0.055668203240000026
0.055760369100000026
0.05557603734000002
0.05557603734000002
0.055483871400000016
0.055483871400000016
0.055483871400000016
0.055483871400000016
0.055483871400000016
0.055483871400000016
0.05539170550000003
0.055299539600000024
0.055299539600000024
0.055299539600000024
0.055299539600000024
0.05539170550000003
0.05539170550000003
0.05539170550000003
0.05539170550000003
0.05539170550000003
0.05539170550000003
0.05529953960000003
0.05529953960000003
0.05529953960000003
0.05520737370000003
0.05511520776000003
0.05511520776000003
0.055207373700000034
0.055207373700000034
0.055207373700000034
0.055207373700000034
0.05511520780000003
0.05502304190000003
0.05493087600000004
0.05493087600000004
0.05493087600000004
0.05483871006000004
0.054746544160000035
0.054746544160000035
0.05465437826000004
0.05465437826000004
0.05465437818000003
0.05456221224000004
0.054470046340000036
0.054470046340000036
0.054470046340000036
0.05437788044000003
0.05437788044000003
0.05437788044000003
0.05428571454000003
0.05419354868000003
0.05419354868000003
0.05419354868000003
0.05419354868000003
0.05419354868000003
0.05410138274000003
0.05410138274000003
0.05410138274000003
0.05410138274000003
0.05410138274000003
0.05410138274000003
0.05410138274000003
0.05410138274000003
0.05419354864000003
0.05419354864000003
0.05419354864000003
0.05419354864000003
0.05419354864000003
0.05419354864000003
0.05428571458000004
0.05419354872000004
0.05419354872000004
0.05419354872000004
0.05419354872000004
0.05419354872000004
0.05419354872000004
0.05419354872000004
0.05400921688000003
0.05400921688000003
0.05400921688000003
0.05400921688000003
0.05400921688000003
0.05400921688000003
0.05400921688000003
0.05400921688000003
0.053824885000000024
0.053824885000000024
0.05391705090000003
0.05400921680000003
0.05400921680000003
0.05391705090000003
0.05391705090000003
0.05400921680000002
0.05400921680000002
0.05400921680000002
0.05391705090000003
0.05391705080000003
0.05391705080000003
0.05391705080000003
0.05391705080000003
0.053824884900000036
0.053824884900000036
0.053824884900000036
0.053917050760000036
0.054009216700000036
0.053917050760000036
0.053917050760000036
0.05382488486000003
0.05373271896000003
0.05382488490000003
0.05382488490000003
0.05382488490000003
0.05382488490000003
0.05391705084000002
0.05382488498000002
0.05382488494000002
0.05373271908000002
0.05373271908000002
0.05373271908000002
0.05373271908000002
0.05373271908000002
0.05373271908000002
0.05373271908000002
0.05373271908000002
0.05373271908000002
0.05373271908000002
0.05373271908000002
0.053640553140000026
0.053456221420000026
0.053456221420000026
0.053456221420000026
0.053456221420000026
0.053456221420000026
0.053548387360000026
0.053548387360000026
0.053548387360000026
0.053640553220000026
0.053640553220000026
0.053640553220000026
0.05354838742000002
0.05354838742000002
0.05354838742000002
0.05354838742000002
0.05354838742000002
0.05354838742000002
0.05354838742000002
0.05354838742000002
0.05354838742000002
0.05354838742000002
0.05354838742000002
0.05354838742000002
0.05354838742000002
0.05354838742000002
0.05336405558000003
0.05336405558000003
0.05336405558000003
0.05336405558000003
0.05336405558000003
0.05336405558000003
0.053271889680000024
0.05336405558000003
0.053456221480000024
0.053456221480000024
0.053456221480000024
0.05354838738000003
0.05354838738000003
0.05354838738000003
0.05354838738000003
0.05354838738000003
0.05354838738000003
0.05354838738000003
0.05364055328000003
0.05364055328000003
0.05364055328000003
0.05364055328000003
0.053732719140000024
0.053732719140000024
0.053732719140000024
0.053732719140000024
0.053732719140000024
0.053732719140000024
0.053732719140000024
0.05382488508000002
0.05382488508000002
0.05382488508000002
0.05382488508000002
0.05382488508000002
0.05382488508000002
0.05382488508000002
0.05382488508000002
0.05382488508000002
0.05382488508000002
0.05382488508000002
0.05382488508000002
0.05382488508000002
0.05373271918000003
0.05373271918000003
0.05364055328000003
0.05364055328000003
0.05364055328000003
0.05354838734000003
0.053640553240000034
0.053640553240000034
0.053640553240000034
0.053640553240000034
0.053548387300000035
0.053548387300000035
0.053548387300000035
0.053548387300000035
0.053548387300000035
0.053548387300000035
0.053548387300000035
0.053548387300000035
0.05354838734000004
0.05354838734000004
0.05373271918000004
0.05373271918000004
0.05373271918000004
0.05364055332000004
0.05364055332000004
0.05354838738000004
0.05354838738000004
0.05354838738000004
0.05354838738000004
0.05354838738000004
0.05354838738000004
0.05345622144000004
0.05345622144000004
0.05336405558000004
0.053364055580000035
0.053364055580000035
0.053364055580000035
0.053364055580000035
0.053271889720000035
0.053271889720000035
0.053271889720000035
0.053179723820000045
0.053179723820000045
0.053179723820000045
0.053179723820000045
0.053179723820000045
0.053179723820000045
0.053179723820000045
0.053179723820000045
0.053087557960000045
0.053087557960000045
0.05299539202000004
0.05299539202000004
0.05299539202000004
0.05299539202000004
0.05308755792000004
0.05308755792000004
0.05308755792000004
0.05308755792000004
0.05308755792000004
0.05308755792000004
0.05308755792000004
0.05308755792000004
0.05308755792000004
0.05308755792000004
0.05308755792000004
0.05299539198000004
0.05299539198000004
0.05299539198000004
0.05299539198000004
0.05299539198000004
0.05299539198000004
0.05290322608000004
0.05290322608000004
0.05299539194000004
0.05299539194000004
0.05299539194000004
0.05299539194000004
0.05299539194000004
0.05299539194000004
0.05299539194000004
0.05299539194000004
0.05299539194000004
0.05290322608000004
0.05290322608000004
0.05290322608000004
0.05281106022000004
0.05281106022000004
0.05281106022000004
0.05281106022000004
0.05281106022000004
0.05281106022000004
0.05281106022000004
0.05281106022000004
0.052626728460000036
0.052534562600000036
0.052534562600000036
0.052534562600000036
0.052534562600000036
0.052534562600000036
0.052534562600000036
0.052534562600000036
0.052534562600000036
0.052534562600000036
0.052534562600000036
0.052534562600000036
0.052534562600000036
0.052534562600000036
0.052534562600000036
0.052534562600000036
0.052534562600000036
0.05244239670000003
0.05244239670000003
0.05235023076000003
0.05235023076000003
0.05235023076000003
0.05235023076000003
0.05235023076000003
0.05235023076000003
0.052258064860000036
0.052258064860000036
0.052258064860000036
0.052258064860000036
0.052258064860000036
0.052258064860000036
0.052258064860000036
0.05216589892000003
0.05216589892000003
0.05216589892000003
0.05207373298000002
0.05207373298000002
0.05207373298000002
0.05207373298000002
0.051889401180000023
0.051889401180000023
0.051889401180000023
0.051889401180000023
0.051981567040000023
0.051889401100000024
0.051889401100000024
0.051889401100000024
0.051889401100000024
0.051889401100000024
0.051889401100000024
0.051889401100000024
0.051889401100000024
0.05179723520000002
0.05179723520000002
0.05179723520000002
0.05179723520000002
0.05179723520000002
