0.5078341115199999
0.4616589916000002
0.43216590360000007
0.3926267314000001
0.36258064340000007
0.3414746578
0.32331797519999994
0.29935483859999995
0.27317972162
0.2557603695
0.23686636079999993
0.22211981682000004
0.20857143030000003
0.19364055241999992
0.18129032414000001
0.1687557607
0.16405530032000004
0.15861751376
0.15345622319999996
0.14958525394
0.14645161356
0.14239631302
0.13926267286
0.13557603775999996
0.13327189003999998
0.13133640643999997
0.13041474754
0.12976958662
0.12847926501999996
0.12755760539999997
0.12635944796
0.1258986184
0.12497695904
0.12405530004000004
0.12313364154000002
0.12211981679999999
0.12147465519999998
0.12055299583999997
0.11990783459999996
0.11898617591999999
0.11788018528000002
0.11751152148
0.11677419436000001
0.11622119865999998
0.11566820334000001
0.11474654444
0.11410138327999998
0.11364055367999998
0.11290322624000002
0.11207373332
0.11133640604000002
0.11087557656000001
0.11023041536000001
0.10967741994
0.10903225886000004
0.10866359538
0.10801843398000002
0.10755760418000002
0.10691244292000002
0.10617511592000001
0.10516129112
0.10460829583999999
0.10396313423999999
0.10387096803999998
0.10304147488
0.10230414746
0.10147465426
0.10119815643999999
0.10064516127999999
0.10046082928000001
0.10046082948
0.09999999990000001
0.09944700448000003
0.0988940093
0.09852534596000001
0.09834101436000003
0.09788018484000004
0.09723502358000001
0.09631336462000002
0.09594470122000003
0.09566820362000003
0.09529954014000003
0.09502304220000003
0.09474654440000004
0.09410138270000003
0.09345622150000002
0.09299539200000004
0.09262672818000003
0.09235023058000003
0.09225806478000004
0.09170506924000003
0.09142857166000004
0.09115207366000004
0.09069124436000005
0.09013824886000003
0.08976958546000006
0.08912442448000003
0.08912442448000003
0.08866359470000006
0.08838709700000007
0.08792626768000006
0.08783410168000005
0.08746543826000006
0.08700460868000004
0.08663594518000002
0.08645161338000001
0.08626728168000003
0.08599078398000003
0.08552995458000001
0.08543778838000002
0.08534562248000001
0.08543778828000001
0.08506912458
0.08479262698
0.0847004611
0.0845161294
0.084147466
0.08387096840000002
0.08341013890000003
0.08304147530000003
0.08258064550000002
0.08239631370000003
0.08230414810000002
0.08211981650000003
0.08165898710000002
0.08156682110000002
0.08129032350000003
0.0810138256
0.08036866449999999
0.0799078349
0.079815669
0.07953917140000001
0.07907834180000001
0.07861751230000003
0.07824884880000002
0.07797235110000003
0.07769585350000002
0.07751152180000002
0.07723502420000002
0.07686636050000002
0.07677419460000003
0.07658986270000004
0.07631336500000004
0.07585253560000002
0.07557603820000001
0.0752995404
0.07474654480000001
0.0744700471
0.0744700471
0.07437788110000002
0.07419354936000001
0.07419354936000001
0.07382488580000002
0.0734562224
0.07308755856000002
0.07281106096
0.07262672916000001
0.07244239736000002
0.07225806566000002
0.07216589972000002
0.07198156782000002
0.07179723588000003
0.07179723588000003
0.07161290404000002
0.07142857224000003
0.07115207438000003
0.07087557658000003
0.07069124458000003
0.07050691278000004
0.07032258108000003
0.07004608364000002
0.06986175184000001
0.06949308814
0.06921659064000002
0.06903225874000002
0.06884792684000002
0.06866359504000003
0.06820276564000002
0.06811059954000002
0.06755760404000002
0.06746543810000001
0.06709677426
0.06682027680000001
0.0667281108
0.06645161330000002
0.06617511560000003
0.06617511560000001
0.06608294980000001
0.06589861800000002
0.06589861800000002
0.06571428620000001
0.06552995444000001
0.06534562254000002
0.06506912480000002
0.06488479320000001
0.06470046130000001
0.06451612940000002
0.06442396350000001
0.06423963180000002
0.06405530004000001
0.06405529998000001
0.06387096798000001
0.06377880204000003
0.06368663604000002
0.06341013854000002
0.06331797264000001
0.06322580674000002
0.06313364084
0.06294930894
0.06285714300000002
0.06239631376
0.06202765006
0.06202765006
0.06202765006
0.06184331836
0.06165898652
0.06156682061999999
0.06156682061999998
0.061382488819999984
0.06129032301999998
0.06119815711999998
0.061105991159999984
0.06101382525999998
0.06082949345999999
0.06082949345999999
0.06064516161999999
0.060460829820000006
0.060460829820000006
0.060368664020000004
0.060368664020000004
0.06027649806
0.06000000036
0.059723502520000006
0.05963133658
0.05953917068000001
0.059447004780000014
0.059447004600000006
0.059354838740000006
0.059262672740000015
0.059262672740000015
0.059262672740000015
0.059262672740000015
0.05898617514000001
0.05898617514000001
0.05898617514000001
0.05889400934000001
0.05870967764000001
0.05852534594000001
0.05852534594000001
0.05861751180000001
0.05843317996
0.058341014159999996
0.05806451646
0.05797235046
0.057972350500000006
0.057788018700000006
0.057695852840000006
0.0576036869
0.057511520999999996
0.05732718920000001
0.05732718920000001
0.05714285744000001
0.05714285744000001
0.05714285744000001
0.05686635966000002
0.05668202782000001
0.05658986188000001
0.05622119830000001
0.05594470056000001
0.05585253466000002
0.05576036866000002
0.05548387100000002
0.05548387100000002
0.055299539240000015
0.05502304168000001
0.05502304168000001
0.05483870988
0.05474654398000001
0.05474654398000001
0.05483870988
0.054838709920000006
0.05483870996000001
0.05483870996000001
0.05502304180000002
0.054654378160000024
0.054654378160000024
0.054377880360000026
0.054193548660000014
0.054101382760000025
0.054101382760000025
0.05400921682000002
0.05400921682000002
0.05382488502000001
0.05373271912000001
0.053640553120000004
0.053824884860000005
0.053824884860000005
0.053824884860000005
0.05373271896
0.05364055302000001
0.053548387120000006
0.053548387120000006
0.053364055240000006
0.053364055240000006
0.05345622114000001
0.053548387080000016
0.05345622114000001
0.053364055240000006
0.05327188934000002
0.05327188934000002
0.05327188944000001
0.052995391740000015
0.05299539182000001
0.052903226020000006
0.052903226020000006
0.052718894140000014
0.05262672814
0.05262672814
0.05262672814
0.052534562240000006
0.05262672814000001
0.05253456228000001
0.052442396380000006
0.05235023048
0.05225806458000001
0.05225806458000001
0.05207373278000001
0.05207373278000001
0.05198156692000001
0.05198156692000001
0.05188940098000001
0.05170506918000001
0.05170506918000001
0.05170506918000002
0.051705069100000015
0.05161290320000002
0.05161290320000002
0.051520737300000015
0.051520737300000015
0.05142857140000002
0.05133640546000001
0.05133640546000001
0.05133640546000001
0.05124423960000001
0.05115207380000002
0.05115207380000002
0.05115207380000002
0.05124423974000002
0.05124423974000002
0.05115207384000001
0.05115207384000001
0.05115207384000001
0.05115207384000001
0.05115207384000001
0.05105990794000002
0.051059907900000014
0.051059907900000014
0.051059907900000014
0.05096774196000002
0.05087557610000002
0.05087557610000002
0.050599078360000015
0.050599078360000015
0.05050691242000002
0.050599078360000015
0.050599078360000015
0.05078341012000002
0.050691244220000015
0.05078341012000002
0.05069124426000002
0.05069124426000002
0.050783410200000025
0.050783410200000025
0.050783410200000025
0.05059907832000002
0.05069124418000002
0.050599078240000026
0.050599078240000026
0.050599078240000026
0.050599078240000026
0.050599078240000026
0.050599078240000026
0.050691244140000015
0.050691244140000015
0.050599078280000015
0.050599078280000015
0.050599078280000015
0.050599078280000015
0.05069124418000002
0.05069124418000002
0.05069124418000002
0.050783410080000015
0.050783410080000015
0.050783410080000015
0.05078341022000002
0.050691244320000016
0.050691244320000016
0.05059907842000002
0.05050691242000002
0.05041474648000002
0.05041474648000002
0.05041474648000002
0.05041474648000002
0.05041474648000002
0.05041474648000002
0.050322580580000026
0.050414746600000025
0.050414746600000025
0.050414746600000025
0.050414746600000025
0.05050691254000002
0.050414746640000015
0.050414746640000015
0.05050691258000002
0.05050691258000002
0.05041474664000003
0.05032258070000002
0.05032258070000002
0.05023041484000002
0.050322580780000015
0.050322580780000015
0.050322580780000015
0.050322580780000015
0.05041474668000002
0.050322580780000015
0.05023041484000002
0.05013824890000002
0.05004608304000002
0.05004608304000002
0.05004608304000002
0.05004608304000002
0.05004608304000002
0.05004608304000002
0.04995391714000002
0.04995391714000002
0.05004608304000002
0.05004608300000002
0.05004608300000002
0.05004608300000002
0.05004608300000002
0.049953917100000016
0.049953917100000016
0.049953917100000016
0.049861751240000016
0.049861751240000016
0.049861751240000016
0.04976958534000001
0.04976958534000001
0.04976958534000001
0.04976958534000001
0.04976958534000001
0.04967741940000001
0.04967741940000001
0.04967741940000001
0.04967741940000001
0.04958525346000002
0.04958525346000002
0.04949308760000002
0.04949308760000002
0.04949308760000002
0.04949308760000002
0.04949308760000002
0.04949308760000002
0.04949308760000002
0.04949308760000002
0.04949308760000002
0.04949308760000002
0.04949308760000002
0.04949308760000002
0.04949308760000002
0.04949308760000002
0.04949308760000002
0.04949308760000002
0.04958525346000002
0.04958525346000002
0.04958525346000002
0.04949308760000002
0.04949308760000002
0.04949308760000002
0.04949308760000002
0.04949308760000002
0.04940092188000001
0.04940092188000001
0.04930875602000001
0.04921659012000002
0.04921659012000002
0.04921659012000002
0.049308756020000025
0.049308756020000025
0.049308756020000025
0.04940092196000002
0.049308756060000014
0.04921659012000001
0.04921659012000001
0.049124424180000015
0.04921659012000001
0.04921659012000001
0.04921659012000001
0.049216590040000015
0.049124424180000015
0.049124424180000015
0.049124424180000015
0.049124424180000015
0.049124424180000015
0.049124424180000015
0.049124424180000015
0.049124424180000015
0.049124424180000015
0.049124424180000015
0.049124424180000015
0.049124424180000015
0.049124424180000015
0.049124424180000015
0.049124424180000015
0.049124424180000015
0.04903225828000002
0.04903225828000002
0.04903225828000002
0.049124424180000015
0.049032258240000015
0.049032258240000015
0.048940092380000015
0.048940092380000015
0.048940092380000015
0.048940092380000015
0.048940092380000015
0.048940092380000015
0.048940092380000015
0.048847926440000015
0.04875576050000002
0.04875576050000002
0.04875576050000002
0.04875576050000002
0.04875576050000002
0.04866359456000002
0.04866359456000002
0.04857142866000002
0.04857142866000002
0.04857142866000002
0.04857142866000002
0.04857142866000002
0.04847926272000001
0.04847926272000001
0.04847926272000001
0.04838709686000001
0.04838709686000001
0.04838709686000001
0.04838709686000001
0.04838709686000001
0.04838709686000001
0.04838709686000001
0.04820276514000001
0.04820276514000001
0.04820276514000001
0.04811059928000001
0.04801843342000001
0.04801843342000001
0.04801843342000001
0.04801843342000001
0.04811059928000001
0.04811059928000001
0.04811059928000001
0.04811059928000001
0.04811059928000001
0.04811059928000001
0.04811059928000001
0.04811059928000001
0.04811059928000001
0.04801843338000001
0.04792626752000001
0.04792626752000001
0.04792626752000001
0.04792626752000001
0.04792626752000001
0.04792626752000001
0.04792626752000001
0.04792626752000001
0.04792626752000001
0.04792626752000001
0.04792626752000001
0.04783410158000002
0.04792626748000001
0.04792626748000001
0.04792626748000001
0.04792626748000001
0.04792626748000001
0.04792626748000001
0.04792626748000001
0.04792626748000001
0.04783410158000002
0.04792626752000001
0.04783410162000001
0.04792626752000001
0.04783410166000001
0.04774193576000001
0.04774193576000001
0.04774193576000001
0.04774193576000001
0.04774193576000001
0.04774193576000001
0.04774193576000001
0.04783410166
0.04783410166
0.04783410166
0.04792626752
0.04792626752
0.04792626752
0.048018433420000006
0.04811059932000001
0.04811059932000001
0.048202765260000016
0.048202765260000016
0.048202765260000016
0.048202765260000016
0.048110599400000016
0.048110599400000016
0.048110599400000016
0.048110599400000016
0.048110599400000016
0.048110599400000016
0.048110599400000016
0.048110599400000016
0.048110599400000016
0.048018433540000016
0.048018433540000016
0.048018433540000016
0.048018433540000016
0.048018433540000016
0.048018433540000016
0.048018433540000016
0.048018433540000016
0.048018433540000016
0.048018433540000016
0.048018433540000016
0.048018433540000016
0.048018433540000016
0.048018433540000016
0.047926267680000016
0.048018433540000016
0.048018433540000016
0.048018433540000016
0.048018433540000016
0.048018433540000016
0.048018433540000016
0.048018433540000016
0.048018433540000016
0.04811059944000001
0.04811059944000001
0.04811059944000001
0.04811059944000001
0.04811059944000001
0.04811059944000001
0.04811059944000001
0.04811059944000001
0.04811059944000001
0.04811059944000001
0.04811059944000001
0.048018433540000016
0.048018433540000016
0.048018433540000016
0.048018433540000016
0.048018433540000016
0.048018433540000016
0.048018433540000016
0.048018433540000016
0.048018433540000016
0.048018433540000016
0.048018433540000016
0.048018433540000016
0.048018433540000016
0.048018433540000016
0.048018433540000016
0.048018433540000016
0.048018433540000016
0.048018433540000016
0.048018433540000016
0.048018433540000016
0.048018433540000016
0.048018433540000016
0.048110599480000016
0.048110599480000016
0.048110599480000016
0.048110599480000016
0.048110599480000016
0.048110599480000016
0.048018433620000016
0.048018433620000016
0.048018433620000016
0.048018433620000016
0.048018433620000016
0.048018433620000016
0.048018433620000016
0.04792626772000002
0.04792626772000002
0.04792626772000002
0.04783410178000001
0.04783410178000001
0.04792626764000001
0.04783410170000001
0.04783410170000001
0.04783410170000001
0.04783410170000001
0.04783410170000001
0.04783410170000001
0.04783410170000001
0.04783410170000001
0.04792626756000001
0.04792626756000001
0.04792626756000001
0.04792626756000001
0.04792626756000001
0.04792626756000001
0.04792626756000001
0.04792626756000001
0.04792626756000001
0.04792626756000001
0.04792626756000001
0.04792626756000001
0.04792626756000001
0.04792626756000001
0.04792626756000001
0.04792626756000001
0.04792626756000001
0.04792626756000001
0.04792626756000001
0.04792626756000001
0.04801843342000001
0.04801843342000001
0.04801843342000001
0.04801843342000001
0.04801843342000001
0.04801843342000001
0.04801843342000001
0.04801843342000001
0.04801843342000001
0.04801843342000001
0.04801843342000001
0.04801843342000001
0.04801843342000001
0.04801843342000001
0.04801843342000001
0.04801843342000001
0.04801843342000001
0.04801843342000001
0.04801843342000001
0.04801843342000001
0.04801843342000001
0.04801843342000001
0.04811059928000001
0.04811059928000001
0.04811059928000001
0.04811059928000001
0.04811059928000001
0.04801843334000002
0.04801843334000002
0.04801843334000002
0.04783410150000001
0.04783410150000001
0.04783410150000001
0.04783410150000001
0.04783410150000001
0.04783410150000001
0.04792626736000001
0.04792626736000001
0.04792626736000001
0.04792626736000001
0.04792626736000001
0.04792626736000001
0.04792626736000001
0.04792626736000001
0.04792626736000001
0.04792626736000001
0.04792626736000001
0.04792626736000001
0.04792626736000001
0.04792626736000001
0.04792626736000001
0.04792626736000001
0.04792626736000001
0.04792626736000001
0.04792626736000001
0.04792626736000001
0.04792626736000001
0.04792626736000001
0.04801843330000002
0.04801843330000002
0.04801843330000002
0.04801843330000002
0.04801843330000002
0.04801843330000002
0.04801843330000002
0.04801843330000002
0.04801843330000002
0.04801843330000002
0.04801843330000002
0.04792626736000001
0.04792626736000001
0.04792626736000001
0.04783410150000001
0.04783410150000001
0.04783410150000001
0.04783410150000001
0.04783410150000001
0.04783410150000001
0.04783410150000001
0.04783410150000001
0.04783410150000001
0.04783410150000001
0.04783410150000001
0.04783410150000001
0.04783410150000001
0.04783410150000001
0.047926267400000014
0.047926267400000014
0.047926267400000014
0.0480184333
0.0480184333
0.0480184333
0.04820276502
0.04820276502
0.04820276502
0.04820276502
0.04820276502
0.04820276502
0.04820276502
0.04820276502
0.04820276502
0.04820276502
0.04820276502
0.04820276502
0.04820276502
0.04811059908000001
0.04811059908000001
0.04811059908000001
0.04811059908000001
0.04811059908000001
0.04811059908000001
0.04811059908000001
0.04811059908000001
0.04811059908000001
0.04801843322000001
0.04801843322000001
0.04801843322000001
0.04801843322000001
0.04801843322000001
0.04801843322000001
0.04811059908000001
0.04811059908000001
0.04811059908000001
0.04811059908000001
0.04811059908000001
0.04811059908000001
0.04811059908000001
0.04811059908000001
0.04811059908000001
0.04811059908000001
0.04811059908000001
0.04811059908000001
0.04811059908000001
0.04820276498
0.04820276498
0.04820276498
0.04811059912
0.04811059912
0.04811059912
0.04811059912
0.04811059912
0.04811059912
0.04811059912
0.04811059912
0.04811059912
0.04811059912
0.04811059912
0.04811059912
0.04811059912
0.04811059912
0.04811059912
0.04811059912
0.04811059912
0.04811059912
0.04811059912
0.04811059912
0.04811059912
0.04820276498
0.04820276498
0.04820276498
0.04820276498
0.04820276498
0.04820276498
0.04820276498
0.04820276498
0.04820276498
0.04820276498
0.04820276498
0.04820276498
0.04820276498
0.04820276498
0.04820276498
0.04829493092000001
0.04829493092000001
0.04829493092000001
0.04829493092000001
0.04829493092000001
0.04829493092000001
0.048387096860000006
0.048387096860000006
0.048387096860000006
0.048387096860000006
0.048387096860000006
0.048387096860000006
0.048387096860000006
0.048387096860000006
0.048387096860000006
0.048387096860000006
0.048387096860000006
0.048387096860000006
0.048387096860000006
0.048387096860000006
0.048387096860000006
0.048387096860000006
0.048294931000000006
0.048294931000000006
0.048294931000000006
0.048294931000000006
0.048294931000000006
0.048294931000000006
0.048294931000000006
0.048294931000000006
0.048294931000000006
0.048294931000000006
0.048294931000000006
0.048294931000000006
0.048294931000000006
0.048294931000000006
0.048294931000000006
0.048294931000000006
0.048294931000000006
0.048294931000000006
0.048294931000000006
0.048294931000000006
0.048294931000000006
0.048294931000000006
0.04838709690000001
0.04838709690000001
0.04838709690000001
0.04847926280000001
0.04847926280000001
0.04847926280000001
0.04847926280000001
0.04847926280000001
0.04847926280000001
0.04847926280000001
0.04847926280000001
0.04847926280000001
0.04847926280000001
0.04847926280000001
0.04847926280000001
0.04847926280000001
0.04847926280000001
0.04847926280000001
0.04847926280000001
0.04847926280000001
0.04847926280000001
0.04847926280000001
0.04847926280000001
0.04847926280000001
0.04847926280000001
0.04847926280000001
0.04847926280000001
0.04847926280000001
0.04857142866000001
0.04857142866000001
0.04857142866000001
0.04857142866000001
0.04857142866000001
0.04857142866000001
0.04857142866000001
0.04857142866000001
0.04857142866000001
0.04857142866000001
0.04857142866000001
0.04857142866000001
0.04857142866000001
0.04847926276000001
0.04847926276000001
0.04847926276000001
0.04847926276000001
0.04838709690000001
0.04838709690000001
0.04838709690000001
0.04838709690000001
0.04838709690000001
0.04838709690000001
0.04838709690000001
0.04838709690000001
0.04838709690000001
0.04838709690000001
0.04838709690000001
0.04838709690000001
0.04838709690000001
0.04847926276000001
