0.5248847984
0.4816589923999998
0.42599078540000007
0.3810138289999999
0.35649769559999994
0.34313364260000007
0.32543779019999985
0.3066359446000001
0.28912442528000004
0.2757603712800001
0.2620276508
0.24829492967999997
0.23502304216000006
0.22387096811999996
0.21290322736000003
0.2016589878
0.19327189047999993
0.18211981679999997
0.17493087503999993
0.16884792580000002
0.16276497712000002
0.15769585372000003
0.15317972424000004
0.14958525412000004
0.14516129156000004
0.14193548524000002
0.13889401052000006
0.13576036992
0.13327189048000002
0.13216590016000004
0.13087557723999999
0.13004608364000003
0.12912442488
0.12838709736
0.12608294938
0.12543778862
0.12396313397999999
0.12129032316000002
0.11981566848
0.11880184339999998
0.11741935528000001
0.11640553053999998
0.11520737401999998
0.11447004645999996
0.11382488537999995
0.11299539229999996
0.11235023129999996
0.11152073777999996
0.11124423997999998
0.11004608307999998
0.10940092200000001
0.10857142948000002
0.10857142939999999
0.1082949316
0.1082949316
0.10764977008000001
0.10700460906000003
0.10672811148000003
0.10635944788000001
0.10599078416000002
0.10589861816000001
0.10506912528000002
0.10451612970000003
0.10405530010000001
0.10368663690000003
0.10304147572000001
0.10276497792000003
0.10211981664000003
0.10184331902000004
0.10165898750000002
0.10110599194000003
0.10073732814000003
0.10082949404000002
0.10046083064000003
0.10000000108000001
0.09963133738000002
0.09917050778000004
0.09880184438000005
0.09834101470000003
0.09806451720000003
0.09760368800000005
0.09760368788000007
0.09714285848000005
0.09695852658000005
0.09640553068000005
0.09612903316000003
0.09566820358000004
0.09539170568000004
0.09539170568000004
0.09548387188000003
0.09483871046000004
0.09447004688000003
0.09419354888000003
0.09391705118000003
0.09354838730000001
0.0935483871
0.09345622110000001
0.09336405510000001
0.09308755750000001
0.09290322590000001
0.0928110599
0.09262672830000002
0.09225806450000001
0.09198156660000001
0.09170506900000001
0.09115207352000003
0.09115207352000003
0.09078340987999999
0.09059907817999999
0.09032258048
0.09032258048
0.08995391720000001
0.0897695854
0.08958525379999999
0.08949308800000001
0.0892165904
0.0890322585
0.0889400925
0.08847926290000001
0.08820276508
0.08820276508
0.08774193577999999
0.08755760377999999
0.08709677440000001
0.0868202767
0.0867281108
0.08663594479999999
0.0865437791
0.0864516132
0.08608295
0.08571428669999999
0.0854377889
0.0849769594
0.08460829580000002
0.08442396390000002
0.08423963208000003
0.08387096888000004
0.08368663688000004
0.08350230518000006
0.08313364148000005
0.08285714368000006
0.08267281200000004
0.08230414840000004
0.08221198260000005
0.08221198240000005
0.08202765040000004
0.08156682050000004
0.08110599122000003
0.08110599132000004
0.08092165952000004
0.08064516192000003
0.08036866422000002
0.08018433242000005
0.08000000072000002
0.07990783482000002
0.07990783482000002
0.07981566892000003
0.07944700502000003
0.07926267332000003
0.07926267332000003
0.07917050752000004
0.07889400982000003
0.07880184402000003
0.07861751208000003
0.07852534608000003
0.07834101428000002
0.07824884828000003
0.07797235056000003
0.07778801866000001
0.07732718936
0.07714285754000001
0.07658986196000002
0.07649769616000002
0.07631336456000001
0.07594470102000002
0.07585253512000001
0.07520737372
0.07493087581999999
0.07456221231999999
0.07410138312
0.07400921722
0.07382488522
0.07373271942
0.07327189022000001
0.07317972442000001
0.07290322692000001
0.07271889502000001
0.07244239712000003
0.07216589942000003
0.07198156752000004
0.07188940162000004
0.07152073802000004
0.07142857192000004
0.07133640598000004
0.07115207418000004
0.07105990838000004
0.07087557648000004
0.07087557648000004
0.07059907874000004
0.07050691284000003
0.07050691284000003
0.07023041514000003
0.07013824914000004
0.06995391744000003
0.06958525374000002
0.06967741974000002
0.06958525374000002
0.06958525388000002
0.06958525388000002
0.06958525388000002
0.06940092204000002
0.06894009224000003
0.06829493076000002
0.06811059906000001
0.06783410146000002
0.06774193556000001
0.06774193546000001
0.06764976956000002
0.06755760370000002
0.06746543770000002
0.06746543770000002
0.06737327186000001
0.06718893996000003
0.06672811070000001
0.06663594490000001
0.066543779
0.066543779
0.06635944719999999
0.06617511534
0.06608294953999999
0.06589861764
0.06599078364000001
0.06571428594
0.06562212004000001
0.06543778804
0.06516129044000002
0.06506912464
0.06497695874000002
0.06497695874000002
0.06479262684
0.06442396314000001
0.06433179724000002
0.06423963134
0.06423963134
0.06423963144000001
0.06414746554000002
0.06368663614
0.06341013844000001
0.06341013844000001
0.06331797264000001
0.06322580674000002
0.06313364084000002
0.06313364074000001
0.06304147474000002
0.06267281134000002
0.06267281134000002
0.06258064544000003
0.062488479500000034
0.06258064540000002
0.06239631380000003
0.06239631380000003
0.062211982000000034
0.06211981600000003
0.06211981604000003
0.06211981604000003
0.06202765014000004
0.06193548434000004
0.061843318440000045
0.06193548424000004
0.061658986540000044
0.061658986540000044
0.06156682068000005
0.06147465488000004
0.06147465488000004
0.06129032304000003
0.06110599110000003
0.06101382510000002
0.060829493400000025
0.060829493400000025
0.060645161700000026
0.06073732760000003
0.060552995760000033
0.060460829820000034
0.060184332160000034
0.06027649810000004
0.06018433220000004
0.06009216630000005
0.06009216630000005
0.06000000036000005
0.06000000036000005
0.06000000036000005
0.05990783442000004
0.05981566842000004
0.05990783428000004
0.059815668380000034
0.05972350244000004
0.05963133654000004
0.059723502540000035
0.059723502620000035
0.05963133662000003
0.059723502620000035
0.059723502520000034
0.05963133658000003
0.059723502520000034
0.05953917076000003
0.05944700486000003
0.05944700486000003
0.05926267296000003
0.05926267282000003
0.05917050682000003
0.05898617522000002
0.05898617522000002
0.058801843320000026
0.058709677520000024
0.058709677520000024
0.058709677520000024
0.05861751162000002
0.05852534562000002
0.05843317982000002
0.058341013820000016
0.05843317982000002
0.05843317982000002
0.05843317982000002
0.058341014020000026
0.058341014020000026
0.058433179960000026
0.058433179960000026
0.05815668226000003
0.05815668226000003
0.05806451646000003
0.057695853000000026
0.057695853000000026
0.05760368710000002
0.05760368710000002
0.05751152130000002
0.05732718950000002
0.05705069176000003
0.05705069176000003
0.05705069176000003
0.05686635982000002
0.05686635982000002
0.05677419388000002
0.05668202794000002
0.05658986200000001
0.056405530200000005
0.056589862000000005
0.056589862000000005
0.056589862000000005
0.056313364260000005
0.056313364260000005
0.056405530120000005
0.056405530120000005
0.056405530120000005
0.05622119832000001
0.056221198180000015
0.056129032240000015
0.05594470048000002
0.055852534580000016
0.05576036868000001
0.05576036868000001
0.05566820288000002
0.055668202880000024
0.05557603694000001
0.05557603694000001
0.05557603694000001
0.05557603694000001
0.05557603694000001
0.05557603694000001
0.05557603694000001
0.05548387100000001
0.05548387100000001
0.05520737330000001
0.055023041500000015
0.05493087560000001
0.05483870970000001
0.05474654384000001
0.05474654384000001
0.05474654384000001
0.05465437794000001
0.05456221208000001
0.054470046080000015
0.05465437788000002
0.054746543740000014
0.054746543740000014
0.054746543740000014
0.05483870964000002
0.05483870964000002
0.054746543740000014
0.054838709600000014
0.05465437794000001
0.05456221200000002
0.054470046100000016
0.05419354850000002
0.05410138260000002
0.05410138260000002
0.05410138260000002
0.05410138260000002
0.05410138268000002
0.05400921674000002
0.05410138268000002
0.05419354854000002
0.05419354854000002
0.05410138260000002
0.05410138260000002
0.05410138260000002
0.05410138260000002
0.054009216700000015
0.054009216700000015
0.054009216700000015
0.054009216700000015
0.05391705080000002
0.05391705080000002
0.053917050760000015
0.053917050760000015
0.053917050760000015
0.05382488486000001
0.05382488486000001
0.05382488486000001
0.05382488486000001
0.05373271896000001
0.053640553020000016
0.053640553020000016
0.053732718920000005
0.05364055306000001
0.05364055306000001
0.05364055306000001
0.05354838712000001
0.05354838712000001
0.05354838712000001
0.05354838712000001
0.053456221180000006
0.053456221180000006
0.053456221180000006
0.053364055240000006
0.053364055240000006
0.053364055240000006
0.053364055240000006
0.053364055240000006
0.053364055240000006
0.05327188934
0.05327188934
0.05327188934
0.05327188934
0.05317972340000001
0.05317972340000001
0.053087557500000014
0.053087557500000014
0.053087557500000014
0.05299539170000002
0.05299539170000002
0.05299539170000002
0.052995391660000016
0.052903225720000016
0.052903225720000016
0.052995391580000016
0.052995391580000016
0.05290322568000001
0.05290322568000001
0.05290322568000001
0.05290322568000001
0.05290322568000001
0.05281105978000001
0.052718893880000006
0.05262672798
0.05262672798
0.05262672798
0.05262672798
0.052534562080000013
0.052534562080000013
0.052534562080000013
0.052534562080000013
0.052442396140000014
0.05235023020000001
0.05235023020000001
0.05216589840000002
0.05225806430000001
0.05225806430000001
0.05225806430000001
0.05225806430000001
0.05216589840000002
0.05216589840000002
0.05216589840000002
0.05216589840000001
0.05207373254000001
0.051981566600000015
0.051981566600000015
0.05188940070000001
0.05188940070000001
0.05188940070000001
0.05179723480000001
0.05179723480000001
0.05179723480000001
0.05170506886000001
0.05170506886000001
0.05170506886000001
0.05170506886000001
0.05161290300000001
0.05161290300000001
0.05161290300000001
0.051612903080000015
0.051612903080000015
0.051612903080000015
0.051520737220000015
0.051520737220000015
0.05142857128000002
0.05142857128000002
0.05142857128000002
0.05142857128000002
0.05142857128000002
0.05142857128000002
0.05133640538000002
0.05133640538000002
0.05133640538000002
0.05133640538000002
0.051244239480000016
0.051152073620000016
0.051152073620000016
0.051152073620000016
0.051152073620000016
0.051152073620000016
0.051059907680000016
0.051059907680000016
0.05115207362000002
0.05105990776000002
0.05105990776000002
0.05096774186000002
0.05096774186000002
0.05096774186000002
0.05096774186000002
0.05096774186000002
0.05096774186000002
0.05096774186000002
0.05105990780000002
0.05105990780000002
0.05105990780000002
0.05096774194000002
0.05096774194000002
0.05096774194000002
0.05096774194000002
0.050691244240000016
0.05059907834000001
0.05059907834000001
0.05050691248000001
0.05050691248000001
0.05050691248000001
0.05050691248000001
0.05050691248000001
0.05041474654000002
0.05041474654000002
0.05041474654000002
0.05041474654000002
0.05041474654000002
0.05041474654000002
0.05041474654000002
0.05041474654000002
0.05041474654000002
0.05041474654000002
0.05041474654000002
0.05041474654000002
0.05041474654000002
0.05041474654000002
0.05041474654000002
0.05041474654000002
0.05041474654000002
0.05041474654000002
0.05041474654000002
0.05041474654000002
0.05041474654000002
0.05050691240000002
0.05050691240000002
0.05050691240000002
0.05050691240000002
0.05050691240000002
0.05050691240000002
0.05050691240000002
0.05050691240000002
0.05050691240000002
0.05050691240000002
0.05050691240000002
0.05050691240000002
0.05050691240000002
0.05050691240000002
0.05050691240000002
0.050414746460000014
0.050414746460000014
0.050414746460000014
0.050322580600000014
0.050322580600000014
0.050322580600000014
0.050322580600000014
0.050322580600000014
0.050322580600000014
0.050322580600000014
0.050322580600000014
0.050322580600000014
0.050322580600000014
0.050322580600000014
0.050322580600000014
0.050322580600000014
0.050322580600000014
0.050322580600000014
0.050322580600000014
0.050322580600000014
0.050230414740000014
0.050230414740000014
0.050230414740000014
0.050230414740000014
0.050230414740000014
0.050230414740000014
0.050322580600000014
0.050322580600000014
0.05023041470000001
0.05023041470000001
0.05013824876000001
0.05013824876000001
0.05013824876000001
0.05013824876000001
0.05013824876000001
0.05013824876000001
0.05013824876000001
0.05013824876000001
0.05013824876000001
0.05013824876000001
0.05004608290000001
0.05004608290000001
0.05004608290000001
0.05004608290000001
0.05004608290000001
0.05004608290000001
0.05004608290000001
0.05004608290000001
0.05004608290000001
0.05004608290000001
0.05004608290000001
0.05004608290000001
0.05004608290000001
0.05004608290000001
0.05004608290000001
0.05004608290000001
0.05004608290000001
0.05004608290000001
0.05004608290000001
0.05004608290000001
0.05004608290000001
0.049953917000000014
0.049953917000000014
0.049953917000000014
0.049953917000000014
0.049953917000000014
0.049953917000000014
0.04986175110000001
0.04986175110000001
0.04986175110000001
0.04986175110000001
0.04986175110000001
0.04986175106000002
0.04976958520000002
0.04976958520000002
0.04986175110000001
0.04986175110000001
0.04986175110000001
0.04986175110000001
0.04986175110000001
0.04986175110000001
0.04995391696000001
0.050046082860000014
0.050046082860000014
0.050046082860000014
0.050046082860000014
0.050046082860000014
0.050046082860000014
0.050046082860000014
0.050046082860000014
0.050046082860000014
0.050046082860000014
0.050046082860000014
0.04995391696000001
0.04995391696000001
0.04995391696000001
0.04995391696000001
0.04995391696000001
0.050046082860000014
0.050046082860000014
0.050046082860000014
0.049953917000000014
0.049953917000000014
0.05004608290000001
0.05004608290000001
0.05004608290000001
0.050138248800000014
0.050138248800000014
0.050138248800000014
0.050138248800000014
0.05023041474000002
0.05023041474000002
0.050138248800000014
0.050138248800000014
0.050138248800000014
0.05004608290000002
0.05004608290000002
0.05004608290000002
0.05004608290000002
0.05004608290000002
0.05004608290000002
0.04995391696000001
0.04995391696000001
0.04995391696000001
0.04986175110000001
0.04986175110000001
0.04986175110000001
0.04986175110000001
0.049953917000000014
0.049953917000000014
0.049953917000000014
0.049953917000000014
0.049861751140000014
0.049861751140000014
0.049861751140000014
0.049861751140000014
0.049861751140000014
0.049861751140000014
0.049861751140000014
0.049861751140000014
0.049861751140000014
0.04976958520000001
0.04976958520000001
0.04976958520000001
0.04986175110000001
0.04986175110000001
0.04986175110000001
0.04986175110000001
0.04986175110000001
0.04986175110000001
0.04986175110000001
0.04986175110000001
0.04986175110000001
0.04986175110000001
0.04986175110000001
0.04986175110000001
0.04986175110000001
0.04986175110000001
0.04986175110000001
0.04986175110000001
0.04986175110000001
0.04995391696000001
0.04995391696000001
0.04995391696000001
0.04995391696000001
0.04995391696000001
0.049861751100000004
0.049861751100000004
0.049861751100000004
0.049861751100000004
0.049861751100000004
0.049861751100000004
0.04995391696000001
0.04995391696000001
0.05004608290000001
0.05004608290000001
0.05004608290000001
0.05004608290000001
0.05004608290000001
0.05004608290000001
0.05004608290000001
0.05004608290000001
0.05004608290000001
0.05004608290000001
0.05004608290000001
0.05004608290000001
0.05004608290000001
0.05004608290000001
0.04995391696000001
0.04995391696000001
0.04995391696000001
0.04995391696000001
0.04995391696000001
0.04995391696000001
0.04995391696000001
0.04995391696000001
0.04995391696000001
0.04995391696000001
0.04995391696000001
0.04995391696000001
0.04995391696000001
0.04995391696000001
0.05004608282000001
0.05004608282000001
0.05004608282000001
0.05004608282000001
0.05004608282000001
0.05004608282000001
0.05004608282000001
0.05004608282000001
0.05004608282000001
0.05004608282000001
0.05004608282000001
0.05004608282000001
0.05004608282000001
0.05004608282000001
0.05004608282000001
0.05013824868000001
0.05013824868000001
0.05013824868000001
0.05013824868000001
0.05013824868000001
0.05004608282000001
0.05004608282000001
0.05004608282000001
0.05004608282000001
0.05004608282000001
0.05004608282000001
0.05013824872000001
0.05013824872000001
0.05013824872000001
0.05013824872000001
0.05013824872000001
0.05013824872000001
0.05013824872000001
0.05013824872000001
0.05013824872000001
0.05013824872000001
0.05013824872000001
0.05013824872000001
0.05013824872000001
0.05013824872000001
0.05013824872000001
0.05013824872000001
0.05013824872000001
0.05013824872000001
0.05013824872000001
0.05013824872000001
0.05013824872000001
0.05013824872000001
0.05013824872000001
0.05013824872000001
0.05013824872000001
0.05013824872000001
0.05013824872000001
0.05013824872000001
0.05013824872000001
0.05013824872000001
0.05013824872000001
0.05013824872000001
0.05013824872000001
0.05013824872000001
0.05013824872000001
0.05013824872000001
0.05013824872000001
0.05013824872000001
0.05013824872000001
0.05013824872000001
0.05013824872000001
0.05013824872000001
0.05013824872000001
0.05013824872000001
0.05013824872000001
0.05004608286000001
0.05004608286000001
0.05004608286000001
0.05004608286000001
0.05004608286000001
0.05004608286000001
0.05004608286000001
0.04986175114000001
0.04986175114000001
0.04986175114000001
0.04986175114000001
0.04986175114000001
0.04986175114000001
0.04986175114000001
0.04986175114000001
0.04986175114000001
0.04986175114000001
0.04986175114000001
0.04986175114000001
0.04986175114000001
0.04986175114000001
0.04986175114000001
0.04986175114000001
0.04986175114000001
0.04986175114000001
0.04986175114000001
0.04986175114000001
0.04986175114000001
0.04986175114000001
0.04986175114000001
0.04986175114000001
0.04986175114000001
0.04986175114000001
0.04986175114000001
0.04986175114000001
0.04986175114000001
0.04986175114000001
0.04986175114000001
0.04986175114000001
0.04986175114000001
0.04986175114000001
0.04986175114000001
0.04986175114000001
0.04986175114000001
0.04986175114000001
0.04986175114000001
0.04986175114000001
0.04986175114000001
0.04986175114000001
0.04986175114000001
0.04986175114000001
0.04986175114000001
0.04986175114000001
0.04986175114000001
0.04986175114000001
0.04986175114000001
0.04986175114000001
0.04986175114000001
0.04986175114000001
0.04986175114000001
0.04986175114000001
0.04986175114000001
0.04995391708000001
0.04986175122000001
0.04986175122000001
0.04976958532000001
0.04976958532000001
0.04986175118000001
0.04986175118000001
0.04986175118000001
0.04986175118000001
0.04986175118000001
0.04986175118000001
0.04967741934000001
0.04967741934000001
0.04967741934000001
0.04976958528000001
0.04967741938000001
0.04967741938000001
0.04967741938000001
0.04967741938000001
0.04967741938000001
0.04967741938000001
0.04958525352000001
0.04958525352000001
0.04958525352000001
0.04958525352000001
0.04958525352000001
0.04958525352000001
0.04958525352000001
0.04958525352000001
0.04958525352000001
0.04958525352000001
0.04958525352000001
0.04958525352000001
0.04958525352000001
0.04958525352000001
0.04958525352000001
0.04958525352000001
0.04967741942000001
0.04967741942000001
0.04976958528000001
0.04976958528000001
0.049861751220000014
0.049861751220000014
0.049861751220000014
0.049861751220000014
0.049861751220000014
0.049861751220000014
0.049677419380000004
0.049677419380000004
0.049677419380000004
0.049677419380000004
0.049677419380000004
0.049585253440000004
0.049585253440000004
0.049585253440000004
0.049585253440000004
0.04949308758000001
0.04949308758000001
0.04949308758000001
0.04949308758000001
0.04949308758000001
0.04949308758000001
0.04949308758000001
0.04949308758000001
0.04949308758000001
0.04949308758000001
0.04949308758000001
0.04949308758000001
0.04949308758000001
0.04949308758000001
0.04949308758000001
0.04949308758000001
0.04949308758000001
0.04949308758000001
0.04949308758000001
0.04949308758000001
0.04940092172000001
0.04940092172000001
0.04940092172000001
0.04940092172000001
0.04940092172000001
0.04949308766000002
0.04949308766000002
