0.514285722
0.23152073726000008
0.13308755901999997
0.11686636084
0.10884792642000005
0.10202765044
0.09668202872000005
0.09235023116000002
0.08820276610000001
0.08451612940000003
0.08027649856000003
0.0769585264
0.07308755800000001
0.07004608316000004
0.06746543814000001
0.06552995426000002
0.06414746560000002
0.06184331852000002
0.06055299602000003
0.059354839220000025
0.05824884798000002
0.05760368682000002
0.05585253494000002
0.05520737358000003
0.05447004634000002
0.05400921680000002
0.05391705098000002
0.05317972378000002
0.05271889410000002
0.052534562340000035
0.05225806456000002
0.05179723500000002
0.05161290324000002
0.051705069140000025
0.05152073738000002
0.05078341002
0.05105990784
0.050875576000000006
0.051152073740000005
0.050783410060000006
0.05069124428000001
0.050599078340000006
0.05032258064
0.050046083020000014
0.050138248960000006
0.050230414820000006
0.05041474670000001
0.050138249
0.05041474666000001
0.050875576120000016
0.050875576120000016
0.05050691236
0.05041474642000001
0.050506912400000006
0.05050691244
0.050322580639999996
0.05032258068
0.05041474666000001
0.05032258080000001
0.050414746700000006
0.05059907850000001
0.05041474670000001
0.050599078460000016
0.05078341022000002
0.050875576120000016
0.05096774198000001
0.05096774194000002
0.05105990780000002
0.05124423960000001
0.05133640546000001
0.05142857132000001
0.05142857132000001
0.051612903160000015
0.05188940080000002
0.052165898580000016
0.052165898580000016
0.052442396240000015
0.052442396240000015
0.05235023030000001
0.052626728000000005
0.052626728000000005
0.05290322570000001
0.052995391600000004
0.05317972340000001
0.053179723440000014
0.053456221220000016
0.053548387160000016
0.05364055310000002
0.05391705080000002
0.054009216700000015
0.054101382600000025
0.054193548540000025
0.05447004634000002
0.054562212240000026
0.054562212240000026
0.054654378100000026
0.054838709800000024
0.05483870960000003
0.05502304140000002
0.05520737320000002
0.055483870820000024
0.055483870820000024
0.055760368560000016
0.055760368560000016
0.055944700400000026
0.055944700400000026
0.056129032240000015
0.05640552994000002
0.056589861740000025
0.05668202754000002
0.05677419348000002
0.05695852522000003
0.05695852522000003
0.05695852522000003
0.05695852522000003
0.05695852522000003
0.05723502300000003
0.05732718894000003
0.05732718894000003
0.05732718894000003
0.05732718894000003
0.05732718894000003
0.057511520740000016
0.05769585254000002
0.057880184440000024
0.05797235024000002
0.05797235024000002
0.05797235024000002
0.05815668200000001
0.058341013800000015
0.05843317970000002
0.05852534550000002
0.058801843140000025
0.05889400904000003
0.05889400904000003
0.05889400904000003
0.058801843140000025
0.05907834074000003
0.059262672440000046
0.059354838340000035
0.059354838340000035
0.05944700424000003
0.05944700424000003
0.05981566788000003
0.05981566788000003
0.05981566788000003
0.05981566788000003
0.05990783388000003
0.05990783388000003
0.06018433152000004
0.06018433152000004
0.06027649732000004
0.06027649732000004
0.06046082920000004
0.06055299500000004
0.06055299500000004
0.06055299500000004
0.06064516090000003
0.06064516090000003
0.06064516090000003
0.06064516090000003
0.06064516080000002
0.06073732674000002
0.06073732674000002
0.06073732674000002
0.06073732674000002
0.06073732674000002
0.06073732674000002
0.06073732674000002
0.060829492640000024
0.060829492640000024
0.061013824440000024
0.061198156180000025
0.061198156180000025
0.06110599028000002
0.06101382442000002
0.061105990320000025
0.061105990320000025
0.061105990320000025
0.061198156220000015
0.06129032212000002
0.06129032212000002
0.06129032212000002
0.06129032212000002
0.06129032212000002
0.06129032212000002
0.06156681982000003
0.06156681982000003
0.06156681982000003
0.06156681982000003
0.06156681982000003
0.06165898568000003
0.06165898568000003
0.06175115148000003
0.061843317380000026
0.06193548328000003
0.06211981508000003
0.06221198098000003
0.062304146780000035
0.062304146780000035
0.062396312640000035
0.062396312640000035
0.062396312640000035
0.062396312640000035
0.062396312640000035
0.062396312640000035
0.06258064454000004
0.06258064454000004
0.06267281044000003
0.06267281044000003
0.06267281044000003
0.06267281044000003
0.06276497634000004
0.06276497634000004
0.06285714224000004
0.06294930814000003
0.06294930814000003
0.06313364008000004
0.06313364008000004
0.06341013798000003
0.06331797218000003
0.06331797218000003
0.06331797218000003
0.06331797218000003
0.06341013808000003
0.06341013808000003
0.06341013808000003
0.06350230398000004
0.06331797228000002
0.06331797228000002
0.06331797228000002
0.06331797228000002
0.06331797228000002
0.06331797228000002
0.06331797228000002
0.06341013828000003
0.06350230422000003
0.06350230422000003
0.06350230422000003
0.06350230422000003
0.06350230422000003
0.06350230422000003
0.06350230422000003
0.06350230422000003
0.06350230422000003
0.06350230422000003
0.06350230422000003
0.06359447012000002
0.06359447012000002
0.06359447012000002
0.06368663592000004
0.06368663592000004
0.06377880178000003
0.06377880178000003
0.06377880178000003
0.06377880178000003
0.06377880178000003
0.06377880178000003
0.06377880178000003
0.06377880178000003
0.06377880178000003
0.06377880178000003
0.06387096768000004
0.06396313358000004
0.06396313358000004
0.06396313358000004
0.06396313358000004
0.06396313358000004
0.06405529948000004
0.06405529948000004
0.06423963128000003
0.06423963128000003
0.06433179728000002
0.06442396328000002
0.06442396328000002
0.06442396328000002
0.06442396328000002
0.06451612908000003
0.06460829498000002
0.06470046092000001
0.06470046092000001
0.06470046092000001
0.06470046092000002
0.06470046092000002
0.06470046072000002
0.06470046072000002
0.06470046072000002
0.06470046072000002
0.06470046072000002
0.06460829482000002
0.06460829482000002
0.06460829482000002
0.06460829482000002
0.06460829482000002
0.06470046072000002
0.06470046072000002
0.06470046072000002
0.06470046072000002
0.06470046072000002
0.06470046072000002
0.06479262662000003
0.06479262662000003
0.06479262662000003
0.06479262662000003
0.06470046072000003
0.06470046072000003
0.06470046072000003
0.06470046072000003
0.06470046072000003
0.06470046072000003
0.06488479262000003
0.06488479262000003
0.06488479262000003
0.06488479262000003
0.06488479262000003
0.06488479262000003
0.06488479262000003
0.06479262668000003
0.06470046078000002
0.06470046078000002
0.06479262668000002
0.06479262668000002
0.06488479258000003
0.06488479258000003
0.06488479258000003
0.06488479258000003
0.06488479258000003
0.06488479258000003
0.06488479258000003
0.06488479258000003
0.06479262668000002
0.06479262668000002
0.06479262668000002
0.06470046068000002
0.06479262658000003
0.06479262658000003
0.06470046078000002
0.06470046078000002
0.06479262668000002
0.06479262668000002
0.06460829488000003
0.06460829488000003
0.06470046088000002
0.06470046088000002
0.06460829498000002
0.06460829498000002
0.06451612908000003
0.06451612908000003
0.06451612908000003
0.06451612908000003
0.06451612908000003
0.06451612908000003
0.06451612908000003
0.06451612908000003
0.06451612908000003
0.06460829488000001
0.06460829488000001
0.06470046078000002
0.06470046078000002
0.06470046078000002
0.06479262678000003
0.06479262678000003
0.06479262678000003
0.06479262678000003
0.06479262678000003
0.06479262678000003
0.06479262678000003
0.06479262678000003
0.06479262678000003
0.06479262678000003
0.06479262678000003
0.06479262678000003
0.06479262678000003
0.06479262678000003
0.06479262678000003
0.06479262678000003
0.06488479268000003
0.06488479268000003
0.06479262688000002
0.06470046094000002
0.06470046094000002
0.06470046094000002
0.06470046094000002
0.06479262684000003
0.06479262684000003
0.06479262684000003
0.06479262684000003
0.06479262684000003
0.06479262684000002
0.06479262684000002
0.06479262684000002
0.06479262684000002
0.06479262684000002
0.06479262684000002
0.06488479278000002
0.06497695868000002
0.06497695868000002
0.06497695868000002
0.06497695868000002
0.06497695868000002
0.06488479278000002
0.06488479278000002
0.06488479278000002
0.06488479278000002
0.06488479278000002
0.06488479278000002
0.06497695858000002
0.06488479258000003
0.06488479258000003
0.06488479258000003
0.06479262664000003
0.06479262664000003
0.06470046064000003
0.06479262654000002
0.06479262654000002
0.06479262654000002
0.06479262654000002
0.06479262654000002
0.06479262654000002
0.06479262654000002
0.06479262654000002
0.06479262654000002
0.06479262654000002
0.06479262654000002
0.06479262654000002
0.06479262654000002
0.06479262654000002
0.06479262654000002
0.06479262654000002
0.06479262654000002
0.06479262654000002
0.06479262654000002
0.06470046064000003
0.06470046064000003
0.06470046064000003
0.06460829464000004
0.06460829464000004
0.06451612874000003
0.06451612874000003
0.06442396274000002
0.06451612864000002
0.06451612864000002
0.06451612864000002
0.06451612864000002
0.06451612864000002
0.06460829454000001
0.06460829454000001
0.06460829454000001
0.06470046044000002
0.06460829454000001
0.06470046044000002
0.06470046044000002
0.06470046044000002
0.06470046044000002
0.06470046044000002
0.06470046044000002
0.06470046044000002
0.06460829454000001
0.06479262634
0.06479262634
0.06488479224
0.06488479224
0.06488479224
0.06497695814000001
0.06497695814000001
0.06497695814000001
0.06497695814000001
0.06497695814000001
0.06488479214000002
0.06479262624000001
0.06479262624000001
0.06470046034000002
0.06470046034000002
0.06470046034000002
0.06460829454000001
0.06451612874000001
0.06451612874000003
0.06451612874000003
0.06451612874000003
0.06451612874000003
0.06451612874000003
0.06451612874000003
0.06442396294000002
0.06433179704000001
0.06433179704000001
0.06433179704000001
0.06433179704000001
0.06433179704000001
0.06433179704000001
0.06433179704000001
0.06433179704000001
0.06433179704000001
0.06433179704000001
0.06442396284000002
0.06433179694000002
0.06433179694000002
0.06423963114000002
0.06423963114000002
0.06414746524000002
0.06414746524000002
0.06414746524000002
0.06405529934000001
0.06405529934000001
0.06405529934000001
0.06405529934000001
0.06405529934000001
0.06405529934000001
0.06405529934000001
0.06396313344000001
0.06396313344000001
0.06396313344000001
0.06377880174000002
0.06377880174000002
0.06377880174000002
0.06377880174000002
0.06377880174000002
0.06387096768000002
0.06387096768000002
0.06387096768000002
0.06387096768000002
0.06387096768000002
0.06387096768000002
0.06387096768000002
0.06405529938000001
0.06405529938000001
0.06405529938000001
0.06405529938000001
0.06405529938000001
0.06396313338000001
0.06387096748000003
0.06387096748000003
0.06387096748000003
0.06387096748000003
0.06368663568000002
0.06368663568000002
0.06368663568000002
0.06368663568000002
0.06368663568000002
0.06368663568000002
0.06368663568000002
0.06368663568000002
0.06368663568000002
0.06368663568000002
0.06368663568000002
0.06368663568000002
0.06359446978000002
0.06350230388000004
0.06350230398000005
0.06350230398000005
0.06341013808000004
0.06331797218000004
0.06331797218000004
0.06331797218000004
0.06331797218000004
0.06331797218000004
0.06331797218000004
0.06322580624000004
0.06322580624000004
0.06322580624000004
0.06322580624000004
0.06313364034000003
0.06294930854000004
0.06294930854000004
0.06294930854000004
0.06294930854000004
0.06294930854000004
0.06294930854000004
0.06294930854000004
0.06294930854000004
0.06285714264000003
0.06285714264000003
0.06276497684000004
0.06276497684000004
0.06285714278000004
0.06285714278000004
0.06294930868000004
0.06304147458000003
0.06304147458000003
0.06304147458000003
0.06304147458000003
0.06304147458000003
0.06304147458000003
0.06294930868000004
0.06285714282000003
0.06285714282000003
0.06304147462000004
0.06304147462000004
0.06304147462000004
0.06304147462000004
0.06304147462000004
0.06304147462000004
0.06304147462000004
0.06304147462000004
0.06294930862000003
0.06294930862000003
0.06294930862000003
0.06285714272000002
0.06276497692000003
0.06276497692000003
0.06285714286000003
0.06285714286000003
0.06285714286000003
0.06285714286000003
0.06276497686000003
0.06267281096000003
0.06267281096000003
0.06258064506000002
0.06258064506000002
0.06258064506000002
0.06258064506000002
0.06258064506000002
0.06258064506000002
0.06258064506000002
0.06248847926000003
0.06248847926000003
0.062396313360000025
0.062396313360000025
0.062396313360000025
0.062396313360000025
0.06258064516000003
0.06258064516000003
0.06258064516000003
0.06258064516000003
0.06258064516000003
0.06258064516000003
0.06258064516000003
0.06258064516000003
0.06258064516000003
0.06258064516000003
0.06258064516000003
0.06258064516000003
0.06258064516000003
0.06267281106000003
0.06267281106000003
0.06258064526000003
0.06248847936000002
0.06248847936000002
0.06248847936000002
0.06258064536000002
0.06258064536000002
0.06258064536000002
0.06258064536000002
0.06267281126000003
0.06248847966000003
0.06248847966000003
0.06239631376000003
0.06239631376000003
0.06248847966000002
0.06248847966000002
0.06248847966000002
0.06248847966000002
0.06248847966000002
0.062396313760000016
0.062396313760000016
0.062396313760000016
0.06248847966000002
0.06248847966000002
0.06248847966000002
0.06248847966000002
0.06248847966000002
0.06248847966000002
0.06248847966000002
0.06239631372000003
0.06239631372000003
0.06239631372000003
0.06239631372000003
0.06258064552000003
0.06248847962000003
0.06248847962000003
0.06258064542000003
0.06258064542000003
0.06258064542000003
0.06258064542000003
0.06258064542000003
0.062396313620000025
0.062304147680000026
0.062304147680000026
0.062304147680000026
0.06221198178000002
0.06221198178000002
0.06221198178000002
0.06221198178000002
0.062119815780000025
0.062119815780000025
0.062119815780000025
0.062119815780000025
0.062211981680000014
0.062211981680000014
0.062211981680000014
0.062211981680000014
0.062211981680000014
0.062211981680000014
0.062211981680000014
0.062211981680000014
0.062211981680000014
0.062211981680000014
0.062119815780000025
0.062119815780000025
0.06202764988000002
0.06202764988000002
0.06202764988000002
0.06202764988000002
0.06202764988000002
0.06202764988000002
0.06202764988000002
0.061935483980000025
0.061935483980000025
0.06193548388000004
0.06193548388000004
0.06202764974000004
0.06202764974000004
0.06193548394000003
0.06193548394000003
0.06193548394000003
0.06193548384000004
0.06184331794000004
0.061935483840000034
0.061935483840000034
0.061935483840000034
0.061935483840000034
0.061935483840000034
0.061935483840000034
0.062027649740000024
0.062027649740000024
0.06211981568000002
0.06211981568000002
0.06211981568000002
0.06211981568000002
0.06211981568000002
0.06211981568000002
0.06211981568000002
0.06211981568000002
0.06211981568000002
0.06211981568000002
0.06211981568000002
0.06221198162000002
0.06221198162000002
0.06221198162000002
0.06221198162000002
0.06211981572000003
0.06211981572000003
0.06211981572000003
0.06211981572000003
0.06202764982000002
0.062119815620000025
0.062119815620000025
0.062119815620000025
0.06211981552000003
0.062027649620000035
0.062027649620000035
0.06193548382000003
0.06193548372000003
0.06193548372000003
0.06184331782000003
0.06184331782000003
0.06184331782000003
0.06193548376000003
0.06193548376000003
0.06193548376000003
0.06193548376000003
0.06193548376000003
0.06202764966000002
0.06202764966000002
0.06202764966000002
0.06202764966000002
0.06202764966000002
0.061935483860000015
0.061935483860000015
0.061935483860000015
0.061935483860000015
0.061935483860000015
0.062027649760000025
0.06211981566000002
0.06193548382000001
0.06193548382000001
0.06193548382000001
0.06193548382000001
0.06193548382000001
0.06193548382000001
0.06193548382000001
0.062027649720000015
0.062027649720000015
0.062027649720000015
0.062027649720000015
0.062027649720000015
0.06193548392000001
0.06193548392000001
0.06184331812000002
0.06193548412000001
0.06202764992000001
0.06202764992000001
0.06202764992000001
0.06202764992000001
0.06202764992000001
0.06202764992000001
0.06193548402000002
0.06193548402000002
0.06193548402000002
0.06184331812000002
0.06184331812000002
0.06184331812000002
0.06184331812000002
0.06184331812000002
0.06184331812000002
0.06175115218000002
0.06184331798000002
0.06193548378000003
0.06193548378000003
0.06193548378000003
0.06193548378000003
0.06184331788000003
0.06184331788000003
0.06184331788000003
0.06184331788000003
0.06184331788000003
0.06184331788000003
0.06184331788000004
0.06175115208000004
0.06175115208000004
0.06175115208000004
0.06175115208000004
0.06184331802000004
0.06184331802000004
0.06184331802000004
0.06184331802000004
0.06184331802000004
0.06184331802000004
0.06184331802000004
0.06184331802000004
0.06184331802000004
0.06184331802000004
0.06184331802000004
0.06184331802000004
0.06193548392000003
0.06193548392000003
0.061843318020000024
0.061843318020000024
0.061843318020000024
0.061843318020000024
0.061843318020000024
0.06184331792000003
0.061843317920000036
0.061843317920000036
0.06175115202000004
0.06175115202000004
0.06175115202000004
0.06175115202000004
0.06175115202000004
0.06175115202000004
0.06175115202000004
0.06175115202000004
0.06184331792000004
0.06184331792000004
0.06184331792000004
0.06193548382000004
0.06193548382000004
0.06193548382000004
0.06193548382000004
0.06193548382000004
0.06193548382000004
0.06193548382000004
0.06193548382000004
0.06193548382000004
0.06184331792000004
0.06184331792000004
0.06184331792000004
0.06184331792000004
0.06184331792000004
0.06184331792000004
0.06184331792000004
0.06184331792000004
0.06184331792000004
0.06165898608000003
0.06165898608000003
0.06165898608000003
0.06165898608000003
0.06165898608000003
0.06165898608000003
0.06165898608000003
0.06165898608000003
0.06165898608000003
0.06165898608000003
0.06165898608000003
0.06165898608000003
0.06165898608000003
0.06165898608000003
0.06165898608000003
0.06156682028000003
0.06156682028000003
0.06156682028000003
0.06156682028000003
0.06156682028000003
0.06156682028000003
0.06156682028000003
0.06156682028000003
0.06147465448000003
0.06147465448000003
0.06147465448000003
0.06147465448000003
0.061566820420000036
0.061566820420000036
0.061566820420000036
0.06147465452000004
0.06147465452000004
0.06147465452000004
0.06147465452000004
0.06138248872000004
0.06138248872000004
0.06138248872000004
0.06138248872000004
0.06147465462000004
0.06147465462000004
0.06156682052000004
0.06156682052000004
0.061474654620000034
0.061474654620000034
0.061474654620000034
0.061382488820000025
0.061382488820000025
0.061382488820000025
0.061382488820000025
0.061382488820000025
0.061382488820000025
0.061382488820000025
0.06129032288000003
0.06129032288000003
0.06129032288000003
0.06129032288000003
0.061382488780000036
0.061382488780000036
0.061382488780000036
0.06129032288000004
0.06129032288000004
0.06129032288000004
0.06129032288000004
0.06129032288000004
0.06129032288000004
0.06129032288000004
0.061198156980000036
0.061198156980000036
0.061198156980000036
0.061198156980000036
0.061198156980000036
0.061198156980000036
0.061198156980000036
0.061198156980000036
0.061198156980000036
0.061198156980000036
0.061198156980000036
0.061198156980000036
0.061198156980000036
0.061198156980000036
0.061198156980000036
0.061198156980000036
0.061198156980000036
0.061198156980000036
0.061198156980000036
0.061198156980000036
0.061198156980000036
0.061198156980000036
0.061198156980000036
0.061198156980000036
0.061198156980000036
0.061198156980000036
0.061198156980000036
0.061198156980000036
0.061198156980000036
0.061198156980000036
0.061198156980000036
0.061198156980000036
0.061198156980000036
0.061198156980000036
0.061198156980000036
0.061198156980000036
0.061198156980000036
0.061198156980000036
0.061198156980000036
0.061198156980000036
0.061198156980000036
0.061198156980000036
0.061198156980000036
0.061198156980000036
0.061198156980000036
0.061198156980000036
0.061198156980000036
0.061198156980000036
0.061198156980000036
0.061198156980000036
0.061198156980000036
0.061198156980000036
0.061198156980000036
0.061198156980000036
0.061198156980000036
0.061198156980000036
0.061290322920000036
0.061290322920000036
0.06138248882000004
0.06138248882000004
0.06138248882000004
0.06138248882000004
0.06138248882000004
