0.5195391768
0.29041474811999995
0.16801843495999996
0.13281106116000005
0.12248847954
0.11539170557999999
0.1098617514
0.10497695878
0.10000000003999998
0.09585253476000002
0.09290322680000004
0.08949308830000004
0.08691244298000003
0.08368663710000002
0.08129032360000002
0.07972350350000003
0.07677419436
0.07465437886000002
0.07188940182000002
0.07013824972
0.06884792666
0.06755760418000002
0.06617511554000001
0.06451612954
0.06359447073999999
0.06294930932000001
0.06156682072000001
0.060737327580000014
0.05972350258000001
0.05898617540000003
0.05824884820000002
0.05778801868000003
0.05751152082000002
0.05695852556000002
0.05640553006000003
0.05585253466000003
0.055207373240000024
0.054746544020000024
0.054654378040000035
0.05437788030000003
0.054193548340000015
0.05400921634000001
0.05364055276000002
0.05354838704000001
0.05354838712000002
0.05345622118000002
0.05336405532000001
0.05345622104000002
0.05317972350000002
0.05327188952000002
0.05308755768000001
0.05271889416
0.052442396380000006
0.05235023048000001
0.051981566920000014
0.05179723512000001
0.05170506922000001
0.051612903360000024
0.051428571640000025
0.05142857160000001
0.05161290330000002
0.05152073736000002
0.05161290322000002
0.05161290318000002
0.05152073728000001
0.05152073736000001
0.051244239720000015
0.05115207382000001
0.05124423964000001
0.051059907880000005
0.051059907880000005
0.05115207370000001
0.051244239600000005
0.051244239600000005
0.051244239600000005
0.05069124432000001
0.05069124432000001
0.05069124432000001
0.05069124428000001
0.05087557608000001
0.05087557608000001
0.05096774198000001
0.05087557608000001
0.050967741940000005
0.050967741940000005
0.051059907800000005
0.05115207370000001
0.05096774182000001
0.05096774182000001
0.05096774182000001
0.051059907680000016
0.051059907680000016
0.051152073540000016
0.05105990764000001
0.05105990764000001
0.05105990764000001
0.05124423952000002
0.05133640542000002
0.05161290320000001
0.051705069100000015
0.05179723500000002
0.05198156676000001
0.05207373266000001
0.05216589852000001
0.05225806446000001
0.05235023032000001
0.05235023032000001
0.052442396220000013
0.052258064420000014
0.05225806434000001
0.05225806434000001
0.05225806434000001
0.05225806434000001
0.05225806430000001
0.05216589840000002
0.052258064340000014
0.052258064340000014
0.052258064340000014
0.05235023024000002
0.05262672784000002
0.05271889370000002
0.05290322558000002
0.052995391480000015
0.05299539156000002
0.05308755742000002
0.05308755742000002
0.05317972336000002
0.05317972336000002
0.05317972336000002
0.05317972336000002
0.05317972336000002
0.053271889260000024
0.05354838700000002
0.05345622110000003
0.053732718980000024
0.053824884840000024
0.053917050700000024
0.053917050700000024
0.05400921664000002
0.05400921664000002
0.05400921664000002
0.053917050700000024
0.05419354838000002
0.054285714280000015
0.05447004608000002
0.05447004608000002
0.05447004608000002
0.05447004608000002
0.05447004612000002
0.05456221198000002
0.05456221198000002
0.05456221198000002
0.05437788010000002
0.05456221194000002
0.05456221194000002
0.05474654374000003
0.05474654374000003
0.05483870964000002
0.05483870964000002
0.05483870964000002
0.05493087554000002
0.05502304140000002
0.05520737328000003
0.055299539180000024
0.055299539180000024
0.055299539180000024
0.05539170508000003
0.05539170508000003
0.05539170508000003
0.05539170508000003
0.05539170508000003
0.05539170508000003
0.05539170508000003
0.05548387094000003
0.05548387094000003
0.05548387094000003
0.05557603680000003
0.05557603680000003
0.05566820266000003
0.05576036860000002
0.05585253454000002
0.056036866340000026
0.056036866340000026
0.056036866340000026
0.056036866340000026
0.05612903228000002
0.05612903228000002
0.05622119818000002
0.05631336398000003
0.05631336398000003
0.05640552992000002
0.05640552992000002
0.05640552992000002
0.05649769582000003
0.05668202766000003
0.05677419356000003
0.05686635946000003
0.05695852536000003
0.05695852536000003
0.05695852536000003
0.05695852536000003
0.05695852536000003
0.05695852536000003
0.05695852536000003
0.05695852536000003
0.05695852536000003
0.05695852536000003
0.05695852536000003
0.05695852536000003
0.05705069126000002
0.05705069126000002
0.05714285706000002
0.057235023000000024
0.057235023000000024
0.05741935484000003
0.05741935484000003
0.05751152074000003
0.05751152074000003
0.05760368664000003
0.05769585254000004
0.05769585254000004
0.05769585254000004
0.05769585254000004
0.05769585254000004
0.05769585254000004
0.05778801848000003
0.057880184380000026
0.057880184380000026
0.05778801848000003
0.05788018442000003
0.05788018442000003
0.05788018442000003
0.05806451626000002
0.05815668226000002
0.05824884820000002
0.05824884820000002
0.05824884820000002
0.058341014000000024
0.05843317990000002
0.05843317990000002
0.058617511500000025
0.05870967740000002
0.05870967740000002
0.05870967740000002
0.05880184330000002
0.05889400920000001
0.05889400920000001
0.05889400920000001
0.05889400920000001
0.05889400920000001
0.05889400920000001
0.05889400920000001
0.05889400920000001
0.05898617514000001
0.059262672820000015
0.059262672820000015
0.059262672820000015
0.059262672820000015
0.059262672820000015
0.059262672820000015
0.059262672820000015
0.05935483872000002
0.05953917052000001
0.059631336420000014
0.059631336420000014
0.05972350222000002
0.05981566812000001
0.05981566812000001
0.05990783402000001
0.05999999992000001
0.05999999992000001
0.05999999992000001
0.05999999992000001
0.060092165820000015
0.060092165820000015
0.060092165820000015
0.060092165820000015
0.060092165820000015
0.06018433172000002
0.06027649772000001
0.06027649772000001
0.06046082946000002
0.06046082946000002
0.06064516126000002
0.06073732716000002
0.06073732716000002
0.06073732716000002
0.06082949306000002
0.06082949306000002
0.06082949306000002
0.06092165900000001
0.06092165900000001
0.06092165900000001
0.06101382490000001
0.06119815674000001
0.061382488580000005
0.061382488580000005
0.061382488580000005
0.061382488580000005
0.061566820280000004
0.061566820280000004
0.061658986080000006
0.061658986080000006
0.06175115208000001
0.06175115208000001
0.06184331798000001
0.06193548388000001
0.06193548388000001
0.06193548388000001
0.06193548388000001
0.06193548388000001
0.06193548388000001
0.06193548388000001
0.06202764968000001
0.06221198148000001
0.06221198148000001
0.062119815580000015
0.06221198148000002
0.062119815580000015
0.062119815580000015
0.06221198158000002
0.06221198158000002
0.06221198158000002
0.06221198158000002
0.06221198158000002
0.06211981558000002
0.06211981558000002
0.06211981558000002
0.06211981558000002
0.06211981558000002
0.06211981558000002
0.06211981558000002
0.06202764968000002
0.06202764968000002
0.06211981548000003
0.06211981548000003
0.06211981548000003
0.06211981548000003
0.06221198138000003
0.06221198138000003
0.062211981480000025
0.06230414738000003
0.06230414738000003
0.06239631318000003
0.06239631318000003
0.06239631318000003
0.06239631318000003
0.06239631318000003
0.06239631318000003
0.06248847912000004
0.06248847912000004
0.06248847912000004
0.06248847912000004
0.06248847912000004
0.06258064502000003
0.06258064502000003
0.06258064502000003
0.06258064502000003
0.06258064502000003
0.06258064502000003
0.06258064502000003
0.06267281096000005
0.06258064506000004
0.06258064506000004
0.06258064506000004
0.06258064506000004
0.06258064506000004
0.06258064506000004
0.06258064506000004
0.06248847920000004
0.06248847920000004
0.06248847920000004
0.06248847920000004
0.06248847920000004
0.06248847920000004
0.06248847920000004
0.06248847920000004
0.06248847920000004
0.06258064510000004
0.06258064510000004
0.06267281100000004
0.06258064500000003
0.06258064500000003
0.06258064500000003
0.06258064500000003
0.06258064500000003
0.06248847900000004
0.06239631320000003
0.06239631320000003
0.06239631320000003
0.06239631320000003
0.06239631320000003
0.06258064510000004
0.06258064510000004
0.06267281100000004
0.06267281100000004
0.06267281100000004
0.06267281100000004
0.06267281100000004
0.06267281100000004
0.06267281100000004
0.06267281100000004
0.06267281100000004
0.06258064520000003
0.06258064520000003
0.06276497696000004
0.06276497696000004
0.06276497696000004
0.06285714276000003
0.06285714276000003
0.06285714276000003
0.06294930856000003
0.06285714262000003
0.06285714262000003
0.06285714262000003
0.06285714262000003
0.06285714262000003
0.06285714262000003
0.06276497668000003
0.06276497668000003
0.06276497668000003
0.06276497668000003
0.06276497668000003
0.06276497668000003
0.06276497668000003
0.06285714258000002
0.06285714258000002
0.06285714258000002
0.06285714258000002
0.06285714258000002
0.06285714258000002
0.06285714258000002
0.06285714258000002
0.06304147432000003
0.06304147432000003
0.06304147432000003
0.06304147432000003
0.06304147432000003
0.06304147432000003
0.06304147432000003
0.06304147432000003
0.06304147432000003
0.06313364032000003
0.06322580622000001
0.06331797222000002
0.06331797222000002
0.06331797222000002
0.06331797222000002
0.06341013822000002
0.06341013822000002
0.06341013822000002
0.06341013812000003
0.06341013812000003
0.06341013812000003
0.06341013812000003
0.06341013812000003
0.06331797222000003
0.06331797222000003
0.06331797222000003
0.06331797222000003
0.06331797222000003
0.06331797222000003
0.06350230382000004
0.06350230382000004
0.06350230382000004
0.06350230382000004
0.06359446972000003
0.06359446972000003
0.06359446972000003
0.06359446972000003
0.06359446972000003
0.06359446972000003
0.06359446972000003
0.06359446972000003
0.06359446972000003
0.06359446972000003
0.06359446972000003
0.06368663552000003
0.06368663552000003
0.06368663552000003
0.06368663552000003
0.06368663552000003
0.06368663552000003
0.06368663552000003
0.06368663552000003
0.06368663552000003
0.06368663552000003
0.06368663552000003
0.06368663552000003
0.06368663552000003
0.06359446958000003
0.06359446958000003
0.06359446958000003
0.06359446958000003
0.06359446958000003
0.06368663548000003
0.06368663548000003
0.06368663548000003
0.06368663548000003
0.06368663548000003
0.06368663548000003
0.06359446968000003
0.06359446968000003
0.06359446968000003
0.06359446968000003
0.06359446968000003
0.06359446968000003
0.06368663558000004
0.06359446968000003
0.06359446968000003
0.06359446968000003
0.06359446968000003
0.06368663562000003
0.06368663562000003
0.06377880152000003
0.06387096732000003
0.06377880142000002
0.06377880142000002
0.06377880142000002
0.06377880142000002
0.06377880142000002
0.06377880142000002
0.06377880142000002
0.06377880142000002
0.06377880142000002
0.06377880142000002
0.06377880142000002
0.06377880142000002
0.06387096732000003
0.06387096732000003
0.06387096732000003
0.06387096732000003
0.06387096732000003
0.06387096732000003
0.06387096732000003
0.06377880138000003
0.06377880138000003
0.06377880138000003
0.06377880138000003
0.06377880138000003
0.06377880138000003
0.06377880138000003
0.06368663558000003
0.06368663558000003
0.06368663558000003
0.06368663558000003
0.06368663558000003
0.06368663558000003
0.06368663558000003
0.06368663558000003
0.06359446978000002
0.06359446978000002
0.06359446978000002
0.06359446978000002
0.06350230388000003
0.06359446988000003
0.06350230394000002
0.06350230394000002
0.06350230394000002
0.06350230394000002
0.06350230394000002
0.06350230394000002
0.06350230394000002
0.06350230394000002
0.06359446994000001
0.06359446994000001
0.06359446994000001
0.06359446994000001
0.06359446994000001
0.06359446994000001
0.06359446994000001
0.06368663584000002
0.06368663584000002
0.06368663584000002
0.06368663584000002
0.06368663584000002
0.06368663584000002
0.06368663584000002
0.06368663584000002
0.06368663584000002
0.06368663584000002
0.06368663584000002
0.06368663584000002
0.06377880164000002
0.06377880164000002
0.06377880164000002
0.06377880164000002
0.06377880164000002
0.06377880164000002
0.06377880164000002
0.06368663574000002
0.06368663574000002
0.06359446974000002
0.06359446974000002
0.06350230384000002
0.06350230384000002
0.06350230384000002
0.06350230384000002
0.06350230384000002
0.06359446964000001
0.06368663564000002
0.06368663564000002
0.06368663564000002
0.06377880158000002
0.06377880158000002
0.06368663558000001
0.06359446968000002
0.06359446968000002
0.06359446968000002
0.06359446968000002
0.06359446968000002
0.06359446968000002
0.06359446968000002
0.06359446968000002
0.06359446968000002
0.06359446968000002
0.06359446968000002
0.06359446968000002
0.06359446968000002
0.06359446968000002
0.06359446968000002
0.06359446968000002
0.06359446968000002
0.06359446968000002
0.06359446968000002
0.06359446968000002
0.06350230374000003
0.06350230374000003
0.06350230374000003
0.06350230374000003
0.06350230374000003
0.06350230374000003
0.06350230374000003
0.06350230374000003
0.06341013784000002
0.06341013784000002
0.06341013784000002
0.06341013784000002
0.06341013784000002
0.06350230374000002
0.06350230374000002
0.06341013784000002
0.06341013784000002
0.06341013784000002
0.06341013784000002
0.06341013784000002
0.06341013784000002
0.06341013784000002
0.06341013784000002
0.06322580614000002
0.06322580614000002
0.06322580614000002
0.06322580614000002
0.06322580614000002
0.06322580614000002
0.06322580614000002
0.06313364020000002
0.06304147440000002
0.06304147440000002
0.06313364040000001
0.06313364040000001
0.06313364040000001
0.06313364040000001
0.06313364040000001
0.06313364040000001
0.06313364040000001
0.06313364040000001
0.06313364040000001
0.06313364040000001
0.06304147440000002
0.06304147440000002
0.06304147440000002
0.06304147440000002
0.06304147440000002
0.06304147440000002
0.06304147440000002
0.06294930850000002
0.06285714260000001
0.06285714260000001
0.06294930854000001
0.06304147444000002
0.06304147444000002
0.06304147444000002
0.06304147444000002
0.06313364034000002
0.06313364034000002
0.06313364034000002
0.06304147434000003
0.06304147434000003
0.06304147434000003
0.06304147434000003
0.06313364024000002
0.06313364024000002
0.06322580614000002
0.06322580614000002
0.06322580614000002
0.06322580614000002
0.06322580614000002
0.06322580614000002
0.06322580614000002
0.06322580614000002
0.06322580614000002
0.06322580614000002
0.06322580614000002
0.06322580614000002
0.06322580614000002
0.06322580614000002
0.06322580614000002
0.06322580614000002
0.06322580614000002
0.06322580614000002
0.06322580614000002
0.06322580614000002
0.06322580614000002
0.06331797194000002
0.06331797194000002
0.06331797194000002
0.06341013794000003
0.06341013794000003
0.06341013800000003
0.06341013800000003
0.06341013800000003
0.06341013800000003
0.06341013800000003
0.06350230380000003
0.06350230380000003
0.06350230380000003
0.06350230380000003
0.06350230380000003
0.06350230380000003
0.06350230380000003
0.06350230380000003
0.06350230380000003
0.06341013790000002
0.06350230380000003
0.06350230380000003
0.06350230380000003
0.06350230380000003
0.06322580620000004
0.06313364030000003
0.06313364030000003
0.06313364030000003
0.06313364030000003
0.06313364030000003
0.06313364030000003
0.06313364030000003
0.06313364030000003
0.06313364030000003
0.06304147440000003
0.06304147440000003
0.06304147440000003
0.06304147440000003
0.06304147440000003
0.06304147440000003
0.06313364030000003
0.06313364030000003
0.06313364030000003
0.06313364030000003
0.06313364030000003
0.06313364030000003
0.06313364030000003
0.06313364030000003
0.06304147440000002
0.06304147440000002
0.06304147440000002
0.06304147440000002
0.06304147440000002
0.06313364040000002
0.06313364040000002
0.06313364040000002
0.06313364040000002
0.06313364040000002
0.06313364040000002
0.06313364040000002
0.06313364040000002
0.06313364040000002
0.06313364040000002
0.06304147450000003
0.06304147450000003
0.06304147450000003
0.06294930860000002
0.06294930860000002
0.06294930860000002
0.06276497680000002
0.06276497680000002
0.06276497680000002
0.06276497680000002
0.06276497680000002
0.06276497680000002
0.06276497680000002
0.06276497680000002
0.06267281100000004
0.06267281100000004
0.06267281100000004
0.06267281100000004
0.06267281100000004
0.06276497694000004
0.06276497694000004
0.06285714284000003
0.06285714284000003
0.06285714284000003
0.06285714284000003
0.06294930874000003
0.06285714294000003
0.06285714294000003
0.06285714294000003
0.06285714294000003
0.06294930874000002
0.06294930874000002
0.06294930874000002
0.06285714274000002
0.06285714274000002
0.06285714274000002
0.06285714274000002
0.06285714274000002
0.06285714274000002
0.06285714274000002
0.06285714274000002
0.06285714274000002
0.06285714274000002
0.06285714274000002
0.06285714274000002
0.06276497674000002
0.06276497674000002
0.06276497674000002
0.06276497674000002
0.06276497674000002
0.06276497674000002
0.06276497674000002
0.06276497674000002
0.06276497674000002
0.06276497674000002
0.06285714268000002
0.06276497688000002
0.06276497688000002
0.06276497688000002
0.06276497688000002
0.06276497688000002
0.06276497688000002
0.06276497688000002
0.06276497688000002
0.06276497688000002
0.06285714278000003
0.06294930858000003
0.06294930858000003
0.06294930858000003
0.06294930858000003
0.06294930858000003
0.06294930858000003
0.06294930858000003
0.06294930858000003
0.06285714278000003
0.06294930868000002
0.06294930868000002
0.06294930868000002
0.06294930868000002
0.06294930868000002
0.06294930868000002
0.06294930868000002
0.06294930868000002
0.06294930868000002
0.06294930868000002
0.06294930868000002
0.06294930868000002
0.06294930868000002
0.06285714278000003
0.06285714278000003
0.06285714278000003
0.06285714278000003
0.06294930868000004
0.06294930868000004
0.06294930868000004
0.06294930868000004
0.06294930868000004
0.06294930868000004
0.06294930868000004
0.06294930868000004
0.06294930868000004
0.06294930868000004
0.06294930868000004
0.06294930868000004
0.06294930868000004
0.06294930868000004
0.06294930868000004
0.06294930868000004
0.06294930868000004
0.06285714278000003
0.06294930868000004
0.06294930868000004
0.06294930868000004
0.06294930868000004
0.06294930868000004
0.06294930868000004
0.06294930868000004
0.06294930868000004
0.06294930868000004
0.06285714278000004
0.06285714278000004
0.06285714278000004
0.06285714278000004
0.06285714278000004
0.06285714278000004
0.06285714278000004
0.06285714278000004
0.06285714278000004
0.06285714278000004
0.06285714278000004
0.06285714278000004
0.06276497684000003
0.06276497684000003
0.06276497684000003
0.06276497684000003
0.06276497684000003
0.06276497684000003
0.06267281094000005
0.06267281094000005
0.06267281094000005
0.06267281094000005
0.06267281094000005
0.06267281094000005
0.06267281094000005
0.06267281094000005
0.06267281094000005
0.06276497674000003
0.06276497674000003
0.06276497674000003
0.06276497674000003
0.06276497674000003
0.06276497674000003
0.06276497674000003
0.06276497674000003
0.06285714264000003
0.06285714264000003
0.06285714264000003
0.06285714264000003
0.06285714264000003
0.06276497674000003
0.06276497674000003
0.06276497674000003
0.06276497674000003
0.06276497674000003
0.06276497674000003
0.06276497674000003
0.06267281084000004
0.06258064494000004
0.06267281094000005
0.06267281094000005
0.06267281094000005
0.06267281094000005
0.06267281094000005
0.06267281094000005
0.06267281094000005
0.06267281094000005
0.06258064504000004
0.06258064494000004
0.06258064494000004
0.062488478940000036
0.062488478940000036
0.062488478940000036
0.062488478940000036
0.06258064484000003
0.06258064484000003
0.06258064484000003
0.06258064484000003
0.06258064484000003
0.06258064484000003
0.06276497678000004
0.06276497678000004
0.06276497678000004
0.06276497678000004
0.06276497678000004
0.06276497678000004
0.06276497678000004
0.06276497678000004
0.06276497678000004
0.06285714268000003
0.06285714268000003
0.06294930848000005
0.06294930848000005
0.06294930848000005
0.06294930848000005
0.06294930848000005
0.06294930848000005
0.06294930848000005
0.06304147438000005
0.06304147438000005
0.06304147438000005
0.06304147438000005
0.06304147438000005
0.06304147438000005
0.06304147438000005
0.06304147438000005
0.06294930838000004
0.06294930838000004
0.06294930838000004
0.06276497668000004
0.06276497668000004
0.06276497668000004
0.06276497668000004
0.06276497668000004
0.06276497668000004
