0.5247004704
0.5141013888
0.4419354888
0.3747465458
0.35050691608
0.32718894308
0.30101382620000006
0.2733640552
0.24866359692000004
0.22654377944
0.20903226060000002
0.19216589879999998
0.17723502244
0.1641474656
0.15585253414
0.14820276565999999
0.14156682048
0.13751152204
0.13410138306
0.13170506993999997
0.12792626844
0.1254377888
0.12313364130000001
0.1211059917
0.1200921663
0.11917050738000003
0.11760368662
0.11686635982000002
0.11557603726
0.11391705146
0.11281106119999999
0.11188940259999997
0.11069124547999998
0.11032258169999999
0.10949308821999999
0.10884792683999998
0.10764977056
0.10691244310000002
0.10608295018000001
0.10543778878000001
0.10460829550000002
0.10396313418
0.10341013930000001
0.10267281203999999
0.10221198281999999
0.10129032332000001
0.10055299616
0.09972350284
0.09953917092000002
0.09880184358
0.09861751170000002
0.09815668212
0.09751152112000003
0.09668202792000002
0.09631336452000003
0.09557603770000002
0.09465437874000003
0.09400921716000003
0.09354838780000004
0.09290322612000004
0.09198156716000006
0.09170506950000006
0.09087557632000004
0.09050691280000002
0.09041474670000003
0.08967741930000002
0.08838709714
0.08792626774000002
0.08764977004000002
0.08764977008000002
0.08728110650000001
0.08626728128000001
0.08571428604000002
0.08552995422000002
0.08442396364
0.08414746556000001
0.08377880226000001
0.08350230446000001
0.08294930916000003
0.08248847964000003
0.08211981594000005
0.08165898634000003
0.08129032234000003
0.08082949304000003
0.08046082924000002
0.08036866324000004
0.07963133614000004
0.07935483834000003
0.07917050644000004
0.07907834054000004
0.07898617474000004
0.07861751144000004
0.07834101384000003
0.07797235054000003
0.07723502340000003
0.07686635990000004
0.07649769650000005
0.07603686732000003
0.07557603762000004
0.07502304242000003
0.07474654468000003
0.07437788108000003
0.07391705138000003
0.07382488538000002
0.07317972394000002
0.07271889464000003
0.07235023094000002
0.07198156744
0.07170506974000002
0.07170506984000002
0.07115207424000002
0.07087557654000003
0.07087557654000003
0.07050691280000003
0.07013824920000002
0.06976958560000003
0.06949308804000003
0.06930875614000004
0.06884792674000002
0.06857142904000002
0.06820276564000002
0.06774193634000002
0.06755760446000002
0.06728110676000001
0.06728110676000001
0.06709677486000001
0.06709677476000002
0.06709677476000002
0.06718894070000002
0.06682027716000002
0.06645161350000002
0.06626728170000003
0.06608294970000002
0.06571428590000002
0.06562211986000002
0.06543778796000002
0.06506912462000003
0.06470046098000001
0.06470046106
0.06405529962000002
0.06359447006000002
0.06341013826000003
0.06322580636000003
0.06341013816000002
0.06331797216000001
0.06313364042000001
0.06276497678000002
0.06304147448000003
0.06285714264000003
0.06258064504000004
0.062396313240000036
0.06239631320000003
0.06202764968000004
0.061658985940000036
0.06147465424000004
0.061382488340000034
0.06129032244000003
0.06129032248000002
0.061105990580000026
0.06092165868000002
0.06073732698000003
0.060460829380000025
0.06036866338000003
0.06009216568000003
0.05990783384000003
0.059815668040000027
0.05972350228000003
0.059539170480000035
0.05944700458000003
0.059078341140000046
0.058894009200000035
0.058801843340000035
0.058709677400000035
0.058709677400000035
0.058525345560000046
0.058525345560000046
0.058433179700000046
0.05815668210000004
0.057880184400000034
0.05751152100000003
0.05732718906000003
0.05695852528000003
0.05686635938000003
0.05668202768000003
0.05622119820000004
0.05631336414000003
0.05622119820000004
0.05612903222000003
0.05603686628000003
0.05594470042000003
0.05594470046000003
0.05622119826000003
0.05603686636000003
0.05603686644000003
0.055944700540000024
0.05576036864000002
0.05585253454000002
0.05548387086000003
0.05539170492000003
0.05548387082000003
0.05548387082000003
0.055299539160000036
0.055299539220000034
0.055207373500000025
0.055207373500000025
0.05493087580000003
0.05474654392000003
0.054285714500000026
0.054193548640000026
0.05428571444000003
0.05428571444000003
0.05419354860000003
0.05419354860000003
0.05419354860000003
0.05410138270000003
0.05400921684000003
0.054193548640000026
0.05400921684000003
0.05400921684000003
0.05391705090000002
0.05391705094000002
0.053917050940000016
0.053917050940000016
0.053824885140000014
0.053548387440000005
0.053548387360000005
0.053548387360000005
0.05364055326000001
0.053640553320000006
0.053640553320000006
0.053548387460000006
0.05327188984
0.05327188984
0.05327188984
0.05327188984
0.05327188984
0.05317972394000001
0.05317972394000001
0.05317972394000001
0.053271889660000016
0.053271889660000016
0.05317972376000001
0.05327188966
0.05336405552
0.05327188972
0.05327188972
0.05308755792
0.05299539206000001
0.053087557960000004
0.05299539206000001
0.05317972385999999
0.05317972385999999
0.05308755796
0.05317972382
0.05299539201999999
0.05299539201999999
0.05299539201999999
0.05290322612
0.05290322612
0.052811060179999994
0.05271889428
0.05271889428
0.05271889424
0.05271889424
0.05262672838
0.05253456248000001
0.05253456248000001
0.05253456248000001
0.05253456248000001
0.05253456248000001
0.05244239658000001
0.05235023068000001
0.05235023068000001
0.05225806478000001
0.05216589888000001
0.05216589888000001
0.05216589888000001
0.051889401080000015
0.051889401080000015
0.051981566940000015
0.051889401000000016
0.051889401000000016
0.05179723510000001
0.05179723510000001
0.05170506916000002
0.05170506916000002
0.051612903260000016
0.051520737400000016
0.051520737400000016
0.05142857146000002
0.05142857146000002
0.05133640556000001
0.05133640556000001
0.051244239620000014
0.051244239620000014
0.05115207382000001
0.051244239800000015
0.051244239800000015
0.051152073940000015
0.051244239800000015
0.051244239800000015
0.051244239800000015
0.05115207390000002
0.051059908000000015
0.05115207394000002
0.05115207394000002
0.05124423988000002
0.05124423988000002
0.05124423988000002
0.05124423988000002
0.05124423988000002
0.05124423988000002
0.05105990808000002
0.05096774218000002
0.050875576280000015
0.05078341038000001
0.05078341038000001
0.05078341038000001
0.05078341038000001
0.05087557632000001
0.05096774218000001
0.05096774214000001
0.05096774214000001
0.05096774214000001
0.05078341042000001
0.05087557628000001
0.05096774214000001
0.05096774214000001
0.05096774214000001
0.05096774214000001
0.05105990804000001
0.050967742100000005
0.050967742100000005
0.050967742100000005
0.050967742100000005
0.0508755762
0.0508755762
0.05078341026
0.05078341026
0.050783410300000005
0.050783410300000005
0.050783410300000005
0.050691244440000005
0.050691244440000005
0.05069124448000001
0.05069124448000001
0.05069124448000001
0.05069124448000001
0.05078341034000001
0.050691244400000016
0.050691244400000016
0.050691244400000016
0.05050691252000001
0.05050691252000001
0.05041474658000001
0.05050691244000001
0.05050691244000001
0.05050691244000001
0.05050691244000001
0.05050691244000001
0.05059907830000001
0.05059907830000001
0.050691244240000016
0.05059907834000001
0.05059907834000001
0.05059907834000001
0.05059907834000001
0.05059907834000001
0.050414746580000024
0.05050691248000001
0.05050691248000001
0.05050691248000001
0.05050691248000001
0.05050691248000001
0.05050691248000001
0.05050691248000001
0.05050691248000001
0.050599078380000016
0.050599078380000016
0.050599078380000016
0.050599078380000016
0.050599078380000016
0.050599078380000016
0.050599078380000016
0.050599078380000016
0.050599078380000016
0.050599078380000016
0.050506912520000016
0.050506912520000016
0.050506912520000016
0.050506912520000016
0.050506912520000016
0.050414746580000024
0.050414746580000024
0.050414746580000024
0.050414746580000024
0.050414746580000024
0.050414746580000024
0.050506912520000016
0.050506912520000016
0.050506912520000016
0.050599078460000016
0.050506912600000016
0.050506912600000016
0.050506912600000016
0.050506912600000016
0.050506912600000016
0.05059907850000002
0.05069124436000002
0.05069124436000002
0.05078341030000002
0.05069124436000002
0.05069124436000002
0.05069124436000002
0.05069124436000002
0.05069124436000002
0.05069124436000002
0.05069124436000002
0.05069124436000002
0.05069124436000002
0.05069124436000002
0.05069124436000002
0.05069124436000002
0.05069124436000002
0.05069124436000002
0.05069124436000002
0.05069124436000002
0.05069124436000002
0.05069124436000002
0.05069124436000002
0.05069124436000002
0.05069124436000002
0.05069124436000002
0.05069124436000002
0.05069124436000002
0.05069124436000002
0.05078341026000002
0.05078341030000002
0.05078341030000002
0.05078341030000002
0.05069124436000002
0.05059907850000002
0.05059907850000002
0.05059907850000002
0.05069124436000002
0.05069124436000002
0.05069124436000002
0.050599078460000016
0.05069124440000002
0.05069124440000002
0.05069124440000002
0.05078341034000002
0.05078341034000002
0.05078341034000002
0.05078341034000002
0.05078341034000002
0.05069124444000002
0.05069124444000002
0.05069124444000002
0.05069124444000002
0.05069124444000002
0.05069124444000002
0.050783410380000026
0.050783410380000026
0.050691244520000026
0.050691244520000026
0.050691244520000026
0.050691244520000026
0.050691244520000026
0.050691244520000026
0.050691244520000026
0.050691244520000026
0.05059907862000002
0.05050691276000002
0.05050691276000002
0.050691244560000015
0.050691244560000015
0.050691244560000015
0.050691244560000015
0.050691244560000015
0.050691244560000015
0.050691244560000015
0.050691244560000015
0.050599078700000015
0.050599078700000015
0.050599078700000015
0.050599078700000015
0.050599078700000015
0.050599078700000015
0.050599078700000015
0.050599078700000015
0.050599078700000015
0.050599078700000015
0.050599078700000015
0.050599078700000015
0.050599078700000015
0.050599078700000015
0.050599078700000015
0.050599078700000015
0.05069124460000001
0.05069124460000001
0.050783410500000015
0.050783410500000015
0.050783410500000015
0.050783410500000015
0.050783410500000015
0.050783410500000015
0.050783410500000015
0.050691244560000015
0.050691244560000015
0.050691244560000015
0.050691244560000015
0.050691244560000015
0.050691244560000015
0.050691244560000015
0.05078341046000001
0.05078341046000001
0.05078341046000001
0.05078341046000001
0.05069124456000001
0.05069124456000001
0.05069124456000001
0.05069124456000001
0.05078341046000001
0.05078341046000001
0.05078341046000001
0.05078341046000001
0.05078341046000001
0.05078341046000001
0.05078341046000001
0.05087557632000001
0.050967742220000015
0.05087557628000001
0.05087557628000001
0.05096774218000001
0.05096774218000001
0.05096774218000001
0.05096774218000001
0.05096774218000001
0.05096774218000001
0.05096774218000001
0.05096774218000001
0.05096774218000001
0.051059908080000015
0.051059908080000015
0.051059908080000015
0.051059908080000015
0.051059908080000015
0.051059908080000015
0.05115207398000002
0.05115207398000002
0.05115207398000002
0.05115207398000002
0.05115207398000002
0.05124423984000002
0.05124423984000002
0.05124423984000002
0.05124423984000002
0.05124423984000002
0.05124423984000002
0.05124423984000002
0.05124423984000002
0.05124423984000002
0.05124423984000002
0.05124423984000002
0.05124423984000002
0.05124423984000002
0.05124423984000002
0.05124423984000002
0.05124423984000002
0.05115207390000002
0.05115207390000002
0.05115207390000002
0.05115207390000002
0.05115207390000002
0.05115207390000002
0.05115207390000002
0.05115207390000002
0.05115207390000002
0.05115207390000002
0.05115207390000002
0.05115207390000002
0.05115207390000002
0.05115207390000002
0.05115207390000002
0.05115207390000002
0.05115207390000002
0.05115207390000002
0.051244239840000025
0.051244239840000025
0.051336405700000025
0.051520737420000025
0.051520737420000025
0.051612903280000025
0.05152073738000002
0.05152073738000002
0.05152073738000002
0.05142857148000002
0.05142857148000002
0.05142857148000002
0.05142857148000002
0.05142857148000002
0.05142857148000002
0.05142857148000002
0.05142857148000002
0.05142857148000002
0.05142857148000002
0.05142857148000002
0.05142857148000002
0.05142857148000002
0.051520737380000015
0.051612903240000015
0.051612903240000015
0.051612903240000015
0.051612903240000015
0.051705069100000015
0.051705069100000015
0.051705069100000015
0.05161290320000001
0.051705069100000015
0.051705069100000015
0.05179723504000001
0.05179723504000001
0.05188940090000001
0.05188940090000001
0.05188940090000001
0.05188940090000001
0.05188940090000001
0.05188940090000001
0.05188940090000001
0.05188940090000001
0.05188940090000001
0.05188940090000001
0.05188940090000001
0.05188940090000001
0.05188940090000001
0.05188940090000001
0.05188940090000001
0.05198156676000001
0.05198156676000001
0.05198156676000001
0.05198156676000001
0.05198156676000001
0.05198156676000001
0.05198156676000001
0.05198156676000001
0.05198156676000001
0.05198156676000001
0.05198156676000001
0.05198156676000001
0.05198156676000001
0.05198156676000001
0.05198156676000001
0.051889400820000015
0.05198156676000001
0.05198156676000001
0.05198156676000001
0.05198156676000001
0.05198156676000001
0.05198156676000001
0.05198156676000001
0.05198156676000001
0.05207373266000001
0.05207373266000001
0.05216589852000001
0.05216589852000001
0.05216589852000001
0.05216589852000001
0.05216589852000001
0.05216589852000001
0.05216589852000001
0.05216589852000001
0.05216589852000001
0.05216589852000001
0.05216589852000001
0.05216589852000001
0.05216589852000001
0.05216589852000001
0.05216589852000001
0.05216589852000001
0.05216589852000001
0.05216589852000001
0.052165898480000014
0.052258064420000014
0.052258064420000014
0.052258064420000014
0.052258064420000014
0.052258064420000014
0.05235023032000001
0.05235023032000001
0.05235023032000001
0.05235023032000001
0.05235023032000001
0.05235023032000001
0.05225806446000001
0.05225806446000001
0.05225806446000001
0.05225806446000001
0.05225806446000001
0.05225806446000001
0.05225806446000001
0.05235023040000002
0.05235023040000002
0.05235023040000002
0.05235023040000002
0.05235023040000002
0.05235023040000002
0.052258064500000014
0.052258064500000014
0.052258064500000014
0.052258064500000014
0.052258064500000014
0.052258064500000014
0.052258064500000014
0.052258064500000014
0.052258064500000014
0.052258064500000014
0.052258064500000014
0.052258064500000014
0.052258064500000014
0.052258064500000014
0.0523502304
0.0523502304
0.0523502304
0.0523502304
0.05244239626
0.05244239626
0.05244239626
0.05244239626
0.05244239626
0.05244239626
0.05244239626
0.05244239626
0.05253456220000001
0.05253456220000001
0.05281105986000001
0.05281105986000001
0.05281105986000001
0.05281105986000001
0.05281105986000001
0.05281105986000001
0.05281105986000001
0.05281105986000001
0.05281105986000001
0.05281105986000001
0.05281105986000001
0.052903225800000016
0.05299539170000002
0.05308755764000002
0.05317972354000001
0.05336405534000001
0.05336405534000001
0.05336405534000001
0.05336405534000001
0.05336405534000001
0.05336405534000001
0.05336405534000001
0.05336405534000001
0.05336405534000001
0.05336405534000001
0.05336405534000001
0.053456221280000014
0.053456221280000014
0.053456221280000014
0.05354838718000002
0.05354838718000002
0.05354838718000002
0.05354838718000002
0.05354838718000002
0.05354838718000002
0.05354838718000002
0.05354838718000002
0.05354838718000002
0.05354838718000002
0.05354838718000002
0.05354838718000002
0.05354838718000002
0.05354838718000002
0.053548387140000014
0.053548387140000014
0.053548387140000014
0.053548387140000014
0.05364055308000002
0.05364055308000002
0.05364055308000002
0.05364055308000002
0.05364055308000002
0.053732719020000014
0.05382488496000001
0.05382488496000001
0.05382488496000001
0.05382488496000001
0.05391705086000002
0.05391705086000002
0.05391705086000002
0.05391705086000002
0.05391705086000002
0.05391705086000002
0.05391705086000002
0.05391705086000002
0.054009216720000024
0.054009216720000024
0.054009216720000024
0.054009216720000024
0.054009216720000024
0.05410138262000002
0.05410138262000002
0.05410138262000002
0.05410138262000002
0.05410138262000002
0.05410138262000002
0.05410138262000002
0.05410138262000002
0.05410138262000002
0.05410138262000002
0.05410138254000002
0.05400921664000002
0.05400921664000002
0.05400921664000002
0.05400921664000002
0.05410138250000002
0.05410138250000002
0.05410138250000002
0.05419354844000002
0.05428571424000002
0.05428571424000002
0.05428571424000002
0.05437788014000002
0.05437788014000002
0.05437788014000002
0.05447004608000002
0.05447004608000002
0.05447004608000002
0.05447004608000002
0.05456221194000002
0.05456221194000002
0.05456221194000002
0.05456221194000002
0.05456221194000002
0.05456221194000002
0.05456221194000002
0.05456221198000002
0.05456221198000002
0.05456221198000002
0.05456221198000002
0.05456221198000002
0.05456221198000002
0.05456221198000002
0.05465437788000002
0.05465437788000002
0.05465437788000002
0.05465437788000002
0.05465437788000002
0.05465437788000002
0.054746543820000014
0.054746543820000014
0.054746543820000014
0.054746543820000014
0.054746543820000014
0.054746543820000014
0.054746543820000014
0.054746543820000014
0.054746543820000014
0.054746543820000014
0.054746543820000014
0.054746543820000014
0.054746543820000014
0.054746543820000014
0.054746543820000014
0.054746543820000014
0.054746543820000014
0.054746543820000014
0.054746543820000014
0.054746543820000014
0.054746543820000014
0.054746543820000014
0.054746543820000014
0.05483870972000002
0.05483870972000002
0.05483870972000002
0.05483870972000002
0.05493087562000002
0.05483870972000002
0.05483870972000002
0.05483870972000002
0.05483870972000002
0.05483870972000002
0.05483870972000002
0.05483870972000002
0.05483870972000002
0.05483870972000002
0.05483870972000002
0.05493087566000002
0.05493087566000002
0.05493087566000002
0.05493087566000002
0.05502304160000002
0.05502304160000002
0.05502304160000002
0.05502304160000002
0.05502304160000002
0.05502304160000002
0.05502304160000002
0.05502304160000002
0.05502304160000002
0.05502304160000002
0.05502304160000002
0.05502304160000002
0.05502304160000002
0.05502304160000002
0.05502304160000002
0.05502304160000002
0.05502304160000002
0.05493087574000002
0.05493087574000002
0.05502304160000002
0.05502304160000002
0.05502304160000002
0.05502304160000002
0.05502304160000002
0.05502304160000002
0.05511520754000001
0.05511520754000001
0.05511520754000001
0.05511520754000001
0.05511520754000001
0.05520737340000001
0.05520737340000001
0.05520737340000001
0.05520737340000001
0.05520737340000001
0.05511520750000001
0.05511520750000001
0.05511520750000001
0.05511520750000001
0.05511520750000001
0.05511520750000001
0.05511520750000001
0.05511520750000001
0.05511520750000001
0.05529953930000002
0.05539170524000002
0.05539170524000002
0.05539170524000002
0.05539170524000002
0.05539170524000002
0.05539170524000002
0.05548387118000002
0.05548387118000002
0.05548387118000002
0.05548387118000002
0.05548387118000002
0.05548387118000002
0.05548387118000002
0.05548387118000002
0.05548387118000002
0.05548387118000002
0.05548387118000002
0.05548387118000002
0.05548387118000002
0.05557603708000002
0.05557603708000002
0.05557603708000002
0.05557603708000002
0.05557603708000002
0.05557603708000002
0.05557603708000002
0.05557603708000002
0.055668202980000026
0.055668202980000026
0.055668202980000026
0.055668202980000026
0.055668202980000026
0.055668202980000026
0.055668202980000026
0.055668202980000026
0.055668202980000026
0.055668202980000026
0.055668202980000026
0.055668202980000026
0.05576036892000002
0.05576036892000002
0.05576036892000002
0.05576036892000002
0.05576036892000002
0.05576036892000002
0.05576036892000002
0.05576036892000002
0.05576036892000002
0.055668202980000026
0.055668202980000026
0.055668202980000026
0.055668202980000026
0.055668202980000026
0.05576036892000002
0.05576036892000002
0.05585253482000002
0.05585253482000002
0.05585253482000002
0.05585253482000002
0.05585253482000002
