0.49410138680000004
0.3547465470000001
0.29170507172
0.21861751366000004
0.16857143015999995
0.13972350339999998
0.12589861908000002
0.11428571454000004
0.10626728161999997
0.09990783580000001
0.09686635960000001
0.09364055338
0.09096774196
0.08894009266000001
0.08599078482000001
0.08396313504000004
0.08184331916000001
0.08000000060000001
0.07788018506000002
0.07594470106000001
0.07391705102000003
0.07235023042000004
0.07115207436000003
0.06940092222000004
0.06829493148000002
0.06728110662000002
0.06617511568000002
0.06470046138000002
0.06294930912
0.062027650260000025
0.06110599102000002
0.05999999994000002
0.05944700440000002
0.05852534542000001
0.05751152080000001
0.05686635950000002
0.05566820300000001
0.05557603716000003
0.05520737364000002
0.05465437824000002
0.05410138284000002
0.05364055340000001
0.05336405560000002
0.05281106024000002
0.052534562460000024
0.052165898980000035
0.05207373298000003
0.05152073760000003
0.051244240000000024
0.051152073980000025
0.05124423976000002
0.051336405620000025
0.05133640554000002
0.05133640566000002
0.05115207386000002
0.05105990796000002
0.05069124428000002
0.05032258068000002
0.05023041476000002
0.04995391706000001
0.049861751160000016
0.049769585300000016
0.049769585300000016
0.049861751160000016
0.049769585300000016
0.049769585300000016
0.049677419500000014
0.04976958544000002
0.04995391724000002
0.05004608310000002
0.050322580800000016
0.05023041490000003
0.05023041490000003
0.05032258072000003
0.05023041482000003
0.05032258068000003
0.05041474658000003
0.05050691252000003
0.050506912520000016
0.050599078380000016
0.05050691248000001
0.05032258060000002
0.050230414660000014
0.050138248800000014
0.04986175098
0.05004608278000001
0.05004608278000001
0.04995391692000001
0.05013824880000001
0.050138248880000014
0.050138248880000014
0.050138248880000014
0.050138248880000014
0.050230414740000014
0.05023041466000001
0.05023041466000001
0.05023041470000001
0.050322580480000004
0.050414746419999996
0.050506912279999996
0.050414746419999996
0.05059907826
0.05059907826
0.05078341010000001
0.05087557604000001
0.05087557600000001
0.0509677419
0.051336405660000015
0.05142857160000002
0.051520737500000025
0.05142857160000002
0.05152073750000001
0.05152073750000001
0.05152073750000001
0.05152073750000001
0.05152073750000001
0.05170506930000002
0.05170506926000001
0.05188940092000001
0.05198156682000001
0.05198156682000001
0.05198156682000001
0.05207373268000001
0.05216589854000001
0.05235023026000001
0.05244239620000001
0.05235023034000002
0.05235023034000002
0.05235023034000002
0.052626728120000014
0.05271889406000002
0.052626728120000014
0.05262672820000002
0.05262672820000002
0.05271889406000002
0.05271889406000002
0.05271889406000002
0.05271889406000002
0.05281105992000002
0.05290322582000002
0.05281105996000002
0.05299539176000002
0.053087557700000024
0.053087557700000024
0.053087557700000024
0.053087557700000024
0.05317972360000003
0.053179723640000016
0.05345622130000002
0.05354838716000002
0.05364055306000002
0.05364055306000002
0.05364055306000002
0.05373271892000002
0.05373271892000002
0.05382488482000002
0.05382488482000002
0.054101382480000015
0.054101382480000015
0.054101382480000015
0.05419354838000002
0.05410138244000001
0.05428571424000002
0.05428571424000002
0.05428571424000002
0.05437788014000002
0.054470046040000025
0.05456221194000002
0.054746543740000014
0.054746543740000014
0.054746543740000014
0.054746543740000014
0.05474654378000002
0.05474654378000002
0.05474654378000002
0.05465437788000003
0.05465437788000003
0.05465437788000003
0.05474654378000003
0.05474654378000003
0.05483870968000002
0.05483870968000002
0.054930875580000024
0.054930875580000024
0.05511520742000003
0.05511520742000003
0.055207373360000034
0.05539170524000004
0.05539170524000004
0.05557603700000004
0.05557603700000004
0.05557603700000004
0.05566820272000003
0.05566820272000003
0.05566820272000003
0.05566820272000003
0.05576036866000003
0.055852534560000035
0.055852534560000035
0.055944700500000034
0.055944700500000034
0.056036866440000034
0.056405530040000026
0.056405530040000026
0.056405530040000026
0.05668202768000003
0.056774193580000035
0.056774193580000035
0.05695852546000004
0.05695852546000004
0.05714285734000003
0.05723502324000003
0.05723502324000003
0.057327189180000036
0.057327189180000036
0.05741935498000004
0.05741935498000004
0.05760368668000004
0.05788018432000003
0.05797235022000003
0.05797235022000003
0.05806451608000003
0.058156681980000034
0.05834101382000004
0.05834101382000004
0.05834101382000004
0.058433179720000034
0.05852534566000003
0.05861751156000004
0.05870967746000003
0.05870967746000003
0.05898617510000003
0.05907834096000003
0.05907834096000003
0.059170506860000034
0.059170506860000034
0.059170506860000034
0.059170506860000034
0.059170506860000034
0.05926267276000004
0.05926267276000004
0.05935483856000004
0.05935483856000004
0.05935483856000004
0.05935483856000004
0.05935483856000004
0.05935483856000004
0.05935483856000004
0.05935483856000004
0.05935483856000004
0.05935483856000004
0.05935483856000004
0.05944700446000004
0.05944700446000004
0.05944700446000004
0.05963133616000004
0.05963133616000004
0.05963133616000004
0.05963133616000004
0.05963133616000004
0.05990783370000004
0.05990783370000004
0.05990783370000004
0.05999999960000003
0.06009216550000003
0.06018433140000003
0.06018433140000003
0.06018433140000003
0.060276497340000026
0.060276497340000026
0.060276497340000026
0.060276497340000026
0.060276497340000026
0.06036866324000003
0.06055299514000003
0.060645161040000034
0.060645161040000034
0.060645161040000034
0.060645161040000034
0.060645161040000034
0.060645161040000034
0.060645161040000034
0.060645161040000034
0.060737326980000034
0.060737326980000034
0.060829492780000036
0.060737326980000034
0.06082949288000003
0.06082949288000003
0.06082949288000003
0.06082949288000003
0.06082949288000003
0.06082949288000003
0.06082949288000003
0.06082949288000003
0.06092165882000002
0.061013824720000026
0.061013824720000026
0.061013824720000026
0.061013824720000026
0.06110599062000003
0.06129032252000002
0.06129032252000002
0.06129032252000002
0.06138248842000003
0.06165898626000002
0.06165898626000002
0.06165898626000002
0.06165898626000002
0.061751152160000024
0.061751152160000024
0.061751152160000024
0.061751152160000024
0.061751152160000024
0.061751152160000024
0.061751152160000024
0.061751152160000024
0.06184331806000003
0.06184331806000003
0.06184331806000003
0.06184331806000003
0.06184331806000003
0.06193548396000003
0.06193548396000003
0.06193548396000003
0.06193548396000003
0.06193548396000003
0.06193548396000003
0.06193548396000003
0.06193548396000003
0.06211981586000004
0.06211981576000004
0.06211981576000004
0.06211981576000004
0.06221198170000004
0.06221198170000004
0.06221198170000004
0.06221198170000004
0.06221198170000004
0.06230414760000004
0.062396313400000035
0.062396313400000035
0.062396313400000035
0.062396313400000035
0.062396313400000035
0.062396313400000035
0.06248847930000003
0.06248847930000003
0.06248847930000003
0.06248847930000003
0.06248847930000003
0.06248847930000003
0.06239631330000003
0.06239631330000003
0.06239631330000003
0.062304147500000025
0.06239631340000003
0.06239631340000003
0.06248847930000002
0.06248847930000002
0.06267281110000002
0.06276497700000001
0.06276497700000001
0.06276497700000001
0.06276497700000001
0.06276497700000001
0.06276497700000001
0.06285714280000002
0.0627649769
0.0627649769
0.06285714280000002
0.06294930870000001
0.06313364040000001
0.06313364040000001
0.06313364040000001
0.0632258063
0.0632258063
0.0632258063
0.06331797210000001
0.06331797210000001
0.06331797210000001
0.06331797210000001
0.06341013800000002
0.06341013800000002
0.06341013800000002
0.06341013800000002
0.06341013800000002
0.06341013800000002
0.06341013800000002
0.06341013800000002
0.06341013800000002
0.06341013800000002
0.06341013800000002
0.06341013800000002
0.06341013800000002
0.06341013800000002
0.06341013800000002
0.06359446980000001
0.06368663570000002
0.06377880160000002
0.06377880160000002
0.06377880160000002
0.06377880160000002
0.06377880160000002
0.06377880160000002
0.06377880160000002
0.06377880160000002
0.06377880160000002
0.06387096740000002
0.06387096740000002
0.06387096740000002
0.06387096740000002
0.06387096740000002
0.06387096740000002
0.06387096740000002
0.06387096740000002
0.06387096740000002
0.06387096740000002
0.06387096740000002
0.06387096740000002
0.06387096740000002
0.06396313320000002
0.06396313320000002
0.06396313320000002
0.06396313320000002
0.06414746500000003
0.06414746500000003
0.06414746500000003
0.06414746500000003
0.06414746500000003
0.06414746500000003
0.06414746500000003
0.06414746500000003
0.06414746500000003
0.06414746500000003
0.06414746500000003
0.06405529920000003
0.06405529920000003
0.06405529920000003
0.06405529920000003
0.06414746500000003
0.06414746500000003
0.06414746500000003
0.06405529910000002
0.06405529910000002
0.06405529910000002
0.06405529910000002
0.06396313320000002
0.06396313320000002
0.06396313320000002
0.06423963100000002
0.06433179700000002
0.06433179700000002
0.06442396280000003
0.06442396280000003
0.06442396280000003
0.06442396280000003
0.06442396280000003
0.06442396280000003
0.06442396280000003
0.06451612870000002
0.06451612870000002
0.06451612870000002
0.06451612870000002
0.06460829460000002
0.06460829460000002
0.06460829460000002
0.06460829460000002
0.06460829460000002
0.06460829460000002
0.06460829460000002
0.06460829460000002
0.06460829460000002
0.06460829460000002
0.06460829460000002
0.06460829460000002
0.06451612880000002
0.06451612880000002
0.06451612880000002
0.06451612880000002
0.06460829470000001
0.06460829470000001
0.0647004607
0.06460829480000001
0.06470046060000001
0.06470046060000001
0.06470046060000001
0.06470046060000001
0.06470046060000001
0.06479262640000001
0.06460829466000001
0.06460829466000001
0.06460829466000001
0.06451612886000001
0.06451612886000001
0.06442396296
0.06442396296
0.06442396296
0.06433179706
0.06423963116000002
0.06423963116000002
0.06423963116000002
0.06423963116000002
0.06423963116000002
0.06414746526000001
0.06414746526000001
0.06414746526000001
0.06405529936000001
0.06414746516000001
0.06414746516000001
0.06414746516000001
0.06405529916000002
0.06405529916000002
0.06405529916000002
0.06405529916000002
0.06405529916000002
0.06405529916000002
0.06405529916000002
0.06405529916000002
0.06405529916000002
0.06405529916000002
0.06405529916000002
0.06414746506
0.06414746506
0.06423963096
0.06423963096
0.06423963096
0.06423963096
0.06423963096
0.06414746496
0.06414746496
0.06414746496
0.06414746496
0.06414746496
0.06414746496
0.06414746496
0.06414746496
0.06414746496
0.06414746496
0.06414746496
0.06414746496
0.06423963086000001
0.06414746492000001
0.06414746492000001
0.06414746492000001
0.06414746492000001
0.06414746492000001
0.06423963072000001
0.06433179662
0.06433179662
0.06433179662
0.06433179662
0.06433179662
0.06433179662
0.06433179662
0.06433179658
0.06442396238
0.06442396238
0.06451612818
0.06451612818
0.06451612818
0.06451612818
0.06451612818
0.06451612818
0.06451612818
0.06451612818
0.06460829418000001
0.06460829418000001
0.06460829418000001
0.06460829418000001
0.06460829418000001
0.06460829418000001
0.06460829418000001
0.06470046008000002
0.06470046008000002
0.06470046008000002
0.06470046008000002
0.06470046008000002
0.06470046008000002
0.06470046008000002
0.06470046008000002
0.06470046008000002
0.06470046008000002
0.06470046008000002
0.06470046008000002
0.06470046008000002
0.06470046008000002
0.06470046008000002
0.06460829414000002
0.06470045994000002
0.06470045994000002
0.06479262584000002
0.06479262584000002
0.06479262584000002
0.06479262584000002
0.06479262584000002
0.06479262584000002
0.06479262584000002
0.06479262584000002
0.06479262584000002
0.06479262584000002
0.06479262584000002
0.06479262584000002
0.06488479164000002
0.06488479164000002
0.06488479164000002
0.06488479164000002
0.06488479164000002
0.06488479164000002
0.06488479164000002
0.06488479164000002
0.06488479164000002
0.06488479164000002
0.06488479164000002
0.06479262584000002
0.06479262584000002
0.06479262584000002
0.06479262584000002
0.06479262584000002
0.06479262584000002
0.06488479174000002
0.06488479174000002
0.06488479174000002
0.06488479174000002
0.06488479174000002
0.06488479174000002
0.06488479174000002
0.06488479174000002
0.06488479174000002
0.06488479174000002
0.06488479174000002
0.06488479174000002
0.06479262584000002
0.06479262584000002
0.06479262584000002
0.06479262584000002
0.06479262584000002
0.06479262584000002
0.06479262584000002
0.06479262584000002
0.06479262584000002
0.06479262584000002
0.06488479178
0.06488479178
0.06488479178
0.06488479178
0.06488479178
0.06488479178
0.06488479178
0.06488479178
0.06488479178
0.06488479178
0.06488479178
0.06488479178
0.06488479178
0.06488479178
0.06488479178
0.06488479178
0.06488479178
0.06488479178
0.06488479178
0.06488479178
0.06479262588000002
0.06479262588000002
0.06479262588000002
0.06479262588000002
0.06460829408000003
0.06460829408000003
0.06460829408000003
0.06460829408000003
0.06460829408000003
0.06460829408000003
0.06451612818000002
0.06451612818000002
0.06451612818000002
0.06451612818000002
0.06451612818000002
0.06451612818000002
0.06451612818000002
0.06442396228000004
0.06442396228000004
0.06442396228000004
0.06442396228000004
0.06442396228000004
0.06442396228000004
0.06451612828000003
0.06451612828000003
0.06451612828000003
0.06451612828000003
0.06451612828000003
0.06451612828000003
0.06451612828000003
0.06451612828000003
0.06442396238000003
0.06442396238000003
0.06442396238000003
0.06442396238000003
0.06442396238000003
0.06451612832000003
0.06451612832000003
0.06451612832000003
0.06451612832000003
0.06451612832000003
0.06451612832000003
0.06451612832000003
0.06451612832000003
0.06451612832000003
0.06451612832000003
0.06460829422000003
0.06460829422000003
0.06460829422000003
0.06460829422000003
0.06460829422000003
0.06460829422000003
0.06460829422000003
0.06451612822000002
0.06451612822000002
0.06451612822000002
0.06451612822000002
0.06451612822000002
0.06451612822000002
0.06451612822000002
0.06451612822000002
0.06442396232000003
0.06442396232000003
0.06442396232000003
0.06442396232000003
0.06442396232000003
0.06442396232000003
0.06442396232000003
0.06442396232000003
0.06442396232000003
0.06451612822000002
0.06442396242000002
0.06442396242000002
0.06442396242000002
0.06433179652000001
0.06423963062000002
0.06423963062000002
0.06423963062000002
0.06423963062000002
0.06423963062000002
0.06423963062000002
0.06423963062000002
0.06423963062000002
0.06414746468000002
0.06414746468000002
0.06414746468000002
0.06405529878000002
0.06405529878000002
0.06405529878000002
0.06405529878000002
0.06396313284000002
0.06396313284000002
0.06396313284000002
0.06396313284000002
0.06387096704000002
0.06377880104000001
0.06377880104000001
0.06377880104000001
0.06377880104000001
0.06377880104000001
0.06368663514000002
0.06368663514000002
0.06368663514000002
0.06368663514000002
0.06368663514000002
0.06368663514000002
0.06368663514000002
0.06368663514000002
0.06368663514000002
0.06368663514000002
0.06359446934000001
0.06359446934000001
0.06359446934000001
0.06341013774000001
0.06341013774000001
0.06341013774000001
0.06341013774000001
0.06341013774000001
0.06341013774000001
0.06322580584000001
0.06322580584000001
0.06322580584000001
0.06322580584000001
0.06322580584000001
0.06322580584000001
0.06322580584000001
0.06322580584000001
0.06322580584000001
0.06313363994000003
0.06313363994000003
0.06313363994000003
0.06313363994000003
0.06313363994000003
0.06322580584000002
0.06322580584000002
0.06322580584000002
0.06322580584000002
0.06322580584000002
0.06322580584000002
0.06322580584000002
0.06322580584000002
0.06322580584000002
0.06313363994000003
0.06313363994000003
0.06313363994000003
0.06313363994000003
0.06313363994000003
0.06322580584000001
0.06322580584000001
0.06322580584000001
0.06322580584000001
0.06322580584000001
0.06313363984000002
0.06322580574000002
0.06331797164000001
0.06331797164000001
0.06331797164000001
0.06331797164000001
0.06331797164000001
0.06331797164000001
0.06331797164000001
0.06322580574
0.06322580574
0.06322580574
0.06322580574
0.06322580574
0.06322580574
0.06322580574
0.06322580574
0.06322580574
0.06322580574
0.06331797164000001
0.06322580574
0.06322580574
0.06322580574
0.06322580574
0.06322580574
0.06322580574
0.06322580574
0.06322580574
0.06322580574
0.06313363984000002
0.06313363984000002
0.06304147394000001
0.06304147394000001
0.06304147394000001
0.06304147394000001
0.06304147394000001
0.06304147394000001
0.06304147394000001
0.06294930814000002
0.06304147408
0.06304147408
0.06304147408
0.06304147408
0.06304147408
0.06304147408
0.06313363998
0.06313363998
0.06313363998
0.06313363998
0.06313363998
0.06304147404
0.06304147404
0.06294930810000002
0.06304147404
0.06304147404
0.06304147404
0.06304147404
0.06304147404
0.06304147404
0.06304147404
0.06304147404
0.06304147404
0.06313363994000001
0.06313363994000001
0.06304147414000001
0.06304147414000001
0.06304147414000001
0.06313364004000001
0.06304147414000001
0.06304147414000001
0.06304147414000001
0.06304147414000001
0.06304147414000001
0.06304147414000001
0.06304147414000001
0.06304147414000001
0.06304147414000001
0.06313364014000002
0.06313364014000002
0.06322580608
0.06322580608
0.06322580608
0.06322580608
0.06322580608
0.06322580608
0.06322580608
0.06322580608
0.06322580608
0.06322580608
0.06322580608
0.06322580608
0.06322580608
0.06322580608
0.06322580608
0.06322580608
0.06322580608
0.06322580608
0.06313364018
0.06313364018
0.06313364018
0.06313364018
0.06313364018
0.06313364018
0.06313364018
0.06313364018
0.06313364018
0.06313364018
0.06313364018
0.06322580612
0.06322580612
0.06322580612
0.06322580612
0.06322580612
0.06322580612
0.06322580612
0.06322580612
0.06322580612
0.06322580612
0.06322580612
0.06322580612
0.06331797192000001
0.06331797192000001
0.06331797192000001
0.06331797192000001
0.06331797192000001
0.06331797192000001
0.06322580602
0.06322580602
0.06313364012000001
0.06313364012000001
0.06313364012000001
0.06304147422
0.06304147422
0.06304147422
0.06304147422
0.06313364012000001
0.06313364012000001
0.06313364012000001
0.06313364012000001
0.06313364012000001
0.06313364012000001
0.06313364012000001
0.06313364012000001
0.06313364012000001
0.06313364012000001
0.06304147422000002
0.06313364012000001
0.06304147432000001
0.06304147432000001
0.06304147432000001
0.06322580602000002
0.06331797192000002
0.06331797192000002
0.06331797192000002
0.06331797192000002
0.06331797192000002
0.06331797192000002
0.06331797192000002
0.06331797192000002
0.06331797192000002
0.06331797192000002
0.06331797192000002
0.06331797192000002
0.06331797192000002
0.06331797192000002
0.06331797212000001
0.06331797212000001
0.06331797212000001
0.06313364042000001
0.06313364042000001
0.06304147452
0.06304147452
0.06304147452
0.06304147452
0.06304147452
0.06304147452
0.06304147452
0.06304147452
0.06304147452
0.06304147452
0.06304147452
0.06294930862
0.06267281092000002
0.06267281092000002
0.06267281092000002
0.06267281092000002
0.06267281092000002
