0.47410138739999996
0.3608294940000001
0.285898618
0.22930875667999995
0.18829493095999994
0.15852534560000003
0.14331797311999994
0.13566820329999998
0.12764977025999996
0.12451612898
0.12147465481999997
0.11898617526000001
0.11686635948000001
0.11391705142
0.11142857225999998
0.11004608418
0.10801843472000001
0.10552995556000001
0.10368663708000003
0.10193548516000002
0.10110599246000002
0.09963133764000003
0.09824884876000003
0.09723502338000005
0.09502304242000002
0.09382488624000004
0.09271889524000004
0.09069124486000003
0.08903225854
0.08764976964
0.08691244268000002
0.08589861816000002
0.08451612956000001
0.08396313456000003
0.08285714378000003
0.08211981628000004
0.08110599180000005
0.08027649840000003
0.07889400950000006
0.07806451650000004
0.07714285766000004
0.07612903266000001
0.07576036916000001
0.07400921738000002
0.07317972424000004
0.07235023068000002
0.07188940118000002
0.07124423988000003
0.07041474708000003
0.06986175174000002
0.06921659020000002
0.06811059960000002
0.06774193596000001
0.06718894050000002
0.06682027704000001
0.06635944768000002
0.06562212048000002
0.06562212042000001
0.06516129092000003
0.06460829524000004
0.06387096796000004
0.06368663618000002
0.06341013854000002
0.06313364080000003
0.062396313540000026
0.06184331796000003
0.061105990680000034
0.06082949298000004
0.06036866332000002
0.05999999988000002
0.05953917072000003
0.05907834094000003
0.05953917030000002
0.05953917036000003
0.05926267270000002
0.05889400890000002
0.05889400890000001
0.05815668206000001
0.05760368652000001
0.057603686480000006
0.057235023080000016
0.05705069118000001
0.056774193340000015
0.056405529780000026
0.05640552988000002
0.05640552988000002
0.05603686624000002
0.05576036850000002
0.05585253454000002
0.056129032240000015
0.05585253458000002
0.055760368740000024
0.05539170502000002
0.05529953916000001
0.055115207360000015
0.05502304170000001
0.05465437806000002
0.05437788032000002
0.05410138262000003
0.05410138262000003
0.05373271902000003
0.053732718980000024
0.053548387180000025
0.05354838722000003
0.05336405542000003
0.05345622128000003
0.053271889560000035
0.05317972362000003
0.052995391780000026
0.052718894000000016
0.052718894080000016
0.052626728220000016
0.05244239646000002
0.05244239646000002
0.05225806470000002
0.05216589880000003
0.052258064740000026
0.05235023068000002
0.05235023068000002
0.05216589888000001
0.052258064780000016
0.052258064780000016
0.052258064780000016
0.05216589884000001
0.05216589884000001
0.05198156704000002
0.05179723528000001
0.05142857168000001
0.05142857168000001
0.05142857168000001
0.05115207398000001
0.05115207398000001
0.051244239920000004
0.051244239920000004
0.05124423996000001
0.05124423996000001
0.051152074020000014
0.051152074020000014
0.051244239880000014
0.05115207398000001
0.05105990808000001
0.05096774210000001
0.05087557624000001
0.05087557624000001
0.050691244440000005
0.050691244440000005
0.050691244440000005
0.050691244440000005
0.050506912720000005
0.05041474678000001
0.05041474678000001
0.05032258092000001
0.050322581000000005
0.050230415100000016
0.050230415100000016
0.050230415100000016
0.05032258104000001
0.050230415100000016
0.050230415100000016
0.050230415100000016
0.050230415100000016
0.050230415100000016
0.050230415100000016
0.050138249160000016
0.050138249160000016
0.050138249160000016
0.05004608322000001
0.04995391732000001
0.04995391732000001
0.04995391732000001
0.04995391732000001
0.04995391732000001
0.05004608318000001
0.049953917240000006
0.04986175134000001
0.049953917240000006
0.049953917240000006
0.049953917240000006
0.049953917240000006
0.049953917240000006
0.05004608314000001
0.05004608314000001
0.05004608314000001
0.04995391728000001
0.04995391728000001
0.04995391728000001
0.0499539172
0.04986175126000001
0.04986175126000001
0.04986175126000001
0.04986175126000001
0.04976958532000001
0.04976958532000001
0.04976958532000001
0.04976958532000001
0.04976958532000001
0.049861751220000014
0.049953917080000014
0.049953917080000014
0.04986175118000001
0.04986175118000001
0.049861751220000014
0.04995391716000002
0.05013824900000001
0.05013824900000001
0.05013824900000001
0.05013824900000001
0.05004608306000002
0.05004608306000002
0.05004608306000002
0.05004608306000002
0.050138248960000006
0.050138248960000006
0.050230414820000006
0.050138248880000014
0.050138248880000014
0.05013824892000002
0.05013824892000002
0.05013824892000002
0.05013824892000002
0.05013824892000002
0.05013824892000002
0.05013824892000002
0.05013824892000002
0.05013824892000002
0.05013824892000002
0.05013824892000002
0.05023041478000002
0.05023041478000002
0.05023041478000002
0.05013824884000002
0.05013824884000002
0.05013824884000002
0.05013824884000002
0.05004608290000001
0.049953917000000014
0.049953917000000014
0.049953917000000014
0.049953917000000014
0.049953917000000014
0.049953917000000014
0.049861751140000014
0.04995391704000001
0.050046082940000014
0.050046082940000014
0.050046082940000014
0.050138248800000014
0.050138248800000014
0.050230414660000014
0.05032258056000002
0.05050691236000002
0.05050691236000002
0.05050691236000002
0.05050691236000002
0.05050691236000002
0.05050691236000002
0.050599078260000006
0.05078341006000001
0.05078341006000001
0.05078341006000001
0.05087557600000001
0.05087557600000001
0.05087557600000001
0.05087557600000001
0.05087557600000001
0.05087557600000001
0.05087557600000001
0.05087557600000001
0.05078341006000001
0.05078341006000001
0.05078341006000001
0.05078341006000001
0.05078341006000001
0.05078341006000001
0.05078341006000001
0.05078341006000001
0.05087557592000001
0.05087557592000001
0.05096774178000001
0.05096774178000001
0.05096774178000001
0.05105990772000001
0.05105990772000001
0.05105990772000001
0.05105990772000001
0.05105990772000001
0.05105990772000001
0.05105990772000001
0.05105990772000001
0.05096774186000001
0.05096774186000001
0.05105990772000001
0.051152073620000016
0.051152073620000016
0.051152073620000016
0.051152073620000016
0.051152073620000016
0.051244239480000016
0.05133640542000002
0.05142857128000002
0.05142857128000002
0.051520737220000015
0.051520737220000015
0.051520737220000015
0.051612903080000015
0.051612903080000015
0.051612903080000015
0.051612903080000015
0.051612903080000015
0.051612903080000015
0.051612903080000015
0.051612903080000015
0.051612903080000015
0.05170506902000002
0.05170506902000002
0.05179723492000002
0.05179723492000002
0.05198156668000002
0.05188940078000002
0.05188940078000002
0.05188940078000002
0.05188940078000002
0.05188940078000002
0.05188940078000002
0.05188940078000002
0.05179723484000002
0.05179723484000002
0.05179723484000002
0.05188940074000002
0.05188940074000002
0.05188940074000002
0.05188940074000002
0.05188940074000002
0.05216589852000002
0.05225806438000002
0.05225806438000002
0.05225806438000002
0.05225806438000002
0.05225806438000002
0.05225806438000002
0.05225806438000002
0.052350230320000024
0.052350230320000024
0.052442396260000024
0.052442396260000024
0.05253456220000002
0.05253456220000002
0.05253456220000002
0.05253456220000002
0.05253456220000002
0.05262672814000003
0.05262672814000003
0.05262672814000003
0.05262672814000003
0.05262672814000003
0.05262672814000003
0.05262672814000003
0.05262672814000003
0.05271889400000003
0.05271889400000003
0.05271889400000003
0.05271889400000003
0.05281105986000003
0.05290322576000003
0.05290322576000003
0.052995391700000026
0.052995391700000026
0.05290322576000002
0.05290322576000002
0.05299539166000002
0.05299539166000002
0.05299539166000002
0.05299539166000002
0.05308755760000002
0.05317972346000002
0.05317972346000002
0.05317972346000002
0.05317972346000002
0.05317972346000002
0.05317972346000002
0.05317972346000002
0.05336405526000001
0.05336405526000001
0.05336405526000001
0.05336405526000001
0.053456221200000015
0.053548387060000015
0.053548387060000015
0.053548387060000015
0.053548387060000015
0.053548387060000015
0.053640552920000015
0.053640552920000015
0.053640552920000015
0.053640552920000015
0.05382488476000002
0.05382488476000002
0.05382488476000002
0.054009216560000003
0.054009216560000003
0.054009216560000003
0.054009216560000003
0.054009216560000003
0.05391705066000001
0.05382488480000001
0.05382488480000001
0.05382488480000001
0.05391705074000001
0.05391705074000001
0.05400921668000002
0.054101382580000024
0.05419354852000002
0.05419354852000002
0.05419354852000002
0.05419354852000002
0.05419354852000002
0.05428571442000002
0.05428571442000002
0.05428571442000002
0.05437788032000001
0.05437788032000001
0.05437788032000001
0.05437788032000001
0.05437788032000001
0.05447004618000001
0.05456221204000001
0.05456221204000001
0.05456221204000001
0.05456221204000001
0.05456221204000001
0.05474654388000001
0.05474654388000001
0.054930875720000015
0.054930875720000015
0.054930875720000015
0.054930875720000015
0.054930875720000015
0.054930875720000015
0.054930875720000015
0.054930875720000015
0.054930875720000015
0.054930875720000015
0.05502304162000002
0.05502304162000002
0.05502304162000002
0.05520737336000003
0.055299539260000016
0.055391705120000016
0.05548387102000002
0.05548387102000002
0.05548387102000002
0.05539170512000003
0.05539170512000003
0.05539170512000003
0.05539170512000003
0.05539170512000003
0.05539170512000003
0.05539170512000003
0.05539170512000003
0.05529953918000003
0.05529953918000003
0.05529953918000003
0.05529953918000003
0.05539170512000003
0.05539170512000003
0.05539170512000003
0.05539170512000003
0.05539170512000003
0.05548387098000003
0.05548387098000003
0.05548387098000003
0.05548387098000003
0.05557603692000002
0.05566820282000002
0.05576036876000002
0.05576036876000002
0.05566820286000002
0.05576036872000002
0.05576036872000002
0.05576036872000002
0.05594470052000003
0.05594470052000003
0.05594470052000003
0.05603686638000003
0.05603686638000003
0.05603686638000003
0.05603686638000003
0.05603686638000003
0.05603686638000003
0.05603686638000003
0.05603686638000003
0.05603686638000003
0.05603686638000003
0.05612903228000002
0.05603686638000003
0.05603686638000003
0.05612903232000002
0.05612903232000002
0.05612903232000002
0.05612903232000002
0.05612903232000002
0.05612903232000002
0.05612903232000002
0.05612903232000002
0.05612903232000002
0.05612903232000002
0.05612903232000002
0.05612903232000002
0.05622119826000002
0.05622119826000002
0.05622119826000002
0.05622119826000002
0.056313364160000025
0.056313364160000025
0.056313364160000025
0.056313364160000025
0.056313364160000025
0.05640553006000002
0.05658986194000002
0.05658986194000002
0.05658986194000002
0.05658986194000002
0.05658986194000002
0.05658986194000002
0.05658986194000002
0.05658986194000002
0.05658986194000002
0.05658986194000002
0.05658986194000002
0.05658986194000002
0.05658986194000002
0.05658986194000002
0.05658986194000002
0.05658986194000002
0.05668202784000002
0.05668202784000002
0.05668202784000002
0.05668202784000002
0.05668202784000002
0.05677419374000002
0.05677419374000002
0.05677419374000002
0.05677419374000002
0.05677419374000002
0.05677419374000002
0.05677419374000002
0.05677419374000002
0.05677419374000002
0.05677419374000002
0.05677419374000002
0.05677419374000002
0.05686635968000002
0.05686635968000002
0.05686635968000002
0.05686635968000002
0.05695852558000001
0.05695852558000001
0.05695852558000001
0.05695852558000001
0.05695852558000001
0.057050691480000006
0.057050691480000006
0.05714285738000001
0.05714285738000001
0.05723502328000001
0.05723502328000001
0.05732718918000001
0.05732718918000001
0.05741935498000001
0.05741935498000001
0.05741935498000001
0.05741935498000001
0.05741935498000001
0.05741935498000001
0.05741935498000001
0.05741935498000001
0.057511520880000014
0.057511520880000014
0.057511520880000014
0.057511520880000014
0.057511520880000014
0.057511520880000014
0.057511520880000014
0.05769585272000002
0.05769585272000002
0.05769585272000002
0.05769585272000002
0.05769585272000002
0.05769585272000002
0.05778801862000002
0.05778801862000002
0.05778801862000002
0.05778801862000002
0.05788018442000002
0.05788018442000002
0.05788018442000002
0.057972350360000015
0.057972350360000015
0.057972350360000015
0.057972350360000015
0.05788018442000001
0.05788018442000001
0.05788018442000001
0.05788018442000001
0.05788018442000001
0.05788018442000001
0.05788018442000001
0.05788018442000001
0.05788018442000001
0.05788018442000001
0.05797235036000001
0.05806451630000001
0.05815668220000001
0.05815668220000001
0.05815668220000001
0.05815668220000001
0.05815668220000001
0.05815668220000001
0.05815668220000001
0.05815668220000001
0.05824884814000002
0.05824884814000002
0.05834101404000001
0.05834101404000001
0.058433179840000016
0.058433179840000016
0.058433179840000016
0.058433179840000016
0.05852534574000002
0.05852534574000002
0.05852534574000002
0.05852534574000002
0.05852534574000002
0.05861751168000001
0.05861751168000001
0.05861751168000001
0.05870967758000001
0.05870967758000001
0.05870967758000001
0.05870967758000001
0.05870967758000001
0.05870967758000001
0.05870967758000001
0.05870967758000001
0.058894009280000006
0.05898617518000001
0.05898617518000001
0.05917050702000001
0.05917050702000001
0.05917050702000001
0.05917050702000001
0.05917050702000001
0.05917050702000001
0.05917050702000001
0.059354838820000005
0.059354838820000005
0.059354838820000005
0.059354838820000005
0.059354838820000005
0.05935483882
0.05935483882
0.05935483882
0.05935483882
0.05944700472
0.05944700472
0.05944700472
0.05944700472
0.05944700472
0.059539170620000005
0.059539170620000005
0.059539170620000005
0.059539170620000005
0.059539170620000005
0.05963133652000001
0.05963133652000001
0.05963133652000001
0.059723502460000015
0.059723502460000015
0.059723502460000015
0.059723502460000015
0.059723502460000015
0.059723502460000015
0.059723502460000015
0.059723502460000015
0.059723502460000015
0.059815668360000004
0.059815668360000004
0.059815668360000004
0.059815668360000004
0.059815668360000004
0.059815668360000004
0.059815668360000004
0.059815668360000004
0.059815668360000004
0.059815668360000004
0.059815668360000004
0.059815668360000004
0.05990783426000001
0.05990783426000001
0.05990783426000001
0.05990783426000001
0.05990783426000001
0.05990783426000001
0.05990783426000001
0.05990783426000001
0.05990783426000001
0.05990783426000001
0.05990783426000001
0.05990783426000001
0.05990783426000001
0.05990783426000001
0.05990783426000001
0.060000000160000004
0.06009216616000001
0.06009216616000001
0.06009216616000001
0.06009216616000001
0.06009216616000001
0.06009216616000001
0.06000000026000001
0.060092166160000016
0.060092166160000016
0.060092166160000016
0.060092166160000016
0.060092166160000016
0.060092166160000016
0.060092166160000016
0.060092166160000016
0.060092166160000016
0.060092166160000016
0.060092166160000016
0.060092166160000016
0.060092166160000016
0.060092166160000016
0.060092166160000016
0.060092166160000016
0.060092166160000016
0.060092166160000016
0.060092166160000016
0.060092166160000016
0.060092166160000016
0.060092166160000016
0.060092166160000016
0.060092166160000016
0.06018433206000002
0.06027649800000002
0.06027649800000002
0.06027649800000002
0.06027649800000002
0.06027649800000002
0.06027649800000002
0.06027649800000002
0.06027649800000002
0.06027649800000002
0.06027649800000002
0.06027649800000002
0.06036866380000002
0.06036866380000002
0.06036866380000002
0.06036866380000002
0.06036866380000002
0.06036866380000002
0.06036866380000002
0.06036866380000002
0.06036866380000002
0.06036866380000002
0.06036866380000002
0.060460829700000024
0.060460829700000024
0.060460829700000024
0.06055299550000002
0.06055299550000002
0.06055299550000002
0.06055299550000002
0.06055299550000002
0.06055299550000002
0.06055299550000002
0.06055299550000002
0.06055299550000002
0.06064516140000002
0.06064516140000002
0.06064516140000002
0.06064516140000002
0.06064516140000002
0.06064516140000002
0.06064516140000002
0.06064516140000002
0.06064516140000002
0.06064516140000002
0.06064516140000002
0.06064516140000002
0.060737327300000025
0.060737327300000025
0.06082949320000003
0.06082949320000003
0.06082949320000003
0.06082949320000003
0.06082949320000003
0.06082949320000003
0.06082949320000003
0.06082949320000003
0.06082949320000003
0.06082949320000003
0.06082949320000003
0.06082949320000003
0.06082949320000003
0.06082949320000003
0.06082949320000003
0.06082949320000003
0.06082949320000003
0.06082949320000003
0.06082949320000003
0.06082949320000003
0.06082949320000003
0.06082949320000003
0.06082949320000003
0.06082949320000003
0.06082949320000003
0.06082949320000003
0.06082949320000003
0.06082949320000003
0.06082949320000003
0.06082949320000003
0.06082949320000003
0.06082949320000003
0.06082949320000003
0.06082949320000003
0.06082949320000003
0.06082949320000003
0.06082949320000003
0.06082949320000003
0.06082949320000003
0.06082949320000003
0.06082949320000003
0.06082949320000003
0.06082949320000003
0.06082949320000003
0.06082949320000003
0.06082949320000003
0.06082949320000003
0.06082949320000003
0.06082949320000003
0.06082949320000003
0.06082949320000003
0.06092165910000002
0.06092165910000002
0.06092165910000002
0.061013825100000016
0.061013825100000016
0.061013825100000016
0.061013825100000016
0.061105991000000005
0.061105991000000005
0.061105991000000005
0.061105991000000005
0.061105991000000005
0.061105991000000005
0.061105991000000005
0.061198156800000014
0.061198156800000014
0.06129032270000002
0.06129032270000002
0.06129032270000002
0.06138248860000002
0.06138248860000002
0.06138248860000002
0.06138248860000002
0.06138248860000002
0.06138248860000002
0.06138248860000002
0.06138248860000002
0.06147465440000002
0.061474654360000026
0.061474654360000026
0.061474654360000026
0.061474654360000026
0.061474654360000026
0.061474654360000026
0.061474654360000026
0.061474654360000026
0.06156682026000002
0.06156682026000002
0.06156682026000002
0.06156682026000002
0.06156682026000002
0.06156682026000002
0.06156682026000002
0.06165898616000001
0.06165898616000001
0.06165898616000001
0.06165898616000001
0.06165898616000001
0.06165898616000001
0.06165898616000001
0.06165898616000001
0.06165898616000001
0.06175115206000001
0.06175115206000001
0.06175115206000001
0.06175115206000001
0.06175115206000001
0.06175115206000001
0.061843317960000005
0.061843317960000005
0.061843317960000005
0.061843317960000005
0.061843317960000005
0.061843317960000005
0.061843317960000005
0.061843317960000005
0.061843317960000005
0.061843317960000005
0.061843317960000005
0.061843317960000005
0.061843317960000005
0.061843317960000005
0.061843317960000005
0.061843317960000005
0.061843317960000005
0.061843317960000005
0.061843317960000005
0.061843317960000005
0.061843317960000005
0.061843317960000005
0.061843317960000005
0.06193548396000001
0.06193548396000001
0.06193548396000001
0.06193548396000001
0.06193548396000001
0.06193548396000001
0.06202764976000001
0.06202764976000001
0.06202764976000001
0.06202764976000001
0.06202764976000001
0.06202764976000001
0.06202764976000001
0.06202764976000001
0.06202764976000001
0.06202764976000001
0.062119815700000004
0.062119815700000004
0.062119815700000004
0.062119815700000004
0.062119815700000004
0.062027649700000013
0.06193548380000001
0.06202764960000001
0.06202764960000001
0.06202764960000001
0.06202764960000001
0.06202764960000001
0.06202764960000001
0.06202764960000001
0.06202764960000001
0.06202764960000001
0.06202764960000001
0.06202764960000001
0.06202764960000001
0.06202764960000001
0.06202764960000001
0.06202764960000001
0.06202764960000001
0.06202764960000001
0.06202764960000001
0.06202764960000001
0.06202764960000001
0.06202764960000001
0.06202764960000001
0.06202764960000001
0.06202764960000001
0.06202764960000001
0.06202764960000001
0.06202764960000001
0.06202764960000001
0.06202764960000001
0.06202764960000001
0.06202764960000001
0.06202764960000001
0.06202764960000001
0.06202764960000001
0.06202764960000001
0.06202764960000001
0.06202764960000001
0.06202764960000001
0.06202764960000001
0.06202764960000001
0.06202764960000001
0.06202764960000001
0.06202764960000001
0.06202764960000001
0.06202764960000001
0.06202764960000001
0.06202764960000001
0.06202764960000001
0.06202764960000001
0.06202764960000001
0.06211981554000001
0.06211981554000001
0.06211981554000001
