0.5555760504
0.4216589948
0.37493088128
0.33050691772000024
0.27299539528000005
0.23354839162000007
0.21649769884000009
0.20129032626000007
0.19225806694000003
0.18110599336
0.16921659198000005
0.16341014012
0.15944700617999996
0.1572350246
0.15437788220000004
0.15207373456000003
0.15041474766000001
0.14912442532
0.14764977091999998
0.14589861917999994
0.14027649988000002
0.1334562231
0.13188940298000001
0.13133640764000004
0.13050691496
0.12829493305999995
0.12746543998
0.12654378092
0.12599078562000002
0.12516129242000001
0.12479262878000004
0.12414746752000003
0.12387096978000002
0.12396313586000002
0.12313364296000001
0.12230414956000002
0.12221198378000002
0.12211981776000001
0.1221198178
0.12193548592
0.12184331996000002
0.12156682232000003
0.12138249044000002
0.12138249036000005
0.12101382688000005
0.12092166102000006
0.12064516332000004
0.12046083148000004
0.12036866566000005
0.12055299746000006
0.12036866570000004
0.12036866566000005
0.12046083152000005
0.12036866570000004
0.12036866570000004
0.12046083160000004
0.12046083160000004
0.12055299758000004
0.12055299758000004
0.12036866568000004
0.12055299756000004
0.12064516350000004
0.12064516336000004
0.12073732900000003
0.12082949490000003
0.12082949520000001
0.12027649970000001
0.11953917250000001
0.11843318206000003
0.11668202980000002
0.11566820490000003
0.11456221410000002
0.11465438000000003
0.11456221406000003
0.11493087736000003
0.11483871146000003
0.11483871150000002
0.11474654556000002
0.11474654556000002
0.11474654556000002
0.11474654556000002
0.11456221368000002
0.11447004782000002
0.11437788192000004
0.11447004782000002
0.11456221368000002
0.11465437954000005
0.11474654544000003
0.11520737472000003
0.11511520868000004
0.11520737454000005
0.11520737446000004
0.11529954032000005
0.11548387222000006
0.11557603816000006
0.11585253582000005
0.11585253582000005
0.11585253590000004
0.11612903304000005
0.11622119890000006
0.11649769656000006
0.11658986280000005
0.11686636050000004
0.11640553110000004
0.11566820330000006
0.11465437856000003
0.11262672896000003
0.11105990866000004
0.11096774280000005
0.11087557686000003
0.11105990870000004
0.11115207454000003
0.11133640648000004
0.11142857242000004
0.11142857242000004
0.11142857242000004
0.11142857242000004
0.11142857238000005
0.11142857238000005
0.11161290412000005
0.11179723592000006
0.11198156768000005
0.11216589952000003
0.11216589946000002
0.11235023140000003
0.11235023140000003
0.11262672900000004
0.11262672890000003
0.11253456304000002
0.11225806564000002
0.11225806564000002
0.11216589964000002
0.11207373340000001
0.11179723570000002
0.11087557670000002
0.1082027655
0.10682027714000002
0.10645161358
0.10645161354
0.10645161354
0.10663594524000003
0.10691244294000002
0.10718894060000003
0.10718894060000003
0.10718894060000003
0.10718894060000003
0.10728110664000003
0.10728110664000003
0.10746543814000002
0.10764977004000002
0.10764977004000002
0.10764977004000002
0.10774193594000003
0.10783410184000004
0.10783410184000004
0.10783410184000004
0.10792626774000005
0.10801843368000005
0.10811059968000006
0.10820276558000005
0.10829493162000006
0.10829493162000006
0.10829493162000006
0.10838709752000007
0.10838709752000007
0.10838709752000007
0.10847926332000007
0.10866359508000006
0.10866359508000006
0.10875576098000005
0.10884792688000004
0.10894009268000003
0.10903225858000003
0.10903225858000003
0.10903225858000003
0.10912442448000004
0.10912442448000004
0.10912442448000004
0.10921659038000003
0.10940092198000002
0.10958525382000003
0.10976958552000003
0.10976958552000003
0.10976958552000003
0.10995391702000003
0.11004608292000002
0.11023041472000003
0.11023041472000003
0.11041474652000004
0.11050691232000004
0.11050691232000004
0.11059907818000005
0.11059907818000005
0.11059907818000005
0.11059907818000005
0.11059907818000005
0.11059907818000005
0.11059907818000005
0.11059907818000005
0.11059907818000005
0.11069124398000005
0.11069124398000005
0.11078340992000005
0.11087557592000005
0.11096774182000005
0.11096774182000005
0.11096774182000005
0.11096774182000005
0.11096774182000005
0.11096774182000005
0.11105990776000003
0.11105990776000003
0.11105990776000003
0.11105990776000003
0.11105990776000003
0.11115207356000005
0.11115207356000005
0.11115207356000005
0.11133640536000003
0.11133640536000003
0.11133640536000003
0.11142857096000004
0.11142857096000004
0.11152073696000003
0.11161290296000004
0.11170506886000003
0.11170506886000003
0.11170506886000003
0.11170506886000003
0.11188940026000002
0.11207373220000003
0.11207373220000003
0.11207373220000003
0.11207373220000003
0.11216589810000002
0.11216589810000002
0.11216589810000002
0.11216589810000002
0.11216589810000002
0.11216589810000002
0.11225806400000002
0.11225806400000002
0.11225806400000002
0.11235022990000001
0.11244239570000002
0.11244239570000002
0.11244239570000002
0.11244239570000002
0.11253456150000002
0.11253456150000002
0.11253456150000002
0.11244239550000001
0.11244239550000001
0.11244239550000001
0.11253456140000001
0.11253456140000001
0.11262672726000002
0.11262672726000002
0.11271889316000001
0.11281105910000001
0.11281105910000001
0.112903225
0.11299539080000001
0.11299539080000001
0.11299539080000001
0.11299539080000001
0.11299539080000001
0.11299539080000001
0.11299539080000001
0.11299539080000001
0.11299539080000001
0.1130875568
0.1130875568
0.1130875568
0.1130875568
0.1130875568
0.1130875568
0.1130875568
0.1130875568
0.1130875568
0.1130875568
0.11317972260000002
0.11327188850000003
0.11327188850000003
0.11327188850000003
0.11327188850000003
0.11327188850000003
0.11327188850000003
0.11336405440000004
0.11336405440000004
0.11336405440000004
0.11354838600000003
0.11364055200000003
0.11354838620000002
0.11354838620000002
0.113640552
0.113640552
0.113640552
0.113640552
0.113640552
0.11354838610000001
0.11345622016000002
0.11345622016000002
0.11345622016000002
0.11345622016000002
0.11354838616000001
0.11354838616000001
0.11364055206000001
0.11373271786000001
0.11373271786000001
0.11373271786000001
0.11373271786000001
0.11373271786000001
0.11373271786000001
0.11373271786000001
0.11373271786000001
0.11373271786000001
0.11373271786000001
0.11364055186000002
0.11354838596000003
0.11354838596000003
0.11354838596000003
0.11364055156000002
0.11364055156000002
0.11354838596000003
0.11345621996000002
0.11345621996000002
0.11327188836000003
0.11317972236000003
0.11308755616000003
0.11281105886000002
0.11216589766000001
0.11115207286000002
0.10986175026000003
0.10691244126000003
0.10654377772000004
0.10645161182000004
0.10645161182000004
0.10645161182000004
0.10645161182000004
0.10654377762000004
0.10654377762000004
0.10645161176000004
0.10645161176000004
0.10645161176000004
0.10654377766000005
0.10645161186000004
0.10645161186000004
0.10645161186000004
0.10635944586000004
0.10635944586000004
0.10635944586000004
0.10635944586000004
0.10635944586000004
0.10645161176000004
0.10654377776000004
0.10654377766000003
0.10645161186000003
0.10645161186000003
0.10635944596000003
0.10645161196000004
0.10635944616000005
0.10635944616000005
0.10635944616000005
0.10626728016000005
0.10617511446000005
0.10608294836000005
0.10608294836000005
0.10617511426000005
0.10617511406000006
0.10608294886000007
0.10608294886000007
0.10506912376000005
0.10341013766000005
0.10073732646000005
0.09963133566000006
0.09935483792000005
0.09935483792000005
0.09935483792000005
0.09935483792000005
0.09935483792000005
0.09944700392000005
0.09944700392000005
0.09944700392000005
0.09944700392000005
0.09935483806000005
0.09935483806000005
0.09935483806000005
0.09944700386000005
0.09944700386000005
0.09944700386000005
0.09944700386000005
0.09944700386000005
0.09935483796000005
0.09935483796000005
0.09935483796000005
0.09935483796000005
0.09944700396000006
0.09944700396000006
0.09935483806000005
0.09935483806000005
0.09944700396000006
0.09935483806000006
0.09935483806000006
0.09935483806000006
0.09935483806000006
0.09935483806000006
0.09935483806000006
0.09935483806000006
0.09944700396000009
0.09944700396000009
0.09953916956000007
0.09953916956000007
0.09953916956000007
0.09944700366000006
0.09944700366000006
0.09944700366000006
0.09944700366000006
0.09944700366000006
0.09944700366000006
0.09944700366000006
0.09953916956000006
0.09953916956000006
0.09953916956000006
0.09953916956000006
0.09944700396000007
0.09944700396000007
0.09926267216000008
0.09926267216000008
0.09926267216000008
0.09926267216000008
0.09926267216000008
0.09926267216000008
0.09926267216000008
0.09926267216000008
0.09926267216000008
0.09926267216000008
0.09926267216000008
0.09926267216000008
0.09926267186000005
0.09926267186000005
0.09926267186000005
0.09926267186000005
0.09917050592000005
0.09917050592000005
0.09917050592000005
0.09907834032000007
0.09907834032000007
0.09889400832000007
0.09870967672000006
0.09861751072000007
0.09815668126000007
0.09769585166000005
0.09723502246000006
0.09557603626000008
0.09428571366000008
0.09271889346000008
0.09216589796000006
0.09198156612000007
0.09198156612000007
0.09198156612000007
0.09198156612000007
0.09188940032000006
0.09188940032000006
0.09179723442000007
0.09179723436000005
0.09179723436000005
0.09179723436000005
0.09170506846000004
0.09170506846000004
0.09170506846000004
0.09170506846000004
0.09170506846000004
0.09161290266000004
0.09161290266000004
0.09161290266000004
0.09161290266000004
0.09161290266000004
0.09161290266000004
0.09161290266000004
0.09161290266000004
0.09161290266000004
0.09161290266000004
0.09161290266000004
0.09152073686000003
0.09152073686000003
0.09152073686000003
0.09152073686000003
0.09161290272000004
0.09161290272000004
0.09152073692000004
0.09152073692000004
0.09152073692000004
0.09142857102000004
0.09142857102000004
0.09142857102000004
0.09142857102000004
0.09142857102000004
0.09142857102000004
0.09142857102000004
0.09142857102000004
0.09142857102000004
0.09142857102000004
0.09133640522000004
0.09124423928000004
0.09124423928000004
0.09133640518000004
0.09133640518000004
0.09133640518000004
0.09133640518000004
0.09133640518000004
0.09133640518000004
0.09133640518000004
0.09133640518000004
0.09133640518000004
0.09133640518000004
0.09133640518000004
0.09124423928000004
0.09124423928000004
0.09124423928000004
0.09124423928000004
0.09133640508000003
0.09133640508000003
0.09124423918000002
0.09124423918000002
0.09124423918000002
0.09124423918000002
0.09115207328000002
0.09115207328000002
0.09115207328000002
0.09115207328000002
0.09115207328000002
0.09115207328000002
0.09115207328000002
0.09115207328000002
0.09115207328000002
0.09115207328000002
0.09115207328000002
0.09115207328000002
0.09115207328000002
0.09124423908000003
0.09115207314000003
0.09115207314000003
0.09105990714000002
0.09105990714000002
0.09105990714000002
0.09105990714000002
0.09105990714000002
0.09105990714000002
0.09105990714000002
0.09105990714000002
0.09105990714000002
0.09105990714000002
0.09096774124000002
0.09096774124000002
0.09105990704000004
0.09105990704000004
0.09105990704000004
0.09115207294000002
0.09115207294000002
0.09115207294000002
0.09115207294000002
0.09115207294000002
0.09124423894000003
0.09124423894000003
0.09096774114000004
0.09087557514000004
0.09069124354000004
0.09050691134000002
0.09004608214000002
0.08976958444000002
0.08866359344000002
0.08479262584000007
0.08423963058000006
0.08387096684000006
0.08387096684000006
0.08396313278000006
0.08387096718000006
0.08377880132000005
0.08377880132000005
0.08387096722000004
0.08350230322000005
0.08341013702000005
0.08304147382000006
0.08276497582000006
0.08193548302000007
0.08101382418000007
0.07926267184000008
0.07723502204000007
0.07658986070000007
0.07649769484000006
0.07658986070000007
0.07658986070000007
0.07649769484000006
0.07640552904000006
0.07631336324000007
0.07631336324000007
0.07631336324000007
0.07631336324000007
0.07631336324000007
0.07631336324000007
0.07640552918000006
0.07640552918000006
0.07640552918000006
0.07640552918000006
0.07640552918000006
0.07640552918000006
0.07640552918000006
0.07658986098000006
0.07658986098000006
0.07658986098000006
0.07658986098000006
0.07668202688000007
0.07668202688000007
0.07668202688000007
0.07668202688000007
0.07677419282000007
0.07677419282000007
0.07677419282000007
0.07677419282000007
0.07658986112000007
0.07658986112000007
0.07658986122000006
0.07668202712000005
0.07668202712000005
0.07668202712000005
0.07668202712000005
0.07668202712000005
0.07668202712000005
0.07677419302000006
0.07686635892000006
0.07686635892000006
0.07686635892000006
0.07677419312000006
0.07677419312000006
0.07677419312000006
0.07668202722000005
0.07677419308000005
0.07677419308000005
0.07677419308000005
0.07677419308000005
0.07668202718000004
0.07668202718000004
0.07668202718000004
0.07668202718000004
0.07668202718000004
0.07668202718000004
0.07668202718000004
0.07668202718000004
0.07668202718000004
0.07668202718000004
0.07677419312000004
0.07677419312000004
0.07677419312000004
0.07677419312000004
0.07668202712000004
0.07668202712000004
0.07668202712000004
0.07658986152000004
0.07658986152000004
0.07658986152000004
0.07649769572000005
0.07640552972000005
0.07649769558000004
0.07594470018000005
0.07576036818000004
0.07520737298000005
0.07428571418000005
0.07262672758000005
0.07041474608000003
0.06967741898000004
0.06949308714000005
0.06949308714000005
0.06949308714000005
0.06949308714000005
0.06949308714000005
0.06940092114000004
0.06940092114000004
0.06930875528000004
0.06930875528000004
0.06930875528000004
0.06930875528000004
0.06921658942000004
0.06903225752000003
0.06903225752000003
0.06912442342000003
0.06912442342000003
0.06912442342000003
0.06912442342000003
0.06912442342000003
0.06912442342000003
0.06912442342000003
0.06912442342000003
0.06921658932000004
0.06921658932000004
0.06921658932000004
0.06912442342000003
0.06912442342000003
0.06930875522000002
0.06930875522000002
0.06930875522000002
0.06930875522000002
0.06930875522000002
0.06930875522000002
0.06930875522000002
0.06930875522000002
0.06930875522000002
0.06921658932000002
0.06921658932000002
0.06912442338000002
0.06912442338000002
0.06912442338000002
0.06912442338000002
0.06912442338000002
0.06912442338000002
0.06912442338000002
0.06912442338000002
0.06912442338000002
0.06912442338000002
0.06912442338000002
0.06912442338000002
0.06912442338000002
0.06912442338000002
0.06921658928000003
0.06921658928000003
0.06921658928000003
0.06921658928000003
0.06921658928000003
0.06921658928000003
0.06921658928000003
0.06921658928000003
0.06912442338000004
0.06912442338000004
0.06912442338000004
0.06912442338000004
0.06912442338000004
0.06912442338000004
0.06912442338000004
0.06912442338000004
0.06903225748000004
0.06903225748000004
0.06903225748000004
0.06903225748000004
0.06903225748000004
0.06903225748000004
0.06903225748000004
0.06903225748000004
0.06903225748000004
0.06903225748000004
0.06903225748000004
0.06903225748000004
0.06903225748000004
0.06903225748000004
0.06903225748000004
0.06903225748000004
0.06903225748000004
0.06903225748000004
0.06903225748000004
0.06903225748000004
0.06903225748000004
0.06903225748000004
0.06894009158000004
0.06894009158000004
0.06894009158000004
0.06894009158000004
0.06894009158000004
0.06894009158000004
0.06894009158000004
0.06894009158000004
0.06894009158000004
0.06894009158000004
0.06894009158000004
0.06884792568000005
0.06894009148000003
0.06894009148000003
0.06894009148000003
0.06894009148000003
0.06894009148000003
0.06894009148000003
0.06894009148000003
0.06894009148000003
0.06894009148000003
0.06894009148000003
0.06894009148000003
0.06884792558000004
0.06884792558000004
0.06884792558000004
0.06884792558000004
0.06884792558000004
0.06884792558000004
0.06884792558000004
0.06884792558000004
0.06884792558000004
0.06884792558000004
0.06884792558000004
0.06884792558000004
0.06884792558000004
0.06884792558000004
0.06884792558000004
0.06875575978000004
0.06875575978000004
0.06875575978000004
0.06884792572000004
0.06884792572000004
0.06884792572000004
0.06884792572000004
0.06884792572000004
0.06894009162000003
0.06884792572000004
0.06884792572000004
0.06884792572000004
0.06884792572000004
0.06875575972000003
0.06875575972000003
0.06884792566000003
0.06884792566000003
0.06884792566000003
0.06884792566000003
0.06884792566000003
0.06884792566000003
0.06884792566000003
0.06884792566000003
0.06884792566000003
0.06884792566000003
0.06884792566000003
0.06884792566000003
0.06875575986000003
0.06875575986000003
0.06866359406000003
0.06866359406000003
0.06866359406000003
0.06857142826000003
0.06866359426000003
0.06866359426000003
0.06866359426000003
0.06866359426000003
0.06866359426000003
0.06857142836000003
0.06857142836000003
0.06857142836000003
0.06857142836000003
0.06857142836000003
0.06857142836000003
0.06857142836000003
0.06866359430000003
0.06866359430000003
0.06875576016000003
0.06884792606000004
0.06884792606000004
0.06884792606000004
0.06884792606000004
0.06884792606000004
0.06884792606000004
0.06875576016000004
0.06875576016000004
0.06875576016000004
0.06875576016000004
0.06866359416000004
0.06866359416000004
0.06866359416000004
0.06866359416000004
0.06866359416000004
0.06866359416000004
0.06866359416000004
0.06866359416000004
0.06866359416000004
0.06857142826000003
0.06857142826000003
0.06857142826000003
0.06857142826000003
0.06857142826000003
0.06857142826000003
0.06857142826000003
0.06857142826000003
0.06847926266000003
0.06847926266000003
0.06847926266000003
0.06838709666000004
0.06838709666000004
0.06847926256000003
0.06847926256000003
0.06847926256000003
0.06847926256000003
0.06847926246000004
0.06838709656000003
0.06838709656000003
0.06829493036000003
0.06746543756000004
0.06626728116000004
0.06423963116000003
0.062304147360000034
0.06165898592000004
0.06147465416000004
0.06156682006000004
0.06156682006000004
0.06147465426000004
0.06156682016000003
0.06156682016000003
0.061474654260000025
0.061474654260000025
0.061474654260000025
0.061474654260000025
0.061474654260000025
0.061474654260000025
0.061474654260000025
0.061474654260000025
0.061474654260000025
0.061474654260000025
0.061474654260000025
0.061474654260000025
0.061474654260000025
0.061474654260000025
0.061474654260000025
0.061474654260000025
0.061474654260000025
0.06138248836000002
0.06138248836000002
0.06138248836000002
0.06138248836000002
0.06138248836000002
0.06138248836000002
0.06129032256000002
0.06129032256000002
0.06129032256000002
0.06129032256000002
0.06129032256000002
0.06129032256000002
0.06129032256000002
0.06129032256000002
0.06129032256000002
0.06129032256000002
0.06129032256000002
0.06129032256000002
0.06129032256000002
0.06129032256000002
0.06129032256000002
0.06129032256000002
0.06129032256000002
0.06129032256000002
0.06129032256000002
0.06129032256000002
0.06129032256000002
0.06129032256000002
0.06129032256000002
0.06129032256000002
0.06129032256000002
0.06129032256000002
0.061198156660000017
0.061198156660000017
0.061198156660000017
0.061198156660000017
0.061290322520000017
0.061290322520000017
0.061290322520000017
0.061290322520000017
0.061290322520000017
0.061290322520000017
0.061290322520000017
0.061290322520000017
0.061290322520000017
0.061290322520000017
0.061290322520000017
0.061290322520000017
0.06119815662000001
0.06119815662000001
0.06119815662000001
0.06119815662000001
0.061290322520000017
0.061290322520000017
0.061290322520000017
0.061290322520000017
0.061290322520000017
0.061290322520000017
0.061290322520000017
0.061290322520000017
0.061290322520000017
0.061290322520000017
0.061290322520000017
0.061290322520000017
0.061290322520000017
0.061290322520000017
0.061382488460000016
0.061382488460000016
0.061382488460000016
0.061382488460000016
0.061382488460000016
0.061382488460000016
0.061382488460000016
0.061382488460000016
0.06129032256000002
0.06129032256000002
0.06129032256000002
0.06129032256000002
0.06129032256000002
0.061198156660000017
0.061198156660000017
0.061198156660000017
0.061198156660000017
0.061198156660000017
0.061198156660000017
0.061198156660000017
