0.4988940198
0.3348387122
0.24027649884000002
0.17880184319999998
0.14046083056
0.12580645302000007
0.11834101530000002
0.11253456322000002
0.10857142952
0.10488479316000002
0.10129032256
0.0973271891
0.09428571518000001
0.09133640624000001
0.08847926308000002
0.0858986179
0.08285714342
0.08082949344
0.07852534626000002
0.07658986246000002
0.07465437826000003
0.07271889470000001
0.06976958570000004
0.06866359552000004
0.06774193602000005
0.06580645244000002
0.06423963194000003
0.06276497726000002
0.061935484260000034
0.05990783408000002
0.059078341040000024
0.057880184380000026
0.05714285740000003
0.05677419376000002
0.05576036896000002
0.055023041820000035
0.05511520754000003
0.054930875740000024
0.05456221196000002
0.05391705062000003
0.05410138252000002
0.05428571424000002
0.054193548520000016
0.05354838718000002
0.05364055308000002
0.05281106008000001
0.052718894020000004
0.052534562140000005
0.05253456228000001
0.05198156688000001
0.051612903360000004
0.05133640562000001
0.051520737420000004
0.05096774210000001
0.05059907846000001
0.050506912480000006
0.05013824884000001
0.04995391712000001
0.04986175114000001
0.0495852534
0.049677419300000004
0.049400921560000005
0.049124423900000005
0.049216589760000005
0.049216589760000005
0.049216589840000005
0.049216589840000005
0.049216589840000005
0.049124423980000005
0.04912442394
0.04894009214
0.04884792624
0.04884792632
0.04875576037999999
0.04866359443999999
0.04866359443999999
0.04857142857999999
0.04857142857999999
0.048571428619999996
0.04866359451999999
0.04866359451999999
0.04866359451999999
0.04857142865999999
0.04857142865999999
0.04866359451999999
0.048940092139999995
0.04903225804
0.0493087557
0.04940092156
0.049493087500000005
0.04958525336
0.04967741922
0.04967741922
0.04976958516
0.04976958516
0.04976958516
0.04986175102
0.04986175102
0.05013824876000001
0.05013824876000001
0.05023041470000001
0.05023041470000001
0.05023041470000001
0.05013824884000001
0.05013824884000001
0.05013824884000001
0.05013824892000002
0.05032258080000001
0.05041474666000001
0.05041474666000001
0.050506912600000016
0.05059907850000001
0.05059907850000001
0.05087557616000002
0.05087557616000002
0.050967742060000015
0.051059907920000015
0.05115207386000002
0.05115207386000002
0.05115207386000002
0.05115207386000002
0.05115207386000002
0.05142857148000002
0.05142857148000002
0.05152073734000002
0.051705069140000004
0.051705069140000004
0.051797235000000004
0.051889400820000015
0.051889400820000015
0.05188940090000001
0.05188940090000001
0.051797234960000015
0.051705069020000015
0.051797234880000015
0.05198156654000002
0.05225806424000002
0.05225806424000002
0.05235023014000002
0.05244239600000002
0.052534561900000026
0.052626727840000026
0.052626727840000026
0.052626727840000026
0.052718893700000026
0.052811059560000026
0.052903225420000026
0.052995391360000026
0.053087557220000026
0.053087557220000026
0.053179723160000025
0.053179723160000025
0.05336405500000002
0.05336405500000002
0.053456220900000025
0.053548386840000024
0.05364055274000002
0.05364055274000002
0.05364055274000002
0.05364055274000002
0.05364055274000002
0.053824884620000034
0.053824884620000034
0.05391705052000004
0.05400921638000003
0.05410138232000003
0.05419354826000003
0.054285714200000036
0.05437788014000003
0.054470046080000036
0.05437788018000003
0.05447004608000003
0.054654377880000035
0.054654377880000035
0.054654377880000035
0.054654377880000035
0.054746543740000035
0.054838709600000035
0.054930875540000035
0.055023041400000035
0.055115207300000024
0.05520737320000003
0.05520737320000003
0.05520737320000003
0.05520737320000003
0.05520737320000003
0.05520737320000003
0.05529953914000003
0.05539170514000003
0.05539170514000003
0.05539170514000003
0.05557603702000003
0.05557603702000003
0.05557603702000003
0.055668202920000034
0.055668202920000034
0.055668202920000034
0.055668202920000034
0.055668202920000034
0.055668202920000034
0.05576036882000004
0.05576036882000004
0.05585253476000004
0.05603686650000004
0.05603686650000004
0.05603686650000004
0.05612903240000004
0.05631336424000004
0.05640553018000004
0.05658986206000003
0.05658986206000003
0.05658986206000003
0.05658986206000003
0.05677419386000004
0.05677419386000004
0.05668202800000004
0.05677419390000004
0.05686635976000004
0.05705069156000004
0.05705069156000004
0.05705069156000004
0.057142857460000036
0.057142857460000036
0.057142857460000036
0.057142857460000036
0.05732718926000002
0.057419355060000024
0.057419355060000024
0.057419355060000024
0.057419355060000024
0.05760368676000003
0.05760368676000003
0.05769585266000003
0.05769585266000003
0.057788018560000036
0.057788018560000036
0.05797235036000003
0.05797235036000003
0.05797235036000003
0.05797235036000003
0.05806451626000003
0.05815668216000002
0.058248848060000025
0.058248848060000025
0.058248848060000025
0.058248848060000025
0.058248848060000025
0.058341014000000024
0.058341014000000024
0.058341014000000024
0.058433179940000024
0.058525345740000026
0.058525345740000026
0.05861751164000002
0.05861751164000002
0.05861751164000002
0.05861751164000002
0.05880184348000002
0.05880184348000002
0.05880184348000002
0.05880184348000002
0.05880184348000002
0.05880184348000002
0.05880184348000002
0.05898617532000002
0.05898617532000002
0.059078341220000025
0.059078341220000025
0.05917050716000003
0.059262673060000035
0.059262673060000035
0.05935483900000003
0.05935483900000003
0.05935483900000003
0.059539170700000026
0.05972350244000003
0.059907834140000026
0.059907834140000026
0.06000000004000003
0.06000000004000003
0.06009216594000004
0.06009216594000004
0.06009216594000004
0.06018433184000004
0.06018433184000004
0.06018433184000004
0.06018433184000004
0.06018433184000004
0.06036866368000004
0.06036866368000004
0.06036866368000004
0.06036866368000004
0.06036866368000004
0.06036866368000004
0.06046082958000003
0.06046082958000003
0.06046082958000003
0.06046082958000003
0.06046082958000003
0.06073732718000003
0.06073732718000003
0.06073732718000003
0.06073732718000003
0.060829493080000026
0.060829493080000026
0.06092165898000002
0.06092165898000002
0.06092165898000002
0.06092165898000002
0.06110599068000003
0.061290322380000026
0.061382488280000015
0.06156681998000003
0.06156681998000003
0.06156681998000003
0.06156681998000003
0.06156681998000003
0.06156681998000003
0.06156681998000003
0.06165898578000002
0.06175115168000001
0.06175115168000001
0.06175115168000001
0.06175115168000001
0.06175115168000001
0.06175115168000001
0.06175115168000001
0.061843317580000015
0.061843317580000015
0.061843317580000015
0.061843317580000015
0.061843317580000015
0.061843317580000015
0.06193548338000002
0.06193548338000002
0.06193548338000002
0.06202764928000002
0.06202764928000002
0.06202764928000002
0.06202764928000002
0.062119815080000015
0.06221198098000001
0.06221198098000001
0.06221198098000001
0.06221198098000001
0.062304146980000016
0.06239631278000002
0.06239631278000002
0.06239631278000002
0.06239631278000002
0.06239631278000002
0.06239631278000002
0.06239631278000002
0.06239631278000002
0.06239631278000002
0.06239631278000002
0.06239631278000002
0.062488478680000015
0.062488478680000015
0.062488478680000015
0.062488478680000015
0.062488478680000015
0.06258064458000001
0.06258064458000001
0.06258064458000001
0.06258064458000001
0.062488478680000015
0.062488478680000015
0.06267281052000001
0.06267281052000001
0.06258064462000001
0.06258064462000001
0.06258064462000001
0.06258064462000001
0.06258064462000001
0.06258064462000001
0.06248847872000002
0.06248847872000002
0.06258064462000001
0.06267281052000001
0.06285714222000001
0.06285714222000001
0.06294930802000001
0.06294930802000001
0.06304147392000002
0.06304147392000002
0.06304147392000002
0.06304147392000002
0.06304147392000002
0.06304147392000002
0.06313363982000002
0.06313363982000002
0.06322580562000002
0.06322580562000002
0.06322580562000002
0.06322580562000002
0.06331797152000002
0.06331797152000002
0.06341013752000002
0.06341013752000002
0.06341013752000002
0.06350230332000002
0.06350230332000002
0.06350230332000002
0.06350230332000002
0.06350230332000002
0.06350230332000002
0.06350230332000002
0.06350230332000002
0.06359446912000002
0.06359446912000002
0.06350230332000001
0.06350230332000001
0.06350230332000001
0.06350230332000001
0.06350230332000001
0.06350230332000001
0.06350230332000001
0.06350230332000001
0.06359446912000002
0.06359446912000002
0.06359446912000002
0.06350230322000003
0.06350230322000003
0.06341013742000003
0.06341013742000003
0.06341013742000003
0.06341013742000003
0.06341013742000003
0.06350230332000001
0.06350230332000001
0.06350230332000001
0.06350230332000001
0.06350230332000001
0.06359446926000001
0.06359446926000001
0.06359446926000001
0.06377880106000001
0.06377880106000001
0.06368663516000002
0.06350230346
0.06359446936000002
0.06359446936000002
0.06359446936000002
0.06368663526000001
0.06368663526000001
0.06368663526000001
0.06368663526000001
0.06359446946000001
0.06350230366000001
0.06350230366000001
0.06350230366000001
0.06341013776000001
0.06341013776000001
0.06341013776000001
0.06331797186000002
0.06331797186000002
0.06331797186000002
0.06331797186000002
0.06331797186000002
0.06341013786000001
0.06341013786000001
0.06341013786000001
0.06350230366000002
0.06350230366000002
0.06350230366000002
0.06359446956000002
0.06359446956000002
0.06359446956000002
0.06368663546000003
0.06368663546000003
0.06368663546000003
0.06368663546000003
0.06368663546000003
0.06377880146000002
0.06377880146000002
0.06377880146000002
0.06368663556000001
0.06368663556000001
0.06368663556000001
0.06377880136000001
0.06387096722000002
0.06387096722000002
0.06387096722000002
0.06387096722000002
0.06387096722000002
0.06387096722000002
0.06387096722000002
0.06387096722000002
0.06387096722000002
0.06387096722000002
0.06387096722000002
0.06387096722000002
0.06387096722000002
0.06387096722000002
0.06387096722000002
0.06387096722000002
0.06377880128000002
0.06377880128000002
0.06377880128000002
0.06377880128000002
0.06377880128000002
0.06377880128000002
0.06387096728000002
0.06387096728000002
0.06387096728000002
0.06377880138000001
0.06377880138000001
0.06377880138000001
0.06377880138000001
0.06377880138000001
0.06377880138000001
0.06377880138000001
0.06368663558000001
0.06368663558000001
0.06368663558000001
0.06359446968000002
0.06359446968000002
0.06359446978000001
0.06350230384000001
0.06350230384000001
0.06350230384000001
0.06350230384000001
0.06350230384000001
0.06350230384000001
0.06350230384000001
0.06359446974000002
0.06359446974000002
0.06359446974000002
0.06359446974000002
0.06359446974000002
0.06359446974000002
0.06341013804000001
0.06341013804000001
0.06331797224
0.06331797224
0.06331797224
0.06331797224
0.06322580624000002
0.06313364034
0.06313364034
0.06313364034
0.06313364034
0.06313364034
0.06313364034
0.06313364034
0.06313364034
0.06313364034
0.06313364034
0.06313364034
0.06313364034
0.06313364034
0.06313364034
0.06313364034
0.06313364034
0.06313364034
0.06313364034
0.06304147444000002
0.06304147444000002
0.06304147444000002
0.06304147444000002
0.06304147444000002
0.06304147444000002
0.06294930864
0.06294930864
0.06285714270000002
0.06285714270000002
0.06285714270000002
0.06285714270000002
0.06285714270000002
0.06276497680000002
0.06285714260000003
0.06285714260000003
0.06285714260000003
0.06285714260000003
0.06285714260000003
0.06285714260000003
0.06294930854000003
0.06285714264000002
0.06285714264000002
0.06285714264000002
0.06285714264000002
0.06285714264000002
0.06285714264000002
0.06285714264000002
0.06285714264000002
0.06294930844000002
0.06294930854000001
0.06294930854000001
0.06294930854000001
0.06285714260000001
0.06285714260000001
0.06285714260000001
0.06285714260000001
0.06285714260000001
0.06285714260000001
0.06285714260000001
0.06285714260000001
0.06285714260000001
0.06285714260000001
0.06285714260000001
0.06285714260000001
0.06285714250000002
0.06285714250000002
0.06285714250000002
0.06294930840000001
0.06294930840000001
0.06294930840000001
0.0629493083
0.0629493083
0.0629493083
0.0629493083
0.0629493083
0.0629493083
0.0629493083
0.06285714244000001
0.06285714244000001
0.06285714244000001
0.06285714244000001
0.06276497664000001
0.06276497664000001
0.06276497664000001
0.06276497664000001
0.06276497664000001
0.06276497664000001
0.06276497664000001
0.06267281074
0.06267281074
0.06267281074
0.06276497664
0.06276497664
0.06276497664
0.06276497664
0.06276497664
0.06276497664
0.06276497664
0.06276497664
0.06276497664
0.06276497664
0.06276497664
0.06276497664
0.06276497664
0.06267281074
0.06267281074
0.06267281074
0.06267281074
0.06267281074
0.06258064494
0.06267281074
0.06258064484
0.06267281074
0.06267281074
0.06267281074
0.06267281074
0.06267281074
0.06267281074
0.06267281074
0.06267281074
0.06267281074
0.06267281074
0.06267281074
0.06258064484
0.06258064484
0.062488478900000005
0.062488478900000005
0.062488478900000005
0.062488478900000005
0.062488478900000005
0.062488478900000005
0.062488478900000005
0.062488478900000005
0.062488478900000005
0.062488478900000005
0.062488478900000005
0.062488478900000005
0.062488478900000005
0.062488478900000005
0.062488478900000005
0.062488478900000005
0.062488478900000005
0.062488478900000005
0.062488478900000005
0.062488478900000005
0.062488478900000005
0.062488478900000005
0.062488478900000005
0.062488478900000005
0.062488478900000005
0.062488478900000005
0.06239631300000001
0.06239631300000001
0.06239631300000001
0.06239631300000001
0.062304147100000005
0.062304147100000005
0.062304147100000005
0.062304147100000005
0.062304147100000005
0.062304147100000005
0.062304147100000005
0.062304147100000005
0.062304147100000005
0.062304147100000005
0.062304147100000005
0.0622119812
0.0622119812
0.0622119812
0.0622119812
0.0622119812
0.0622119812
0.0622119812
0.0622119812
0.0622119812
0.0623041471
0.062211981300000004
0.062211981300000004
0.06211981540000001
0.06211981540000001
0.06211981540000001
0.06211981540000001
0.06211981540000001
0.06211981540000001
0.062027649600000005
0.062027649600000005
0.062027649600000005
0.062027649600000005
0.062027649600000005
0.062027649600000005
0.062027649600000005
0.062027649600000005
0.062027649600000005
0.062027649600000005
0.062027649600000005
0.062027649600000005
0.062027649600000005
0.062027649600000005
0.062027649600000005
0.06193548370000001
0.062027649600000005
0.061843318
0.061843318
0.061843318
0.061843318
0.061751152100000005
0.061751152100000005
0.061843317960000005
0.061935483900000005
0.061935483900000005
0.061751152200000006
0.061751152200000006
0.061751152200000006
0.061751152200000006
0.061751152200000006
0.061751152200000006
0.061751152200000006
0.061751152200000006
0.061751152200000006
0.061751152200000006
0.061751152200000006
0.061751152200000006
0.061751152200000006
0.061751152200000006
0.061751152200000006
0.06175115220000001
0.06184331814000001
0.061751152240000017
0.061751152240000017
0.061751152240000017
0.061751152240000017
0.061751152240000017
0.061751152240000017
0.061751152240000017
0.061751152240000017
0.061751152240000017
0.061751152240000017
0.061751152240000017
0.061658986440000015
0.061751152240000017
0.061751152240000017
0.061751152240000017
0.061751152240000017
0.061751152240000017
0.06165898634000001
0.06165898634000001
0.06165898634000001
0.06165898634000001
0.06165898634000001
0.06165898634000001
0.06156682044000001
0.06156682044000001
0.06156682044000001
0.06147465454000001
0.06147465454000001
0.06138248864000001
0.06138248864000001
0.06138248864000001
0.06138248864000001
0.06138248864000001
0.06138248864000001
0.06138248864000001
0.06138248864000001
0.06138248864000001
0.06129032274000002
0.06129032274000002
0.061198156740000016
0.061198156740000016
0.061198156740000016
0.061198156740000016
0.061198156740000016
0.061198156740000016
0.061198156740000016
0.061198156740000016
0.061198156740000016
0.06110599084000001
0.06110599084000001
0.06101382494000002
0.06101382494000002
0.06101382494000002
0.06101382494000002
0.06101382494000002
0.06101382494000002
0.06101382494000002
0.06101382494000002
0.06101382494000002
0.06101382494000002
0.06101382494000002
0.06101382494000002
0.06101382494000002
0.06101382494000002
0.06101382494000002
0.06101382494000002
0.06101382494000002
0.06101382494000002
0.061105990880000016
0.061105990880000016
0.061105990880000016
0.061013825080000014
0.061013825080000014
0.061013825080000014
0.06110599098000002
0.06110599098000002
0.06110599098000002
0.06110599098000002
0.06110599098000002
0.06110599098000002
0.06110599098000002
0.06101382508000002
0.06101382508000002
0.06082949338000002
0.06082949338000002
0.06082949338000002
0.06082949338000002
0.06073732748000002
0.06073732748000002
0.06073732748000002
0.06073732748000002
0.060645161580000016
0.060645161580000016
0.060645161580000016
0.060552995640000024
0.060552995640000024
0.060552995640000024
0.060552995640000024
0.060552995640000024
0.060552995640000024
0.06064516154000002
0.06064516154000002
0.060552995640000024
0.06046082974000003
0.06046082974000003
0.06046082974000003
0.06046082974000003
0.06046082974000003
0.06046082974000003
0.06036866380000002
0.06036866380000002
0.06036866380000002
0.06036866380000002
0.06036866380000002
0.06036866380000002
0.06036866380000002
0.06036866380000002
0.06018433200000002
0.06018433200000002
0.06018433200000002
0.06018433200000002
0.06018433200000002
0.06018433200000002
0.06018433200000002
0.06018433200000002
0.06018433200000002
0.06018433200000002
0.06027649794000002
0.06027649794000002
0.06036866388000003
0.06036866388000003
0.06036866388000003
0.06036866388000003
0.06036866388000003
0.06036866388000003
0.06036866388000003
0.06036866388000003
0.06036866388000003
0.06036866388000003
0.06036866388000003
0.06046082968000003
0.060368663780000026
0.06027649788000003
0.06027649788000003
0.06027649788000003
0.06027649788000003
0.06027649788000003
0.06027649788000003
0.06027649788000003
0.06027649788000003
0.06027649788000003
0.06027649788000003
0.06027649788000003
0.06027649788000003
0.06027649788000003
0.06018433208000003
0.06027649788000003
0.06027649788000003
0.060368663880000034
0.060368663880000034
0.060368663880000034
0.060368663880000034
0.060368663880000034
0.060368663880000034
0.060368663880000034
0.060368663880000034
0.060368663880000034
0.060368663880000034
0.060368663880000034
0.060368663880000034
0.06027649808000003
0.06018433208000003
0.06018433208000003
0.06018433208000003
0.06018433208000003
0.06018433208000003
0.060184332040000024
0.06009216614000002
0.06009216614000002
0.06009216614000002
0.060000000200000014
0.060000000200000014
0.060000000200000014
0.060000000200000014
0.060000000200000014
0.060000000200000014
0.06009216614000002
0.060184332040000024
0.06009216614000002
0.06009216614000002
0.06009216614000002
0.06009216614000002
0.06000000034000002
0.06000000034000002
0.06000000034000002
0.05990783440000002
0.059815668500000016
0.059815668500000016
0.059815668500000016
0.059815668500000016
0.059907834300000025
0.059815668500000016
0.059815668500000016
0.059815668500000016
0.059815668500000016
0.059815668500000016
0.059815668500000016
0.059815668500000016
0.059815668500000016
0.059815668500000016
0.05990783440000001
0.05990783440000001
0.05990783440000001
0.05990783440000001
0.05990783440000001
0.05990783440000001
0.05990783440000001
0.059815668500000016
0.059815668500000016
0.059815668500000016
0.05972350256000001
0.05963133666000002
0.05953917086000002
0.05953917086000002
0.05944700506000001
0.05944700506000001
0.05944700506000001
0.05944700506000001
0.05944700506000001
0.05944700506000001
0.05944700506000001
0.05944700506000001
0.05944700506000001
0.05944700506000001
0.05944700506000001
0.05944700506000001
