0.5105990873999997
0.4088479339999999
0.37364056139999996
0.34599078960000007
0.30903226352000013
0.27907834664000003
0.26073733176
0.2436866400000001
0.22912442814000006
0.21622120220000013
0.20829493538000007
0.20119816026000006
0.19649769924000005
0.19354839087999998
0.18976958914
0.18764977296000004
0.18046083256
0.17511520998
0.17142857429999997
0.16884792918
0.16718894314
0.16543779113999998
0.16387097093999994
0.16276498013999993
0.16147465701999997
0.16018433442
0.15898617759999997
0.15824885011999998
0.15723502522000005
0.15548387353999998
0.15336405749999998
0.15170507093999996
0.14958525524
0.14728110732000002
0.14479262836
0.14377880346
0.14267281269999998
0.14221198352000003
0.14175115388
0.14082949528000005
0.14009216778000003
0.13723502467999998
0.13520737492
0.13400921844000002
0.13253456400000005
0.13161290506000006
0.13115207548000005
0.13078341196
0.13041474814000004
0.13013825032000004
0.12958525500000007
0.12912442538000005
0.12894009348000005
0.12866359562000004
0.12838709802000003
0.12792626900000004
0.12746543954000003
0.12635944860000003
0.12562212176000004
0.12479262846000004
0.12322580806000005
0.12230414934000006
0.12138249048000004
0.12156682222000004
0.12110599278000005
0.12101382688000005
0.12110599278000002
0.12101382684000002
0.12110599278000002
0.12101382688000005
0.12092166102000004
0.12073732952000003
0.12064516366000001
0.12064516366000001
0.12073732960000003
0.12064516366000003
0.12064516362000002
0.12064516366000001
0.12027650002000004
0.12018433412000004
0.12018433412000004
0.12009216822000005
0.12009216822000003
0.12000000232000003
0.11990783638000004
0.11981567044000004
0.11981567044000004
0.11972350458000004
0.11972350458000004
0.11972350458000004
0.11981567048000004
0.11963133872000004
0.11953917286000003
0.11935484098000003
0.11944700684000004
0.11944700684000004
0.11944700684000004
0.11935484064000006
0.11944700658000006
0.11953917252000006
0.11953917252000006
0.11944700692000004
0.11944700692000004
0.11953917286000004
0.11935484086000005
0.11889401146000005
0.11843318176000003
0.11769585436000003
0.11695852726000004
0.11529954136000004
0.11354838918000006
0.11336405728000004
0.11327189152000004
0.11327189152000004
0.11336405746000004
0.11336405746000004
0.11336405746000004
0.11336405746000004
0.11354838922000003
0.11354838922000003
0.11364055508000004
0.11364055508000004
0.11364055512000004
0.11373272102000005
0.11382488692000005
0.11410138470000003
0.11428571654000003
0.11428571654000003
0.11428571654000003
0.11428571646000003
0.11437788236000004
0.11447004826000004
0.11447004826000004
0.11447004826000004
0.11447004826000004
0.11447004826000004
0.11474654566000003
0.11474654566000003
0.11474654566000003
0.11493087738000005
0.11483871138000006
0.11474654538000005
0.11493087722000003
0.11502304308000005
0.11502304308000005
0.11493087718000003
0.11502304304000002
0.11493087764000003
0.11520737542000001
0.11520737542000001
0.11493087766000003
0.11493087766000003
0.11474654566000003
0.11465437966000003
0.11465437956000002
0.11465437956000002
0.11456221356000001
0.11437788196000001
0.11428571612
0.11410138412000002
0.11364055448000004
0.11290322754000005
0.11253456360000003
0.11105990940000003
0.11087557784000003
0.10976958690000004
0.10976958682000004
0.10940092318000005
0.10949308908000005
0.10958525502000004
0.10958525502000004
0.10958525502000004
0.10976958682000003
0.10976958682000003
0.10976958682000003
0.10976958682000003
0.11004608456000003
0.11004608456000003
0.10995391870000003
0.10995391870000003
0.11004608464000003
0.11004608464000003
0.11023041652000001
0.11032258242000002
0.11032258242000002
0.11032258242000002
0.11041474836000002
0.11059908002000002
0.11069124586000001
0.11096774360000002
0.11087557770000002
0.11115207540000002
0.11115207540000002
0.11115207540000002
0.11124424126000003
0.11124424126000003
0.11133640716000004
0.11142857306000005
0.11142857306000005
0.11142857306000005
0.11142857306000005
0.11142857306000005
0.11142857306000005
0.11152073896000005
0.11152073896000005
0.11152073896000005
0.11152073896000005
0.11161290486000004
0.11161290486000004
0.11170507046000003
0.11170507046000003
0.11179723640000003
0.11198156820000005
0.11198156820000005
0.11207373414000005
0.11216590004000006
0.11225806584000005
0.11225806584000005
0.11235023178000005
0.11244239768000003
0.11244239768000003
0.11244239768000003
0.11244239768000003
0.11253456358000005
0.11253456358000005
0.11244239768000006
0.11253456358000005
0.11253456358000005
0.11253456358000005
0.11262672948000003
0.11262672948000003
0.11271889538000003
0.11271889538000003
0.11271889538000003
0.11271889538000003
0.11290322722000003
0.11299539282000003
0.11299539282000003
0.11299539282000003
0.11299539282000003
0.11299539282000003
0.11299539282000003
0.11299539282000003
0.11308755876000003
0.11308755876000003
0.11308755876000003
0.11317972436000004
0.11317972436000004
0.11317972436000004
0.11317972436000004
0.11317972436000004
0.11327189030000002
0.11345622196000005
0.11345622196000005
0.11345622196000005
0.11345622196000005
0.11345622196000005
0.11364055376000005
0.11364055376000005
0.11364055376000005
0.11364055376000005
0.11373271970000004
0.11364055390000007
0.11382488570000007
0.11382488570000007
0.11382488570000007
0.11391705150000005
0.11400921740000004
0.11410138330000004
0.11410138330000004
0.11419354930000004
0.11419354930000004
0.11419354930000004
0.11419354930000004
0.11419354930000004
0.11419354930000004
0.11428571520000004
0.11428571520000004
0.11447004694000004
0.11447004694000004
0.11456221274000003
0.11456221274000003
0.11456221274000003
0.11456221274000003
0.11465437864000001
0.11465437864000001
0.11465437864000001
0.11465437864000001
0.11474654454000001
0.11474654454000001
0.11483871044000002
0.11493087644000002
0.11493087644000002
0.11493087644000002
0.11493087644000002
0.11493087644000002
0.11493087644000002
0.11502304204000004
0.11493087604000003
0.11493087604000003
0.11502304204000004
0.11502304204000004
0.11502304204000004
0.11502304204000004
0.11502304204000004
0.11502304204000004
0.11511520794000005
0.11511520794000005
0.11511520794000005
0.11520737384000006
0.11520737384000006
0.11520737384000006
0.11520737384000006
0.11520737384000006
0.11520737384000006
0.11520737384000006
0.11520737384000006
0.11529953964000006
0.11529953964000006
0.11529953964000006
0.11539170544000006
0.11539170544000006
0.11539170544000006
0.11539170544000006
0.11539170544000006
0.11539170544000006
0.11539170544000006
0.11539170544000006
0.11548387134000006
0.11548387134000006
0.11557603728000006
0.11557603728000006
0.11557603728000006
0.11557603728000006
0.11585253474000001
0.11585253474000001
0.11585253474000001
0.11585253474000001
0.11585253474000001
0.11585253474000001
0.11585253474000001
0.11594470064000002
0.11594470064000002
0.11594470064000002
0.11594470064000002
0.11594470064000002
0.11594470064000002
0.11594470064000002
0.11612903244000002
0.11622119834000001
0.11622119834000001
0.11622119834000001
0.11631336428000001
0.11631336428000001
0.11631336428000001
0.11631336428000001
0.11640553018000002
0.11640553018000002
0.11640553018000002
0.11640553018000002
0.11640553018000002
0.11640553018000002
0.11631336428000003
0.11631336428000003
0.11640553008000001
0.11640553008000001
0.11649769588
0.11649769588
0.11658986178000001
0.11649769584000001
0.11649769584000001
0.11649769584000001
0.11658986164000001
0.11658986164000001
0.11658986164000001
0.11668202754000001
0.11668202754000001
0.11668202754000001
0.11677419334000001
0.11686635914
0.11686635914
0.11686635914
0.11695852504000001
0.11695852504000001
0.11695852504000001
0.11695852504000001
0.11695852504000001
0.11695852504000001
0.11695852504000001
0.11695852504000001
0.11695852504000001
0.11695852504000001
0.11695852504000001
0.11695852504000001
0.11695852504000001
0.11695852504000001
0.11705069094000001
0.11705069094000001
0.11705069094000001
0.11714285688000001
0.11714285688000001
0.11714285688000001
0.11714285688000001
0.11714285688000001
0.11714285688000001
0.11723502287999998
0.11723502287999998
0.11723502287999998
0.11723502287999998
0.11723502287999998
0.11723502287999998
0.11714285708
0.11714285708
0.11714285708
0.11723502297999999
0.11723502297999999
0.11723502297999999
0.11723502297999999
0.11723502297999999
0.11723502297999999
0.11723502297999999
0.11732718888
0.11732718888
0.11723502298000002
0.11723502298000002
0.11723502298000002
0.11723502298000002
0.11723502298000002
0.11723502298000002
0.11714285698000002
0.11705069098000001
0.11705069098000001
0.11705069098000001
0.11705069098000001
0.11714285698000002
0.11723502288000001
0.11705069088000002
0.11714285648000003
0.11705069028000002
0.11705069088000002
0.11686635848000002
0.11658986088000002
0.11612903128000002
0.11548386988000002
0.11373271828000003
0.11253456148000003
0.11133640468000004
0.11096774118000004
0.11041474574000006
0.11041474574000006
0.11041474574000006
0.11032257974000005
0.11032257974000005
0.11032257974000005
0.11032257974000005
0.11032257974000005
0.11032257974000005
0.11032257974000005
0.11023041374000005
0.11023041374000005
0.11013824788000004
0.11023041378000004
0.11023041378000004
0.11023041378000004
0.11032257968000003
0.11032257968000003
0.11032257968000003
0.11032257968000003
0.11032257968000003
0.11032257968000003
0.11032257968000003
0.11059907742000002
0.11069124342000002
0.11069124342000002
0.11069124342000002
0.11069124342000002
0.11069124342000002
0.11059907742000002
0.11059907742000002
0.11059907742000002
0.11059907742000002
0.11059907762000004
0.11059907762000004
0.11050691162000004
0.11059907752000003
0.11059907752000003
0.11050691152000003
0.11041474532000002
0.11032258012000003
0.11023041372000003
0.11013824812000005
0.10986175012000005
0.10949308652000005
0.10783410072000005
0.10543778722000008
0.10423963052000007
0.10377880102000007
0.10377880102000007
0.10368663508000008
0.10368663508000008
0.10368663508000008
0.10359446928000007
0.10359446928000007
0.10359446928000007
0.10359446928000007
0.10359446942000007
0.10359446942000007
0.10359446942000007
0.10368663532000007
0.10368663532000007
0.10368663532000007
0.10377880126000007
0.10377880126000007
0.10377880126000007
0.10377880126000007
0.10377880126000007
0.10377880126000004
0.10387096716000004
0.10387096716000004
0.10396313316000004
0.10396313316000004
0.10396313316000004
0.10396313316000004
0.10396313316000004
0.10396313316000004
0.10405529896000004
0.10405529896000004
0.10405529896000004
0.10405529896000004
0.10405529896000004
0.10405529896000004
0.10405529896000004
0.10405529896000004
0.10405529896000004
0.10405529896000004
0.10405529896000004
0.10405529896000004
0.10414746486000004
0.10405529896000004
0.10405529896000004
0.10405529906000004
0.10405529906000004
0.10414746496000003
0.10423963096000004
0.10423963096000004
0.10423963096000004
0.10423963096000004
0.10423963096000004
0.10423963096000004
0.10423963096000004
0.10423963096000004
0.10423963096000004
0.10423963096000004
0.10433179656000002
0.10423963076000003
0.10433179656000004
0.10433179656000004
0.10423963066000004
0.10433179656000004
0.10423963062000004
0.10423963062000004
0.10414746472000004
0.10414746472000004
0.10405529872000004
0.10405529872000004
0.10405529872000004
0.10405529872000004
0.10405529872000004
0.10405529872000004
0.10405529872000004
0.10405529872000004
0.10405529872000004
0.10405529872000004
0.10396313282000005
0.10396313282000005
0.10396313282000005
0.10405529882000004
0.10405529882000004
0.10405529882000004
0.10405529882000004
0.10405529882000004
0.10405529882000004
0.10414746482000005
0.10414746482000005
0.10414746482000005
0.10414746482000005
0.10405529892000004
0.10405529892000004
0.10405529892000004
0.10405529892000004
0.10414746482000005
0.10414746482000005
0.10414746482000005
0.10414746482000005
0.10423963062000005
0.10423963062000005
0.10423963062000005
0.10423963062000005
0.10433179662000006
0.10433179662000006
0.10433179662000006
0.10433179662000006
0.10433179662000006
0.10433179662000006
0.10433179662000006
0.10433179662000006
0.10433179662000006
0.10433179662000006
0.10442396252000005
0.10442396252000005
0.10451612842000006
0.10470046022000006
0.10470046022000006
0.10460829432000006
0.10460829432000006
0.10460829432000006
0.10460829432000006
0.10451612842000006
0.10451612842000006
0.10451612842000006
0.10460829436000006
0.10460829436000006
0.10460829436000006
0.10460829436000006
0.10460829436000006
0.10460829436000006
0.10460829436000006
0.10460829436000006
0.10460829436000006
0.10460829436000006
0.10460829436000006
0.10460829436000006
0.10460829436000006
0.10460829436000006
0.10488479216000007
0.10488479216000007
0.10488479216000007
0.10488479216000007
0.10488479216000007
0.10488479216000007
0.10488479216000007
0.10488479216000007
0.10497695796000008
0.10497695796000008
0.10497695796000008
0.10497695796000008
0.10497695796000008
0.10497695806000008
0.10497695806000008
0.10497695806000008
0.10497695806000008
0.10497695806000008
0.10497695806000008
0.10497695806000008
0.10497695806000008
0.10497695806000008
0.10497695806000008
0.10497695806000008
0.10497695806000008
0.10497695806000008
0.10488479226000008
0.10488479226000008
0.10488479226000008
0.10488479226000008
0.10488479226000008
0.10488479226000008
0.10488479226000008
0.10488479226000008
0.10488479226000008
0.10488479226000008
0.10488479222000008
0.10488479222000008
0.10488479222000008
0.10488479222000008
0.10488479222000008
0.10488479222000008
0.10488479222000008
0.10479262632000008
0.10488479222000009
0.10488479222000009
0.10488479222000009
0.10488479222000009
0.10479262632000008
0.10488479212000008
0.10479262612000008
0.10479262612000008
0.10479262612000008
0.10479262612000008
0.10479262612000008
0.10479262612000008
0.10479262612000008
0.10479262612000008
0.10479262612000008
0.10479262612000008
0.10488479202000009
0.10488479202000009
0.10488479202000009
0.1047926260200001
0.1047926260200001
0.1047926260200001
0.1047926260200001
0.1047926260200001
0.10479262582000008
0.10479262582000008
0.10479262582000008
0.10470045992000006
0.10479262592000006
0.10470046032000006
0.10470046032000006
0.10470046032000006
0.10470046032000006
0.10470046032000006
0.10470046032000006
0.10479262592000006
0.10470046032000006
0.10470046032000006
0.10460829432000006
0.10460829432000006
0.10451612832000007
0.10451612832000007
0.10451612842000006
0.10433179642000007
0.10359446902000008
0.10322580542000007
0.10165898502000006
0.10119815582000007
0.09963133542000006
0.09870967650000007
0.09769585162000005
0.09760368572000006
0.09751151982000004
0.09741935388000006
0.09723502228000007
0.09695852488000005
0.09705069008000006
0.09658986088000006
0.09622119728000005
0.09483870888000005
0.09364055228000004
0.09253456128000005
0.09142857058000003
0.09087557518000004
0.09050691158000004
0.09032257978000004
0.09032257978000004
0.09032257978000004
0.09032257978000004
0.09032257978000004
0.09032257978000004
0.09032257978000004
0.09032257978000004
0.09032257982000004
0.09032257982000004
0.09032257982000004
0.09032257982000004
0.09032257982000004
0.09032257982000004
0.09041474582000003
0.09041474582000003
0.09041474582000003
0.09041474582000003
0.09041474582000003
0.09041474582000003
0.09041474582000003
0.09041474582000003
0.09032257992000002
0.09032257992000002
0.09032257992000002
0.09032257992000002
0.09032257992000002
0.09032257992000002
0.09032257992000002
0.09032257992000002
0.09032257992000002
0.09032257992000002
0.09032257992000002
0.09032258012000001
0.09032258012000001
0.09032258012000001
0.09032258012000001
0.09041474602
0.09041474602
0.09050691182000001
0.09050691182000001
0.09050691182000001
0.09050691182000001
0.09050691182000001
0.09050691182000001
0.09050691182000001
0.09050691182000001
0.09050691182000001
0.09050691182000001
0.09050691182000001
0.09050691182000001
0.09050691182000001
0.09050691182000001
0.09050691182000001
0.09041474588000002
0.09041474588000002
0.09041474588000002
0.09050691178000003
0.09050691178000003
0.09059907768000003
0.09059907768000003
0.09059907768000003
0.09059907768000003
0.09059907768000003
0.09059907768000003
0.09059907768000003
0.09059907768000003
0.09059907768000003
0.09059907768000003
0.09050691188000001
0.09050691188000001
0.09059907782000004
0.09059907782000004
0.09059907782000004
0.09059907782000004
0.09059907782000004
0.09059907782000004
0.09059907782000004
0.09069124376000003
0.09069124376000003
0.09078340956000003
0.09069124366000005
0.09069124366000005
0.09069124366000005
0.09069124366000005
0.09069124366000005
0.09069124366000005
0.09069124366000005
0.09069124366000005
0.09059907786000002
0.09059907786000002
0.09059907786000002
0.09059907786000002
0.09059907786000002
0.09059907786000002
0.09059907786000002
0.09059907786000002
0.09059907786000002
0.09059907786000002
0.09059907786000002
0.09059907786000002
0.09059907786000002
0.09059907786000002
0.09059907786000002
0.09059907786000002
0.09059907786000002
0.09059907786000002
0.09059907786000002
0.09069124380000003
0.09069124380000003
0.09069124380000003
0.09069124380000003
0.09069124380000003
0.09069124380000003
0.09078340970000003
0.09078340970000003
0.09078340970000003
0.09078340970000003
0.09078340970000003
0.09078340970000003
0.09078340970000003
0.09078340970000003
0.09078340970000003
0.09078340970000003
0.09078340970000003
0.09078340970000003
0.09078340970000003
0.09078340970000003
0.09069124380000003
0.09069124380000003
0.09069124380000003
0.09069124380000003
0.09069124380000003
0.09078340970000003
0.09078340970000003
0.09078340970000003
0.09078340970000003
0.09078340970000003
0.09069124380000003
0.09069124380000003
0.09069124380000003
0.09069124380000003
0.09069124380000003
0.09069124380000003
0.09069124380000003
0.09069124380000003
0.09059907790000002
0.09059907790000002
0.09059907790000002
0.09059907790000002
0.09059907790000002
0.09050691200000002
0.09050691200000002
0.09050691200000002
0.09050691200000002
0.09050691200000002
0.09041474600000003
0.09041474600000003
0.09041474600000003
0.09041474600000003
0.09041474600000003
0.09041474600000003
0.09041474600000003
0.09041474600000003
0.09041474600000003
0.09041474600000003
0.09041474600000003
0.09050691190000001
0.09050691190000001
0.09050691190000001
0.09050691190000001
0.09050691190000001
0.09050691190000001
0.09050691190000001
0.09050691190000001
0.09050691190000001
0.09059907780000004
0.09059907780000004
0.09069124370000002
0.09069124370000002
0.09069124370000002
0.09069124370000002
0.09069124370000002
0.09069124370000002
0.09069124370000002
0.09069124370000002
0.09069124370000002
0.09069124370000002
0.09059907770000003
0.09059907770000003
0.09059907770000003
0.09059907770000003
0.09059907770000003
0.09059907770000003
0.09059907770000003
0.09059907770000003
0.09059907770000003
0.09059907770000003
0.09059907770000003
0.09059907770000003
0.09059907770000003
0.09059907770000003
0.09059907770000003
0.09059907770000003
0.09059907770000003
0.09059907770000003
0.09059907770000003
0.09059907770000003
0.09059907770000003
0.09059907770000003
0.09059907770000003
0.09059907770000003
0.09059907770000003
0.09059907770000003
0.09050691170000003
0.09050691170000003
0.09041474590000002
0.09050691190000001
0.09050691190000001
0.09050691190000001
0.09050691190000001
0.09050691190000001
0.09050691190000001
0.09050691190000001
0.09050691190000001
0.090414746
0.090414746
0.090414746
0.090414746
0.090414746
0.090414746
0.090414746
0.090414746
0.090414746
0.090414746
0.090414746
0.090414746
0.090414746
0.090414746
0.090414746
0.090414746
0.090414746
0.090414746
0.090414746
0.09032258006
0.09032258006
0.09032258006
0.09032258006
0.09032258006
0.09041474596
0.09041474596
0.09041474596
0.09041474596
0.09041474596
0.09041474596
0.09032258006
0.09032258006
0.09032258006
