0.5188940181999999
0.4741935535999998
0.435023048
0.39198156900000003
0.37023041940000007
0.35078341572000016
0.33133641112000006
0.3105990840000002
0.2880184381600001
0.2698617550000001
0.2509677458800001
0.23889401240000005
0.22930875824000002
0.21677419567999995
0.2049769597199999
0.19364055468000008
0.18221198408000003
0.17419355064
0.16820276708
0.16239631392
0.15622119928
0.14783410228000002
0.14387096924
0.14101382676000002
0.13677419436000002
0.13493087704000004
0.1320737347600001
0.12949308802000004
0.1268202775
0.12506912546
0.12285714430000004
0.12064516214000003
0.11917050850000005
0.11797235256000006
0.11714285938000002
0.11594470276
0.11520737536
0.11410138460000004
0.11382488656000005
0.11281106148000006
0.11161290488000006
0.11078341128000005
0.10958525416000002
0.10829493154000001
0.10691244328000003
0.10543778868
0.10405530048000002
0.10313364118000001
0.10165898778
0.10082949448
0.09926267428000003
0.09769585402
0.0964976969
0.09585253560000001
0.094930877
0.09400921790000001
0.09308755850000003
0.0927188953
0.09170507080000004
0.09133640720000002
0.09069124566000003
0.09004608436000001
0.08903225936000002
0.08801843396000004
0.08718894092000001
0.08691244322000001
0.08645161382000001
0.08580645272000002
0.08488479368000001
0.08414746638000001
0.08359447098000002
0.08294930958000002
0.08211981628000002
0.08156682038000002
0.08092165904000001
0.08064516134000003
0.07990783414000002
0.07926267280000002
0.07907834096000003
0.07834101406
0.07769585286000001
0.07732718940000001
0.07649769650000002
0.07576036950000002
0.07520737400000002
0.07502304206000002
0.07493087610000002
0.07437788072000001
0.07400921722000002
0.07382488542000003
0.07364055372000004
0.07354838768000004
0.07308755798000005
0.07271889452000005
0.07253456258000004
0.07207373294000002
0.07188940106000002
0.07161290346000003
0.07133640590000004
0.07115207410000003
0.07087557640000003
0.07096774238000003
0.07078341026000005
0.07023041506000004
0.07004608336000002
0.06995391746000003
0.06940092210000004
0.06912442432000003
0.06894009262000003
0.06866359498000003
0.06866359506000005
0.06838709742000004
0.06811059970000005
0.06801843370000005
0.06811059960000004
0.06774193612000004
0.06755760424000004
0.06709677474000003
0.06691244298000006
0.06672811122000005
0.06654377938000006
0.06635944758000005
0.06626728168000005
0.06589861800000003
0.06562212038000005
0.06543778862000005
0.06580645210000004
0.06562212026000004
0.06552995436000003
0.06552995436000003
0.06552995436000003
0.06543778850000004
0.06506912504000004
0.06497695914000005
0.06488479324000004
0.06488479320000003
0.06479262730000004
0.06479262730000004
0.06460829550000004
0.06470046144000002
0.06479262738000002
0.06470046148000003
0.06460829554000004
0.06460829550000004
0.06470046140000002
0.06433179784000004
0.06433179780000003
0.06442396370000004
0.06423963190000004
0.06423963190000004
0.06433179784000004
0.06442396374000003
0.06442396374000003
0.06442396374000003
0.06433179788000004
0.06442396378000004
0.06451612968000003
0.06460829558000003
0.06442396378000004
0.06451612972000004
0.06442396386000003
0.06442396386000003
0.06442396386000003
0.06451612972000004
0.06451612972000004
0.06460829566000004
0.06451612976000003
0.06442396378000004
0.06442396378000004
0.06423963198000003
0.06414746604000003
0.06414746604000003
0.06423963184000003
0.06433179774000004
0.06433179774000004
0.06433179774000004
0.06433179774000004
0.06433179774000004
0.06433179774000003
0.06433179774000003
0.06423963188000005
0.06423963188000005
0.06414746602000004
0.06405530012000005
0.06396313422000005
0.06387096828000005
0.06405530008000004
0.06405530008000004
0.06396313414000004
0.06377880244000006
0.06377880244000006
0.06387096838000005
0.06387096838000005
0.06368663654000004
0.06368663654000004
0.06377880244000003
0.06396313420000005
0.06387096826000004
0.06368663646000003
0.06368663646000003
0.06368663646000003
0.06368663646000003
0.06368663646000003
0.06377880232000004
0.06377880232000004
0.06377880232000004
0.06396313416000003
0.06387096830000003
0.06387096830000003
0.06396313420000004
0.06396313420000004
0.06396313420000004
0.06387096834000004
0.06387096834000004
0.06387096834000004
0.06387096834000004
0.06387096834000004
0.06387096834000004
0.06387096834000004
0.06387096834000004
0.06368663646000003
0.06377880232000004
0.06387096826000004
0.06387096826000004
0.06387096826000004
0.06387096826000004
0.06396313416000003
0.06396313416000003
0.06396313416000003
0.06396313416000003
0.06396313416000003
0.06396313416000003
0.06387096822000003
0.06387096822000003
0.06396313412000003
0.06405530002000002
0.06414746596000002
0.06414746596000002
0.06414746596000002
0.06414746596000002
0.06414746596000002
0.06414746596000002
0.06405530010000003
0.06405530010000003
0.06405530010000003
0.06414746604000003
0.06423963190000004
0.06423963190000004
0.06423963190000004
0.06433179784000004
0.06433179784000004
0.06423963194000003
0.06423963194000003
0.06451612968000003
0.06451612968000003
0.06451612968000003
0.06451612968000003
0.06451612968000003
0.06451612968000003
0.06451612968000003
0.06460829562000003
0.06460829562000003
0.06460829562000003
0.06460829562000003
0.06470046152000003
0.06470046152000003
0.06470046152000003
0.06470046152000003
0.06460829566000002
0.06460829566000002
0.06460829566000002
0.06451612972000002
0.06451612972000002
0.06451612972000002
0.06451612972000002
0.06451612972000002
0.06479262708000003
0.06479262708000003
0.06479262708000003
0.06479262708000003
0.06479262708000003
0.06488479302000003
0.06488479302000003
0.06488479302000003
0.06488479302000003
0.06488479302000003
0.06497695896000003
0.06497695896000003
0.06506912482000002
0.06525345662000002
0.06525345662000002
0.06525345662000002
0.06534562248000002
0.06534562248000002
0.06543778834000002
0.06534562240000003
0.06534562240000003
0.06534562240000003
0.06534562240000003
0.06534562240000003
0.06534562240000003
0.06534562240000003
0.06534562240000003
0.06534562240000003
0.06525345650000003
0.06534562236000002
0.06534562236000002
0.06543778830000004
0.06543778830000004
0.06543778830000004
0.06543778830000004
0.06543778830000004
0.06543778830000004
0.06562211984000003
0.06562211984000003
0.06571428564000004
0.06571428564000004
0.06571428564000004
0.06580645158000004
0.06571428598000004
0.06562211998000002
0.06543778804000003
0.06562211984000003
0.06552995364000003
0.06543778838000003
0.06552995428000002
0.06552995428000002
0.06552995428000002
0.06516129022000003
0.06497695862000002
0.06470046096000003
0.06460829496000002
0.06387096802000003
0.06341013802000002
0.06276497682000003
0.06267281136000002
0.06138248856000002
0.06046082956000002
0.06036866376000002
0.06036866362000001
0.05990783422000002
0.05981566822000002
0.059723502380000015
0.05953917062000002
0.059447004720000016
0.059447004720000016
0.059447004720000016
0.05935483882000001
0.05935483882000001
0.059539170660000015
0.059539170660000015
0.059447004720000016
0.059539170660000015
0.05972350250000002
0.059815668500000016
0.059815668500000016
0.059815668500000016
0.059815668500000016
0.05990783440000002
0.060092166200000026
0.060092166200000026
0.060092166200000026
0.060092166200000026
0.060092166200000026
0.060184332060000026
0.060184332060000026
0.060184332060000026
0.060184332060000026
0.06027649800000003
0.06027649800000003
0.06027649800000003
0.06036866390000003
0.06036866390000003
0.06036866390000003
0.060645161600000025
0.060645161600000025
0.060645161600000025
0.06073732750000003
0.06073732750000003
0.06073732750000003
0.06073732750000003
0.06073732750000003
0.060829493500000026
0.060829493500000026
0.060921659360000026
0.060921659360000026
0.060921659360000026
0.06082949336000003
0.06082949336000003
0.060645161760000024
0.060737327700000024
0.060737327700000024
0.06082949360000001
0.06092165940000002
0.06092165940000002
0.06092165940000002
0.060921659360000026
0.06082949336000002
0.06073732736000003
0.06082949296000002
0.06082949296000002
0.060737327760000015
0.06064516190000003
0.060552995900000024
0.060552995900000024
0.060645161760000024
0.060645161760000024
0.060645161760000024
0.06055299536000002
0.06055299536000002
0.060552995660000025
0.060368663860000026
0.06027649786000003
0.06027649786000003
0.06000000046000003
0.06000000012000003
0.059907834120000024
0.05990783398000002
0.05981566838000003
0.059539170780000025
0.05935483878000003
0.05926267304000002
0.058433179940000024
0.058248847940000015
0.05778801854000002
0.05695852534000002
0.05658986174000002
0.05612903234000002
0.05548387094000003
0.05539170504000001
0.055299539240000015
0.054930875640000015
0.054746543840000016
0.05474654388000002
0.054746543840000016
0.054654377980000016
0.054654377980000016
0.054654377980000016
0.05474654388000001
0.05474654388000001
0.05493087568000002
0.05493087568000002
0.05502304158000002
0.05502304158000002
0.05493087564000002
0.05493087564000002
0.05493087564000002
0.05493087564000002
0.05493087564000002
0.05493087564000002
0.055023041440000024
0.055023041440000024
0.055023041440000024
0.055023041440000024
0.055115207300000024
0.055115207300000024
0.055115207300000024
0.055115207300000024
0.055115207300000024
0.055115207300000024
0.055207373240000024
0.055299539180000024
0.055299539180000024
0.055299539180000024
0.055299539180000024
0.055391705120000016
0.055391705120000016
0.055391705120000016
0.055391705120000016
0.055391705120000016
0.055391705120000016
0.055391705120000016
0.055391705120000016
0.055391705120000016
0.055391705120000016
0.055391705120000016
0.055483870980000016
0.055483870980000016
0.05557603688000002
0.05557603688000002
0.05557603688000002
0.05566820278000002
0.05566820278000002
0.05557603692000002
0.05557603692000002
0.05557603692000002
0.05557603692000002
0.055668202820000026
0.05576036872000002
0.05585253458000002
0.05585253458000002
0.05585253458000002
0.05585253458000002
0.05585253458000002
0.055760368680000026
0.055760368680000026
0.055760368680000026
0.05585253458000003
0.05585253458000003
0.05585253458000003
0.05585253458000003
0.05585253458000003
0.05585253458000003
0.05585253458000003
0.05594470048000003
0.05594470048000003
0.05594470048000003
0.056036866380000036
0.05612903228000003
0.05612903228000003
0.05612903228000003
0.05612903228000003
0.05612903228000003
0.05612903228000003
0.056221198080000034
0.056221198080000034
0.05631336398000003
0.05631336398000003
0.05631336398000003
0.05631336398000003
0.05631336398000003
0.05649769570000003
0.056589861600000034
0.056589861600000034
0.056589861600000034
0.056589861600000034
0.056589861600000034
0.056589861600000034
0.05668202740000003
0.05677419326000002
0.056866359160000025
0.056866359160000025
0.056866359160000025
0.056866359160000025
0.056866359160000025
0.05695852496000002
0.05723502266000002
0.05723502266000002
0.05723502266000002
0.05723502266000002
0.05723502266000002
0.05723502266000002
0.05723502266000002
0.05723502266000002
0.05723502266000002
0.05723502266000002
0.05732718856000003
0.05732718856000003
0.05732718856000003
0.05741935446000002
0.05741935446000002
0.05741935446000002
0.05741935446000002
0.05751152036000001
0.05751152036000001
0.05751152036000001
0.05751152036000001
0.05751152036000001
0.05751152036000001
0.057603686260000016
0.05769585216000002
0.05769585216000002
0.05769585216000002
0.05778801810000002
0.057880184040000025
0.057972349980000025
0.057972349980000025
0.057972349980000025
0.057972349980000025
0.05806451592000002
0.05806451592000002
0.05806451592000002
0.058156681860000024
0.058156681860000024
0.058156681860000024
0.058156681860000024
0.05824884766000002
0.05824884766000002
0.05834101356000002
0.05834101356000002
0.05834101356000002
0.05834101356000002
0.05834101356000002
0.05824884770000002
0.05834101360000002
0.05834101360000002
0.05834101360000002
0.05843317950000002
0.05852534544000003
0.05861751134000002
0.05861751134000002
0.05861751134000002
0.05861751134000002
0.05861751134000002
0.05861751134000002
0.05861751124000003
0.05870967714000003
0.05870967714000003
0.05870967714000003
0.05870967714000003
0.05870967714000003
0.05870967714000003
0.05870967714000003
0.05870967714000003
0.05870967714000003
0.05870967714000003
0.05870967714000003
0.05870967714000003
0.05870967714000003
0.05870967714000003
0.05880184304000003
0.05880184304000003
0.05880184304000003
0.05889400894000002
0.05898617488000002
0.05898617488000002
0.05898617488000002
0.05898617488000002
0.05898617488000002
0.05907834078000002
0.05926267244000002
0.05926267244000002
0.05926267244000002
0.05944700428000002
0.05944700428000002
0.05944700428000002
0.05944700428000002
0.05944700428000002
0.05944700428000002
0.05944700428000002
0.05944700428000002
0.059354838380000025
0.059354838380000025
0.059354838380000025
0.059354838380000025
0.059354838380000025
0.059354838380000025
0.059354838380000025
0.059354838380000025
0.059354838380000025
0.059354838380000025
0.059354838380000025
0.059354838380000025
0.059354838380000025
0.059354838380000025
0.059354838380000025
0.059354838380000025
0.059354838380000025
0.05944700428000002
0.05953917022000002
0.05953917022000002
0.05953917022000002
0.05953917022000002
0.05953917022000002
0.05953917022000002
0.05953917022000002
0.05953917022000002
0.05953917022000002
0.05953917022000002
0.05953917022000002
0.05953917022000002
0.05953917022000002
0.05953917022000002
0.05963133612000002
0.05972350192000001
0.05972350192000001
0.05972350192000001
0.05972350192000001
0.05972350192000001
0.05972350192000001
0.059815667820000015
0.059815667820000015
0.059815667820000015
0.059815667820000015
0.059815667820000015
0.059815667820000015
0.059815667820000015
0.059907833760000015
0.059907833760000015
0.059907833760000015
0.059907833760000015
0.059907833760000015
0.059907833760000015
0.059999999660000004
0.059999999660000004
0.059999999660000004
0.059999999660000004
0.059999999660000004
0.059999999660000004
0.06009216546000001
0.06018433140000002
0.06027649730000002
0.06036866320000001
0.06036866320000001
0.06036866320000001
0.06036866320000001
0.06036866320000001
0.060460829100000016
0.060460829100000016
0.060460829100000016
0.060460829100000016
0.060460829100000016
0.060460829100000016
0.060460829100000016
0.060552995100000014
0.06064516100000002
0.06064516100000002
0.06073732690000002
0.06073732690000002
0.06073732690000002
0.06073732690000002
0.06082949280000002
0.06110599040000002
0.06110599040000002
0.06110599040000002
0.06110599040000002
0.06110599040000002
0.06119815634000002
0.06119815634000002
0.06119815634000002
0.06119815634000002
0.06119815634000002
0.06119815634000002
0.06119815634000002
0.06119815634000002
0.06119815634000002
0.06119815634000002
0.061290322240000014
0.061290322240000014
0.061290322240000014
0.061290322240000014
0.061290322240000014
0.061290322240000014
0.061290322240000014
0.061290322240000014
0.061290322240000014
0.061290322240000014
0.06138248818000002
0.06138248818000002
0.06138248818000002
0.06138248818000002
0.06138248818000002
0.06138248818000002
0.06138248818000002
0.06147465398000002
0.06147465398000002
0.06156681992000002
0.06156681992000002
0.06156681992000002
0.06156681992000002
0.06156681992000002
0.06156681992000002
0.06156681992000002
0.06156681992000002
0.06156681992000002
0.06156681992000002
0.06156681992000002
0.061658985720000024
0.061658985720000024
0.061658985720000024
0.061658985720000024
0.061658985720000024
0.061658985720000024
0.061658985720000024
0.061658985720000024
0.061658985720000024
0.061658985720000024
0.061658985720000024
0.061658985720000024
0.061658985720000024
0.061658985720000024
0.061658985720000024
0.06175115162000002
0.06175115162000002
0.06175115162000002
0.06175115162000002
0.06175115162000002
0.06184331742000002
0.06184331742000002
0.06184331742000002
0.06184331742000002
0.06184331742000002
0.06184331742000002
0.06184331742000002
0.06184331742000002
0.06184331742000002
0.06184331742000002
0.061751151480000016
0.061751151480000016
0.061751151480000016
0.061751151480000016
0.061751151480000016
0.061751151480000016
0.061751151480000016
0.061751151480000016
0.061751151480000016
0.061751151480000016
0.061751151480000016
0.061751151480000016
0.06193548338000001
0.06193548338000001
0.06193548338000001
0.06193548338000001
0.06193548338000001
0.06193548338000001
0.06193548338000001
0.06193548338000001
0.06193548338000001
0.06193548338000001
0.06193548338000001
0.06193548338000001
0.06193548338000001
0.06193548338000001
0.06193548338000001
0.06193548338000001
0.06193548338000001
0.062027649180000005
0.062027649180000005
0.06211981508000001
0.06211981508000001
0.06221198098000001
0.06221198098000001
0.06221198098000001
0.06221198098000001
0.06221198098000001
0.06230414678000001
0.06230414678000001
0.06239631264000001
0.06239631264000001
0.06239631264000001
0.06239631264000001
0.06239631264000001
0.06239631264000001
0.06239631264000001
0.06239631264000001
0.06239631264000001
0.06239631264000001
0.06230414674000001
0.06230414674000001
0.06239631268000001
0.06239631268000001
0.06248847854000001
0.06248847854000001
0.06248847854000001
0.06248847854000001
0.06248847854000001
0.06248847854000001
0.06267281028000002
0.06267281028000002
0.06267281028000002
0.06267281028000002
0.06267281028000002
0.06267281028000002
0.06267281028000002
0.06267281028000002
0.06267281028000002
0.06267281028000002
0.06276497608000002
0.06276497608000002
0.06276497608000002
0.06285714188000002
0.06276497598000001
0.06276497598000001
0.06276497598000001
0.06276497598000001
0.06276497598000001
0.06276497598000001
0.06276497598000001
0.06285714178000001
0.06285714178000001
0.06294930764000002
0.06294930764000002
0.06304147354000002
0.06304147354000002
0.06304147354000002
0.06304147354000002
0.06304147354000002
0.06304147354000002
0.06304147354000002
0.06304147354000002
0.06304147354000002
0.06304147354000002
0.06304147354000002
0.06304147354000002
0.06304147354000002
0.06304147354000002
0.06304147354000002
0.06313363944000003
0.06313363944000003
0.06322580538000003
0.06322580538000003
0.06322580538000003
0.06322580538000003
0.06322580538000003
0.06322580538000003
0.06322580538000003
0.06322580538000003
0.06322580538000003
0.06322580538000003
0.06331797128000002
0.06331797128000002
0.06331797128000002
0.06331797128000002
0.06331797128000002
0.06331797128000002
0.06331797128000002
0.06331797128000002
0.06331797128000002
0.06331797128000002
0.06331797128000002
0.06331797128000002
0.06331797128000002
0.06331797128000002
0.06331797128000002
0.06331797128000002
0.06331797128000002
0.06331797128000002
0.06331797128000002
0.06331797128000002
0.06331797128000002
0.06331797128000002
0.06331797128000002
0.06331797128000002
0.06331797128000002
0.06331797128000002
0.06331797128000002
0.06331797128000002
0.06331797128000002
0.06331797128000002
0.06331797128000002
0.06331797128000002
0.06331797128000002
0.06331797128000002
0.06331797128000002
0.06331797128000002
0.06331797128000002
0.06331797128000002
0.06331797128000002
0.06331797128000002
0.06331797128000002
0.06331797128000002
0.06331797128000002
0.06331797128000002
0.06331797128000002
0.06331797128000002
0.06331797128000002
0.06331797128000002
0.06331797128000002
0.06331797128000002
0.06331797128000002
0.06331797128000002
0.06331797128000002
0.06331797128000002
0.06331797128000002
0.06331797128000002
0.06331797128000002
0.06331797128000002
0.06331797128000002
0.06331797128000002
0.06331797128000002
0.06331797128000002
0.06331797128000002
0.06331797128000002
0.06331797128000002
0.06331797128000002
0.06331797128000002
0.06331797128000002
0.06331797128000002
0.06331797128000002
0.06331797128000002
0.06331797128000002
0.06331797128000002
0.06331797128000002
0.06331797128000002
0.06331797128000002
0.06331797128000002
0.06331797128000002
0.06331797128000002
0.06331797128000002
0.06331797128000002
0.06331797128000002
0.06331797128000002
0.06341013728000003
0.06350230318000002
0.06350230318000002
0.06350230318000002
0.06350230318000002
0.06350230318000002
0.06359446908000002
0.06368663502000002
0.06368663502000002
0.06368663502000002
0.06368663502000002
0.06368663502000002
0.06368663502000002
0.06368663502000002
0.06368663502000002
0.06368663502000002
0.06368663502000002
0.06368663502000002
0.06368663502000002
