0.5340092224
0.3701382526000001
0.30755760572
0.23972350380000004
0.18958525304
0.16138248992000004
0.14267281103999996
0.13419354854
0.12801843402
0.12341013866000003
0.11990783476000003
0.11612903244
0.11336405622000001
0.11124424018000001
0.10903225900000002
0.10700460910000001
0.10580645198000002
0.10460829622000002
0.10276497824000003
0.10138249002000005
0.09990783612000005
0.09861751284000003
0.09612903348000006
0.09465437936000003
0.09336405654000003
0.09235023166000002
0.09096774244
0.08921659024
0.08774193546000002
0.0862672812
0.08534562186
0.08451612888000001
0.08313364040000006
0.08193548402000005
0.08138248882000003
0.08018433210000002
0.07898617554000002
0.07806451696000001
0.07732718932000003
0.07668202798000003
0.07576036948000003
0.07483871018000002
0.07382488548000002
0.07317972448000001
0.07225806554000001
0.07133640656000004
0.07105990886000002
0.07032258168000002
0.06995391802000003
0.06986175222000002
0.06986175198000001
0.06921659078000002
0.06875576108000002
0.06792626768000003
0.06764977008000002
0.06709677442000003
0.06645161342000001
0.06589861788000002
0.06562212018000003
0.06506912492000003
0.06451612942000003
0.06414746582000003
0.06331797306000002
0.06285714338000002
0.06211981584000001
0.06175115232000002
0.061382488760000034
0.06055299580000002
0.06009216614000002
0.05963133660000003
0.059354838840000035
0.05880184368000003
0.058525346140000024
0.05815668264000002
0.05788018504000002
0.057327189500000014
0.057142857800000016
0.05649769634000002
0.056221198520000015
0.056313364380000015
0.056405530360000025
0.056129032620000026
0.05576036892000002
0.055483871140000016
0.055023041600000024
0.05483870984000002
0.05456221224000002
0.05447004630000002
0.05428571446000002
0.054009216800000016
0.05373271900000001
0.05364055308000002
0.053640553040000025
0.053271889500000016
0.05317972366000001
0.05336405546000002
0.05327188956000002
0.052995391900000015
0.052995391900000015
0.05281106006000002
0.052534562440000016
0.05253456248000002
0.05253456248000002
0.05262672838000002
0.05244239654000002
0.05235023060000002
0.05225806466000002
0.05207373286000002
0.051889401060000014
0.051797235220000015
0.05188940112000002
0.05170506942000001
0.05170506942000001
0.05161290352000001
0.05161290352000001
0.051520737620000014
0.051520737620000014
0.05142857168000001
0.05152073754000001
0.05152073754000001
0.05142857164000001
0.05133640570000002
0.05133640574000001
0.05124423980000001
0.05124423980000001
0.05124423980000001
0.05124423980000001
0.05115207386
0.05105990792
0.05096774206
0.050599078459999995
0.050506912560000006
0.050506912560000006
0.050506912560000006
0.05041474666
0.05041474666
0.05032258072
0.05032258072
0.050230414779999996
0.05013824887999999
0.050046082979999996
0.050046082979999996
0.049953917040000004
0.049953917040000004
0.049953917040000004
0.050046082900000004
0.049861751059999994
0.049861751059999994
0.049861751059999994
0.049861751059999994
0.049861751059999994
0.04949308758
0.04949308758
0.04949308758
0.04949308758
0.04930875582000001
0.04930875582000001
0.04930875582000001
0.04921658988000001
0.04921658988000001
0.049124423980000005
0.049124423980000005
0.049124423980000005
0.049032258120000005
0.049032258120000005
0.049032258120000005
0.04912442402000001
0.049032258040000005
0.04894009210000001
0.04884792620000001
0.04884792620000001
0.04875576034000001
0.04875576034000001
0.04884792628
0.04875576042
0.04875576042
0.04875576042
0.04875576042
0.048663594479999996
0.048663594479999996
0.048663594479999996
0.048663594479999996
0.04857142854
0.04857142854
0.04857142854
0.0486635944
0.0486635944
0.0486635944
0.0486635944
0.0486635944
0.04875576029999999
0.04875576029999999
0.04875576029999999
0.04875576029999999
0.04875576029999999
0.04875576029999999
0.048847926199999996
0.048847926199999996
0.048847926199999996
0.048755760339999996
0.048755760339999996
0.048755760339999996
0.04866359443999999
0.04866359443999999
0.048755760339999996
0.0486635944
0.0486635944
0.0486635944
0.0486635944
0.0486635944
0.0486635944
0.04875576034000001
0.04875576034000001
0.04884792628
0.04884792628
0.04884792628
0.04884792628
0.04894009214
0.04903225796000001
0.04903225796000001
0.04903225796000001
0.04903225796000001
0.04903225796000001
0.049124423860000016
0.049124423860000016
0.049216589760000005
0.049216589760000005
0.049216589760000005
0.049216589760000005
0.049216589760000005
0.049216589760000005
0.049216589760000005
0.049216589760000005
0.049308755620000005
0.049308755620000005
0.049308755620000005
0.049308755620000005
0.049400921480000005
0.049400921480000005
0.049400921480000005
0.049400921480000005
0.049400921480000005
0.049493087340000005
0.049400921480000005
0.049400921480000005
0.049400921480000005
0.049493087340000005
0.049493087340000005
0.04958525328000001
0.04958525328000001
0.04967741914000001
0.04967741914000001
0.04967741914000001
0.04967741914000001
0.04967741914000001
0.04976958504000001
0.04976958504000001
0.04976958504000001
0.04976958504000001
0.04967741922000001
0.04967741922000001
0.04958525336000001
0.049493087420000005
0.049400921480000005
0.049493087420000005
0.049493087420000005
0.049493087420000005
0.049493087420000005
0.049493087420000005
0.049585253280000005
0.049585253280000005
0.049585253280000005
0.049585253280000005
0.049585253280000005
0.049677419140000005
0.049677419140000005
0.049677419140000005
0.049677419140000005
0.049677419140000005
0.049677419140000005
0.049677419140000005
0.049677419140000005
0.049677419140000005
0.049677419140000005
0.049677419140000005
0.049677419140000005
0.049677419140000005
0.049677419140000005
0.049585253280000005
0.049493087420000005
0.049493087420000005
0.049585253280000005
0.049585253280000005
0.04967741922000001
0.04967741922000001
0.04958525336000001
0.04958525336000001
0.04958525336000001
0.049677419300000004
0.049769585160000004
0.049769585160000004
0.049769585160000004
0.049769585160000004
0.049769585160000004
0.049677419300000004
0.049769585160000004
0.049769585160000004
0.049769585160000004
0.049769585160000004
0.049861751020000004
0.04986175094000001
0.04986175094000001
0.04995391680000001
0.04995391680000001
0.05004608266000001
0.05013824852000001
0.050230414460000004
0.05032258040000001
0.05032258040000001
0.05032258040000001
0.05041474626000001
0.05050691220000001
0.05059907814000002
0.05059907814000002
0.05078340986000002
0.05078340986000002
0.05087557572000002
0.05087557572000002
0.05087557572000002
0.05087557572000002
0.05087557572000002
0.05087557572000002
0.05087557572000002
0.05096774166000001
0.05105990756000001
0.05096774170000001
0.05096774170000001
0.05096774170000001
0.05096774170000001
0.05096774170000001
0.05096774170000001
0.05105990756000001
0.05115207346000002
0.05115207346000002
0.05115207346000002
0.05115207346000002
0.05115207346000002
0.051059907520000024
0.051152073380000024
0.05124423924000002
0.05124423924000002
0.051152073380000024
0.051152073380000024
0.051152073380000024
0.05124423924000002
0.05124423924000002
0.05133640514000001
0.05133640514000001
0.051520736800000015
0.051520736800000015
0.051520736800000015
0.051520736800000015
0.051520736800000015
0.051520736800000015
0.051520736800000015
0.05161290274000002
0.05161290274000002
0.05161290274000002
0.05170506868000002
0.05170506868000002
0.051981566380000024
0.051981566380000024
0.051981566380000024
0.05207373232000002
0.05207373232000002
0.05216589822000002
0.05225806412000002
0.05225806412000002
0.05235023002000002
0.05253456186000002
0.05253456186000002
0.05253456186000002
0.05253456186000002
0.05253456186000002
0.05253456186000002
0.05253456186000002
0.05253456186000002
0.05244239596000003
0.05244239596000003
0.05244239596000003
0.05244239596000003
0.05244239596000003
0.05244239596000003
0.05244239596000003
0.05244239596000003
0.05244239596000003
0.05253456182000003
0.05244239588000002
0.05253456182000003
0.05253456182000003
0.05253456182000003
0.05253456182000003
0.05253456182000003
0.05253456182000003
0.05253456182000003
0.05253456182000003
0.05262672776000002
0.05271889366000002
0.05271889366000002
0.05281105960000002
0.05281105960000002
0.05281105960000002
0.05290322550000002
0.05290322550000002
0.05290322550000002
0.05290322550000002
0.05290322550000002
0.05290322550000002
0.05290322550000002
0.05290322550000002
0.05290322550000002
0.05299539136000002
0.05299539136000002
0.05299539136000002
0.05299539136000002
0.05299539136000002
0.05299539136000002
0.053087557300000025
0.053087557300000025
0.05317972324000002
0.05317972324000002
0.05317972324000002
0.05317972324000002
0.05327188914000002
0.05327188914000002
0.05327188914000002
0.053456220900000025
0.05354838680000002
0.05345622094000002
0.05345622094000002
0.05345622094000002
0.05345622094000002
0.05345622094000002
0.05354838680000002
0.05354838680000002
0.05354838680000002
0.053640552700000024
0.053640552700000024
0.053732718640000024
0.053732718640000024
0.053824884500000024
0.053824884500000024
0.05391705044000002
0.05391705044000002
0.05391705044000002
0.05391705044000002
0.05391705044000002
0.05391705044000002
0.05391705044000002
0.05391705044000002
0.05391705044000002
0.054009216380000016
0.054009216380000016
0.054009216380000016
0.054101382240000016
0.054101382240000016
0.054101382240000016
0.054101382240000016
0.054101382240000016
0.05400921634000001
0.05400921634000001
0.05400921634000001
0.05400921634000001
0.05410138220000001
0.05410138220000001
0.05410138220000001
0.05419354814000002
0.05419354814000002
0.05419354814000002
0.05419354814000002
0.05419354814000002
0.054285714040000016
0.05437787998000001
0.05437787998000001
0.05437787998000001
0.05437787998000001
0.05437787998000001
0.05437787998000001
0.054377879980000016
0.054377879980000016
0.054377879980000016
0.054377879980000016
0.054377879980000016
0.054377879980000016
0.054377879980000016
0.054470045920000015
0.054470045920000015
0.054470045920000015
0.054470045920000015
0.05456221186000002
0.05456221186000002
0.05465437780000002
0.05483870960000003
0.05483870960000003
0.05493087554000002
0.05493087554000002
0.05502304144000002
0.05502304144000002
0.05502304144000002
0.05502304144000002
0.05502304144000002
0.055115207380000024
0.055115207380000024
0.055115207380000024
0.055115207380000024
0.05520737328000002
0.05520737328000002
0.05520737328000002
0.05520737328000002
0.05520737328000002
0.05520737328000002
0.05520737328000002
0.05520737328000002
0.05520737328000002
0.05520737328000002
0.05520737328000002
0.05520737328000002
0.05520737328000002
0.05520737328000002
0.05529953918000001
0.05529953918000001
0.05529953918000001
0.055483870980000016
0.055483870980000016
0.055483870980000016
0.05557603688000002
0.05566820268000003
0.05576036858000002
0.05576036858000002
0.05576036858000002
0.05576036858000002
0.05576036858000002
0.05576036858000002
0.05576036858000002
0.05576036858000002
0.05585253452000002
0.05585253452000002
0.05585253452000002
0.05585253452000002
0.05585253452000002
0.05603686636000003
0.05603686636000003
0.05603686636000003
0.05603686636000003
0.05603686636000003
0.05612903226000002
0.05612903226000002
0.05612903226000002
0.05612903226000002
0.05612903226000002
0.05612903226000002
0.05612903226000002
0.056221198200000023
0.056221198200000023
0.056221198200000023
0.056221198200000023
0.056221198200000023
0.056221198200000023
0.056221198200000023
0.056221198200000023
0.056221198200000023
0.05631336414000002
0.05631336414000002
0.05631336414000002
0.05631336414000002
0.05631336414000002
0.05631336414000002
0.05631336414000002
0.05631336414000002
0.05649769602000003
0.05649769602000003
0.05649769602000003
0.05649769602000003
0.05649769602000003
0.05649769602000003
0.05649769602000003
0.05649769602000003
0.05658986192000002
0.05668202782000002
0.05668202782000002
0.05668202782000002
0.05668202782000002
0.05668202782000002
0.05668202782000002
0.05668202782000002
0.05668202782000002
0.05668202782000002
0.05668202782000002
0.05668202782000002
0.05668202782000002
0.056866359660000025
0.056866359660000025
0.056866359660000025
0.056866359660000025
0.056866359660000025
0.05695852556000003
0.05695852556000003
0.05695852556000003
0.05695852556000003
0.05695852556000003
0.05695852556000003
0.05695852556000003
0.05695852556000003
0.05705069146000003
0.05705069146000003
0.05705069146000003
0.05705069146000003
0.05705069146000003
0.05705069146000003
0.05705069146000003
0.05705069146000003
0.05705069146000003
0.05705069146000003
0.057142857360000035
0.057142857360000035
0.057142857360000035
0.057142857360000035
0.05723502326000004
0.057327189160000035
0.057327189160000035
0.057327189160000035
0.057327189160000035
0.05741935506000004
0.05751152096000003
0.05751152096000003
0.05751152096000003
0.05751152096000003
0.05751152096000003
0.05751152096000003
0.05751152096000003
0.05751152096000003
0.057603686900000034
0.057603686900000034
0.05769585280000003
0.05769585280000003
0.05769585280000003
0.05769585280000003
0.05769585280000003
0.05769585280000003
0.05769585280000003
0.05769585280000003
0.05769585280000003
0.05769585280000003
0.05769585280000003
0.05769585280000003
0.057788018700000034
0.057788018700000034
0.057788018700000034
0.057788018700000034
0.057788018700000034
0.057788018700000034
0.057788018700000034
0.057788018700000034
0.057788018700000034
0.057788018700000034
0.05788018460000002
0.057972350500000026
0.057972350500000026
0.057972350500000026
0.057972350500000026
0.057972350500000026
0.057972350500000026
0.057972350500000026
0.057972350500000026
0.05815668234000002
0.05815668234000002
0.05815668234000002
0.05815668234000002
0.05815668234000002
0.05815668234000002
0.05815668234000002
0.058248848240000026
0.058248848240000026
0.058248848240000026
0.058248848240000026
0.058248848240000026
0.058248848240000026
0.05834101414000003
0.05834101414000003
0.05834101414000003
0.05834101414000003
0.05834101414000003
0.05843317994000003
0.05843317994000003
0.05843317994000003
0.05843317994000003
0.05843317994000003
0.05843317994000003
0.05843317994000003
0.05843317994000003
0.05843317994000003
0.05843317994000003
0.05843317994000003
0.05843317994000003
0.05843317994000003
0.05843317994000003
0.05843317994000003
0.05843317994000003
0.05843317994000003
0.05843317994000003
0.05843317994000003
0.05834101404000003
0.05834101404000003
0.05843317998000003
0.05843317998000003
0.05843317998000003
0.05843317998000003
0.05852534578000003
0.05852534578000003
0.05852534578000003
0.05852534578000003
0.05852534578000003
0.05852534578000003
0.05852534578000003
0.058617511680000026
0.058617511680000026
0.058617511680000026
0.058617511680000026
0.05870967758000003
0.05870967758000003
0.05870967758000003
0.05870967758000003
0.05870967758000003
0.05870967758000003
0.05870967758000003
0.05870967758000003
0.05870967758000003
0.05870967758000003
0.05870967758000003
0.05870967758000003
0.05870967758000003
0.05870967758000003
0.05870967758000003
0.05870967758000003
0.05870967758000003
0.05870967758000003
0.05870967758000003
0.05870967758000003
0.05880184348000002
0.05880184348000002
0.05880184348000002
0.05880184348000002
0.05880184348000002
0.05880184348000002
0.05880184348000002
0.05880184348000002
0.05880184348000002
0.05880184348000002
0.05880184348000002
0.05880184348000002
0.05880184348000002
0.05880184348000002
0.05880184348000002
0.05880184348000002
0.05889400938000002
0.05889400938000002
0.05898617532000003
0.05898617532000003
0.05898617532000003
0.05898617532000003
0.05898617532000003
0.05898617532000003
0.05898617532000003
0.05898617532000003
0.05898617532000003
0.05898617532000003
0.05907834112000003
0.05907834112000003
0.05907834112000003
0.05907834112000003
0.05917050706000003
0.05917050706000003
0.05917050706000003
0.05917050706000003
0.05917050706000003
0.05917050706000003
0.05917050706000003
0.059262672960000026
0.059262672960000026
0.059262672960000026
0.059262672960000026
0.059262672960000026
0.059262672960000026
0.059262672960000026
0.059262672960000026
0.059262672960000026
0.059262672960000026
0.059262672960000026
0.059262672960000026
0.059262672960000026
0.059262672960000026
0.059262672960000026
0.05935483886000003
0.05935483886000003
0.05935483886000003
0.05935483886000003
0.05935483886000003
0.05935483886000003
0.05935483886000003
0.05935483886000003
0.05935483886000003
0.05944700480000002
0.05944700480000002
0.05944700480000002
0.05944700480000002
0.05944700480000002
0.05944700480000002
0.05944700480000002
0.05944700480000002
0.05944700480000002
0.05944700480000002
0.05944700480000002
0.05944700480000002
0.05944700480000002
0.05944700480000002
0.05944700480000002
0.05944700480000002
0.05944700480000002
0.05944700480000002
0.05944700480000002
0.05944700480000002
0.05944700480000002
0.05944700480000002
0.05944700480000002
0.05944700480000002
0.05944700480000002
0.05944700480000002
0.05944700480000002
0.05944700480000002
0.05944700480000002
0.05944700480000002
0.05953917070000002
0.05963133660000002
0.05963133660000002
0.05963133660000002
0.05963133660000002
0.059723502500000025
0.059723502500000025
0.059723502500000025
0.059723502500000025
0.059723502500000025
0.059723502500000025
0.059723502500000025
0.059723502500000025
0.059723502500000025
0.05990783424000002
0.05990783424000002
0.05990783424000002
0.06000000018000001
0.06000000018000001
0.06000000018000001
0.06000000018000001
0.06000000018000001
0.06000000018000001
0.06000000018000001
0.06000000018000001
0.06000000018000001
0.06000000018000001
0.06000000018000001
0.06000000018000001
0.06000000018000001
0.06000000018000001
0.06000000018000001
0.060092166080000016
0.060092166080000016
0.060092166080000016
0.060092166080000016
0.060092166080000016
0.060092166080000016
0.060092166080000016
0.060092166080000016
0.06018433198000002
0.06018433198000002
0.06018433198000002
0.06018433198000002
0.06018433198000002
0.06018433198000002
0.06018433198000002
0.06018433198000002
0.06018433198000002
0.06018433198000002
0.06018433198000002
0.06018433198000002
0.06018433198000002
0.06018433198000002
0.06018433198000002
0.060276497880000016
0.060276497880000016
0.060276497880000016
0.060276497880000016
0.060276497880000016
0.060276497880000016
0.060276497880000016
0.060276497880000016
0.060276497880000016
0.060276497880000016
0.060276497880000016
0.060276497880000016
0.060276497880000016
0.060276497880000016
0.060276497880000016
0.060276497880000016
0.060276497880000016
0.060276497880000016
0.060276497880000016
0.060276497880000016
0.060276497880000016
0.060276497880000016
0.060276497880000016
0.060276497880000016
0.060276497880000016
0.060276497880000016
0.060276497880000016
0.060276497880000016
0.060276497880000016
0.060184332080000014
0.060184332080000014
0.060184332080000014
0.060184332080000014
0.060184332080000014
0.060184332080000014
0.060184332080000014
0.060184332080000014
0.060184332080000014
0.060184332080000014
0.060184332080000014
0.060184332080000014
0.060184332080000014
0.060184332080000014
0.060184332080000014
0.060276497880000016
0.060276497880000016
0.060276497880000016
0.060276497880000016
0.060276497880000016
0.060276497880000016
0.060276497880000016
0.060276497880000016
0.060276497880000016
0.060276497880000016
0.060276497880000016
0.060276497880000016
0.060276497880000016
0.060276497880000016
0.060276497880000016
0.060184332080000014
0.060184332080000014
0.060184332080000014
0.060184332080000014
0.060184332080000014
0.060184332080000014
0.060184332080000014
0.060184332080000014
0.060184332080000014
0.060184332080000014
0.060184332080000014
0.060184332080000014
0.060184332080000014
0.060184332080000014
0.060184332080000014
0.060184332080000014
0.060184332080000014
0.060184332080000014
0.060184332080000014
0.060184332080000014
0.060184332080000014
0.060184332080000014
0.060184332080000014
0.06036866378000001
0.06036866378000001
0.06036866378000001
0.06036866378000001
0.06036866378000001
0.06036866378000001
0.060460829680000015
0.060460829680000015
0.060460829680000015
0.060460829680000015
0.060460829680000015
0.060460829680000015
0.060460829680000015
0.060460829680000015
0.060460829680000015
0.06055299558000002
0.06064516138000001
0.06064516138000001
0.06055299548000002
0.06055299548000002
0.06055299548000002
0.06055299548000002
0.06055299548000002
