0.5080184386
0.22377880356
0.12175115301999995
0.10396313366
0.09410138294000006
0.08534562302000002
0.07566820346000004
0.06903225782000004
0.06451612868000002
0.061290322620000025
0.059354838800000004
0.057603686600000016
0.057419354600000014
0.05603686628000003
0.055852534680000024
0.05640553012000003
0.05658986188000001
0.056682028040000006
0.05695852572000001
0.05741935498000002
0.05778801858000002
0.05797235046000001
0.05806451626000002
0.05852534566000001
0.059170506880000015
0.059631336500000014
0.05990783416
0.06046082964000001
0.060552995540000015
0.06073732734000001
0.060921659140000015
0.06110599090000002
0.061474654400000016
0.061658985960000016
0.06193548350000002
0.06202764924000003
0.06239631268000003
0.06267281052000002
0.06276497646000004
0.06304147406000003
0.06313363992000003
0.06359446926000004
0.06368663506000004
0.06387096686000004
0.06387096696000003
0.06405529866000002
0.06433179626000003
0.06433179606000003
0.06433179616000002
0.06451612786000002
0.06470045946000004
0.06479262546000003
0.06488479136000003
0.06506912326000003
0.06525345506000003
0.06552995256000003
0.06571428416000004
0.06589861596000005
0.06608294776000004
0.06617511356000004
0.06617511356000004
0.06617511356000004
0.06626727936000004
0.06626727936000004
0.06645161116000003
0.06645161116000003
0.06663594306000005
0.06663594306000005
0.06663594306000005
0.06663594306000005
0.06663594326000005
0.06663594336000003
0.06654377756000003
0.06654377756000003
0.06682027526000003
0.06682027526000003
0.06700460706000003
0.06709677292000002
0.06718893872000002
0.06728110452000002
0.06728110452000002
0.06746543612000004
0.06755760212000003
0.06774193392000004
0.06783409992000003
0.06783409992000003
0.06811059746000005
0.06820276336000003
0.06820276336000003
0.06801843166000003
0.06801843166000003
0.06811059756000003
0.06811059756000003
0.06792626586000003
0.06792626586000003
0.06792626586000003
0.06783409986000004
0.06783409986000004
0.06783409986000004
0.06783409986000002
0.06774193396000003
0.06764976816000003
0.06764976816000003
0.06764976816000003
0.06764976816000003
0.06764976806000003
0.06746543646000001
0.06746543646000001
0.06755760226000002
0.06764976826000002
0.06764976826000002
0.06764976826000002
0.06764976826000002
0.06755760226000002
0.06755760226000002
0.06746543616000003
0.06755760206000003
0.06755760216000002
0.06755760216000002
0.06755760216000002
0.06755760216000002
0.06755760216000002
0.06755760216000002
0.06755760216000002
0.06746543636000002
0.06746543636000002
0.06746543640000002
0.06746543640000002
0.06746543640000002
0.06737327050000003
0.06718893860000003
0.06728110460000003
0.06728110460000003
0.06700460720000002
0.06700460720000002
0.06700460720000002
0.06700460720000002
0.06700460720000002
0.06691244140000002
0.06691244140000002
0.06700460740000003
0.06700460750000002
0.06709677350000003
0.06709677350000003
0.06709677350000003
0.06682027600000003
0.06691244180000004
0.06672810980000003
0.06672810980000003
0.06672810980000003
0.06672810980000003
0.06672810980000003
0.06672810980000003
0.06672810980000003
0.06672810980000003
0.06672810980000003
0.06654377810000003
0.06654377810000003
0.06654377810000003
0.06654377800000003
0.06654377790000003
0.06645161190000003
0.06645161190000003
0.06645161190000003
0.06635944590000002
0.06617511430000002
0.06589861660000003
0.06589861660000003
0.06589861660000003
0.06599078250000003
0.06580645070000003
0.06580645060000002
0.06580645060000002
0.06580645060000002
0.06580645060000002
0.06580645060000002
0.06589861660000002
0.06580645070000002
0.06580645070000002
0.06580645070000002
0.06562211890000003
0.06562211890000003
0.06552995296000003
0.06552995296000003
0.06552995306000002
0.06552995306000003
0.06552995306000003
0.06534562126000003
0.06534562126000003
0.06534562126000003
0.06516128946000004
0.06506912352000004
0.06506912362000004
0.06506912362000004
0.06497695782000004
0.06479262592000003
0.06470045992000002
0.06470045992000002
0.06442396232000001
0.06442396232000001
0.06442396232000001
0.06423963062000002
0.06414746482000001
0.06405529892000002
0.06405529892000002
0.06405529892000002
0.06405529892000002
0.06405529892000002
0.06405529892000002
0.06414746482000001
0.06405529902000001
0.06387096742000002
0.06387096742000002
0.06377880152000001
0.06368663562000001
0.06368663562000001
0.06377880152000003
0.06377880152000003
0.06377880152000001
0.06377880152000001
0.06377880152000001
0.06377880152000001
0.06368663562000001
0.06359446982
0.06359446982
0.06359446982
0.06350230392000002
0.06350230392000002
0.06350230392000002
0.06350230392000002
0.06350230392000002
0.06350230372000003
0.06350230372000003
0.06359446962000002
0.06350230372000003
0.06350230372000003
0.06350230372000003
0.06350230372000003
0.06350230372000003
0.06350230372000003
0.06331797202000003
0.06322580608000003
0.06322580608000003
0.06331797198000003
0.06322580618000001
0.06322580618000001
0.06322580618000001
0.06322580618000001
0.06322580618000001
0.06304147428000001
0.06304147428000001
0.06313364018000002
0.06313364018000002
0.06304147438000002
0.06304147438000002
0.06304147438000002
0.06294930848000002
0.06294930848000002
0.06285714258000001
0.06276497668000001
0.06267281088000001
0.06267281088000001
0.06248847908000001
0.062304147380000015
0.062304147380000015
0.062304147380000015
0.06221198158000002
0.06221198158000002
0.06211981578000001
0.06193548394000002
0.06193548394000002
0.061935483840000034
0.061935483840000034
0.061935483840000034
0.061935483840000034
0.061935483840000034
0.061935483840000034
0.06184331794000004
0.06175115200000004
0.061843317900000035
0.06175115200000003
0.061658986100000035
0.061658986100000035
0.061566820200000046
0.061566820200000046
0.061566820200000046
0.061566820200000046
0.06147465440000004
0.06138248850000003
0.06138248860000003
0.06138248860000003
0.06138248860000003
0.06119815680000002
0.06119815680000002
0.06119815680000002
0.06138248854000002
0.06119815684000002
0.06110599094000002
0.06110599094000002
0.061198156840000024
0.061198156840000024
0.061198156840000024
0.061198156840000024
0.06129032274000002
0.06129032274000002
0.06138248868000003
0.06138248868000003
0.06147465458000002
0.06147465448000002
0.06147465448000002
0.061566820280000024
0.061566820280000024
0.06147465438000003
0.06147465438000003
0.06156682038000003
0.06156682038000003
0.06156682038000003
0.06156682038000003
0.06156682038000003
0.06165898628000002
0.06165898628000002
0.06156682048000002
0.06156682048000002
0.06156682048000002
0.06138248868000003
0.06138248868000003
0.06119815688000002
0.06110599098000002
0.061105991080000026
0.061105991080000026
0.061105991080000026
0.061198156980000015
0.061198156980000015
0.061198156980000015
0.06110599118000002
0.06110599118000002
0.06110599118000002
0.06110599118000002
0.06101382538000002
0.06092165948000003
0.06092165948000003
0.061013825380000025
0.06110599112000003
0.06110599112000003
0.06110599112000003
0.06110599112000003
0.06119815702000003
0.06129032292000002
0.06138248872000003
0.06138248872000003
0.061474654620000034
0.061474654620000034
0.061474654620000034
0.061474654620000034
0.061658986320000025
0.061658986320000025
0.061658986320000025
0.061658986320000025
0.06156682042000003
0.06156682042000003
0.06156682042000003
0.061474654520000026
0.061474654520000026
0.06156682032000003
0.06156682032000003
0.06156682032000003
0.06147465442000003
0.06156682032000003
0.06165898622000002
0.06156682032000003
0.06156682032000003
0.06156682032000003
0.061474654520000026
0.061474654520000026
0.06138248858000002
0.06138248858000002
0.06138248858000002
0.06138248858000002
0.06138248858000002
0.06129032278000001
0.06129032278000001
0.06129032278000001
0.06129032278000001
0.06129032278000001
0.061382488680000014
0.06101382504
0.060921659239999995
0.060829493340000006
0.060829493340000006
0.060829493340000006
0.060829493340000006
0.060829493340000006
0.060829493340000006
0.06092165928000001
0.06092165928000001
0.061013825080000014
0.061013825080000014
0.061105990940000014
0.061105990940000014
0.06119815694000001
0.06110599104000001
0.06110599104000001
0.06110599104000001
0.06110599104000001
0.06110599104000001
0.06110599104000001
0.06110599104000001
0.06110599104000001
0.06110599104000001
0.06119815704000001
0.06119815704000001
0.06119815704000001
0.06119815704000001
0.06101382514000002
0.06101382514000002
0.06110599094000002
0.06110599094000002
0.06110599094000002
0.06119815684000002
0.06119815684000002
0.06110599090000001
0.06110599090000001
0.06119815670000001
0.06119815670000001
0.06119815670000001
0.06119815670000001
0.06119815670000001
0.06119815670000001
0.06119815670000001
0.06119815670000001
0.06110599080000002
0.061198156800000014
0.061198156800000014
0.061198156800000014
0.06129032270000002
0.06129032270000002
0.06138248850000002
0.06138248850000002
0.06138248850000002
0.06147465440000002
0.06147465440000002
0.06147465440000002
0.06138248850000002
0.06138248850000002
0.06138248850000002
0.06138248850000002
0.06138248850000002
0.06138248850000002
0.06138248850000002
0.06138248850000002
0.06129032260000002
0.06129032260000002
0.06129032260000002
0.06129032260000002
0.06129032260000002
0.06129032260000002
0.06119815670000002
0.06110599080000002
0.06110599080000002
0.06110599080000001
0.06110599080000001
0.06110599080000001
0.06110599080000001
0.06110599080000001
0.06110599080000001
0.06110599080000001
0.061198156800000014
0.061198156800000014
0.061198156800000014
0.061198156800000014
0.061198156800000014
0.061198156800000014
0.06119815684000002
0.06119815684000002
0.06119815684000002
0.06119815684000002
0.06119815684000002
0.06119815684000002
0.06129032274000001
0.06129032274000001
0.06129032274000001
0.06129032274000001
0.06129032274000001
0.06129032274000001
0.06129032274000001
0.06119815684000002
0.06119815684000002
0.06119815684000002
0.06119815684000002
0.06129032274000001
0.06129032274000001
0.06129032274000001
0.06119815684000002
0.06119815684000002
0.06119815684000002
0.06119815684000002
0.06119815684000002
0.06101382494000002
0.06110599084000002
0.06110599084000002
0.06110599084000002
0.06110599084000002
0.06119815674000002
0.06129032274000002
0.061382488680000014
0.061382488680000014
0.061382488680000014
0.061382488680000014
0.06129032274000002
0.06138248864000001
0.06147465444000002
0.06156682034000001
0.06156682034000001
0.06156682034000001
0.06156682034000001
0.06156682034000001
0.06156682034000001
0.061474654540000014
0.061474654540000014
0.06156682044000001
0.06156682044000001
0.06156682044000001
0.06165898634000001
0.061751152240000017
0.061751152240000017
0.06193548404
0.06193548404
0.06193548404
0.06193548404
0.06193548404
0.06193548404
0.06193548404
0.06193548404
0.06193548404
0.062027649940000006
0.062027649940000006
0.061935484040000016
0.06184331814000001
0.06184331814000001
0.06184331814000001
0.061843318040000005
0.061843318040000005
0.061843318040000005
0.061843318040000005
0.061843318040000005
0.06175115214
0.06175115214
0.06175115214
0.06175115214
0.06175115214
0.06175115214
0.06193548404
0.06202764998
0.06202764998
0.06202764998
0.06202764998
0.06202764988000001
0.06193548408000002
0.06193548408000002
0.06193548408000002
0.06193548408000002
0.06193548408000002
0.06193548408000002
0.06193548408000002
0.06175115218000001
0.06175115218000001
0.06175115218000001
0.06175115218000001
0.06175115218000001
0.06175115218000001
0.06175115218000001
0.06175115218000001
0.06175115218000001
0.06175115218000001
0.06175115218000001
0.06175115218000001
0.061843318180000016
0.06193548398000002
0.06193548398000002
0.06193548398000002
0.06193548398000002
0.06202764978000001
0.061935483840000014
0.061935483840000014
0.061935483840000014
0.061935483840000014
0.061935483840000014
0.061935483840000014
0.061935483840000014
0.06202764974000002
0.06202764974000002
0.06202764974000002
0.061935483940000015
0.06202764994000001
0.061935484140000024
0.061935484140000024
0.061935484140000024
0.061935484140000024
0.061935484140000024
0.061843318340000016
0.061843318340000016
0.061843318340000016
0.061843318340000016
0.061751152440000026
0.061751152440000026
0.06193548424000002
0.06193548424000002
0.06193548424000002
0.06193548424000002
0.06184331844000002
0.06175115254000002
0.06175115254000002
0.06175115254000002
0.06175115254000002
0.06184331834000003
0.06184331834000003
0.06165898654000002
0.06165898654000002
0.06165898654000002
0.06175115244000001
0.06165898654000002
0.061751152440000026
0.061751152440000026
0.061751152440000026
0.061751152440000026
0.061751152440000026
0.06184331824000003
0.06184331824000003
0.06184331824000003
0.06184331824000003
0.06184331824000003
0.06193548418000003
0.06193548418000003
0.06193548418000003
0.06193548418000003
0.06193548418000003
0.06193548418000003
0.06193548418000003
0.06193548418000003
0.061843318280000024
0.06184331828000001
0.06175115238000001
0.06175115238000001
0.06175115238000001
0.06175115238000001
0.06175115238000001
0.061843318380000005
0.06175115248000001
0.06175115248000001
0.06175115248000001
0.06175115248000001
0.06175115248000001
0.06175115248000001
0.06165898658000001
0.06175115238000002
0.06175115238000002
0.06175115238000002
0.06175115238000002
0.06175115238000002
0.06175115238000002
0.06175115238000002
0.06175115238000002
0.06175115238000002
0.061843318280000024
0.06175115238000002
0.06175115238000002
0.06184331828000001
0.06184331828000001
0.06184331828000001
0.06184331828000001
0.06184331828000001
0.061935484180000014
0.06202765008000002
0.06193548418000003
0.062027650080000024
0.062027650080000024
0.062027650080000024
0.06193548418000003
0.06193548418000003
0.06193548418000003
0.06193548418000003
0.06193548418000003
0.06193548418000003
0.06184331828000003
0.06184331828000003
0.06184331828000003
0.06184331828000003
0.06175115238000003
0.06175115238000003
0.06175115238000003
0.06175115238000003
0.06184331828000003
0.06184331828000003
0.061935484280000036
0.061935484280000036
0.062027650180000025
0.062027650180000025
0.062027650180000025
0.062027650180000025
0.062027650180000025
0.062027650180000025
0.062027650180000025
0.062027650180000025
0.062027650180000025
0.062027650180000025
0.06211981618000003
0.06211981618000003
0.062027650280000034
0.062027650280000034
0.06211981618000004
0.06211981618000004
0.06221198208000003
0.06230414798000004
0.06239631388000004
0.06239631388000004
0.06239631388000004
0.06239631388000004
0.06239631388000004
0.06239631388000004
0.062304147980000044
0.062304147980000044
0.062304147980000044
0.062304147980000044
0.062304147980000044
0.062304147980000044
0.062304147980000044
0.062304147980000044
0.06239631388000004
0.06248847978000003
0.06258064572000004
0.06258064572000004
0.06258064572000004
0.06258064572000004
0.06258064572000004
0.06258064572000004
0.06258064572000004
0.06258064572000004
0.06258064572000004
0.06258064572000004
0.06258064572000004
0.06258064572000004
0.06258064572000004
0.06258064572000004
0.06258064572000004
0.06258064572000004
0.06258064572000004
0.06267281162000002
0.06258064568000003
0.06258064568000003
0.06258064568000003
0.06258064568000003
0.06258064568000003
0.06258064568000003
0.06258064568000003
0.06258064568000003
0.06267281168000002
0.06267281168000002
0.06267281168000002
0.06267281168000002
0.06258064574000004
0.06258064574000004
0.06267281164000002
0.06267281164000002
0.06267281164000002
0.06258064564000003
0.06258064564000003
0.06258064564000003
0.06258064564000003
0.06258064564000003
0.06258064564000003
0.06267281154000003
0.06267281154000003
0.06267281154000003
0.06276497744000002
0.06276497744000002
0.06276497744000002
0.06276497744000002
0.06276497744000002
0.06285714334000002
0.06276497744000002
0.06285714334000002
0.06285714334000002
0.06285714334000002
0.06285714334000002
0.06285714334000002
0.06285714334000002
0.06285714334000002
0.06285714334000002
0.06285714334000002
0.06285714338000002
0.06285714338000002
0.06285714338000002
0.06304147518000003
0.06313364112000003
0.06313364112000003
0.06313364112000003
0.06313364112000003
0.06313364112000003
0.06313364112000003
0.06304147512000002
0.06304147512000002
0.06313364112000003
0.06322580692000003
0.06322580692000003
0.06322580692000003
0.06322580692000003
0.06313364112000003
0.06313364112000003
0.06313364112000003
0.06313364112000003
0.06313364112000003
0.06313364112000003
0.06313364102000003
0.06331797272000003
0.06331797272000003
0.06331797272000003
0.06341013852000003
0.06341013852000003
0.06341013852000003
0.06341013852000003
0.06341013852000003
0.06350230432000002
0.06341013842000003
0.06341013842000003
0.06341013842000003
0.06341013842000003
0.06341013842000003
0.06341013842000003
0.06341013842000003
0.06341013842000003
0.06341013842000003
0.06341013842000003
0.06341013842000003
0.06341013842000003
0.06341013842000003
0.06341013842000003
0.06341013842000003
0.06341013842000003
0.06341013842000003
0.06341013842000003
0.06341013842000003
0.06341013842000003
0.06350230432000002
0.06350230432000002
0.06350230432000002
0.06350230432000002
0.06341013842000003
0.06341013842000003
0.06341013842000003
0.06331797252000002
0.06350230446000003
0.06350230446000003
0.06350230446000003
0.06350230446000003
0.06350230446000003
0.06350230446000003
0.06350230446000003
0.06350230446000003
0.06350230446000003
0.06359447036000003
0.06359447036000003
0.06368663636000002
0.06368663636000002
0.06368663636000002
0.06368663636000002
0.06368663636000002
0.06368663636000002
0.06368663636000002
0.06368663636000002
0.06368663636000002
0.06368663636000002
0.06368663636000002
0.06368663636000002
0.06368663636000002
0.06368663636000002
0.06377880226000002
0.06377880226000002
0.06377880226000002
0.06387096816000003
0.06387096816000003
0.06387096816000003
0.06387096816000003
0.06387096816000003
0.06396313416000003
0.06396313416000003
0.06396313416000003
0.06405529996000003
0.06405529996000003
0.06414746596000002
0.06414746596000002
0.06414746596000002
0.06414746596000002
0.06414746596000002
0.06414746596000002
0.06414746596000002
0.06414746596000002
0.06423963196000003
0.06414746606000002
0.06414746606000002
0.06423963186000002
0.06423963186000002
0.06423963186000002
0.06423963186000002
0.06433179776000003
0.06423963186000003
0.06433179766000004
0.06433179766000004
0.06423963172000004
0.06423963172000004
0.06423963172000004
0.06423963172000004
0.06423963172000004
0.06433179772000003
0.06442396352000003
0.06451612942000003
0.06451612942000003
0.06451612942000003
0.06460829532000002
0.06470046132000001
0.06470046132000001
0.06470046132000001
0.06479262722000001
0.06479262722000001
0.06479262722000001
0.06479262722000001
0.06470046132000001
0.06470046132000001
0.06470046132000001
0.06470046132000001
0.06470046132000001
0.06479262722000001
0.06479262722000001
0.06470046128000001
0.06470046128000001
0.06470046128000001
0.06470046128000001
0.06470046128000001
0.06470046128000001
0.06470046128000001
0.06470046128000001
0.06470046128000001
0.06470046128000001
0.06470046128000001
0.06470046128000001
0.06470046128000001
0.06470046128000001
0.06470046128000001
0.06460829548000001
0.06460829548000001
0.06470046138000002
0.06479262728000001
0.06479262728000001
0.06479262728000001
0.06497695908000001
0.06497695908000001
0.06488479318000001
0.06488479318000001
0.06497695908
0.06497695908
0.06497695908
0.06497695908
0.06497695908
0.06497695908
0.06497695908
0.06497695908
0.06497695908
0.06497695908
0.06506912498
0.06506912498
0.06516129088
0.06516129088
0.06516129088
0.06516129088
0.06516129088
0.06516129088
0.06516129088
0.06516129088
0.06516129088
0.06516129088
0.06516129088
0.06516129088
0.06525345678000001
0.06525345678000001
0.06525345678000001
0.06525345678000001
0.06525345678000001
0.06525345678000001
0.06525345678000001
0.06525345678000001
0.06525345678000001
0.06525345678000001
0.06525345678000001
0.06525345678000001
0.06525345678000001
0.06525345668
0.06525345668
0.06525345668
0.06525345668
0.06525345668
0.06543778838
0.06543778838
