0.5119815715999999
0.33963134000000006
0.21364055476000002
0.14645161359999997
0.12451612966
0.11520737438000003
0.10894009290000001
0.10460829575999998
0.10129032304
0.0980645166
0.09483871030000003
0.09216589812
0.08986175100000002
0.08774193580000002
0.08571428652000003
0.08322580668000004
0.08138248890000004
0.07907834129999998
0.07658986220000003
0.07373271956000003
0.07253456326000002
0.07059907908000002
0.06949308844
0.06746543854
0.06608294994000002
0.06470046144000001
0.06331797304000002
0.061566820420000015
0.059907834000000035
0.05870967716000003
0.05778801816000002
0.05658986176000002
0.05612903246000001
0.055483871180000005
0.05483870988000002
0.05465437784000002
0.05391705064000002
0.053087557620000024
0.05299539176000002
0.05290322600000001
0.05262672826000001
0.05244239630000002
0.05207373266000001
0.052350230440000006
0.051981566720000004
0.05170506906000001
0.05142857140000001
0.05124423956000001
0.051059907760000016
0.050967741900000016
0.05096774186000001
0.05078341014000002
0.05078341014000002
0.05096774198000002
0.05096774198000001
0.050783410260000016
0.05087557620000001
0.05096774210000001
0.05069124432000001
0.05059907846000001
0.05069124432000001
0.05069124432000001
0.05013824896
0.049769585400000003
0.049677419540000003
0.04976958544000001
0.04949308766
0.04958525364
0.04949308766
0.04949308766
0.04958525356
0.049493087740000004
0.04940092184000001
0.049308755940000004
0.049308755940000004
0.049216590040000015
0.049216590040000015
0.049216590040000015
0.049216590040000015
0.049308755940000004
0.04940092184000001
0.04949308770000001
0.04958525360000001
0.049585253640000014
0.049585253560000014
0.049677419420000014
0.049585253560000014
0.049677419420000014
0.049769585280000014
0.049861751140000014
0.04995391704000001
0.04995391704000001
0.04995391704000001
0.04995391704000001
0.050046082940000014
0.050046082940000014
0.049953917000000014
0.049953917000000014
0.049953917000000014
0.050046082860000014
0.050230414660000014
0.050230414660000014
0.05032258056000001
0.05032258056000001
0.05032258056000001
0.05032258056000001
0.05032258056000001
0.05032258056000001
0.050414746460000014
0.050322580520000014
0.050322580520000014
0.050322580520000014
0.050414746380000014
0.050414746380000014
0.050414746380000014
0.050414746380000014
0.050414746380000014
0.05059907822000001
0.05069124408000001
0.05078341002000002
0.05105990772000002
0.05105990772000002
0.051152073620000016
0.051336405340000016
0.051336405340000016
0.051336405340000016
0.051336405340000016
0.051336405340000016
0.051428571200000016
0.05161290304000001
0.05170506890000001
0.05179723484000001
0.05198156672000001
0.05198156672000001
0.05216589852000001
0.05244239626000002
0.05271889396000001
0.05271889396000001
0.05281105990000001
0.05290322584000002
0.053179723580000025
0.053364055420000014
0.053364055420000014
0.053364055420000014
0.053364055420000014
0.05345622132000002
0.05373271896000001
0.05382488482000001
0.05391705068000001
0.05391705068000001
0.054009216620000015
0.05400921658000001
0.05400921658000001
0.054101382480000015
0.054285714360000015
0.054285714360000015
0.054377880220000015
0.05447004602000002
0.054654377860000006
0.054654377860000006
0.054654377860000006
0.05474654376000001
0.054654377820000016
0.054654377820000016
0.05474654376000001
0.054930875640000015
0.05502304154000002
0.05502304154000002
0.05511520740000002
0.055299539200000025
0.055299539200000025
0.055299539200000025
0.055483870900000024
0.05566820274000001
0.05576036874000002
0.05594470054000001
0.05603686648000002
0.056221198280000016
0.056221198280000016
0.05631336418000002
0.05631336418000002
0.05631336418000002
0.05640553008000002
0.05649769594000002
0.056682027700000026
0.056682027700000026
0.056682027900000015
0.056682027900000015
0.056682027900000015
0.05677419370000002
0.05677419370000002
0.05677419370000002
0.05677419370000002
0.05686635960000001
0.056958525500000017
0.05714285730000002
0.057235023240000016
0.05732718918000002
0.05732718918000002
0.05732718918000002
0.05741935504000002
0.05741935504000002
0.05751152098000002
0.05751152098000002
0.05769585292000002
0.05769585292000002
0.05778801882000002
0.057880184720000026
0.057880184720000026
0.05797235062000003
0.05788018466000003
0.05806451660000003
0.05806451660000003
0.05806451660000003
0.05815668250000003
0.05834101430000002
0.05852534600000002
0.05852534600000002
0.05852534600000002
0.05852534600000002
0.058617511940000026
0.058617511940000026
0.05852534604000002
0.05852534604000002
0.05843318004000002
0.05852534594000002
0.05852534594000002
0.05852534594000002
0.05861751188000002
0.058709677680000016
0.058709677680000016
0.05880184368000002
0.05880184368000002
0.05889400958000001
0.05907834138000001
0.05907834138000001
0.05907834138000001
0.05907834138000001
0.05907834138000001
0.05907834138000001
0.05907834138000001
0.05907834138000001
0.05907834138000001
0.05907834138000001
0.05917050728000001
0.05917050728000001
0.05926267318000001
0.05935483908
0.05944700498
0.05944700498
0.05944700498
0.05944700498
0.05944700498
0.059539170880000006
0.059539170880000006
0.059631336820000005
0.059539170880000006
0.05963133678
0.059815668620000005
0.059815668620000005
0.059815668620000005
0.059815668620000005
0.059815668620000005
0.05990783442000001
0.06000000022
0.06000000022
0.05990783428
0.05990783428
0.05990783428
0.060000000180000006
0.060000000180000006
0.060000000180000006
0.060000000180000006
0.060000000180000006
0.060000000180000006
0.060000000180000006
0.06009216608000001
0.06009216608000001
0.06009216608000001
0.06009216608000001
0.06009216608000001
0.06018433198000001
0.06018433198000001
0.06018433198000001
0.06018433198000001
0.06018433198000001
0.06018433198000001
0.06027649788000001
0.06036866378000001
0.06036866378000001
0.06046082958000002
0.06046082958000002
0.06046082958000002
0.06046082958000002
0.06046082958000002
0.06046082958000002
0.06046082958000002
0.06046082958000002
0.06046082958000002
0.06046082958000002
0.06046082958000002
0.06046082958000002
0.06055299552000002
0.06055299552000002
0.06073732726000002
0.060829493160000025
0.060829493160000025
0.060829493160000025
0.06092165910000002
0.06101382500000002
0.06119815670000002
0.06129032250000002
0.06129032250000002
0.06129032250000002
0.06138248840000002
0.06138248840000002
0.06138248840000002
0.06138248840000002
0.06138248840000002
0.06138248840000002
0.06138248840000002
0.06138248840000002
0.06138248840000002
0.06156682034000002
0.061474654400000016
0.06156682034000002
0.06165898624000002
0.06165898624000002
0.06184331804000001
0.061751152140000015
0.061751152140000015
0.061751152140000015
0.061751152140000015
0.061751152140000015
0.061751152140000015
0.061658986200000016
0.061658986200000016
0.061658986200000016
0.061658986200000016
0.061658986200000016
0.061658986200000016
0.061658986200000016
0.061658986200000016
0.061658986200000016
0.061658986200000016
0.061658986200000016
0.061658986200000016
0.061658986200000016
0.061751152140000015
0.06184331804000002
0.06193548398000002
0.062027649980000016
0.062027649980000016
0.062027649980000016
0.062119815980000014
0.06202765008000002
0.06202765008000002
0.06202765008000002
0.06202765008000002
0.06202765008000002
0.06202765008000002
0.06202765008000002
0.06211981598000002
0.06211981598000002
0.06211981598000002
0.06211981598000002
0.06211981598000002
0.06211981598000002
0.06211981598000002
0.06211981598000002
0.06211981598000002
0.06211981598000002
0.06211981598000002
0.06202765008000002
0.062119816020000024
0.062119816020000024
0.06221198192000003
0.06221198172000003
0.06221198172000003
0.06221198172000003
0.06221198172000003
0.06221198172000003
0.06221198172000003
0.062119815820000035
0.062119815820000035
0.062119815820000035
0.062119815820000035
0.06221198162000005
0.06221198162000005
0.06221198162000005
0.06221198162000005
0.06221198162000005
0.06221198162000005
0.06221198162000005
0.06221198162000005
0.06239631352000004
0.06239631352000004
0.06239631352000004
0.06239631352000004
0.06239631352000004
0.06239631352000004
0.06239631352000004
0.06258064522000004
0.06258064522000004
0.06258064522000004
0.06248847942000003
0.06248847942000003
0.06248847942000003
0.06248847942000003
0.06248847942000003
0.06248847942000003
0.06248847942000003
0.06248847942000003
0.06267281122000004
0.06267281122000004
0.06267281122000004
0.06267281122000004
0.06267281122000004
0.06267281122000004
0.06267281122000004
0.06267281112000003
0.06267281112000003
0.06267281112000003
0.06267281112000003
0.06267281112000003
0.06267281112000003
0.06267281112000003
0.06267281112000003
0.06267281112000003
0.06267281112000003
0.06267281112000003
0.06285714292000004
0.06276497702000004
0.06276497702000004
0.06276497702000004
0.06276497702000004
0.06276497702000004
0.06276497702000004
0.06276497702000004
0.06276497702000004
0.06276497702000004
0.06276497702000004
0.06285714302000005
0.06285714302000005
0.06285714302000005
0.06276497708000005
0.06267281118000004
0.06267281118000004
0.06258064518000003
0.06258064518000003
0.06258064518000003
0.06267281108000004
0.06267281108000004
0.06267281108000004
0.06267281108000004
0.06258064508000004
0.06267281098000005
0.06267281098000005
0.06267281098000005
0.06267281098000005
0.06276497688000005
0.06276497688000005
0.06276497688000005
0.06276497688000005
0.06267281098000005
0.06267281098000005
0.06267281098000005
0.06267281098000005
0.06267281078000005
0.06267281078000005
0.06267281078000005
0.06267281078000005
0.06267281078000005
0.06276497668000004
0.06285714258000002
0.06285714258000002
0.06294930848000004
0.06294930848000004
0.06304147428000004
0.06304147428000004
0.06304147428000004
0.06304147428000004
0.06304147428000004
0.06304147428000004
0.06304147428000004
0.06313364028000004
0.06313364028000004
0.06313364028000004
0.06313364028000004
0.06313364028000004
0.06313364028000004
0.06313364028000004
0.06313364028000004
0.06304147438000003
0.06304147438000003
0.06294930848000004
0.06294930848000004
0.06304147438000003
0.06294930858000003
0.06294930858000003
0.06294930858000003
0.06294930858000003
0.06294930858000003
0.06294930858000003
0.06294930858000003
0.06294930858000003
0.06294930858000003
0.06304147438000003
0.06304147438000003
0.06313364028000004
0.06313364028000004
0.06313364028000004
0.06304147448000004
0.06304147448000004
0.06304147448000004
0.06313364038000004
0.06313364038000004
0.06313364038000004
0.06313364038000004
0.06313364038000004
0.06313364038000004
0.06322580628000005
0.06331797218000004
0.06313364038000004
0.06313364038000004
0.06313364038000004
0.06313364038000004
0.06313364038000004
0.06313364038000004
0.06313364038000004
0.06294930858000003
0.06285714268000003
0.06285714268000003
0.06276497688000003
0.06276497688000003
0.06276497688000003
0.06276497688000003
0.06276497688000003
0.06276497688000003
0.06276497688000003
0.06276497688000003
0.06267281094000005
0.06267281094000005
0.06267281094000005
0.06258064504000004
0.06258064504000004
0.06258064504000004
0.06258064504000004
0.06258064504000004
0.06258064504000004
0.06258064504000004
0.06258064504000004
0.06258064504000004
0.06258064504000004
0.06276497694000004
0.06276497694000004
0.06276497694000004
0.06276497694000004
0.06276497694000004
0.06276497694000004
0.06276497694000004
0.06285714274000004
0.06285714274000004
0.06294930864000003
0.06294930864000003
0.06294930864000003
0.06285714274000002
0.06285714274000002
0.06285714274000002
0.06294930864000002
0.06304147454000003
0.06304147454000003
0.06294930874000002
0.06294930874000002
0.06294930874000002
0.06294930874000002
0.06294930874000002
0.06294930874000002
0.06304147468000001
0.06304147468000001
0.06304147468000001
0.06313364048000002
0.06313364048000002
0.06313364048000002
0.06304147458000002
0.06304147458000002
0.06304147458000002
0.06304147458000002
0.06313364058000002
0.06304147464000003
0.06304147464000003
0.06304147464000003
0.06304147464000003
0.06304147464000003
0.06304147464000003
0.06313364044000003
0.06313364044000003
0.06322580634000002
0.06313364044000003
0.06313364044000003
0.06313364044000003
0.06322580624000003
0.06322580624000003
0.06322580624000003
0.06331797218000003
0.06331797218000003
0.06331797218000003
0.06331797218000003
0.06331797218000003
0.06331797218000003
0.06331797218000003
0.06331797218000003
0.06331797218000003
0.06322580628000002
0.06322580628000002
0.06322580628000002
0.06322580628000002
0.06322580628000002
0.06313364034000003
0.06304147434000003
0.06304147434000003
0.06304147434000003
0.06304147434000003
0.06304147434000003
0.06294930840000001
0.06294930840000001
0.06294930840000001
0.06285714246000002
0.06294930836000003
0.06276497666000001
0.06276497666000001
0.06294930846000002
0.06294930846000002
0.06294930846000002
0.06294930846000002
0.06294930846000002
0.06285714256000001
0.06276497666000001
0.06276497666000001
0.06276497666000001
0.06276497666000001
0.06276497666000001
0.06267281076000002
0.06276497670000002
0.06276497670000002
0.06276497670000002
0.06276497670000002
0.06276497670000002
0.06276497670000002
0.06267281080000002
0.06267281080000002
0.06267281080000002
0.06267281080000002
0.06267281080000002
0.06267281080000002
0.06267281080000002
0.06276497680000002
0.06276497680000002
0.06276497680000002
0.06276497680000002
0.06276497680000002
0.06276497680000002
0.06267281090000003
0.06267281090000003
0.06276497670000003
0.06276497670000003
0.06276497670000003
0.06276497670000003
0.06276497670000003
0.06267281080000003
0.06267281080000003
0.06267281080000003
0.06267281080000003
0.06267281080000003
0.06267281080000003
0.06267281080000003
0.06267281080000003
0.06267281080000003
0.06267281080000003
0.06267281080000003
0.06267281080000003
0.06267281080000003
0.06267281080000003
0.06267281080000003
0.06267281070000003
0.06267281070000003
0.06267281070000003
0.06267281070000003
0.06267281070000003
0.06267281070000003
0.06267281070000003
0.06267281070000003
0.06285714260000001
0.06276497670000002
0.06276497670000002
0.06276497670000002
0.06267281070000003
0.06258064480000003
0.06258064480000003
0.06258064480000003
0.06258064480000003
0.06258064480000003
0.06258064480000003
0.06258064480000003
0.06258064480000003
0.06258064480000003
0.06267281080000003
0.06267281080000003
0.06267281080000003
0.06258064500000002
0.06258064500000002
0.06258064500000002
0.06258064500000002
0.06248847910000003
0.06248847910000003
0.06239631310000004
0.06239631310000004
0.06239631310000004
0.06248847900000004
0.06248847900000004
0.06248847900000004
0.06248847890000004
0.06248847890000004
0.06248847890000004
0.06248847890000004
0.06239631300000004
0.06239631300000004
0.06248847880000004
0.06248847880000004
0.06248847880000004
0.06248847880000004
0.06248847880000004
0.06248847880000004
0.06248847880000004
0.06248847880000004
0.06248847880000004
0.06248847880000004
0.06248847880000004
0.06248847880000004
0.06248847880000004
0.06248847880000004
0.06248847880000004
0.06248847880000004
0.06248847880000004
0.06248847880000004
0.06248847880000004
0.06258064470000005
0.062488478760000035
0.062488478760000035
0.062488478760000035
0.062488478760000035
0.062488478760000035
0.062488478760000035
0.062488478760000035
0.062488478760000035
0.06258064470000005
0.06248847890000004
0.06248847890000004
0.06248847890000004
0.06248847890000004
0.06248847890000004
0.06248847890000004
0.06248847890000004
0.06248847890000004
0.06248847890000004
0.06248847890000004
0.06239631310000004
0.06239631310000004
0.06239631310000004
0.06239631310000004
0.06239631310000004
0.06239631310000004
0.06230414710000004
0.06230414710000004
0.06230414710000004
0.06230414710000004
0.062211981160000034
0.062211981160000034
0.062211981160000034
0.062211981160000034
0.062119815160000036
0.062119815160000036
0.062119815160000036
0.062119815160000036
0.062119815160000036
0.062119815160000036
0.062119815160000036
0.062119815160000036
0.06221198110000003
0.06221198110000003
0.06221198110000003
0.062119815200000025
0.062119815200000025
0.06230414704000002
0.062211981100000015
0.062211981100000015
0.062211981100000015
0.06230414700000002
0.06230414700000002
0.06230414700000002
0.06230414700000002
0.06230414700000002
0.06230414700000002
0.06230414700000002
0.06230414700000002
0.06230414700000002
0.06230414700000002
0.06230414700000002
0.06230414700000002
0.06230414700000002
0.06230414700000002
0.06230414700000002
0.06230414700000002
0.06230414700000002
0.06230414700000002
0.06230414700000002
0.06230414700000002
0.06230414700000002
0.06230414700000002
0.06230414700000002
0.06230414700000002
0.06230414700000002
0.06230414700000002
0.06230414700000002
0.06230414700000002
0.06230414700000002
0.06230414700000002
0.06230414700000002
0.06230414700000002
0.06230414700000002
0.06230414700000002
0.06230414700000002
0.06230414700000002
0.06230414700000002
0.06230414700000002
0.06230414700000002
0.06230414700000002
0.06230414700000002
0.06230414700000002
0.06230414700000002
0.06230414700000002
0.06221198106000002
0.06221198106000002
0.06221198106000002
0.06221198106000002
0.06221198106000002
0.06221198106000002
0.06221198106000002
0.06221198112000002
0.06230414712000003
0.06230414712000003
0.062211981220000025
0.062211981220000025
0.062211981220000025
0.062211981220000025
0.062211981220000025
0.062211981220000025
0.062211981220000025
0.062211981220000025
0.062211981220000025
0.062211981220000025
0.062211981220000025
0.062211981220000025
0.062211981220000025
0.06211981532000002
0.06211981532000002
0.06211981532000002
0.06202764942000002
0.061935483620000016
0.061935483620000016
0.061935483620000016
0.061935483620000016
0.061935483620000016
0.061935483620000016
0.061935483620000016
0.061935483620000016
0.061935483620000016
0.061935483620000016
0.061935483620000016
0.061935483620000016
0.061935483620000016
0.061935483620000016
0.062027649520000006
0.06193548358000001
0.06193548358000001
0.06193548358000001
0.06193548358000001
0.06193548358000001
0.06193548358000001
0.06193548358000001
0.06193548358000001
0.062027649480000016
0.062027649480000016
0.062027649480000016
0.062027649480000016
0.06211981538000002
0.06211981538000002
0.06211981538000002
0.06211981538000002
0.06211981538000002
0.06211981538000002
0.06211981538000002
0.06211981538000002
0.06211981538000002
0.06211981538000002
0.06211981538000002
0.06211981538000002
0.06211981538000002
0.06211981538000002
0.06211981538000002
0.06211981538000002
0.06211981538000002
0.06211981538000002
0.06211981538000002
0.06211981538000002
0.06211981538000002
0.06202764948000002
0.06193548348000002
0.062027649380000015
0.062027649380000015
0.062027649380000015
0.062027649380000015
0.062027649380000015
0.062027649380000015
0.062027649380000015
0.062027649380000015
0.062027649380000015
0.062027649380000015
0.06193548358000001
0.06193548358000001
0.062027649580000004
0.062119815380000006
0.062119815380000006
0.062119815380000006
0.062119815380000006
0.06202764958000001
0.06202764958000001
0.06202764958000001
0.06202764958000001
0.06202764958000001
0.06202764958000001
0.06211981552000001
0.06211981552000001
0.06211981552000001
0.062027649620000014
0.062027649620000014
0.062027649620000014
0.062027649620000014
0.062027649620000014
0.062027649620000014
0.062027649620000014
0.062027649620000014
0.062027649620000014
0.062027649620000014
0.062119815560000013
0.06221198146000002
0.062119815560000013
0.062119815560000013
0.062119815560000013
0.062119815560000013
0.062119815560000013
0.062119815560000013
0.062119815560000013
0.062119815560000013
0.06202764966000002
0.06202764966000002
0.06202764966000002
0.06202764966000002
0.06202764966000002
0.06202764966000002
0.06202764966000002
0.06202764966000002
0.06202764966000002
0.062119815560000013
0.062119815560000013
0.06202764956000001
0.06202764956000001
0.06202764956000001
0.06202764956000001
0.06202764956000001
0.06202764956000001
0.06202764956000001
0.06202764956000001
0.06202764956000001
0.06193548356000001
0.06193548356000001
0.06193548356000001
0.06193548356000001
0.06193548356000001
0.06193548356000001
0.06193548356000001
0.06193548356000001
0.06193548356000001
0.06193548356000001
0.06193548356000001
0.06193548356000001
0.06193548356000001
0.06184331776
0.06184331776
0.06184331776
0.06184331776
