0.552442407
0.5420276546000001
0.5369585334000001
0.5341013908000002
0.5270967812
0.5220276568000001
0.5164055412000002
0.5140092242000001
0.5187096854
0.5191705123999999
0.513548393
0.507557609
0.5068202812
0.5005530038
0.49419355439999996
0.4898617591999999
0.4909677479999999
0.489769592
0.4858986242000001
0.48645161859999997
0.4816589932
0.46718894720000004
0.4600000022
0.44829493579999996
0.43345622439999987
0.4258986219999999
0.4226728167999999
0.4197235051999999
0.41705069780000004
0.41437788619999993
0.41179723879999997
0.4091244285999999
0.40460829899999984
0.4023963174
0.39953917559999996
0.3961290361999999
0.3947465486
0.3924424012
0.39013825339999997
0.3888479312
0.38617512059999987
0.38460830099999993
0.3833179784
0.3804608345999999
0.3792626779999999
0.37751152539999994
0.3747465482
0.373456227
0.37142857679999997
0.3698617558000001
0.36792627372
0.36635945240000006
0.36506913052000006
0.3637788080000001
0.3618433226000001
0.3599078386000001
0.35889401460000003
0.3576958568
0.35668203160000006
0.3548387134
0.35354839240000013
0.35235023620000006
0.3515207420000001
0.34921659420000006
0.34774194040000017
0.3447926322000001
0.3439631389200001
0.34267281562000007
0.34175115784000004
0.34000000492000004
0.33778802232000005
0.33594470400000004
0.33400922040000014
0.33142857472000004
0.32949309152000006
0.32709677772000006
0.3258064566
0.3246082988000001
0.3230414788800001
0.32248848240000005
0.3207373305200001
0.3190783449200001
0.3167741977200001
0.31493088040000006
0.31290322980000007
0.3099539215200002
0.30663594712000014
0.30497696400000013
0.30313364500000006
0.3005529996000001
0.29806452100000014
0.29520737612000014
0.29271889672000007
0.2905990808000001
0.28829493420000013
0.2862672850000001
0.28470046452000014
0.28221198392000013
0.28018433520000013
0.2788940121000001
0.27640553370000004
0.27244240022
0.27133640882
0.26967742320000004
0.26838709980000003
0.2676497732
0.2659907878000001
0.2647004652
0.26341014348
0.26193548856000004
0.2600000033600001
0.25824885096000005
0.2572350253600001
0.25612903556000005
0.25456221580000005
0.25308756188
0.2527188988800001
0.25207373568
0.2514285740800001
0.2505069154800001
0.24958525668000003
0.24884792888000007
0.2481106020000001
0.2464516158000001
0.24571428872000006
0.24470046440000012
0.2439631371200001
0.24239631672000006
0.24165898940000008
0.24110599388000004
0.24000000276000005
0.23889401115999997
0.23824884972
0.23806451792000008
0.23677419584000006
0.23622120028000013
0.23502304348000005
0.23419355068000003
0.23290322796000004
0.23207373608
0.23133640916000003
0.23032258396000002
0.22930875788000002
0.22894009440000002
0.22783410280000005
0.22718894360000003
0.22589861940000003
0.22497696059999994
0.2241474672
0.22313364332
0.22258064883999995
0.22156682263999997
0.21990783775999995
0.21861751515999994
0.21778802207999995
0.21723502715999995
0.21603686976
0.21529954307999996
0.21410138635999995
0.21373272256000003
0.21336405936000002
0.21188940475999998
0.21142857576000001
0.21004608655999998
0.20940092595999998
0.20894009563999996
0.20875576372
0.20811060252000002
0.20811060212
0.20737327504
0.20543779204
0.20497696272
0.20442396764
0.20350230844000003
0.20313364524
0.20267281560000006
0.20211981960000006
0.20156682328000006
0.20046083308000004
0.19944700916000002
0.19824885168000006
0.19732719248000005
0.19677419768000004
0.19576037208000002
0.19465438068000004
0.19410138608000005
0.19354839018000003
0.19327189318000002
0.19327189278
0.19271889758000005
0.19225806758
0.19188940418
0.19133640918000006
0.19078341370000004
0.19059908182000004
0.18986175422
0.18967742142000002
0.18912442582
0.18866359682000003
0.18811060122
0.18737327422
0.18709677650000003
0.18654378110000003
0.1859907855
0.1850691261
0.18488479462000001
0.18470046314000005
0.18442396534000005
0.18396313562000002
0.1835944719
0.18341014009999998
0.18331797458000001
0.18285714508
0.18276497908000003
0.18230414964000005
0.18211981804000005
0.18211981804000005
0.18184332020000002
0.18165898832000005
0.18138249072000004
0.18036866592
0.1803686656
0.18000000272000002
0.17972350444000004
0.17990783636000005
0.17990783564
0.17944700624000004
0.178986177
0.17889401132
0.17824884959999995
0.17778802031999993
0.17723502491999996
0.17686636151999996
0.17668202971999997
0.17649769771999996
0.17603686823999998
0.17557603823999993
0.17428571555999994
0.17400921863999996
0.17327189185999997
0.17317972565999998
0.17235023278
0.17207373486000002
0.17198156914
0.17179723714
0.17152073882
0.17105990942000002
0.17069124589999998
0.17059908009999997
0.1698617525
0.1694930895
0.16894009397999996
0.16875576197999995
0.16875576209999996
0.16838709861999998
0.16811060109999995
0.16801843489999996
0.16728110789999998
0.16663594701999998
0.16645161494
0.16626728313999997
0.16552995583999996
0.16497696039999993
0.16497696019999997
0.16451613079999997
0.16414746727999996
0.16387096927999997
0.16368663827999996
0.16322580856000002
0.16331797456
0.16239631556
0.16138248993999998
0.16119815854
0.16092166045999995
0.16036866526000002
0.15972350426
0.15935484066
0.15907834294
0.15834101584
0.15797235175999996
0.15741935696
0.15714285936
0.15622120013999996
0.15603686801999997
0.15548387326000002
0.15483871185999998
0.15474654606
0.15447004813999998
0.15428571602
0.15437788182
0.15410138442
0.15373272141999997
0.15345622341999998
0.15327189214
0.15299539441999999
0.15271889653999998
0.15253456474
0.15244239833999995
0.15207373486
0.15207373486
0.15161290518
0.15133640746000002
0.15105991046
0.15087557838
0.15050691468
0.15023041668
0.1497695872
0.14921659250000002
0.14921659250000002
0.14903226030000002
0.14866359650000002
0.14857143050000002
0.14847926470000003
0.14847926430000002
0.14829493258
0.1473732737
0.1465437809
0.14599078530000004
0.14433179940000002
0.1438709706
0.14285714580000003
0.14258064810000004
0.142211984
0.14147465660000005
0.14046083230000003
0.1398156708
0.13953917320000003
0.13889401140000004
0.13824885060000003
0.13815668430000003
0.13778802070000004
0.13760368850000002
0.13705069350000001
0.13668202930000004
0.13631336580000006
0.13576037040000005
0.13566820472000007
0.13520737542000005
0.13502304340000001
0.13474654580000003
0.13474654580000003
0.13456221380000002
0.13410138472000002
0.13391705252000002
0.13364055524000004
0.13327189184000005
0.13299539384000003
0.13253456414000003
0.13235023254000003
0.13124424222000003
0.13096774382000004
0.13078341262
0.13059908114000005
0.13041474954000004
0.13032258374000005
0.13032258334000008
0.12995391966000006
0.12967742246000005
0.12949309046000004
0.12930875866000005
0.12894009464000006
0.12875576274000003
0.12838709894000006
0.12838709894000006
0.12811060134000005
0.12801843554000003
0.12792626964
0.12783410374000004
0.12718894264000005
0.12672811274000004
0.12672811274000004
0.12654378094000002
0.12635944934000004
0.12626728354000005
0.12589862034000004
0.12589862034000004
0.12562212276000007
0.12552995676000006
0.12543779096000007
0.12525345906000007
0.12506912734000009
0.12479262914000007
0.12479262914000007
0.12470046314000006
0.12460829722000007
0.12460829732000006
0.12442396552000007
0.12442396552000007
0.12433179952000006
0.12414746772000006
0.12405530172000007
0.12405530172000007
0.12405530172000007
0.12396313592000005
0.12359447252000005
0.12350230672000008
0.12313364312000007
0.12304147712000008
0.12304147712000008
0.12294931112000007
0.12276497912000008
0.12248848142000007
0.12230414942000006
0.12221198352000005
0.12211981784000006
0.12202765194000006
0.12193548584000005
0.12193548584000005
0.12184332004000005
0.12165898816000005
0.12165898816000005
0.12129032444000006
0.12129032444000006
0.12119815864000007
0.12110599296000008
0.12092166116000007
0.12055299774000008
0.12055299774000008
0.12018433416000007
0.12000000226000009
0.12000000226000009
0.12000000226000009
0.12009216826000008
0.12000000226000009
0.12000000226000009
0.12000000226000009
0.11981567056000006
0.11972350466000008
0.11944700696000005
0.11935484116000004
0.11926267526000003
0.11898617756000003
0.11898617756000003
0.11880184566000004
0.11889401154000005
0.11889401154000005
0.11880184574000005
0.11870967984000004
0.11843318226
0.11834101646
0.11834101646
0.11834101646
0.11824885054
0.11806451864000002
0.11760368904000001
0.11751152292000003
0.11732719112000002
0.11741935702000003
0.11723502520000002
0.11714285920000002
0.11714285920000002
0.1170506931
0.1169585271
0.1169585271
0.1168663611
0.11695852699999999
0.11695852699999999
0.11668202939999998
0.11668202939999998
0.11658986339999998
0.11658986339999998
0.1164976976
0.1164055316
0.1164055316
0.11631336568
0.11631336568
0.11603686810000001
0.11603686810000001
0.1158525361
0.11566820419999999
0.1156682039
0.1155760379
0.1152995402
0.1152073743
0.11511520837999999
0.11502304248
0.11502304248
0.11493087658000001
0.11483871068000001
0.11483871068000001
0.11483871068000001
0.11483871068000001
0.11474654480000002
0.11474654480000002
0.11465437880000001
0.11474654470000002
0.11465437876000002
0.11474654448
0.11474654448
0.11474654428000002
0.11474654428000002
0.11465437838000002
0.11465437838000002
0.11456221238000001
0.11456221238000001
0.11447004658000001
0.11447004658000001
0.11419354918000002
0.11410138328000002
0.11410138328000002
0.11410138328000002
0.11400921738000001
0.11400921738000001
0.11400921738000001
0.11373271990000001
0.11373271990000001
0.11354838810000001
0.11336405618
0.11317972418
0.11290322668000002
0.11290322668000002
0.11271889478000002
0.11271889478000002
0.11253456308000001
0.11253456308000001
0.11253456317999999
0.11235023138000001
0.11235023138000001
0.11225806546000001
0.11207373386000002
0.11188940216000003
0.11161290466000004
0.11170507036000003
0.11170507036000003
0.11152073856000003
0.11152073856000003
0.11133640676
0.11115207506000001
0.11096774316
0.11087557726
0.11069124546000002
0.11041474786
0.11041474786
0.11041474786
0.11023041614000001
0.11023041614000001
0.11032258204000002
0.11023041614000002
0.11013825014000002
0.11004608424000002
0.10986175232
0.10967742042
0.10958525462000003
0.10958525462000003
0.10949308862000003
0.10930875694000002
0.10921659104000002
0.10921659104000002
0.10921659104000002
0.10921659104000002
0.10903225934000002
0.10857142994000002
0.10857142994000002
0.10847926414000002
0.10847926414000002
0.10847926414000002
0.10829493224
0.10811060033999999
0.10801843454
0.10792626874000001
0.10792626874000001
0.10774193694
0.10764977094000003
0.10746543966000002
0.10663594572000003
0.10654377982000003
0.10617511642000002
0.10580645258
0.10571428678000001
0.10543778888000004
0.10534562268000004
0.10525345728000003
0.10525345728000003
0.10516129128000003
0.10497695928000005
0.10479262738000004
0.10470046198000006
0.10451613008000005
0.10433179828000004
0.10433179828000004
0.10414746648000003
0.10414746648000003
0.10396313478000004
0.10368663688000002
0.10350230528000003
0.10341013888000003
0.10341013888000003
0.10322580694000003
0.10294930920000002
0.10230414860000003
0.10230414860000003
0.10221198260000003
0.10193548470000001
0.1017511531
0.10156682110000002
0.1011981575
0.1011981575
0.10082949389999998
0.10064516199999997
0.10064516199999997
0.10064516209999999
0.10055299649999999
0.10027649894000001
0.10000000114
0.09981566894000002
0.09944700564000002
0.09907834204000002
0.09898617624000002
0.09898617624000002
0.09843318068000004
0.09824884894000004
0.09815668304000004
0.09806451724000004
0.09778801954000003
0.09778801944000003
0.09769585324000003
0.09751152156000004
0.09723502364000003
0.09695852584000003
0.09668202814000003
0.09668202814000003
0.09658986220000003
0.09658986220000003
0.09649769650000004
0.09640553050000002
0.09640553050000002
0.09622119920000001
0.09576036920000001
0.09557603780000001
0.09557603780000001
0.09520737426000002
0.09520737426000002
0.09520737426000002
0.09520737426000002
0.09493087606000002
0.09483871006000001
0.09474654466000003
0.09465437880000001
0.09456221300000003
0.09437788120000004
0.09419354950000004
0.09410138370000004
0.09400921790000005
0.09400921790000005
0.09400921790000005
0.09364055390000005
0.09345622220000005
0.09308755880000005
0.09299539300000005
0.09290322740000004
0.09271889556000006
0.09262672906000007
0.09235023176000005
0.09216590006000004
0.09207373406000005
0.09198156806000006
0.09198156806000006
0.09170507046000007
0.09170507046000007
0.09161290446000006
0.09161290446000006
0.09161290446000006
0.09096774292000007
0.09087557732000005
0.09087557732000005
0.09096774292000007
0.09087557702000006
0.09078341142000004
0.09078341142000004
0.09059907942000006
0.09059907942000006
0.09050691362000006
0.09023041572000005
0.09023041572000005
0.09013825012000005
0.08986175212000004
0.08940092272000005
0.08930875672000005
0.08930875672000005
0.08921659082000005
0.08921659092000006
0.08921659092000006
0.08912442512000006
0.08912442512000006
0.08912442532000005
0.08894009362000005
0.08884792772000007
0.08884792772000007
0.08884792772000007
0.08857143002000006
0.08838709792000006
0.08820276632000006
0.08820276632000006
0.08811060042000006
0.08783410262000006
0.08783410262000006
0.08783410262000006
0.08783410262000006
0.08774193662000006
0.08755760492000006
0.08755760492000006
0.08755760492000006
0.08737327312000005
0.08709677528000005
0.08718894108000005
0.08700460918000007
0.08691244338000007
0.08691244338000007
0.08691244338000007
0.08682027748000004
0.08654377978000005
0.08654377978000005
0.08654377982000006
0.08654377982000006
0.08645161402000005
0.08626728212000005
0.08626728212000005
0.08626728212000005
0.08608295036000005
0.08617511630000005
0.08599078470000006
0.08580645290000005
0.08571428690000005
0.08571428690000005
0.08571428690000005
0.08571428690000005
0.08571428690000005
0.08562212080000003
0.08543778896000004
0.08543778896000004
0.08543778896000004
0.08543778896000004
0.08534562316000006
0.08534562316000006
0.08525345726000005
0.08525345726000005
0.08516129140000006
0.08516129140000006
0.08516129140000006
0.08525345734000006
0.08516129144000004
0.08497695954000005
0.08488479354000004
0.08488479344000004
0.08488479344000004
0.08479262754000004
0.08488479354000004
0.08479262774000006
0.08479262774000006
0.08451613000000005
0.08442396414000004
0.08451613014000005
0.08451613014000005
0.08451613014000005
0.08442396420000005
0.08433179826000005
0.08442396406000004
0.08442396406000004
0.08433179816000004
0.08433179816000004
0.08423963222000004
0.08423963222000004
0.08423963222000004
0.08414746632000006
0.08423963226000004
0.08423963226000004
0.08433179812000004
0.08433179812000004
0.08433179812000004
0.08433179812000004
0.08423963218000004
0.08405530048000004
0.08405530048000004
0.08405530048000004
0.08405530048000004
0.08405530048000004
0.08414746638000006
0.08405530048000007
0.08405530048000007
0.08405530048000007
0.08396313468000006
0.08387096878000005
0.08387096878000005
0.08387096878000005
0.08377880278000005
0.08377880278000005
0.08377880278000005
0.08377880278000005
0.08359447094000004
0.08341013900000005
0.08341013900000005
0.08341013900000005
0.08331797310000004
0.08313364130000003
0.08322580710000003
0.08322580710000003
0.08313364130000006
0.08313364130000006
0.08313364130000006
0.08313364130000006
0.08304147550000004
0.08285714370000007
0.08285714370000007
0.08267281200000007
0.08267281200000007
0.08258064610000006
0.08258064610000006
0.08258064610000006
0.08258064610000006
0.08258064610000006
0.08239631440000006
0.08239631440000006
0.08248848030000006
0.08248848030000006
0.08248848030000006
0.08248848030000006
0.08230414860000006
0.08230414860000006
0.08230414860000006
0.08221198270000006
0.08221198270000006
0.08221198270000006
0.08211981676000006
0.08211981676000006
0.08211981676000006
0.08202765090000005
0.08202765090000005
0.08202765090000005
0.08202765090000005
0.08193548510000007
0.08193548510000007
0.08193548510000007
0.08193548510000007
0.08193548510000007
0.08193548510000007
0.08193548510000007
0.08184331924000007
0.08184331924000007
0.08193548504000008
0.08184331914000006
0.08184331914000006
0.08184331914000006
0.08175115334000008
0.08175115334000008
0.08175115334000008
0.08165898744000007
0.08175115334000006
0.08175115334000006
0.08175115334000006
0.08165898740000006
0.08165898740000006
0.08165898740000006
0.08175115330000007
0.08165898740000006
0.08165898740000006
0.08156682150000007
0.08147465560000006
0.08147465560000006
0.08147465560000006
0.08138248970000006
0.08138248970000006
0.08138248970000006
0.08138248970000006
0.08129032380000006
0.08119815790000008
0.08110599196000008
0.08110599196000008
0.08110599196000008
0.08092166030000009
0.08082949440000008
0.08101382620000006
0.08101382620000006
0.08101382620000006
0.08101382620000006
0.08092166030000007
0.08092166030000007
0.08082949440000008
0.08073732846000008
0.08064516252000008
0.08055299658000008
0.08036866478000007
0.08036866478000007
0.08036866478000007
0.08018433298000006
0.08009216698000006
0.08000000112000008
0.08000000112000008
0.08000000120000006
0.08009216710000007
0.08009216710000007
0.08000000116000008
0.08000000116000008
0.08000000116000008
0.08000000116000008
0.08000000116000008
0.08000000116000008
0.08000000112000008
0.08000000112000008
0.08000000112000008
0.08000000112000008
0.07990783522000007
0.07990783522000007
0.07990783522000007
0.07981566932000007
0.07981566932000007
0.08000000116000008
0.08000000116000008
0.08000000116000008
0.07981566926000008
0.07972350336000007
0.07972350336000007
0.07972350336000007
0.07972350336000007
0.07972350336000007
0.07972350336000007
0.07963133742000009
0.07963133742000009
0.07963133742000009
0.07963133742000009
0.07963133742000009
0.07963133742000009
0.07953917148000009
0.07963133738000008
0.07963133738000008
0.07963133738000008
0.07963133738000008
0.07963133738000008
0.07963133738000008
0.07963133738000008
0.07963133738000008
0.07963133738000008
0.07953917148000009
0.07944700554000009
0.07944700554000009
0.07944700554000009
0.07944700554000009
0.07944700554000009
0.07953917144000008
0.07953917144000008
0.07953917138000008
0.07953917138000008
0.07944700544000009
0.07944700544000009
0.07944700544000009
0.07935483958000009
0.07935483958000009
0.07935483958000009
0.07926267368000009
0.07926267368000009
0.07926267368000009
0.07926267368000009
0.07926267368000009
0.07926267368000009
0.07926267368000009
0.07935483962000008
0.07935483962000008
0.07935483962000008
0.07935483962000008
0.07926267372000009
0.07926267372000009
0.07926267372000009
0.07926267372000009
0.07926267372000009
0.07926267372000009
0.07926267368000009
0.0791705077800001
0.0791705077800001
0.0791705077800001
0.0791705077800001
0.0791705077800001
0.0791705077800001
0.0791705077800001
0.0791705077800001
0.0790783418400001
0.0790783418400001
0.0790783418400001
0.0791705077800001
0.07907834184000008
0.07907834184000008
0.07907834184000008
0.07907834184000008
0.07907834184000008
0.07907834184000008
0.07907834184000008
0.07917050770000009
0.07917050770000009
0.07917050770000009
0.07917050770000009
0.07917050770000009
0.07917050770000009
0.07917050770000009
0.07917050770000009
0.07917050770000009
0.07917050770000009
0.07907834184000008
0.07907834184000008
0.07907834184000008
0.07907834184000008
0.07898617594000008
0.07898617594000008
0.07898617594000008
