0.5114285803999998
0.2976036906000001
0.17105990864000004
0.12322580755999998
0.11096774282
0.10285714294000002
0.09612903291999998
0.09032258136000003
0.08460829548000001
0.08110599144000002
0.07741935520000003
0.07391705116000004
0.07133640580000002
0.06884792684000002
0.06654377912000004
0.06405530020000003
0.06175115210000004
0.05981566884000003
0.05889400970000002
0.05732718902000002
0.05566820282000002
0.05456221216000003
0.054470046080000015
0.053456221500000026
0.053548387400000015
0.05317972376000002
0.05299539180000002
0.052534562220000025
0.052442396260000024
0.05262672814000003
0.051705069120000016
0.05161290328000002
0.05161290328000002
0.05115207374000001
0.05115207370000003
0.051059907800000026
0.050691244280000027
0.050414746640000015
0.050138249060000015
0.05013824894000002
0.05023041484000002
0.050506912580000035
0.050875576080000026
0.05096774202000003
0.051152073860000036
0.051336405740000035
0.05124423982000003
0.05142857164000003
0.05161290344000003
0.051705069340000034
0.05207373286000003
0.05225806478000003
0.05244239666000003
0.052350230760000026
0.05271889424000002
0.052811060140000025
0.052903226000000025
0.05299539190000003
0.053271889500000016
0.05345622126000002
0.05364055302000002
0.053917050640000026
0.054101382580000024
0.054101382580000024
0.05419354838000002
0.05437788018000002
0.05447004604000002
0.05456221194000002
0.05465437780000002
0.05483870940000002
0.05502304116000003
0.05520737300000003
0.05520737300000003
0.05529953894000003
0.05529953894000003
0.05557603668000003
0.05594470020000002
0.05594470020000002
0.056129031900000015
0.05622119770000001
0.05631336360000001
0.056405529400000015
0.056405529400000015
0.05658986128000002
0.05658986128000002
0.056682027180000025
0.05686635906000003
0.05705069094000003
0.05705069094000003
0.05714285684000003
0.05723502264000003
0.05732718844000004
0.05741935438000003
0.05769585198000004
0.05815668170000004
0.05824884760000002
0.05834101350000002
0.05834101350000002
0.05852534534000002
0.05843317944000002
0.05852534530000002
0.05852534530000002
0.05852534530000002
0.05861751124000001
0.05880184318000002
0.05889400912000002
0.05889400912000002
0.05907834096000002
0.05907834096000002
0.05907834096000002
0.05917050686000002
0.05926267280000002
0.059354838700000016
0.05953917050000002
0.05953917050000002
0.05963133640000001
0.059631336400000026
0.05972350230000003
0.060000000000000026
0.060184331800000025
0.06027649770000003
0.06027649770000003
0.06036866360000003
0.06036866360000003
0.06055299534000003
0.06055299534000003
0.06064516124000004
0.06064516124000004
0.06073732714000004
0.06073732714000004
0.06092165894000003
0.06092165894000003
0.06092165894000003
0.06092165894000003
0.061013824840000036
0.06110599074000003
0.06119815662000003
0.06129032252000002
0.06138248842000002
0.06138248842000002
0.06138248842000002
0.06147465432000002
0.06147465432000002
0.06165898612000002
0.061566820220000026
0.061566820220000026
0.061566820220000026
0.061566820220000026
0.06165898612000002
0.06165898612000002
0.06165898612000002
0.061751152020000026
0.06202764966000003
0.062119815600000024
0.06221198150000003
0.06230414740000002
0.06230414740000002
0.06230414740000002
0.06230414740000003
0.06239631330000003
0.06239631330000003
0.06239631330000003
0.0625806452
0.0625806452
0.0625806452
0.0625806452
0.06248847940000002
0.06248847940000002
0.06258064530000002
0.06267281120000001
0.06267281120000001
0.06276497710000001
0.06276497710000001
0.06276497710000001
0.06276497710000001
0.06276497710000001
0.06276497710000001
0.06276497710000001
0.06285714300000002
0.06285714300000002
0.06294930890000001
0.06304147480000001
0.0631336406
0.06331797250000001
0.06331797250000001
0.0633179724
0.0633179724
0.0634101383
0.0634101383
0.0634101383
0.0634101383
0.0634101383
0.0634101383
0.06350230420000001
0.06368663590000001
0.0635944699
0.06368663570000001
0.0637788016
0.06387096760000001
0.06405529930000002
0.06414746520000002
0.06414746520000002
0.06414746520000002
0.06414746520000002
0.06423963110000001
0.06423963110000001
0.0643317969
0.064239631
0.064239631
0.064239631
0.064239631
0.064239631
0.06433179690000002
0.06433179690000002
0.06433179690000002
0.06433179690000002
0.06433179690000002
0.06433179690000002
0.06423963110000001
0.06433179700000001
0.06433179700000001
0.06433179700000001
0.06442396290000002
0.06442396290000002
0.06442396290000002
0.06442396290000002
0.06442396290000002
0.06442396290000002
0.06442396290000002
0.06442396290000002
0.06442396290000002
0.06442396290000002
0.06442396290000002
0.06442396290000002
0.06442396290000002
0.06442396290000002
0.06442396290000002
0.06433179700000001
0.06433179700000001
0.06433179700000001
0.06423963110000001
0.06423963110000001
0.06423963110000001
0.06423963110000001
0.06423963110000001
0.06423963110000001
0.06423963110000001
0.06433179690000002
0.06442396280000001
0.06442396280000001
0.06451612860000001
0.06451612860000001
0.06460829450000002
0.06460829450000002
0.06460829450000002
0.06460829450000002
0.06460829450000002
0.06460829450000002
0.06460829450000002
0.06470046040000002
0.06479262620000002
0.06479262620000002
0.06488479210000002
0.06488479210000002
0.06488479210000002
0.06488479200000001
0.06488479200000001
0.06479262610000001
0.06470046020000002
0.06479262620000002
0.06470046030000001
0.06470046030000001
0.06460829450000001
0.06460829450000001
0.06460829450000001
0.06470046030000001
0.06479262610000001
0.06479262590000003
0.06470046000000002
0.06479262590000003
0.06479262590000003
0.06479262590000003
0.06479262590000003
0.06479262590000003
0.06470046000000003
0.06460829430000002
0.06460829430000002
0.06460829430000002
0.06451612850000002
0.06451612850000002
0.06451612850000002
0.06442396260000002
0.06442396260000002
0.06451612850000002
0.06442396260000002
0.06442396260000002
0.06442396260000002
0.06442396260000002
0.06442396260000002
0.06442396260000002
0.06442396260000002
0.06433179670000003
0.06433179670000001
0.06433179656000002
0.06433179656000002
0.06433179656000002
0.06414746466000003
0.06423963046000003
0.06423963046000003
0.06423963046000003
0.06423963046000003
0.06423963046000003
0.06433179640000003
0.06423963040000003
0.06405529880000002
0.06405529880000002
0.06396313290000002
0.06396313290000002
0.06387096700000001
0.06387096700000001
0.06387096700000001
0.06387096700000001
0.06387096700000001
0.06387096700000001
0.06387096700000001
0.06387096700000001
0.06387096700000001
0.06387096700000001
0.06387096700000001
0.06387096700000001
0.06396313290000001
0.06387096696000001
0.06368663526000003
0.06350230342000002
0.06350230342000002
0.06331797172000003
0.06331797172000003
0.06322580582000004
0.06331797182000003
0.06331797182000003
0.06331797182000003
0.06331797182000003
0.06331797182000003
0.06331797182000003
0.06331797182000003
0.06331797182000003
0.06331797182000003
0.06331797182000003
0.06331797182000003
0.06331797182000003
0.06331797182000003
0.06331797182000003
0.06322580592000002
0.06331797182000001
0.06331797182000001
0.06322580588000001
0.06322580588000001
0.06331797182000001
0.06322580602000002
0.06322580602000002
0.06322580602000002
0.06322580602000002
0.06322580602000002
0.06313364012000003
0.06313364012000003
0.06313364012000003
0.06313364012000003
0.06313364012000003
0.06313364012000003
0.06313364012000003
0.06313364012000003
0.06313364012000003
0.06313364012000003
0.06304147422000002
0.06304147422000002
0.06304147422000002
0.06304147422000002
0.06304147422000002
0.06313364012000003
0.06304147432000003
0.06304147432000003
0.06294930842000003
0.06294930842000003
0.06294930842000003
0.06285714248000002
0.06285714238000004
0.06304147418000004
0.06304147418000004
0.06313364018000003
0.06322580618000004
0.06313364024000004
0.06313364024000004
0.06313364024000004
0.06304147424000003
0.06294930834000004
0.06294930834000004
0.06304147434000003
0.06304147434000003
0.06294930840000004
0.06285714246000003
0.06285714246000003
0.06276497656000003
0.06276497656000003
0.06276497656000003
0.06276497656000003
0.06276497656000003
0.06276497656000003
0.06267281076000003
0.06267281076000003
0.06267281076000003
0.06258064482000003
0.06248847902000002
0.06248847902000002
0.06239631312000002
0.06239631312000002
0.06239631312000002
0.06230414732000002
0.06230414732000002
0.06230414732000002
0.06248847906000002
0.06258064500000002
0.06258064500000002
0.06258064500000002
0.06258064500000002
0.06258064500000002
0.06258064500000002
0.06258064500000002
0.06258064500000002
0.06267281080000003
0.06267281080000003
0.06258064480000003
0.06258064480000003
0.06258064480000003
0.06258064480000003
0.06258064480000003
0.06258064480000003
0.06258064480000003
0.06258064480000003
0.062396313100000024
0.062396313100000024
0.06230414720000002
0.062211981300000024
0.062211981300000024
0.062211981300000024
0.062211981300000024
0.062211981300000024
0.062211981300000024
0.062211981300000024
0.06211981540000002
0.06211981540000002
0.06211981540000002
0.062211981300000024
0.062027649500000025
0.06211981540000003
0.06211981540000003
0.06211981540000003
0.06211981540000003
0.06211981540000003
0.06211981540000003
0.06211981540000003
0.06211981540000003
0.062027649500000025
0.062027649500000025
0.062027649500000025
0.062027649500000025
0.062027649500000025
0.062027649500000025
0.06193548350000002
0.06193548350000002
0.06193548350000002
0.06193548350000002
0.06193548350000002
0.06193548350000002
0.061658985840000013
0.061566819940000024
0.06147465404000002
0.061382488140000024
0.061382488140000024
0.061382488140000024
0.061382488140000024
0.06147465404000001
0.06147465404000001
0.06138248810000002
0.061474654000000024
0.06156681990000003
0.06156681990000003
0.06156681990000003
0.061474654100000026
0.06138248820000003
0.06147465410000003
0.06147465410000003
0.06147465410000003
0.06147465410000003
0.06147465410000003
0.06156682004000003
0.06156682004000003
0.061474654140000036
0.061474654140000036
0.061474654140000036
0.061474654140000036
0.061474654140000036
0.06147465410000003
0.06147465410000003
0.06147465410000003
0.061566820000000036
0.061566820000000036
0.061566820000000036
0.061566820000000036
0.061566820000000036
0.06138248830000003
0.06138248830000003
0.06147465424000002
0.06147465424000002
0.06147465424000002
0.06156682014000003
0.061474654200000034
0.061474654200000034
0.06138248830000004
0.06138248820000005
0.06138248820000005
0.06138248820000005
0.06138248820000005
0.06138248820000005
0.06138248820000005
0.06138248820000005
0.061290322300000054
0.061382488240000053
0.061382488240000053
0.061382488240000053
0.061382488240000053
0.061290322440000045
0.061290322440000045
0.061290322440000045
0.061290322440000045
0.061290322440000045
0.061290322440000045
0.06119815664000004
0.06129032258000004
0.06129032258000004
0.06138248844000004
0.06129032254000004
0.06129032254000004
0.06129032254000004
0.06129032254000004
0.06129032254000004
0.06119815664000004
0.06119815664000004
0.06129032254000004
0.06110599074000004
0.06110599074000004
0.06110599074000004
0.06101382494000004
0.06101382494000004
0.06101382494000004
0.06101382494000004
0.06101382494000004
0.06101382494000004
0.06110599088000004
0.06110599088000004
0.06092165918000004
0.06092165918000004
0.06110599102000003
0.06110599102000003
0.06101382522000003
0.06101382522000003
0.06101382522000003
0.061105991120000036
0.061105991120000036
0.061105991120000036
0.061105991120000036
0.06119815702000004
0.06119815702000004
0.06129032292000004
0.06129032292000004
0.06129032292000004
0.06129032292000004
0.06129032292000004
0.06129032292000004
0.06129032292000004
0.061382488820000046
0.06129032292000004
0.06119815702000004
0.06119815702000004
0.061105991120000036
0.061105991120000036
0.06101382522000004
0.06110599116000004
0.061198157060000036
0.061198157060000036
0.061198157060000036
0.061198157060000036
0.061198157060000036
0.06129032286000004
0.061198156960000034
0.061198156960000034
0.061198156960000034
0.061198156960000034
0.06110599106000003
0.06101382526000003
0.060921659360000026
0.060921659360000026
0.06082949346000003
0.06082949346000003
0.06082949346000003
0.06082949346000003
0.06082949346000003
0.06082949346000003
0.06082949346000003
0.06082949346000003
0.060737327460000025
0.060737327460000025
0.060737327460000025
0.060737327460000025
0.060737327460000025
0.060737327460000025
0.060737327460000025
0.06064516156000002
0.06055299562000003
0.06055299562000003
0.06055299562000003
0.06055299562000003
0.06055299562000003
0.06055299562000003
0.06046082972000003
0.06046082972000003
0.06046082982000003
0.06046082982000003
0.06046082982000003
0.06046082982000003
0.06046082982000003
0.06046082982000003
0.06046082982000003
0.060368663920000024
0.060368663920000024
0.060368663920000024
0.060368663920000024
0.060368663920000024
0.060368663920000024
0.060368663920000024
0.060368663920000024
0.060368663920000024
0.060276497920000026
0.060276497920000026
0.06036866382000002
0.06036866382000002
0.06036866382000002
0.06036866382000002
0.06036866382000002
0.06036866382000002
0.06036866382000002
0.06036866382000002
0.06036866382000002
0.06036866382000002
0.06036866382000002
0.06036866382000002
0.06036866382000002
0.06036866382000002
0.060460829720000026
0.060460829720000026
0.060460829720000026
0.060460829720000026
0.060460829720000026
0.060460829720000026
0.060460829720000026
0.06055299562000003
0.06055299562000003
0.06055299562000003
0.06055299562000003
0.06055299562000003
0.06055299562000003
0.06055299562000003
0.06055299562000003
0.06055299562000003
0.06055299562000003
0.06055299562000003
0.06055299562000003
0.06064516152000003
0.06064516152000003
0.06064516152000003
0.060737327460000025
0.060737327460000025
0.060737327460000025
0.060737327460000025
0.060645161600000025
0.06073732750000003
0.06082949350000003
0.06082949350000003
0.06082949350000003
0.06082949350000003
0.06082949350000003
0.060645161700000026
0.060645161760000024
0.060645161760000024
0.060645161760000024
0.060645161760000024
0.060645161760000024
0.06064516166000002
0.06064516166000002
0.06064516166000002
0.06064516166000002
0.06055299586000003
0.06055299586000003
0.060645161760000024
0.060645161760000024
0.06055299586000003
0.06055299586000003
0.06055299586000003
0.06055299586000003
0.06055299586000003
0.060460829960000025
0.06046082986000004
0.06046082986000004
0.06046082986000004
0.06046082986000004
0.06046082986000004
0.06046082986000004
0.06046082986000004
0.06046082986000004
0.06046082986000004
0.06046082986000004
0.06046082986000004
0.06046082986000004
0.06046082986000004
0.06046082986000004
0.06046082986000004
0.06046082986000004
0.06046082986000004
0.06046082986000004
0.06046082986000004
0.060368663960000034
0.060368663960000034
0.060368663960000034
0.060368663960000034
0.060368663960000034
0.060368663960000034
0.060368663960000034
0.060368663960000034
0.060368663960000034
0.060368663960000034
0.06055299586000004
0.06055299586000004
0.06064516186000004
0.06064516186000004
0.06064516186000004
0.06064516186000004
0.06064516186000004
0.06064516186000004
0.06064516186000004
0.06073732780000004
0.06073732780000004
0.06073732780000004
0.06073732780000004
0.06073732780000004
0.06073732780000004
0.06073732790000004
0.06073732790000004
0.06073732790000004
0.06073732790000004
0.06064516200000004
0.06064516200000004
0.06064516200000004
0.06073732790000004
0.06073732790000004
0.06064516200000004
0.06073732780000003
0.06082949370000002
0.06082949370000002
0.06082949370000002
0.06082949370000002
0.06082949370000002
0.06082949370000002
0.06082949370000002
0.06082949370000002
0.06082949370000002
0.06082949370000002
0.06082949370000002
0.06082949370000002
0.06082949370000002
0.06073732780000002
0.06082949370000002
0.06082949370000002
0.06092165960000002
0.06092165960000002
0.061013825500000014
0.061013825500000014
0.061013825500000014
0.061013825500000014
0.061013825500000014
0.06101382550000002
0.06101382540000002
0.06101382540000002
0.06092165960000002
0.06092165960000002
0.06092165960000002
0.060829493700000015
0.060829493700000015
0.060829493700000015
0.060829493700000015
0.060829493700000015
0.060829493700000015
0.060829493700000015
0.060737327760000015
0.06082949366000002
0.060921659560000015
0.060921659560000015
0.060921659560000015
0.060921659560000015
0.060921659560000015
0.060921659560000015
0.060921659560000015
0.060829493620000015
0.060829493620000015
0.060829493620000015
0.060829493620000015
0.060829493620000015
0.060829493620000015
0.060829493620000015
0.060829493620000015
0.060921659560000015
0.060921659560000015
0.060921659560000015
0.060921659560000015
0.060921659560000015
0.060921659560000015
0.060921659560000015
0.060921659560000015
0.06101382546000002
0.06101382546000002
0.06110599136000002
0.06110599136000002
0.06110599136000002
0.06110599136000002
0.06110599136000002
0.06110599136000002
0.06110599136000002
0.06119815716000002
0.06119815716000002
0.06119815716000002
0.06119815716000002
0.06119815716000002
0.06110599126000002
0.06110599126000002
0.06110599126000002
0.06110599126000002
0.06110599126000002
0.06110599126000002
0.06110599126000002
0.06110599126000002
0.06110599126000002
0.06110599126000002
0.06110599126000002
0.06110599126000002
0.06110599126000002
0.06110599126000002
0.06110599126000002
0.06110599126000002
0.06110599126000002
0.06110599126000002
0.06110599126000002
0.06110599126000002
0.06110599126000002
0.06110599126000002
0.06110599126000002
0.06110599126000002
0.06110599126000002
0.06110599126000002
0.06110599126000002
0.06110599126000002
0.06110599126000002
0.061198157260000025
0.061198157260000025
0.06129032316000002
0.06129032316000002
0.06129032316000002
0.06129032316000002
0.06119815726000002
0.06119815726000002
0.06119815726000002
0.06119815726000002
0.06119815726000002
0.06119815726000002
0.06119815726000002
0.06119815726000002
0.06110599146000002
0.06110599146000002
0.06110599146000002
0.06110599146000002
0.06110599146000002
0.06110599146000002
0.06110599146000002
0.061198157360000026
0.06129032326000003
0.06129032326000003
0.06129032326000003
0.06129032326000003
0.06129032326000003
0.061474655060000015
0.06156682096000002
0.06156682096000002
0.06156682096000002
0.06156682096000002
0.06156682096000002
0.06147465506000002
0.06147465506000002
0.06147465506000002
0.06147465506000002
0.06147465506000002
0.06147465506000002
0.06147465506000002
0.06147465506000002
0.06147465506000002
0.06147465506000002
0.06156682096000002
0.06156682096000002
0.06156682096000002
0.06165898686000002
0.06165898686000002
0.06165898686000002
0.06165898686000002
0.06165898686000002
0.061566820960000025
0.06165898676000003
0.06165898676000003
0.061751152660000024
0.061751152660000024
0.061751152660000024
0.061751152660000024
0.061751152660000024
0.061751152660000024
0.061751152660000024
0.061751152660000024
0.06184331846000002
0.06184331846000002
0.06193548426000002
0.06202765016000002
0.06202765016000002
0.06211981606000002
0.06211981606000002
0.062027650160000024
0.06211981596000002
0.062027650060000016
0.062027650060000016
0.06211981586000001
0.06211981586000001
0.06211981586000001
0.06211981586000001
0.06211981586000001
0.06211981586000001
0.06211981586000001
0.06211981586000001
0.06211981586000001
0.06211981586000001
0.06211981586000001
0.06211981586000001
0.06211981586000001
0.06221198176000001
0.06221198176000001
0.06221198176000001
0.06221198176000001
0.06221198176000001
0.06221198176000001
0.062119815860000004
0.062119815860000004
0.062119815860000004
0.062119815860000004
0.062119815860000004
0.062119815860000004
0.062119815860000004
0.062119815860000004
0.062119815860000004
0.06221198176000001
0.06221198176000001
0.06221198176000001
0.06221198176000001
0.06221198176000001
0.06221198176000001
0.06230414770000001
0.06230414770000001
0.06230414770000001
0.06230414770000001
0.06230414770000001
0.06221198180000001
0.06221198180000001
0.06221198180000001
0.06221198180000001
0.06221198180000001
0.06230414770000001
0.06230414770000001
0.0623963137
0.0623963137
0.0623041478
0.0623041478
0.0623041478
0.0623041478
0.0623041478
0.0623041478
0.0623041478
0.0623041478
0.0623041478
0.0623041478
0.0622119819
