0.5188940119999998
0.12608295052000001
0.10396313434000001
0.08958525456000001
0.08036866386000004
0.07188940162000004
0.06506912496000002
0.06165898634000004
0.05972350260000003
0.05741935500000003
0.055576037
0.05456221202000002
0.053732719000000005
0.053364055340000015
0.05345622140000002
0.05391705072000001
0.053640553060000026
0.05354838724000002
0.05345622154000003
0.054377880580000024
0.05419354860000002
0.05428571452000003
0.054562212240000026
0.054930875760000025
0.05548387106000004
0.05594470050000003
0.056313364040000015
0.05668202778000001
0.05714285718000001
0.05741935482000002
0.05760368662000001
0.057880184320000014
0.05806451620000003
0.05852534568000002
0.05861751158000002
0.05898617518
0.05926267306000001
0.05944700480000001
0.059631336500000014
0.06009216596000002
0.06018433176000002
0.06036866360000002
0.06046082954000002
0.06055299544000002
0.06064516138000003
0.061013824880000025
0.06165898628000001
0.06202764968000002
0.06211981548000003
0.06221198138000002
0.06276497662000002
0.06294930832000002
0.06313364006000002
0.06313364002000002
0.06331797172000003
0.06359446932000001
0.06368663522000002
0.06387096682000003
0.06405529858000003
0.06451612808000003
0.06460829408000003
0.06479262588000002
0.06497695758000002
0.06488479158000002
0.06488479158000002
0.06534562088000004
0.06534562088000004
0.06543778668000004
0.06571428458000003
0.06589861638000005
0.06589861638000005
0.06608294818000005
0.06635944608000005
0.06635944608000005
0.06645161202000004
0.06635944622000003
0.06635944622000003
0.06654377812000005
0.06654377812000005
0.06654377812000005
0.06663594392000005
0.06682027572000006
0.06682027572000006
0.06691244162000004
0.06672810986000005
0.06682027590000005
0.06682027590000005
0.06682027590000005
0.06682027590000005
0.06682027590000005
0.06682027590000005
0.06672811000000003
0.06672811000000003
0.06672811000000003
0.06672811000000003
0.06663594420000002
0.06663594420000002
0.06672811010000002
0.06663594410000001
0.06663594410000002
0.06672811000000003
0.06672811000000003
0.06682027590000003
0.06672811000000003
0.06682027590000003
0.06682027590000003
0.06691244180000003
0.06709677356000002
0.06700460756000001
0.06682027572000002
0.06672810972000001
0.06672810972000001
0.06654377784000001
0.06645161188000001
0.06645161188000001
0.06645161188000001
0.06635944628
0.06645161222
0.06635944642
0.06626728052000001
0.06626728052000001
0.06626728052000001
0.06635944652
0.06617511472000001
0.06617511472000001
0.06608294882000001
0.06608294882000001
0.06599078296000002
0.06599078296000002
0.06589861716000002
0.06599078296000002
0.06589861706000003
0.06589861706000003
0.06589861716000002
0.06589861716000002
0.06580645150000002
0.06589861740000001
0.06599078330000002
0.06589861750000002
0.06580645160000002
0.06580645160000002
0.06580645160000002
0.06580645150000003
0.06571428560000002
0.06571428560000002
0.06571428560000002
0.06571428560000002
0.06580645150000003
0.06562211980000003
0.06552995390000002
0.06534562200000002
0.06534562200000002
0.06534562200000002
0.06534562200000002
0.06534562200000002
0.06525345610000002
0.06516129016000002
0.06525345606000003
0.06525345606000003
0.06516129016000004
0.06516129016000004
0.06525345616000003
0.06525345616000003
0.06516129030000002
0.06516129030000002
0.06506912430000003
0.06479262646000002
0.06479262646000002
0.06488479236000001
0.06479262646000002
0.06470046052000003
0.06488479236000003
0.06488479236000003
0.06470046066000001
0.06460829486000001
0.06460829486000001
0.06470046076000002
0.06479262656000002
0.06470046046000003
0.06460829456000003
0.06451612876000003
0.06451612876000003
0.06451612876000003
0.06460829466000001
0.06460829466000001
0.06460829466000001
0.06460829466000001
0.06479262626000003
0.06460829466000001
0.06460829466000001
0.06460829476000002
0.06460829476000002
0.06460829476000002
0.06433179712000002
0.06442396302000002
0.06451612888000001
0.06442396308000001
0.06433179738
0.06442396318000002
0.06433179728
0.06433179728
0.06433179728
0.06433179728
0.06433179728
0.06423963128000001
0.06423963128000001
0.06423963128000001
0.06423963128000001
0.06414746528000002
0.06405529938000001
0.06387096768000002
0.06396313348000002
0.06387096758000001
0.06377880168000001
0.06377880168000001
0.06396313348000002
0.06387096758000002
0.06396313348000002
0.06396313348000002
0.06377880158000002
0.06377880158000002
0.06368663568000002
0.06377880158000002
0.06377880158000002
0.06377880158000002
0.06387096748000001
0.06377880148000001
0.06368663558000001
0.06359446958000001
0.06350230378
0.06341013788000001
0.06341013788000001
0.06341013788000001
0.06322580588000001
0.06322580588000001
0.06341013768000002
0.06341013768000002
0.06331797188000002
0.06331797188000002
0.06322580594
0.06322580594
0.06322580594
0.06331797184000001
0.06341013764000002
0.06331797174000002
0.06322580594000002
0.06313364000000002
0.06313364000000002
0.06304147410000002
0.06276497646000001
0.06276497646000001
0.0627649765
0.0627649765
0.0628571423
0.0628571423
0.062488478800000004
0.062304147100000005
0.06239631300000001
0.06239631300000001
0.06230414710000001
0.06230414710000001
0.06239631290000002
0.06239631290000002
0.06239631290000002
0.06239631290000002
0.06248847880000001
0.06258064460000001
0.06267281050000002
0.06267281050000002
0.06267281050000002
0.06267281050000002
0.06276497650000003
0.06248847866000003
0.062396312760000024
0.062396312760000024
0.06248847870000003
0.06239631290000003
0.06248847884000003
0.06239631284000002
0.06239631304000002
0.06230414724000002
0.06230414724000002
0.06239631304000002
0.06239631304000002
0.06239631304000002
0.06239631304000002
0.06248847894000002
0.06258064484000002
0.06267281074000002
0.06267281074000002
0.06267281074000002
0.06267281074000002
0.06276497654000003
0.06276497654000003
0.06276497654000003
0.06276497654000003
0.06285714224000002
0.06294930818000002
0.06285714238000002
0.06276497658000003
0.06267281068000004
0.06267281068000004
0.06267281068000004
0.06258064468000003
0.06258064468000003
0.062396312980000035
0.06248847878000004
0.06248847878000004
0.06248847878000004
0.06248847878000004
0.06239631288000005
0.06239631288000005
0.06239631288000005
0.06248847876000005
0.06258064462000004
0.06248847882000004
0.06248847882000004
0.06248847882000004
0.06248847892000004
0.06248847892000004
0.06248847892000004
0.062396313120000046
0.06248847902000004
0.06258064492000004
0.06258064492000004
0.06248847902000004
0.06248847902000004
0.06248847902000004
0.06258064492000004
0.062396313120000026
0.062396313120000026
0.062396313120000026
0.06248847902000002
0.06248847902000002
0.06248847902000002
0.06248847902000002
0.06248847888000002
0.06248847888000002
0.06248847888000002
0.06248847888000002
0.06248847888000002
0.06221198128000002
0.06221198128000002
0.06221198128000002
0.062304147280000007
0.06221198138000001
0.06230414738
0.06230414738
0.062396313280000004
0.062396313280000004
0.06230414738
0.06230414738
0.06248847898000001
0.06248847898000001
0.06267281078
0.06258064498
0.06258064498
0.06258064498
0.06258064498
0.06258064498
0.06258064498
0.06285714258000001
0.06285714258000001
0.06285714258000001
0.06285714258000001
0.06285714258000001
0.06285714258000001
0.06285714258000001
0.06276497668
0.06294930848
0.06294930848
0.06294930848
0.06304147428000001
0.06304147458
0.06322580628000002
0.06322580628000002
0.06304147438000002
0.06304147438000002
0.06322580608
0.06341013778
0.06341013778
0.06350230368000001
0.06341013772000001
0.06341013772000001
0.06350230362
0.06350230362
0.06341013782
0.06350230382000001
0.06350230382000001
0.06350230382000001
0.06350230382000001
0.06359446972
0.06341013792000001
0.06341013792000001
0.06331797212000001
0.06331797212000001
0.06331797212000001
0.06331797212000001
0.06331797212000001
0.06341013792000001
0.06350230382000001
0.06341013792000001
0.06341013792000001
0.06341013792000001
0.06341013792000001
0.06341013792000001
0.06341013792000001
0.06341013792000001
0.06341013792000001
0.06322580632000001
0.06313364052
0.06322580642000002
0.06322580642000002
0.06322580642000002
0.06313364052
0.06313364042000001
0.06304147452000002
0.06304147452000002
0.06304147452000002
0.06313364032000002
0.06322580622000001
0.06322580622000001
0.06313364042000001
0.06313364042000001
0.06313364042000001
0.06304147448000001
0.06313364034
0.06313364034
0.06322580624000002
0.06331797204000002
0.06313364034000002
0.06313364034000002
0.06322580634000001
0.06322580634000001
0.06331797224000002
0.06341013804000002
0.06341013804000002
0.06331797224000002
0.06331797224000002
0.06341013814000002
0.06331797224000002
0.06331797224000002
0.06331797224000002
0.06322580624000002
0.06322580624000002
0.06313364044000001
0.06313364044000001
0.06322580638000001
0.06331797238
0.06341013828000001
0.06331797238
0.06341013838000001
0.06350230438
0.06350230438
0.06341013848000002
0.06341013848000002
0.06341013848000002
0.06341013848000002
0.06341013848000002
0.06341013848000002
0.06331797258000002
0.06331797258000002
0.06331797258000002
0.06331797258000002
0.06331797258000002
0.06331797258000002
0.06331797258000002
0.06331797258000002
0.06331797258000002
0.06331797258000002
0.06331797258000002
0.06331797258000002
0.06331797258000002
0.06331797258000002
0.06341013848000002
0.06341013848000002
0.06341013848000002
0.06341013848000002
0.06359447028000002
0.06350230438000001
0.06350230438000001
0.06350230438000001
0.06350230438000001
0.06350230438000001
0.06350230438000001
0.06359447028000002
0.06359447028000002
0.06359447028000002
0.06359447028000002
0.06359447028000002
0.06359447028000002
0.06359447028000002
0.06368663618000002
0.06368663618000002
0.06368663618000002
0.06368663618000002
0.06377880208000002
0.06377880208000002
0.06377880208000002
0.06377880208000002
0.06377880208000002
0.06368663618
0.06359447038
0.06359447038
0.06350230448000001
0.06350230448000001
0.06341013858000001
0.06341013858000001
0.06350230448000001
0.06350230448000001
0.06359447028000002
0.06359447028000002
0.06359447028000002
0.06359447028000002
0.06359447028000002
0.06368663622000001
0.06368663622000001
0.06377880202000002
0.06387096792000002
0.06387096792000002
0.06387096792000002
0.06387096792000002
0.06387096792000002
0.06387096792000002
0.06377880202000002
0.06377880202000002
0.06377880202000002
0.06377880202000002
0.06377880202000002
0.06377880202000002
0.06377880202000002
0.06377880202000002
0.06377880202000002
0.06377880202000002
0.06377880202000002
0.06377880202000002
0.06377880202000002
0.06368663612000003
0.06368663612000003
0.06368663612000003
0.06368663612000003
0.06377880202000002
0.06377880202000002
0.06377880202000002
0.06387096802000002
0.06387096802000002
0.06387096802000002
0.06387096802000002
0.06387096802000002
0.06387096802000002
0.06396313392000001
0.06405529982000001
0.06405529982000001
0.06405529982000001
0.06405529982000001
0.06405529982000001
0.06423963162000002
0.06423963162000002
0.06423963162000002
0.06423963162000002
0.06423963162000002
0.06433179756000001
0.06423963176000001
0.06423963176000001
0.06433179770000001
0.06433179770000001
0.06433179770000001
0.06433179770000001
0.06433179770000001
0.06423963170000001
0.06433179760000002
0.06433179760000002
0.06433179760000002
0.06433179760000002
0.06433179760000002
0.06433179760000002
0.06433179760000002
0.06433179760000002
0.06433179760000002
0.06442396350000001
0.06451612940000002
0.06460829520000003
0.06460829520000003
0.06460829520000003
0.06470046120000003
0.06470046120000003
0.06470046120000003
0.06470046120000003
0.06470046120000003
0.06470046120000003
0.06470046120000003
0.06470046120000003
0.06470046120000003
0.06470046120000003
0.06470046140000002
0.06470046140000002
0.06470046140000002
0.06470046140000002
0.06470046140000002
0.06479262730000002
0.06479262730000002
0.06479262730000002
0.06488479320000001
0.06488479320000001
0.06488479320000001
0.06488479320000001
0.06497695910000001
0.06497695910000001
0.06497695910000001
0.06497695910000001
0.06497695910000001
0.06497695910000001
0.06497695910000001
0.06497695910000001
0.065069125
0.065069125
0.06516129080000001
0.06516129080000001
0.06516129080000001
0.06516129080000001
0.06516129080000001
0.06516129080000001
0.06516129080000001
0.06525345660000001
0.06525345660000001
0.06525345660000001
0.06525345660000001
0.0652534567
0.0652534567
0.0653456226
0.06543778849999998
0.06543778849999998
0.0655299543
0.0656221202
0.0656221202
0.0655299543
0.0655299543
0.0655299543
0.0655299543
0.0655299543
0.0655299543
0.0655299543
0.0655299543
0.0655299543
0.0655299543
0.0656221202
0.0656221202
0.0657142862
0.0657142862
0.0656221203
0.0656221203
0.0655299544
0.0655299544
0.0655299544
0.0655299544
0.0655299544
0.0655299544
0.0655299544
0.06543778850000001
0.06543778850000001
0.06552995430000003
0.06562212020000002
0.06562212020000002
0.06562212020000002
0.06562212020000002
0.06562212020000002
0.06562212020000002
0.06571428600000002
0.06571428610000002
0.06571428610000002
0.06571428610000002
0.06571428610000002
0.06571428610000002
0.06571428600000001
0.06571428600000001
0.06571428600000001
0.06571428600000001
0.06571428600000001
0.06571428600000001
0.06571428600000001
0.06562212010000003
0.06562212010000003
0.06562212030000002
0.06552995430000003
0.06552995430000003
0.06552995430000003
0.06552995430000003
0.06552995430000003
0.06552995430000003
0.06552995430000003
0.06552995430000003
0.06552995430000003
0.06552995430000003
0.06534562250000002
0.06534562250000002
0.06534562250000002
0.06534562250000002
0.06543778830000002
0.06534562240000003
0.06534562240000003
0.06534562240000003
0.06534562240000003
0.06534562240000003
0.06534562240000003
0.06534562240000003
0.06534562240000003
0.06534562240000003
0.06534562240000003
0.06534562240000003
0.06534562240000003
0.06534562240000003
0.06534562240000003
0.06534562240000003
0.06534562240000003
0.06534562240000003
0.06525345660000002
0.06525345660000002
0.06525345660000002
0.06534562250000002
0.06534562250000002
0.06534562250000002
0.06543778830000002
0.06543778830000002
0.06543778830000002
0.06543778830000002
0.06552995420000002
0.06552995420000002
0.06552995420000002
0.06552995420000002
0.06552995420000002
0.06552995420000002
0.06552995420000002
0.06552995420000002
0.06552995420000002
0.06552995420000002
0.06552995420000002
0.06552995420000002
0.06552995420000002
0.06552995420000002
0.06552995420000002
0.06543778820000003
0.06543778820000003
0.06543778820000003
0.06552995410000002
0.06552995410000002
0.06571428590000002
0.06571428590000002
0.06571428590000002
0.06580645190000002
0.06580645190000002
0.06589861776000001
0.06589861776000001
0.06589861776000001
0.06589861776000001
0.06599078356000003
0.06599078356000003
0.06608294956000002
0.06608294956000002
0.06617511546000002
0.06617511546000002
0.06626728136000003
0.06626728136000003
0.06626728136000003
0.06626728136000003
0.06626728136000003
0.06626728136000003
0.06626728136000003
0.06626728136000003
0.06626728136000003
0.06617511536000002
0.06617511536000002
0.06617511536000002
0.06617511536000002
0.06617511536000002
0.06617511536000002
0.06617511536000002
0.06617511536000002
0.06617511536000002
0.06626728126000002
0.06617511536000001
0.06626728126
0.06626728126
0.06626728126
0.06626728126
0.06626728126
0.06626728126
0.06626728126
0.06635944706
0.06635944706
0.06645161296000002
0.06645161296000002
0.06654377876
0.06654377876
0.06654377876
0.06654377876
0.06654377876
0.06654377876
0.06654377876
0.06654377876
0.06654377876
0.06654377876
0.06654377876
0.06654377876
0.06663594476000001
0.06663594476000001
0.06663594476000001
0.06663594476000001
0.06663594476000001
0.06663594476000001
0.06663594476000001
0.06663594476000001
0.06663594476000001
0.06663594476000001
0.06663594476000001
0.06654377876
0.06654377876
0.06654377876
0.06654377876
0.06654377876
0.06654377876
0.06654377876
0.06663594476000001
0.06672811056000001
0.06672811056000001
0.06672811056000001
0.06672811056000001
0.06682027650000001
0.06682027650000001
0.06682027650000001
0.06682027650000001
0.06682027650000001
0.06682027650000001
0.06682027650000001
0.06691244230000001
0.06691244230000001
0.06691244230000001
0.06691244230000001
0.06691244230000001
0.06691244230000001
0.06682027640000002
0.06682027640000002
0.06682027640000002
0.06682027640000002
0.06672811050000002
0.06672811050000002
0.06672811050000002
0.06672811050000002
0.06672811050000002
0.06672811050000002
0.06672811050000002
0.06672811050000002
0.06672811050000002
0.06672811050000002
0.06682027640000002
0.06682027640000002
0.06682027640000002
0.06691244240000001
0.06691244240000001
0.06700460830000002
0.06700460830000002
0.06700460830000002
0.06700460830000002
0.06700460830000002
0.06709677410000002
0.06718894000000002
0.06718894000000002
0.06718894000000002
0.06728110600000002
0.06728110600000002
0.06728110600000002
0.06728110600000002
0.06718894000000002
0.06718894000000002
0.06718894000000002
0.06718894000000002
0.06718894000000002
0.06728110580000003
0.06737327170000003
0.06737327170000003
0.06737327170000003
0.06737327170000003
0.06728110570000002
0.06737327160000003
0.06737327160000003
0.06746543740000002
0.06746543740000002
0.06755760330000002
0.06755760330000002
0.06755760330000002
0.06755760330000002
0.06755760330000002
0.06755760330000002
0.06755760330000002
0.06755760330000002
0.06755760330000002
0.06764976920000003
0.06764976920000003
0.06764976920000003
0.06764976920000003
0.06774193520000002
0.06774193520000002
0.06783410100000004
0.06792626680000004
0.06792626680000004
0.06792626680000004
0.06792626680000004
0.06792626680000004
0.06801843280000003
0.06801843280000003
0.06801843280000003
0.06811059880000003
0.06811059880000003
0.06811059880000003
0.06811059880000003
0.06820276480000004
0.06820276480000004
0.06820276480000004
0.06829493060000004
0.06829493060000004
0.06829493060000004
0.06829493060000004
0.06829493060000004
0.06829493060000004
0.06829493060000004
0.06838709650000004
0.06838709650000004
0.06838709650000004
0.06838709650000004
0.06838709650000004
0.06838709650000004
0.06847926250000004
0.06847926250000004
0.06847926250000004
0.06847926250000004
0.06847926250000004
0.06847926250000004
0.06847926250000004
0.06847926250000004
0.06847926250000004
0.06857142840000004
0.06857142840000004
0.06857142840000004
0.06866359430000003
0.06875576020000003
0.06875576020000003
0.06875576020000003
0.06875576020000003
0.06875576020000003
0.06884792610000004
0.06884792610000004
0.06884792610000004
0.06884792610000004
0.06884792610000004
0.06894009200000002
0.06894009200000002
0.06903225790000003
0.06903225790000003
0.06903225790000003
0.06903225790000003
0.06903225790000003
0.06903225790000003
0.06912442390000002
0.06912442390000002
0.06921658970000003
0.06921658970000003
0.06921658970000003
0.06921658970000003
0.06921658970000003
0.06921658970000003
0.06921658970000003
0.06921658970000003
0.06921658970000003
0.06921658970000003
0.06921658970000003
0.06921658970000003
0.06930875570000003
0.06930875570000003
0.06930875570000003
0.06930875570000003
0.06949308740000004
0.06949308740000004
0.06967741930000003
0.06967741930000003
0.06967741930000003
0.06967741930000003
0.06967741930000003
0.06967741930000003
0.06967741930000003
0.06967741930000003
0.06967741930000003
0.06967741930000003
0.06967741930000003
0.06967741930000003
0.06976958520000003
0.06986175100000003
0.06986175100000003
0.06986175100000003
0.06986175100000003
0.06986175100000003
0.06995391690000002
0.06995391690000002
