0.5239631423999999
0.12884792772000003
0.10377880226
0.09290322692000004
0.08267281178000001
0.07603686750000001
0.06811059894
0.06359447024000003
0.06119815652000003
0.059539170980000035
0.05760368722000002
0.056866359880000016
0.05668202762000002
0.05640553016000001
0.05631336430000002
0.056221198359999995
0.05622119844000001
0.056129032740000015
0.05631336470000001
0.05668202808000001
0.05686636002
0.05714285776000001
0.057327189300000005
0.05732718926000002
0.05760368684000002
0.05797235048000002
0.05843317998000001
0.058801843380000024
0.05907834128000002
0.059262673080000015
0.05944700484000002
0.05990783434000003
0.06036866366000002
0.060552995420000026
0.060921659180000025
0.060921659180000025
0.06101382522000001
0.06175115226000001
0.061843318160000015
0.06211981566000002
0.06258064502
0.06276497686
0.06304147446000001
0.06322580616000001
0.06322580616000001
0.06331797196000001
0.06387096740000002
0.064147465
0.064147465
0.064147465
0.064239631
0.0644239627
0.06470046010000002
0.0649769577
0.06525345510000001
0.065622119
0.06571428500000001
0.06580645090000001
0.06589861680000002
0.06589861676000001
0.06599078276
0.06608294866000002
0.06608294866
0.06599078276
0.06617511466
0.06617511466
0.06635944646000001
0.06635944646000001
0.06645161236000001
0.06682027592000002
0.06691244192000002
0.06709677362000002
0.06728110572000003
0.06728110572000003
0.06737327152000003
0.06764976922000003
0.06764976922000003
0.06764976922000003
0.06774193512000001
0.06774193512000001
0.06792626702000003
0.06792626702000003
0.06792626702000003
0.06801843282000003
0.06811059862000002
0.06811059862000002
0.06801843282000002
0.06801843282000002
0.06801843282000002
0.06820276442000003
0.06829493036000003
0.06811059856000003
0.06820276436000003
0.06820276436000003
0.06811059856000003
0.06801843256000004
0.06792626656000003
0.06792626636000003
0.06783410046000003
0.06774193446000004
0.06764976856000003
0.06764976850000004
0.06755760256000003
0.06755760256000003
0.06764976846000004
0.06764976846000004
0.06755760266000004
0.06746543696000001
0.06755760286000001
0.06755760286000001
0.06737327106
0.06737327106
0.06737327106
0.06728110516000001
0.06728110516000001
0.06709677346000001
0.06709677346000001
0.06709677346000001
0.06700460746
0.06691244156000001
0.06700460746
0.06700460746
0.06718893896000001
0.06718893886000003
0.06718893886000003
0.06709677296000004
0.06709677286000004
0.06718893866000004
0.06728110456000005
0.06728110456000005
0.06718893876000004
0.06709677276000005
0.06700460696000005
0.06691244106000005
0.06691244106000005
0.06691244106000005
0.06691244112000005
0.06691244112000005
0.06682027522000004
0.06663594342000004
0.06654377752000004
0.06663594342000004
0.06672810932000002
0.06663594346000003
0.06663594346000003
0.06663594346000003
0.06663594346000003
0.06654377746000002
0.06645161166000002
0.06645161166000002
0.06617511396000003
0.06617511396000003
0.06608294806000002
0.06608294806000002
0.06608294796000003
0.06608294796000003
0.06617511386000002
0.06617511386000002
0.06617511386000002
0.06617511386000002
0.06617511386000002
0.06599078206000002
0.06589861626000001
0.06580645046000001
0.06580645050000002
0.0657142846
0.0657142846
0.0657142846
0.0657142846
0.0657142846
0.06552995290000001
0.06552995290000001
0.0653456213
0.06525345540000001
0.06506912380000002
0.0649769579
0.0648847921
0.0647926263
0.06479262630000002
0.06488479210000002
0.06479262620000002
0.06470046030000003
0.06460829450000002
0.06470046040000002
0.06460829440000002
0.06460829440000002
0.06460829440000002
0.06451612860000001
0.06442396270000002
0.06451612860000001
0.06451612870000001
0.06442396280000001
0.06442396290000002
0.06423963120000001
0.06423963120000001
0.06423963120000001
0.06414746530000001
0.06414746530000001
0.0641474654
0.0641474654
0.0640552994
0.0640552994
0.0641474652
0.0641474652
0.0641474652
0.064239631
0.0641474652
0.0641474652
0.0639631336
0.0639631336
0.0639631336
0.0639631335
0.0638709677
0.0638709677
0.0638709677
0.0639631336
0.063778802
0.063778802
0.063778802
0.06377880189999999
0.06387096776
0.06387096776
0.06377880175999999
0.06377880176
0.06377880176
0.06377880176
0.06359446992000001
0.06359446992000001
0.06359446992000001
0.06341013812
0.06341013812
0.06341013812
0.06341013802
0.06341013802
0.06331797222
0.06331797208
0.06331797208
0.06341013798
0.06341013798
0.06341013798
0.06341013798
0.06331797218
0.06331797218
0.06313364047999999
0.06322580628
0.06322580628
0.06322580628
0.06322580628
0.06322580628
0.06322580628
0.06331797222
0.06341013812000001
0.06350230392000002
0.06341013792000001
0.06350230382000001
0.06359446972
0.06368663552
0.06359446972
0.06359446972
0.06350230392
0.06359446982
0.06377880152
0.06396313351999999
0.06396313346
0.06387096766
0.06387096766
0.06405529945999999
0.06414746549999999
0.06405529959999998
0.06405529959999998
0.06405529959999998
0.06396313369999998
0.06396313369999998
0.06396313369999998
0.06405529969999998
0.06405529969999998
0.06405529969999998
0.06414746559999998
0.06414746559999998
0.0641474656
0.0641474656
0.0641474656
0.0641474656
0.0641474656
0.06396313370000001
0.06387096780000001
0.06387096780000001
0.06368663600000002
0.06368663590000002
0.06359447000000001
0.06359447000000001
0.06359447000000001
0.06350230410000003
0.06350230410000003
0.06350230410000003
0.06331797230000002
0.06322580630000002
0.06322580630000002
0.06322580630000002
0.06322580630000002
0.06322580630000002
0.06313364040000001
0.06304147450000001
0.0632258063
0.0633179722
0.0635944697
0.0635023038
0.0635023038
0.0635023038
0.0635944697
0.0635023038
0.0635023038
0.0635023038
0.06341013790000001
0.0635023038
0.0635023038
0.0635023038
0.0635023038
0.0635023038
0.0635023038
0.0635023038
0.0635023038
0.0635944697
0.0635944697
0.0635944697
0.06359446956
0.06368663556000001
0.06368663556000001
0.06377880136000001
0.06377880136000001
0.06368663556000001
0.06377880156
0.06377880156
0.06387096736000002
0.06396313326
0.06396313326
0.06396313326000001
0.06387096736000002
0.06368663566000002
0.06368663566000002
0.06377880156000001
0.06368663576000001
0.06368663576000001
0.06368663576000001
0.06368663576000001
0.06368663576000001
0.06359446986
0.06350230396000002
0.06350230396000002
0.06350230396000002
0.06359446996000001
0.06359446996000001
0.06359446996000001
0.06359446996000001
0.06359446996000001
0.06359446996000001
0.06359446996000001
0.06359446996000001
0.06368663576000003
0.06396313356000002
0.06405529950000002
0.06405529950000002
0.06405529950000002
0.06405529950000002
0.06387096766000003
0.06387096766000003
0.06387096766000003
0.06396313356000002
0.06387096766000003
0.06387096766000003
0.06377880186000003
0.06377880186000003
0.06377880186000003
0.06377880186000003
0.06387096776000004
0.06387096776000004
0.06396313366000003
0.06387096776000002
0.06396313366000002
0.06396313366000002
0.06396313366000002
0.06396313366000002
0.06396313366
0.06387096776000002
0.06387096776000002
0.06387096776000002
0.06377880196000002
0.06368663606000002
0.06368663606000002
0.06368663606000002
0.06359447026000002
0.06359447026000002
0.06359447026000002
0.06359447026000002
0.06350230446
0.06341013866000002
0.06331797276000001
0.06359447036000002
0.06359447036000002
0.06359447036000002
0.06359447036000002
0.06368663626000001
0.06377880226000002
0.06377880226000002
0.06377880226000002
0.06387096816
0.06387096816
0.06377880226
0.06368663626
0.06368663626
0.06368663626
0.06377880216000001
0.06387096806
0.06387096806
0.06387096806
0.06387096806
0.06387096806
0.06396313396000002
0.06396313396000002
0.06405529986000001
0.06405529986000001
0.06405529986000001
0.06414746586000002
0.06423963176000001
0.06423963176000001
0.06423963176000001
0.06433179766000001
0.06433179766000001
0.06433179766000001
0.06433179766000001
0.06433179766000001
0.06442396356000002
0.06423963186000002
0.06433179776000002
0.06433179776000002
0.06442396366000001
0.06442396366000001
0.06442396366000001
0.06451612966000002
0.06451612966000002
0.06451612966000002
0.06451612946000003
0.06460829526000003
0.06451612936000004
0.06451612936000004
0.06451612936000004
0.06470046116000003
0.06470046116000003
0.06470046116000003
0.06470046116000003
0.06470046116000003
0.06470046116000003
0.06470046116000003
0.06470046116000003
0.06470046116000003
0.06479262706000004
0.06479262706000004
0.06479262706000004
0.06479262706000004
0.06479262706000004
0.06479262706000004
0.06488479306000003
0.06488479306000003
0.06488479306000003
0.06497695906000002
0.06497695906000002
0.06497695906000002
0.06497695906000002
0.06497695906000002
0.06497695906000002
0.06497695906000002
0.06506912496000003
0.06506912496000003
0.06506912510000001
0.06506912510000001
0.06506912510000001
0.06506912510000001
0.06497695920000002
0.06488479340000003
0.06488479340000003
0.06497695920000003
0.06497695920000003
0.06497695920000003
0.06488479340000003
0.06488479340000003
0.06488479340000003
0.06488479340000003
0.06488479340000003
0.06497695930000003
0.06497695930000003
0.06497695930000003
0.06506912530000003
0.06506912530000003
0.06497695940000003
0.06506912530000003
0.06516129120000003
0.06516129120000003
0.06516129120000003
0.06516129120000003
0.06516129120000003
0.06525345710000002
0.06525345700000003
0.06525345700000003
0.06525345700000003
0.06516129110000003
0.06516129110000003
0.06516129110000003
0.06516129110000003
0.06525345700000003
0.06525345700000003
0.06525345700000003
0.06525345700000003
0.06525345700000003
0.06525345700000003
0.06525345700000003
0.06525345700000003
0.06525345700000003
0.06525345700000003
0.06543778880000002
0.06543778880000002
0.06543778880000002
0.06552995470000002
0.06562212050000002
0.06571428630000002
0.06571428630000002
0.06571428630000002
0.06571428630000002
0.06571428630000002
0.06571428630000002
0.06571428630000002
0.06571428630000002
0.06571428630000002
0.06589861820000002
0.06589861820000002
0.06599078410000002
0.06599078410000002
0.06599078410000002
0.06599078410000002
0.06599078410000002
0.06608294990000001
0.06608294990000001
0.06608294990000001
0.06617511580000002
0.06617511580000002
0.06617511580000002
0.06608294990000001
0.06608294990000001
0.06608294990000001
0.06608294990000001
0.06608294990000001
0.06608294990000001
0.06608294990000001
0.06608294990000001
0.06608294990000001
0.06589861810000001
0.06589861810000001
0.06599078390000002
0.06599078390000002
0.06599078390000002
0.06599078390000002
0.06599078390000002
0.06599078390000002
0.06599078390000002
0.06599078390000002
0.06589861800000002
0.06589861800000002
0.06599078380000002
0.06599078380000002
0.06599078380000002
0.06599078380000002
0.06599078380000002
0.06599078380000002
0.06599078380000002
0.06599078380000002
0.06599078380000002
0.06617511550000002
0.06617511550000002
0.06608294960000002
0.06608294960000002
0.06599078370000001
0.06599078370000001
0.06599078370000001
0.06599078370000001
0.06599078370000001
0.06599078370000001
0.06599078370000001
0.06617511530000003
0.06617511530000003
0.06626728130000002
0.06635944730000003
0.06654377900000003
0.06654377900000003
0.06663594500000002
0.06663594500000002
0.06663594500000002
0.06663594500000002
0.06663594500000002
0.06663594500000002
0.0667281108
0.0667281108
0.0667281108
0.0667281108
0.0667281108
0.0667281108
0.0667281108
0.06682027670000001
0.06682027670000001
0.06691244260000001
0.06691244260000001
0.0670046086
0.0670046086
0.0670046086
0.0670967744
0.0670967744
0.0670967744
0.0670967744
0.0670967744
0.0670967744
0.0670967744
0.06718894040000001
0.06728110640000001
0.06728110640000001
0.06728110640000001
0.06728110640000001
0.06728110640000001
0.06728110640000001
0.06728110640000001
0.06728110640000001
0.06737327230000001
0.06737327230000001
0.06728110636000001
0.06737327226
0.06746543806
0.06746543806
0.06737327216000001
0.06737327216000001
0.06737327216000001
0.06746543806
0.06746543806
0.06746543806
0.06737327216000001
0.06737327216000001
0.06737327216000001
0.06755760396
0.06755760396
0.06755760396
0.06755760396
0.06755760396
0.06755760396
0.06755760396
0.06746543816
0.06746543816
0.06746543816
0.06746543816
0.06755760406
0.06764976996000001
0.06764976996000001
0.06764976996000001
0.06774193586
0.06774193586
0.06783410166
0.06783410166
0.06783410166
0.06783410166
0.06783410166
0.06783410166
0.06783410166
0.06783410166
0.06792626756
0.06792626756
0.06792626756
0.06792626756
0.06792626756
0.06792626756
0.06801843346000001
0.06811059926000002
0.06811059926000002
0.06811059926000002
0.06811059926000002
0.06801843336000002
0.06801843336000002
0.06801843336000002
0.06801843336000002
0.06801843336000002
0.06801843336000002
0.06792626736000001
0.06792626736000001
0.06792626736000001
0.06801843326000001
0.06801843326000001
0.06801843326000001
0.06801843326000001
0.06801843326000001
0.06801843326000001
0.06801843326000001
0.06801843326000001
0.06811059906000001
0.06811059906000001
0.06820276496000002
0.06820276496000002
0.06820276496000002
0.06820276496000002
0.06820276496000002
0.06820276496000002
0.06820276496000002
0.06820276496000002
0.06820276496000002
0.06820276496000002
0.06820276496000002
0.06820276496000002
0.06820276496000002
0.06820276496000002
0.06820276496000002
0.06820276496000002
0.06820276496000002
0.06820276496000002
0.06820276496000002
0.06820276496000002
0.06820276496000002
0.06829493096000001
0.06838709696000002
0.06838709696000002
0.06838709696000002
0.06829493116000002
0.06829493116000002
0.06829493116000002
0.06829493116000002
0.06829493116000002
0.06838709706
0.06847926296
0.06847926296
0.06847926296
0.06857142886
0.06857142886
0.06847926306
0.06847926306
0.06847926306
0.06847926306
0.06847926306
0.06838709716
0.06838709716
0.06838709716
0.06838709716
0.06838709716
0.06829493116
0.06829493116
0.06838709696
0.06838709696
0.06838709696
0.06838709696
0.06838709696
0.06838709696
0.06838709696
0.06838709696
0.06838709696
0.06838709696
0.06838709696
0.06838709696
0.06838709696
0.06838709696
0.06838709696
0.06838709696
0.06838709696
0.06847926286
0.06847926286
0.06847926286
0.06847926286
0.06847926286
0.06847926286
0.06847926286
0.06847926286
0.0685714288
0.0685714288
0.0685714288
0.0686635947
0.0685714288
0.0685714288
0.0685714288
0.0685714288
0.0685714288
0.0685714288
0.0686635947
0.0685714288
0.0685714288
0.0685714288
0.0685714288
0.0685714288
0.0685714288
0.0685714288
0.0685714288
0.0685714288
0.0685714288
0.0685714288
0.0685714288
0.0685714288
0.0685714288
0.0685714288
0.0685714288
0.0685714288
0.0685714288
0.0685714288
0.0685714288
0.0685714288
0.0685714288
0.0686635946
0.0687557605
0.0687557605
0.0687557605
0.0687557605
0.0687557605
0.0687557605
0.06866359470000001
0.06866359470000001
0.06866359470000001
0.06875576060000001
0.06875576060000001
0.06857142880000001
0.06857142880000001
0.06866359470000001
0.06866359470000001
0.06857142890000002
0.06857142890000002
0.06847926310000002
0.06847926310000002
0.06847926310000002
0.06838709716000002
0.06847926296000002
0.06847926296000002
0.06847926296000002
0.06847926296000002
0.06847926296000002
0.06857142876000002
0.06857142876000002
0.06857142876000002
0.06857142876000002
0.06857142876000002
0.06857142876000002
0.06857142876000002
0.06857142876000002
0.06857142876000002
0.06866359456000003
0.06866359456000003
0.06866359456000003
0.06866359456000003
0.06866359456000003
0.06866359456000003
0.06866359456000003
0.06866359456000003
0.06875576056000003
0.06875576056000003
0.06875576056000003
0.06875576056000003
0.06875576056000003
0.06875576056000003
0.06875576056000003
0.06875576056000003
0.06875576056000003
0.06875576056000003
0.06866359466000002
0.06866359466000002
0.06866359466000002
0.06866359466000002
0.06866359466000002
0.06866359466000002
0.06866359466000002
0.06866359466000002
0.06875576056000003
0.06884792646000003
0.06884792646000003
0.06884792646000003
0.06884792646000003
0.06894009226000003
0.06894009226000003
0.06894009226000003
0.06894009226000003
0.06894009226000003
0.06903225806000003
0.06903225806000003
0.06903225806000003
0.06903225806000003
0.06903225806000003
0.06903225806000003
0.06903225806000003
0.06903225806000003
0.06903225806000003
0.06903225806000003
0.06903225806000003
0.06903225806000003
0.06903225806000003
0.06903225806000003
0.06903225806000003
0.06903225806000003
0.06903225806000003
0.06903225806000003
0.06903225806000003
0.06894009206000003
0.06894009206000003
0.06894009206000003
0.06903225786000004
0.06903225786000004
0.06903225786000004
0.06912442386000003
0.06912442386000003
0.06912442386000003
0.06912442386000003
0.06921658976000003
0.06930875566000003
0.06930875566000003
0.06930875566000003
0.06930875566000003
0.06930875566000003
0.06930875566000003
0.06930875566000003
0.06930875566000003
0.06930875566000003
0.06940092166000003
0.06949308756000003
0.06949308756000003
0.06949308756000003
0.06949308756000003
0.06949308756000003
0.06949308756000003
0.06949308756000003
0.06949308756000003
0.06958525346000004
0.06967741926000003
0.06967741926000003
0.06967741926000003
0.06967741926000003
0.06967741926000003
0.06967741926000003
0.06967741926000003
0.06967741926000003
0.06967741926000003
0.06967741926000003
0.06967741926000003
0.06967741926000003
0.06976958506000003
0.06976958506000003
0.06976958506000003
0.06976958506000003
0.06976958506000003
0.06976958506000003
0.06976958506000003
0.06976958506000003
0.06976958506000003
0.06976958506000003
0.06976958506000003
0.06976958506000003
0.06976958506000003
0.06976958506000003
0.06976958506000003
0.06976958506000003
0.06967741916000003
0.06967741916000003
0.06967741916000003
0.06967741916000003
0.06976958496000003
0.06986175086000003
0.06986175086000003
0.06986175086000003
0.06995391686000003
0.06995391686000003
0.06995391686000003
0.06995391686000003
0.06995391686000003
0.06995391686000003
0.06995391686000003
0.06995391686000003
0.06995391686000003
0.06995391686000003
0.06995391686000003
0.06995391686000003
0.06995391686000003
0.07004608266000002
0.07004608266000002
0.06995391666000002
0.06995391666000002
0.06995391666000002
0.07004608246000003
0.07004608246000003
0.07004608246000003
0.07004608246000003
0.07004608246000003
0.07004608246000003
0.07013824846000002
0.07013824846000002
0.07013824846000002
0.07013824846000002
0.07023041426000004
0.07032258016000002
0.07032258016000002
0.07032258016000002
0.07041474606000002
0.07041474606000002
0.07041474606000002
0.07041474606000002
0.07032258026000003
0.07032258026000003
0.07032258026000003
0.07032258026000003
