0.5637788133999999
0.5082027662
0.427557605
0.36368664120000005
0.32645161640000014
0.29695852992000005
0.27778802212000003
0.25741935728000004
0.23493087839999993
0.21566820456000002
0.19456221376000002
0.17585253644
0.16046083192000002
0.14764977124
0.13723502504
0.12912442574000002
0.12377880291999999
0.12000000071999999
0.11686636017999998
0.11428571476
0.11225806530000002
0.11050691382000004
0.10829493182000004
0.10672811152000004
0.10442396376000002
0.10230414786000004
0.10046082964000004
0.09852534576000005
0.09778801866000006
0.09640553066000004
0.09465437886000004
0.09336405646000003
0.09225806566000003
0.09096774296000003
0.08986175246000006
0.08838709816000004
0.08718894116000003
0.08580645286000003
0.08294931006000004
0.08129032396000005
0.07972350386000003
0.07788018576000001
0.07622119934000003
0.07493087676000004
0.07382488580000003
0.07281106086000003
0.07161290376000001
0.07050691320000002
0.06958525444000001
0.06903225886000003
0.06755760354000001
0.06608294856000003
0.06534562136000005
0.06488479180000005
0.06414746500000003
0.06368663568000002
0.06341013820000002
0.06267281098000002
0.061474654560000015
0.060460829600000016
0.05990783418000002
0.05963133648000001
0.05935483886000001
0.05917050702000003
0.05870967758000001
0.05852534578000001
0.05861751186000003
0.05778801886000002
0.05751152132000002
0.057142857800000016
0.05677419428000002
0.05603686696000002
0.05557603716000003
0.055483871080000025
0.05493087564000002
0.05493087582000002
0.05465437816000002
0.054377880400000016
0.054470046260000016
0.054562212200000015
0.05428571442000002
0.054101382660000016
0.053548387260000004
0.05354838718000001
0.05327188944000001
0.05299539170000002
0.052903225720000016
0.05271889392000002
0.052903225720000016
0.052811059920000014
0.05262672812000003
0.05262672812000003
0.05262672820000002
0.05253456230000002
0.05271889424000002
0.05271889424000002
0.05271889420000002
0.05271889424000002
0.05262672846000002
0.05244239666000002
0.05244239662000002
0.05244239666000002
0.05235023076000002
0.05235023076000002
0.05225806490000002
0.05235023080000002
0.05235023076000002
0.05225806482000002
0.05216589888000001
0.05188940122000002
0.05161290334000002
0.051612903380000026
0.051612903380000026
0.05152073748000003
0.051428571640000025
0.051336405780000025
0.05142857168000003
0.05142857168000003
0.05152073758000002
0.051428571640000025
0.051428571680000014
0.051428571680000014
0.051428571680000014
0.05124423980000002
0.05124423980000002
0.05115207394000002
0.05115207394000002
0.051244239840000025
0.05133640574000002
0.05124423984000002
0.05133640574000002
0.05105990804000002
0.050967742140000015
0.050967742140000015
0.05105990804000002
0.05096774210000002
0.05096774210000002
0.05115207390000001
0.05124423976000001
0.05124423976000001
0.051336405660000015
0.051428571520000015
0.051428571520000015
0.051244239800000015
0.05142857160000002
0.05142857160000002
0.051428571520000015
0.051428571520000015
0.05133640558000001
0.05133640558000001
0.05133640558000001
0.05152073730000001
0.05152073730000001
0.05142857140000001
0.051336405460000005
0.05142857136000001
0.05152073722000001
0.051428571320000005
0.051428571320000005
0.051336405380000005
0.051336405460000005
0.051244239520000005
0.05133640542
0.05133640542
0.05133640542
0.05133640542
0.05133640542
0.05142857128
0.05152073726000001
0.05152073726000001
0.05152073726000001
0.05142857140000001
0.05142857140000001
0.05142857140000001
0.05142857140000001
0.05142857140000001
0.05152073734000002
0.05152073734000002
0.05152073734000002
0.05152073734000002
0.05152073734000002
0.051336405500000015
0.051428571440000015
0.051428571440000015
0.051520737300000015
0.051520737300000015
0.05161290328000002
0.05170506918000001
0.05170506918000001
0.05170506918000001
0.051889401060000014
0.05198156700000002
0.05207373294000002
0.05216589880000002
0.05216589880000002
0.05207373294000002
0.05216589884000002
0.05216589884000002
0.05235023068000002
0.05235023068000002
0.05253456252000002
0.05253456252000002
0.05262672846000003
0.05262672846000003
0.052811060160000034
0.05281106020000004
0.05281106020000004
0.05281106020000004
0.05281106020000004
0.05299539192000004
0.05299539192000004
0.053179723680000034
0.053179723680000034
0.05327188950000004
0.05336405530000003
0.05327188944000003
0.053364055380000025
0.053364055380000025
0.053456221320000025
0.053456221320000025
0.053456221320000025
0.053364055380000025
0.053456221320000025
0.053456221320000025
0.05354838722000003
0.05354838722000003
0.05373271906000003
0.05373271906000003
0.05364055320000003
0.05373271906000003
0.05373271906000003
0.05373271906000003
0.05373271906000003
0.05373271906000003
0.053917050860000024
0.05391705082000002
0.05400921676000002
0.05400921676000002
0.05419354856000003
0.054285714500000026
0.054377880360000026
0.05447004626000003
0.05447004626000003
0.05447004626000003
0.05447004626000003
0.05447004626000003
0.05456221220000002
0.05447004630000003
0.05447004630000003
0.05447004630000003
0.05447004630000003
0.05447004630000003
0.054562212200000036
0.054562212200000036
0.054562212200000036
0.054654378100000026
0.054746544040000025
0.054746544040000025
0.05483870994000002
0.054838709900000025
0.054838709900000025
0.054838709900000025
0.054838709900000025
0.054838709900000025
0.054838709900000025
0.054930875760000025
0.05502304166000002
0.05502304166000002
0.055115207520000015
0.05520737342000002
0.05520737342000002
0.05520737342000002
0.05520737342000002
0.05539170518000002
0.05548387112000002
0.055576037020000024
0.05566820292000003
0.05594470062000002
0.05603686656000002
0.05612903250000002
0.05622119836000002
0.05640553020000003
0.05640553020000003
0.05640553020000003
0.056497696000000035
0.05658986190000003
0.05658986190000003
0.056682027840000024
0.056682027840000024
0.05677419374000003
0.056866359540000036
0.056866359540000036
0.056958525440000025
0.057050691240000034
0.057050691240000034
0.057050691240000034
0.05723502304000002
0.05732718894000002
0.05741935484000003
0.05741935484000003
0.05741935484000003
0.05741935484000003
0.05741935484000003
0.05760368668000002
0.05760368668000002
0.05760368668000002
0.05760368668000002
0.05760368668000002
0.05760368668000002
0.05778801852000002
0.05769585258000002
0.057880184380000026
0.057972350320000025
0.057972350320000025
0.057972350320000025
0.057972350320000025
0.05806451622000003
0.05824884802000002
0.05824884802000002
0.05824884802000002
0.05824884802000002
0.05834101396000002
0.05834101396000002
0.05834101396000002
0.05834101396000002
0.05834101396000002
0.05834101396000002
0.05843317976000002
0.05852534570000002
0.05852534570000002
0.058433179800000026
0.058433179800000026
0.058433179800000026
0.058433179800000026
0.058433179800000026
0.058433179800000026
0.058433179800000026
0.058433179800000026
0.058433179800000026
0.058433179800000026
0.058433179800000026
0.058433179800000026
0.05861751160000002
0.05861751160000002
0.05861751160000002
0.05852534570000002
0.058617511600000026
0.058617511600000026
0.058617511600000026
0.058617511600000026
0.058617511600000026
0.058617511600000026
0.058617511600000026
0.05870967740000003
0.05870967740000003
0.05880184334000003
0.05889400924000003
0.05889400924000003
0.05889400924000003
0.058986175140000034
0.058986175140000034
0.058986175140000034
0.05907834104000004
0.05917050694000003
0.05917050694000003
0.05917050694000003
0.05917050694000003
0.059262672740000036
0.059262672740000036
0.059262672740000036
0.059354838640000025
0.059354838640000025
0.059354838640000025
0.05926267270000003
0.05953917040000002
0.05990783396000003
0.059999999900000024
0.059999999900000024
0.059999999900000024
0.059999999900000024
0.059999999900000024
0.059999999900000024
0.059999999900000024
0.059999999900000024
0.059999999900000024
0.059999999900000024
0.059999999900000024
0.06009216580000003
0.06009216580000003
0.06009216580000003
0.06009216580000003
0.06009216580000003
0.06009216580000003
0.06009216580000003
0.06009216580000003
0.060184331700000024
0.060184331700000024
0.06036866358000004
0.06046082948000003
0.060552995280000035
0.060552995280000035
0.060552995280000035
0.06064516118000003
0.06082949298000004
0.06082949298000004
0.06082949298000004
0.060921658780000026
0.060921658780000026
0.060921658780000026
0.06101382468000002
0.06101382468000002
0.06110599054000002
0.06110599054000002
0.06101382474000002
0.06101382474000002
0.06101382474000002
0.06101382474000002
0.06101382474000002
0.06101382474000002
0.06101382474000002
0.06110599068000002
0.06129032248000002
0.06129032248000002
0.06129032248000002
0.06129032248000002
0.061382488380000017
0.06147465428000001
0.06147465428000001
0.06147465428000001
0.06147465428000001
0.06147465428000001
0.06147465428000001
0.06156682022000001
0.06156682022000001
0.06156682022000001
0.06156682022000001
0.06156682022000001
0.06156682022000001
0.06156682022000001
0.06156682022000001
0.06156682022000001
0.06156682022000001
0.06175115192000002
0.06175115192000002
0.06175115192000002
0.06175115192000002
0.06175115192000002
0.06175115192000002
0.06175115192000002
0.06175115192000002
0.06175115192000002
0.06175115192000002
0.06175115192000002
0.06184331772000002
0.06184331772000002
0.06184331772000002
0.06193548352000002
0.06184331762000002
0.06184331762000002
0.06184331762000002
0.06184331762000002
0.06184331762000002
0.06193548342000002
0.06193548342000002
0.06193548342000002
0.06193548342000002
0.06211981512000003
0.06211981512000003
0.06221198116000005
0.06221198116000005
0.06230414696000004
0.06230414696000004
0.06230414696000004
0.06230414696000004
0.06230414696000004
0.062396312760000044
0.062396312760000044
0.062488478700000044
0.062488478700000044
0.062488478700000044
0.062488478700000044
0.062488478700000044
0.062488478700000044
0.062488478700000044
0.062488478700000044
0.062488478700000044
0.062488478700000044
0.062488478700000044
0.062488478700000044
0.06258064460000004
0.06258064460000004
0.06258064460000004
0.06258064460000004
0.06258064460000004
0.06258064460000004
0.06258064460000004
0.06258064460000004
0.06258064460000004
0.06258064460000004
0.06267281040000004
0.06276497630000004
0.06276497630000004
0.06285714220000004
0.06285714220000004
0.06285714220000004
0.06285714220000004
0.06285714220000004
0.06285714220000004
0.06285714220000004
0.06304147400000003
0.06304147400000003
0.06313363990000004
0.06313363990000004
0.06322580580000003
0.06322580580000003
0.06331797160000004
0.06331797160000004
0.06331797160000004
0.06331797160000004
0.06331797160000004
0.06331797160000004
0.06331797160000004
0.06331797160000004
0.06331797160000004
0.06331797160000004
0.06331797160000004
0.06341013760000004
0.06341013760000004
0.06341013760000004
0.06341013760000004
0.06359446950000004
0.06359446950000004
0.06359446950000004
0.06359446950000004
0.06359446950000004
0.06359446950000004
0.06359446950000004
0.06359446950000004
0.06368663540000004
0.06368663540000004
0.06377880120000005
0.06377880120000005
0.06377880120000005
0.06377880120000005
0.06377880120000005
0.06377880120000005
0.06377880120000005
0.06368663530000004
0.06368663530000004
0.06368663530000004
0.06377880110000005
0.06377880110000005
0.06377880110000005
0.06377880110000005
0.06377880110000005
0.06377880110000005
0.06377880110000005
0.06377880110000005
0.06377880110000005
0.06377880110000005
0.06377880110000005
0.06377880110000005
0.06377880110000005
0.06377880110000005
0.06377880110000005
0.06396313290000005
0.06414746470000005
0.06414746470000005
0.06414746470000005
0.06414746470000005
0.06414746470000005
0.06414746470000005
0.06414746470000005
0.06414746470000005
0.06423963060000004
0.06423963060000004
0.06433179660000005
0.06433179660000005
0.06433179660000005
0.06433179660000005
0.06433179660000005
0.06433179660000005
0.06442396250000003
0.06442396250000003
0.06442396250000003
0.06442396250000003
0.06442396250000003
0.06442396250000003
0.06442396250000003
0.06442396250000003
0.06442396250000003
0.06442396250000003
0.06442396250000003
0.06442396250000003
0.06442396250000003
0.06442396250000003
0.06442396250000003
0.06442396250000003
0.06442396250000003
0.06442396250000003
0.06442396250000003
0.06442396250000003
0.06442396250000003
0.06460829420000003
0.06460829420000003
0.06460829420000003
0.06460829420000003
0.06460829420000003
0.06470046000000003
0.06470046000000003
0.06470046000000003
0.06460829410000003
0.06460829410000003
0.06460829410000003
0.06460829410000003
0.06451612830000003
0.06460829420000003
0.06470046010000004
0.06470046010000004
0.06470046010000004
0.06479262590000003
0.06479262590000003
0.06479262590000003
0.06479262590000003
0.06479262590000003
0.06488479180000004
0.06488479180000004
0.06497695760000004
0.06506912350000003
0.06506912350000003
0.06506912350000003
0.06506912350000003
0.06506912350000003
0.06506912350000003
0.06516128940000003
0.06516128940000003
0.06516128940000003
0.06525345520000003
0.06534562100000003
0.06534562100000003
0.06534562100000003
0.06534562100000003
0.06534562100000003
0.06534562100000003
0.06543778690000003
0.06543778690000003
0.06543778690000003
0.06543778690000003
0.06543778690000003
0.06543778690000003
0.06543778690000003
0.06543778690000003
0.06543778690000003
0.06552995280000001
0.06552995280000001
0.06552995280000001
0.06552995280000001
0.06552995280000001
0.06552995280000001
0.06552995280000001
0.06552995280000001
0.06552995280000001
0.06552995280000001
0.06552995280000001
0.06552995280000001
0.06552995280000001
0.06552995280000001
0.06552995280000001
0.06552995280000001
0.06552995280000001
0.06552995280000001
0.06552995280000001
0.06552995280000001
0.06552995280000001
0.06552995280000001
0.06552995280000001
0.06552995280000001
0.06552995280000001
0.06543778700000003
0.06552995300000003
0.06552995300000003
0.06552995300000003
0.06552995300000003
0.06552995300000003
0.06571428470000003
0.06571428470000003
0.06571428470000003
0.06571428470000003
0.06571428470000003
0.06571428470000003
0.06571428470000003
0.06571428470000003
0.06571428470000003
0.06571428470000003
0.06571428470000003
0.06571428470000003
0.06571428470000003
0.06571428470000003
0.06571428470000003
0.06580645060000002
0.06580645060000002
0.06580645060000002
0.06580645060000002
0.06580645060000002
0.06580645060000002
0.06580645060000002
0.06580645060000002
0.06580645060000002
0.06580645060000002
0.06580645060000002
0.06580645060000002
0.06580645060000002
0.06580645060000002
0.06580645060000002
0.06580645060000002
0.06580645060000002
0.06580645060000002
0.06580645060000002
0.06580645060000002
0.06580645060000002
0.06580645060000002
0.06580645060000002
0.0658986165
0.0658986165
0.0658986165
0.0658986165
0.0658986165
0.0658986165
0.0658986165
0.0658986165
0.0658986165
0.0658986165
0.0658986165
0.0658986165
0.0658986165
0.0658986165
0.0658986165
0.0658986165
0.06580645060000001
0.06580645060000001
0.06580645060000001
0.06571428466000001
0.06562211886000001
0.06562211886000001
0.06562211886000001
0.06562211886000001
0.06562211886000001
0.06571428466000001
0.06562211866
0.06562211866
0.06562211866
0.06562211866
0.06562211866
0.06562211866
0.06562211866
0.06562211866
0.06571428466000001
0.06571428466000001
0.06571428466000001
0.06571428466000001
0.06571428466000001
0.06580645046000001
0.06580645046000001
0.06580645046000001
0.06580645046000001
0.06580645046000001
0.06571428456000002
0.06571428456000002
0.06571428456000002
0.06571428456000002
0.06571428456000002
0.06562211866000002
0.06562211866000002
0.06562211866000002
0.06571428456000002
0.06580645046000001
0.06589861636000002
0.06589861636000002
0.06589861636000002
0.06580645056000002
0.06580645056000002
0.06580645056000002
0.06580645056000002
0.06580645056000002
0.06580645056000002
0.06580645056000002
0.06580645056000002
0.06580645056000002
0.06580645056000002
0.06580645056000002
0.06580645056000002
0.06580645056000002
0.06589861656000001
0.06589861656000001
0.06589861656000001
0.06589861656000001
0.06589861656000001
0.06589861656000001
0.06589861656000001
0.06599078246000001
0.06599078246000001
0.06599078246000001
0.06599078246000001
0.06599078246000001
0.06599078246000001
0.06599078246000001
0.06599078246000001
0.06599078246000001
0.06599078246000001
0.06599078246000001
0.06599078246000001
0.06599078246000001
0.06599078246000001
0.06599078246000001
0.06599078246000001
0.06599078246000001
0.06599078246000001
0.06599078246000001
0.06599078246000001
0.06608294846000001
0.06608294846000001
0.06608294846000001
0.06608294846000001
0.06608294846000001
0.06608294846000001
0.06608294846000001
0.06608294846000001
0.06617511426000001
0.06617511426000001
0.06617511426000001
0.06617511426000001
0.06608294846000001
0.06608294846000001
0.06608294846000001
0.06608294846000001
0.06608294846000001
0.06608294846000001
0.06608294846000001
0.06608294846000001
0.06608294846000001
0.06608294846000001
0.06608294846000001
0.06608294846000001
0.06608294846000001
0.06608294846000001
0.06608294846000001
0.06608294846000001
0.06608294846000001
0.06608294846000001
0.06599078256000002
0.06599078256000002
0.06599078256000002
0.06599078256000002
0.06599078256000002
0.06599078256000002
0.06608294856000002
0.06608294856000002
0.06608294856000002
0.06608294856000002
0.06608294856000002
0.06608294856000002
0.06608294856000002
0.06608294856000002
0.06599078276000002
0.06599078276000002
0.06599078276000002
0.06599078276000002
0.06599078276000002
0.06599078276000002
0.06599078276000002
0.06599078276000002
0.06599078276000002
0.06589861696000002
0.06589861696000002
0.06589861696000002
0.06589861696000002
0.06589861696000002
0.06589861696000002
0.06580645106000002
0.06589861686000002
0.06589861686000002
0.06589861686000002
0.06589861686000002
0.06589861686000002
0.06599078276000002
0.06599078276000002
0.06599078276000002
0.06599078276000002
0.06599078276000002
0.06599078276000002
0.06599078276000002
0.06599078276000002
0.06599078276000002
0.06599078276000002
0.06599078276000002
0.06599078276000002
0.06599078276000002
0.06599078276000002
0.06599078276000002
0.06599078276000002
0.06589861682000002
0.06589861682000002
0.06589861682000002
0.06571428492000002
0.06571428492000002
0.06562211912000002
0.06562211912000002
0.06562211912000002
0.06562211912000002
0.06571428512000002
0.06580645092000002
0.06589861682000002
0.06589861682000002
0.06589861682000002
0.06589861682000002
0.06589861682000002
0.06589861682000002
0.06589861682000002
0.06599078262000002
0.06599078262000002
0.06589861672000003
0.06580645072000003
0.06580645072000003
0.06580645072000003
0.06580645072000003
0.06580645072000003
0.06580645072000003
0.06580645072000003
0.06580645072000003
0.06580645072000003
0.06571428472000003
0.06571428472000003
0.06571428472000003
0.06571428472000003
0.06571428472000003
0.06571428472000003
0.06571428472000003
0.06571428472000003
0.06571428472000003
0.06571428472000003
0.06571428472000003
0.06571428472000003
0.06571428472000003
0.06571428472000003
0.06571428472000003
0.06571428472000003
0.06571428472000003
0.06571428472000003
0.06571428472000003
0.06571428472000003
0.06580645066000003
0.06580645066000003
0.06580645066000003
0.06580645066000003
0.06580645066000003
0.06580645066000003
0.06580645066000003
0.06580645066000003
0.06580645066000003
0.06580645066000003
0.06580645066000003
0.06580645066000003
0.06580645066000003
0.06599078256000002
0.06599078256000002
0.06599078256000002
0.06599078256000002
0.06599078256000002
0.06599078256000002
0.06599078256000002
0.06599078256000002
0.06599078256000002
0.06599078256000002
0.06599078256000002
0.06599078256000002
0.06599078256000002
0.06599078256000002
0.06599078256000002
0.06599078256000002
0.06599078256000002
0.06599078256000002
0.06599078256000002
0.06599078256000002
0.06599078256000002
0.06599078256000002
0.06599078256000002
0.06599078256000002
0.06599078256000002
0.06599078256000002
0.06599078256000002
0.06599078256000002
0.06599078256000002
0.06599078256000002
0.06599078256000002
0.06599078256000002
0.06599078256000002
0.06599078256000002
0.06599078256000002
0.06599078256000002
0.06599078256000002
0.06599078256000002
