0.5246083014
0.5013824957999999
0.47677420020000005
0.44193549120000014
0.39013824999999996
0.36571428880000006
0.3582488524
0.34967742260000007
0.33880184639999994
0.3212903262000002
0.3073732750800001
0.28847926588000006
0.27327189308
0.26119816047999994
0.24884792892000004
0.23741935791999996
0.22663594688
0.21594470223999998
0.20691244416000004
0.20046083104
0.19078341252
0.18396313649999999
0.17898617744000003
0.17400921948000003
0.16866359656000005
0.16405530076000002
0.15963133784
0.15539170714000003
0.15087557836
0.14838709734
0.14506912506
0.14258064522
0.13990783466
0.13769585297999998
0.13557603774
0.13364055426
0.13161290456000002
0.13041474840000003
0.12912442576
0.12764977167999997
0.12654378013999998
0.12423963232
0.12211981643999997
0.12082949363999998
0.11972350323999999
0.11695852599999997
0.11576036974
0.11373271941999999
0.11281105982
0.11096774214000002
0.10986175094000002
0.1090322579
0.10811059954000003
0.10700460930000003
0.10589861854000002
0.10534562262
0.10497695897999999
0.10387096890000004
0.10267281228000004
0.10221198266000003
0.10129032312000003
0.10036866394000002
0.10000000046000002
0.09926267362000005
0.09861751250000003
0.09788018490000003
0.09732718970000002
0.09649769642
0.09612903294000003
0.09566820312000003
0.09493087580000001
0.09373271922000002
0.09290322622000001
0.09271889412000002
0.09207373260000001
0.09170506922000002
0.09161290332000002
0.09041474674000005
0.09013824922000005
0.08930875602000005
0.08894009242000005
0.08838709694000003
0.08783410154000006
0.08718894042000006
0.08682027642000005
0.08645161294000005
0.08617511544000005
0.08589861796000003
0.08543778844000004
0.08506912456000004
0.08470046116000002
0.08423963176000003
0.08396313404000003
0.08377880224000002
0.08331797284000002
0.08276497734000003
0.08230414804000002
0.08184331854000003
0.08147465484000004
0.08101382514000002
0.08073732736000004
0.08027649816000004
0.07981566876000004
0.07944700506000003
0.07889400976000005
0.07843318016000005
0.07797235046000003
0.07788018456000004
0.07732718892000004
0.07714285712000003
0.07686635962000002
0.07631336462000003
0.07622119882000003
0.07612903302000003
0.07585253522000002
0.07557603732000003
0.07511520792000004
0.07465437844000003
0.07465437848000002
0.07419354904000003
0.07382488558000003
0.07354838788000002
0.07327189018000002
0.07290322668000003
0.07235023108000002
0.07216589938000002
0.07198156758000002
0.07115207474000002
0.07078341104000002
0.07041474724000002
0.06995391744000003
0.06940092214000003
0.06903225844000004
0.06884792664000003
0.06875576084000003
0.06847926314000002
0.06774193598000003
0.06755760424000003
0.06746543834000003
0.06700460894000003
0.06663594514000003
0.06645161324000004
0.06608294934000003
0.06580645150000003
0.06534562200000002
0.06470046080000003
0.06451612910000003
0.06396313380000002
0.06368663592000003
0.06322580642000003
0.06331797232000003
0.06331797232000004
0.06285714298000004
0.06239631344000003
0.062119815840000016
0.06202764988000002
0.06184331822000002
0.061566820620000025
0.061382488920000026
0.06129032302000003
0.06119815712000003
0.06129032302000002
0.06119815702000002
0.06101382528000002
0.06073732750000002
0.060276498000000026
0.06009216634000003
0.06000000048000003
0.060000000440000034
0.059631336780000016
0.05953917080000002
0.05935483908000002
0.05917050714000003
0.058894009500000025
0.05852534594000002
0.05852534590000002
0.058156682260000016
0.05769585280000001
0.05751152086000001
0.05686635946000001
0.05677419356000001
0.05658986172
0.05658986172
0.05631336398000001
0.056129032280000005
0.056036866420000005
0.05612903232000001
0.056129032320000015
0.05622119822000002
0.05603686638000001
0.05603686638000001
0.05603686638000001
0.05585253458000002
0.05557603688000001
0.055483871060000016
0.05548387092000001
0.05548387092000001
0.05548387092000001
0.055483870920000025
0.05529953922000003
0.05511520726000002
0.055207373160000024
0.055207373160000024
0.05511520722000003
0.054930875560000036
0.054930875700000034
0.05493087570000003
0.05493087580000003
0.05493087580000003
0.05465437820000002
0.05474654406000003
0.05474654406000002
0.054746544160000014
0.05456221236000001
0.05456221236000001
0.05456221236000001
0.05447004636000001
0.054377880460000014
0.054377880460000014
0.054377880460000014
0.05410138262000001
0.05391705096000001
0.05391705096000002
0.053732719160000025
0.053732719160000025
0.053732719160000025
0.05364055326000003
0.05364055326000003
0.053548387360000026
0.053548387360000026
0.05336405556000002
0.05327188976000001
0.05317972386000002
0.053364055660000013
0.053456221520000013
0.05354838738000001
0.05336405544000001
0.053364055400000006
0.053179723680000006
0.05308755778
0.053087557740000006
0.053179723680000006
0.053087557740000006
0.05317972364000001
0.05317972364000001
0.05308755778000001
0.05299539192000001
0.05299539192000001
0.05281106008000001
0.05244239644000001
0.052258064600000015
0.05216589866000001
0.05216589866000001
0.05216589866000001
0.05216589866000001
0.05207373276000001
0.05179723512000001
0.05207373286000001
0.05198156696000001
0.05198156696000001
0.05198156696000001
0.05179723520000001
0.05161290340000001
0.05142857164000001
0.05142857164000001
0.051244239800000015
0.051244239800000015
0.05115207390000001
0.05124423984000002
0.05124423984000002
0.05124423984000002
0.05124423988000002
0.05124423988000002
0.05124423988000002
0.05115207398000002
0.05105990808000002
0.05096774222000002
0.05096774222000002
0.05087557628000003
0.05078341034000002
0.05078341034000002
0.05078341034000002
0.05078341034000002
0.05078341030000002
0.05069124444000002
0.05069124444000002
0.05078341034000002
0.05069124444000002
0.05069124444000002
0.05059907850000002
0.05059907850000002
0.05059907850000002
0.05059907850000002
0.05059907850000002
0.05059907850000002
0.05059907850000002
0.05059907850000002
0.050506912600000016
0.050506912600000016
0.05059907850000002
0.05050691256000002
0.05050691256000002
0.05050691256000002
0.05050691256000002
0.05050691256000002
0.050414746660000016
0.050414746660000016
0.05032258072000001
0.05032258072000001
0.05041474662000001
0.05041474662000001
0.05041474662000001
0.05041474662000001
0.050138248960000006
0.049953917080000014
0.049953917080000014
0.049953917080000014
0.049953917080000014
0.049953917080000014
0.049953917080000014
0.049953917080000014
0.049861751140000014
0.049953917000000014
0.049953917000000014
0.049953917000000014
0.049953917000000014
0.049953917000000014
0.05013824876000001
0.05013824876000001
0.05013824876000001
0.05013824876000001
0.050230414660000014
0.050230414660000014
0.050230414660000014
0.050230414660000014
0.050230414660000014
0.05013824876000001
0.05013824876000001
0.05013824876000001
0.04995391696000001
0.04995391696000001
0.04995391696000001
0.04995391696000001
0.04995391696000001
0.04995391696000001
0.05004608290000001
0.05004608290000001
0.049953917000000014
0.049953917000000014
0.049953917000000014
0.049953917000000014
0.049953917000000014
0.049861751140000014
0.049861751140000014
0.049861751140000014
0.049861751140000014
0.049861751140000014
0.049861751140000014
0.049861751140000014
0.049861751140000014
0.049861751140000014
0.049861751140000014
0.049861751140000014
0.049861751140000014
0.049861751140000014
0.049861751140000014
0.049861751140000014
0.049953917000000014
0.049953917000000014
0.050046082860000014
0.050138248800000014
0.050138248800000014
0.050138248800000014
0.050046082940000014
0.050046082940000014
0.050046082940000014
0.050046082940000014
0.050046082940000014
0.050046082940000014
0.050046082940000014
0.050046082940000014
0.050138248880000014
0.050138248880000014
0.04995391704000001
0.04995391704000001
0.04995391704000001
0.04995391704000001
0.04995391704000001
0.04995391704000001
0.04995391704000001
0.04995391704000001
0.04986175118000001
0.04986175118000001
0.04986175118000001
0.04986175118000001
0.04986175118000001
0.049861751220000014
0.04976958528000001
0.04976958528000001
0.04976958528000001
0.04976958528000001
0.04976958528000001
0.04976958528000001
0.04976958528000001
0.04976958528000001
0.04976958528000001
0.04976958528000001
0.04976958528000001
0.04976958528000001
0.04976958528000001
0.04976958528000001
0.04976958528000001
0.04976958528000001
0.04976958528000001
0.04976958528000001
0.04967741942000001
0.049861751220000014
0.049953917080000014
0.049953917080000014
0.049953917080000014
0.049953917080000014
0.050046083020000014
0.050046083020000014
0.050046083020000014
0.050046083020000014
0.04995391712000001
0.04995391712000001
0.04995391712000001
0.04995391712000001
0.04995391712000001
0.04995391712000001
0.04995391712000001
0.050046083020000014
0.050046083020000014
0.049953917160000014
0.049953917160000014
0.05004608310000002
0.05004608310000002
0.05013824896000002
0.05004608310000002
0.05004608310000002
0.05004608310000002
0.05004608310000002
0.05013824896000002
0.05013824896000002
0.05013824896000002
0.05013824896000002
0.05013824896000002
0.05013824896000002
0.05013824896000002
0.05013824896000002
0.05013824896000002
0.05013824896000002
0.05013824896000002
0.05013824896000002
0.05013824896000002
0.05013824896000002
0.05023041486000001
0.05023041486000001
0.05023041486000001
0.05023041486000001
0.05023041486000001
0.05032258076000001
0.05032258076000001
0.05032258076000001
0.050414746660000016
0.050414746660000016
0.050414746660000016
0.050414746660000016
0.050414746660000016
0.05050691256000001
0.05041474670000001
0.05041474670000001
0.05041474670000001
0.05041474670000001
0.05041474670000001
0.05050691264000001
0.05050691264000001
0.05050691264000001
0.05050691264000001
0.05050691264000001
0.05069124452000001
0.05069124452000001
0.050783410420000015
0.050783410420000015
0.050783410420000015
0.050783410420000015
0.050783410420000015
0.050783410420000015
0.050783410420000015
0.050783410420000015
0.05078341034000002
0.05087557624000001
0.05087557624000001
0.05087557624000001
0.05087557624000001
0.05087557624000001
0.05087557624000001
0.05078341030000002
0.05078341034000001
0.05078341034000001
0.05078341034000001
0.05078341034000001
0.05078341034000001
0.05078341034000001
0.05087557620000001
0.05087557620000001
0.05096774206000001
0.05096774206000001
0.05105990796000001
0.05105990796000001
0.05105990796000001
0.050967742060000015
0.050967742060000015
0.050875576160000026
0.050875576160000026
0.050875576160000026
0.050967742060000015
0.050967742060000015
0.051059907920000015
0.051059907920000015
0.051152073780000015
0.051152073780000015
0.051244239640000015
0.051244239640000015
0.051244239640000015
0.051244239640000015
0.051336405500000015
0.051336405500000015
0.051336405500000015
0.051520737340000025
0.051520737340000025
0.051520737340000025
0.051520737340000025
0.051520737340000025
0.051520737340000025
0.051520737340000025
0.051520737340000025
0.051520737340000025
0.051520737340000025
0.051612903200000025
0.051612903200000025
0.051612903200000025
0.051612903200000025
0.051705069140000025
0.051705069140000025
0.05161290324000002
0.05161290324000002
0.05161290324000002
0.05161290324000002
0.05170506910000002
0.05170506910000002
0.05170506910000002
0.05170506910000002
0.05170506910000002
0.05170506910000002
0.05170506910000002
0.05170506910000002
0.05170506910000002
0.05161290316000002
0.05179723504000003
0.05179723504000003
0.05179723504000003
0.05179723504000003
0.05179723504000003
0.05179723504000003
0.05179723504000003
0.05179723504000003
0.05179723504000003
0.05179723504000003
0.05179723504000003
0.05188940090000003
0.05198156684000002
0.05198156684000002
0.05198156684000002
0.05198156684000002
0.05198156684000002
0.05198156684000002
0.05198156684000002
0.05198156684000002
0.05207373264000003
0.05207373264000003
0.05207373264000003
0.05207373264000003
0.05216589854000003
0.052073732600000026
0.051981566740000026
0.051981566740000026
0.051981566740000026
0.051981566740000026
0.05207373268000002
0.05207373268000002
0.05207373268000002
0.05207373268000002
0.05207373268000002
0.05207373268000002
0.05198156682000002
0.05198156682000002
0.05198156682000002
0.05198156682000002
0.05198156682000002
0.05198156682000002
0.05198156682000002
0.05198156682000002
0.05198156682000002
0.05207373268000002
0.05207373268000002
0.05207373268000002
0.052165898620000026
0.052165898620000026
0.052165898620000026
0.052165898620000026
0.05225806452000003
0.05235023042000003
0.05235023042000003
0.05235023042000003
0.05235023042000003
0.05235023042000003
0.05235023042000003
0.05235023042000003
0.05235023042000003
0.05235023042000003
0.05235023042000003
0.05235023042000003
0.05235023042000003
0.05235023042000003
0.05235023042000003
0.05235023042000003
0.05235023042000003
0.05235023042000003
0.05244239636000003
0.05244239636000003
0.05244239636000003
0.052626728120000035
0.052626728120000035
0.052718894060000035
0.052718894060000035
0.052718894060000035
0.052718894060000035
0.052718894060000035
0.052811059920000035
0.052811059920000035
0.052903225820000024
0.052903225820000024
0.052903225820000024
0.052903225820000024
0.052903225820000024
0.052903225820000024
0.052903225820000024
0.052903225820000024
0.05299539172000003
0.05299539172000003
0.05308755758000003
0.05317972352000003
0.05308755758000003
0.05308755758000003
0.053179723480000024
0.053179723480000024
0.053179723480000024
0.053179723480000024
0.053179723480000024
0.053179723480000024
0.053179723480000024
0.053179723480000024
0.053271889340000024
0.053271889340000024
0.053271889340000024
0.053271889340000024
0.053271889340000024
0.053271889340000024
0.053271889340000024
0.053271889340000024
0.053271889340000024
0.05336405524000003
0.05336405524000003
0.05336405524000003
0.05354838708000002
0.05354838708000002
0.05354838708000002
0.05354838708000002
0.05354838708000002
0.05354838708000002
0.05354838708000002
0.05354838708000002
0.05354838708000002
0.05354838708000002
0.05354838708000002
0.05354838708000002
0.05354838708000002
0.05354838708000002
0.05364055302000002
0.05364055302000002
0.05364055302000002
0.05364055302000002
0.05364055302000002
0.05364055302000002
0.05364055302000002
0.05364055302000002
0.05364055302000002
0.05364055302000002
0.05364055302000002
0.05364055302000002
0.05364055302000002
0.05364055302000002
0.05364055302000002
0.05364055302000002
0.05364055302000002
0.05364055302000002
0.05364055302000002
0.05373271896000003
0.05373271896000003
0.05373271896000003
0.05373271896000003
0.05373271896000003
0.05373271896000003
0.05373271896000003
0.05373271896000003
0.05373271896000003
0.05382488482000003
0.053732718920000026
0.053732718920000026
0.053732718920000026
0.053824884860000026
0.053824884860000026
0.053824884860000026
0.053824884860000026
0.053732718920000026
0.05382488482000003
0.05382488482000003
0.05382488482000003
0.05382488482000003
0.05382488482000003
0.05382488482000003
0.05382488482000003
0.05382488482000003
0.05382488482000003
0.05391705076000003
0.05391705076000003
0.05391705076000003
0.05391705076000003
0.05391705076000003
0.05391705076000003
0.05391705076000003
0.05400921666000003
0.05400921666000003
0.05400921666000003
0.05400921666000003
0.05400921666000003
0.05400921666000003
0.05400921666000003
0.054101382600000025
0.054101382600000025
0.05419354840000002
0.05419354840000002
0.05419354840000002
0.05419354840000002
0.05419354840000002
0.05419354840000002
0.05419354840000002
0.05428571434000002
0.05428571434000002
0.05428571434000002
0.05428571434000002
0.05428571434000002
0.05437788024000002
0.05437788024000002
0.05437788024000002
0.05437788024000002
0.05437788024000002
0.05437788024000002
0.05437788024000002
0.05437788024000002
0.05437788024000002
0.05437788024000002
0.05447004610000002
0.05447004610000002
0.05447004610000002
0.05456221200000002
0.05456221200000002
0.05456221200000002
0.05456221200000002
0.05456221200000002
0.05456221200000002
0.05456221200000002
0.05456221200000002
0.05456221200000002
0.05456221200000002
0.05456221200000002
0.05456221200000002
0.05456221200000002
0.05456221200000002
0.05456221200000002
0.05456221200000002
0.05456221200000002
0.05456221200000002
0.05456221200000002
0.05456221200000002
0.05456221200000002
0.054470046100000016
0.05447004602000002
0.05447004602000002
0.05447004602000002
0.05447004602000002
0.05447004602000002
0.05447004602000002
0.05447004602000002
0.05447004602000002
0.05447004602000002
0.05456221182000002
0.054654377760000025
0.054654377760000025
0.054654377760000025
0.054654377760000025
0.054654377760000025
0.054654377760000025
0.054654377760000025
0.054746543700000025
0.054746543700000025
0.054654377760000025
0.054654377760000025
0.054654377760000025
0.054654377760000025
0.054654377760000025
0.054746543700000025
0.054746543700000025
0.054746543700000025
0.05483870964000003
0.05483870964000003
0.05483870964000003
0.05493087554000002
0.05493087554000002
0.05493087554000002
0.05493087554000002
0.05493087554000002
0.05493087554000002
0.05493087554000002
0.05493087554000002
0.05502304140000002
0.05502304140000002
0.05502304140000002
0.05511520734000002
0.055207373240000024
0.055207373240000024
0.055207373240000024
0.055207373240000024
0.055207373240000024
0.055207373240000024
0.055207373240000024
0.055207373240000024
0.055207373240000024
0.055207373240000024
0.055207373240000024
0.05502304148000003
0.055115207380000024
0.055115207380000024
0.055115207380000024
0.055115207380000024
0.055115207380000024
0.055115207380000024
0.055115207380000024
0.055115207380000024
0.055115207380000024
0.055115207380000024
0.055115207380000024
0.055115207380000024
0.055115207380000024
0.055115207380000024
0.055115207380000024
0.055115207380000024
0.055115207380000024
0.05520737332000003
0.05520737332000003
0.05520737332000003
0.05520737332000003
0.05520737332000003
0.05520737332000003
0.05520737332000003
0.05520737332000003
0.05520737332000003
0.05520737332000003
0.05529953918000003
0.05529953918000003
0.05529953918000003
0.05529953918000003
0.05529953918000003
0.05529953918000003
0.05539170512000004
0.05539170512000004
0.05539170512000004
0.05539170512000004
0.05539170512000004
0.05529953926000004
0.05529953926000004
0.05529953926000004
0.05529953926000004
0.05529953926000004
0.05529953926000004
0.05529953926000004
0.055391705160000033
0.055391705160000033
0.055391705160000033
0.055391705160000033
0.055391705160000033
0.055668202900000026
0.05576036880000003
0.05576036880000003
0.05576036880000003
0.05576036880000003
0.05585253466000003
0.05585253466000003
0.055944700560000026
0.055944700560000026
0.055944700560000026
0.055944700560000026
0.05603686646000003
0.05603686646000003
0.05603686646000003
0.05603686646000003
0.05603686646000003
0.05603686646000003
0.05603686646000003
0.05603686646000003
0.05603686646000003
0.056129032360000025
0.056129032360000025
0.056129032360000025
0.056129032360000025
0.056129032360000025
0.056129032360000025
0.056129032360000025
0.056129032360000025
0.056129032360000025
0.056129032360000025
0.056129032360000025
0.056129032360000025
0.056129032360000025
0.056129032360000025
0.056129032360000025
0.056129032360000025
0.05622119826000003
0.05622119826000003
0.05622119826000003
0.05622119826000003
0.05622119826000003
0.05622119826000003
0.05622119826000003
0.05622119826000003
0.05622119826000003
0.05622119826000003
0.05622119826000003
0.05622119826000003
0.05622119826000003
0.05622119826000003
0.05622119826000003
0.05631336412000003
0.05631336412000003
0.05631336412000003
0.056405530020000025
0.056405530020000025
0.056405530020000025
0.056405530020000025
0.056405530020000025
0.056405530020000025
0.05649769592000002
0.05649769592000002
0.05649769592000002
0.05649769592000002
0.05649769592000002
0.05649769592000002
0.05649769592000002
0.056589861860000014
0.056589861860000014
0.056589861860000014
0.056589861860000014
0.05668202776000002
0.05668202776000002
0.05668202776000002
0.05677419362000002
0.05677419362000002
0.05677419362000002
0.05677419362000002
0.05677419362000002
0.05677419362000002
0.05677419362000002
0.05677419362000002
0.05677419362000002
0.05677419362000002
0.05677419362000002
0.05677419362000002
0.05677419362000002
0.05677419362000002
0.05677419362000002
0.05677419362000002
0.05677419362000002
0.05677419362000002
0.05677419362000002
0.05677419362000002
0.05686635952000002
0.05695852546000002
0.05695852546000002
0.05695852546000002
