0.5129032314
0.37290322779999996
0.30847926548
0.25142857159999993
0.1967741952
0.16958525588
0.14930875628000004
0.14027649847999998
0.1323502315
0.12783410196000003
0.12460829658000001
0.12129032372
0.11861751269999997
0.1163133655
0.1132718909
0.11152073790000001
0.10976958642000004
0.10894009300000004
0.10792626790000005
0.10626728118000005
0.10396313334000001
0.10230414826000005
0.10092166112000006
0.09898617710000006
0.09769585372000003
0.09640553104000003
0.09520737382000002
0.09419354880000003
0.09317972414000003
0.09152073818000002
0.08995391806000003
0.08875576140000004
0.08792626830000005
0.08746543868000003
0.08626728178000001
0.08543778858
0.08470046158000001
0.08359447083999999
0.0827649777
0.0820276507
0.08110599162000001
0.07944700552000002
0.07778801912000001
0.07695852642
0.07594470142000001
0.0754838719
0.07447004742
0.07410138392
0.07354838842000001
0.07290322692000002
0.07216589988000001
0.07142857252000001
0.07087557692
0.07032258158000002
0.06976958598000002
0.06857142932000002
0.06801843398000001
0.06764977026
0.06718894086
0.06663594526000001
0.06617511592
0.06562212052000002
0.06506912504000004
0.06442396360000002
0.06414746586000003
0.06331797232000004
0.06285714298000003
0.06230414764000002
0.06165898658000001
0.061290322940000024
0.06101382514000003
0.06073732748000004
0.06009216624000002
0.059631336840000014
0.05926267324000003
0.05880184384000001
0.05852534618000001
0.05834101434000001
0.05797235064000002
0.05778801898000001
0.05778801884000001
0.05760368700000001
0.057235023260000004
0.05705069136
0.056866359660000004
0.056682028
0.05649769602
0.05658986192
0.05658986186000001
0.056497696060000005
0.056682027860000005
0.05612903246
0.05566820292000001
0.05548387118
0.055391705220000004
0.05539170518000001
0.05483870972
0.05465437798
0.05465437798
0.05483870982000001
0.054838709860000015
0.05493087576000002
0.05483870982000002
0.054930875760000004
0.054746544000000015
0.05419354846000001
0.05391705086000001
0.053732719120000015
0.05354838732000002
0.05317972376000001
0.052903226020000006
0.05299539180000001
0.05317972356
0.053179723660000004
0.05299539190000001
0.052995391900000015
0.05317972370000001
0.05290322596000001
0.05271889412000001
0.05253456240000001
0.05253456236000001
0.052626728260000005
0.05253456236000001
0.05235023046
0.052165898620000005
0.05188940088
0.05170506918
0.05161290328
0.05161290328
0.05133640562
0.05142857160000001
0.05115207386000001
0.051059907960000005
0.051059907960000005
0.051059907880000005
0.051059907880000005
0.051059907880000005
0.05115207378
0.05115207378
0.050967742020000005
0.050967742020000005
0.050967742020000005
0.050967742020000005
0.05096774198
0.05096774198
0.05087557604000001
0.05087557604000001
0.0509677419
0.0509677419
0.0509677419
0.0509677419
0.0509677419
0.05087557604000001
0.05078341010000001
0.050875576040000016
0.05078341014000001
0.050783410180000016
0.050783410180000016
0.05069124428000001
0.05069124428000001
0.05069124428000001
0.05069124428000001
0.05059907830000001
0.05059907830000001
0.05059907830000001
0.05069124416000001
0.050599078260000006
0.05059907822000001
0.05059907822000001
0.05059907822000001
0.05069124416000001
0.05069124416000001
0.050691244120000006
0.05059907814
0.05041474638000001
0.05013824864000001
0.05013824864000001
0.0500460827
0.0500460827
0.04995391684
0.04995391684
0.04986175090000001
0.04995391680000001
0.04995391680000001
0.04995391680000001
0.04995391680000001
0.04986175094000001
0.04995391684
0.05004608278000001
0.05004608278000001
0.05004608278000001
0.05013824872000001
0.05013824872000001
0.05013824872000001
0.05013824872000001
0.05004608278000001
0.049861751020000004
0.049861751020000004
0.049861751020000004
0.049861751020000004
0.049953916960000004
0.049953916960000004
0.049861751100000004
0.049861751180000004
0.049953917040000004
0.049953917040000004
0.0498617511
0.0498617511
0.049953917040000004
0.049769585240000004
0.049677419380000004
0.049677419380000004
0.049677419380000004
0.049677419380000004
0.049677419380000004
0.049769585240000004
0.049769585240000004
0.049769585240000004
0.049769585240000004
0.049769585240000004
0.049861751180000004
0.049861751180000004
0.049677419300000004
0.049677419300000004
0.049677419300000004
0.049677419300000004
0.0497695852
0.0497695852
0.04967741934
0.04967741934
0.04967741934
0.04967741934
0.04967741934
0.049769585240000004
0.049769585240000004
0.049769585240000004
0.049769585240000004
0.049769585240000004
0.049769585240000004
0.049769585240000004
0.049769585240000004
0.049769585240000004
0.0497695852
0.04986175106
0.04986175106
0.04986175106
0.04986175106
0.04986175106
0.04967741934
0.04967741934
0.04967741934
0.04967741934
0.04967741934
0.04967741934
0.04967741934
0.049769585240000004
0.049677419380000004
0.049677419380000004
0.04958525348
0.04958525348
0.04958525348
0.04967741942
0.04976958536000001
0.04976958536000001
0.05004608302
0.05013824892
0.05013824892
0.05013824892
0.05013824892
0.05013824892
0.05004608306
0.05004608306
0.05004608306
0.0499539172
0.050046083100000006
0.050046083100000006
0.05013824900000001
0.050322580800000016
0.050322580800000016
0.050322580800000016
0.050414746660000016
0.050414746660000016
0.050414746660000016
0.050414746660000016
0.050414746660000016
0.050414746660000016
0.050414746660000016
0.050414746660000016
0.050414746660000016
0.05050691256000001
0.05050691256000001
0.05050691256000001
0.05050691256000001
0.05050691256000001
0.05069124428000001
0.05069124428000001
0.05069124428000001
0.05078341014000001
0.05078341014000001
0.05078341014000001
0.05078341014000001
0.05078341014000001
0.05087557608000002
0.05096774194000002
0.05115207374000001
0.051520737160000024
0.051520737160000024
0.051520737160000024
0.051520737160000024
0.051520737160000024
0.05161290302000002
0.05170506896000002
0.05170506896000002
0.05170506896000002
0.05170506900000001
0.05188940072000001
0.05188940072000001
0.051981566620000016
0.05216589842000001
0.052258064360000016
0.05235023026000001
0.05235023026000001
0.05235023026000001
0.05235023026000001
0.05235023026000001
0.05235023026000001
0.05235023026000001
0.05235023026000001
0.05235023026000001
0.05225806440000001
0.05225806440000001
0.052350230300000015
0.052350230300000015
0.052350230300000015
0.052350230300000015
0.052350230300000015
0.052350230300000015
0.052350230300000015
0.052350230300000015
0.05253456206000002
0.052534562100000015
0.052534562100000015
0.052718893860000005
0.052718893860000005
0.052718893860000005
0.05281105980000001
0.05281105980000001
0.05281105980000001
0.05281105980000001
0.05290322574000001
0.05290322574000001
0.05290322574000001
0.05290322574000001
0.052995391640000014
0.052995391640000014
0.052995391640000014
0.052995391640000014
0.052995391640000014
0.052995391640000014
0.05308755754000001
0.05308755754000001
0.05308755754000001
0.05317972348
0.05317972348
0.05317972348
0.05317972348
0.05317972348
0.05317972348
0.05317972348
0.05317972348
0.05317972348
0.05317972348
0.05317972348
0.05308755754000001
0.05299539168000001
0.05290322574000001
0.05290322574000001
0.05290322574000001
0.05290322574000001
0.05290322574000001
0.05290322574000001
0.05290322574000001
0.05290322574000001
0.05290322574000001
0.05290322574000001
0.05290322574000001
0.052811059840000014
0.052811059840000014
0.052903225700000014
0.052903225700000014
0.052995391560000014
0.052995391560000014
0.052995391560000014
0.052995391560000014
0.053087557500000014
0.053087557500000014
0.052995391560000014
0.05290322562000002
0.05290322562000002
0.05290322562000002
0.05290322562000002
0.05290322562000002
0.05290322562000002
0.05290322562000002
0.05290322562000002
0.052995391480000015
0.053087557420000014
0.053179723360000014
0.05327188926000002
0.05327188926000002
0.05327188926000002
0.05327188926000002
0.05336405512000002
0.05345622106000001
0.05345622106000001
0.053456221100000006
0.053456221100000006
0.053456221100000006
0.05354838700000001
0.05354838700000001
0.053640552900000006
0.053640552900000006
0.053640552900000006
0.05382488466000001
0.05382488466000001
0.05382488466000001
0.05382488466000001
0.05382488466000001
0.053917050600000016
0.053917050600000016
0.05400921654000001
0.05400921654000001
0.05400921654000001
0.054193548420000015
0.054193548420000015
0.054193548420000015
0.054193548420000015
0.054285714280000015
0.054285714280000015
0.054285714280000015
0.05437788018000002
0.05437788018000002
0.05437788018000002
0.05447004612000002
0.05447004612000002
0.05447004612000002
0.05447004612000002
0.05447004612000002
0.05447004612000002
0.05456221206000001
0.05456221206000001
0.05456221206000001
0.054654377960000014
0.054654377960000014
0.05474654386000002
0.05474654386000002
0.05474654386000002
0.05483870980000002
0.05483870980000002
0.05483870980000002
0.05483870980000002
0.05483870980000002
0.05483870980000002
0.05483870980000002
0.05483870980000002
0.05483870980000002
0.05493087570000002
0.05493087570000002
0.05502304156000002
0.05502304156000002
0.05511520750000001
0.05511520750000001
0.05511520750000001
0.05511520750000001
0.05511520750000001
0.05511520750000001
0.05511520750000001
0.05520737336000001
0.05520737336000001
0.05529953930000002
0.05539170524000002
0.05539170524000002
0.05539170524000002
0.05539170524000002
0.05529953930000002
0.05529953930000002
0.05548387118000002
0.05557603708000002
0.05557603708000002
0.05557603708000002
0.05557603708000002
0.05557603708000002
0.05576036888000003
0.05576036888000003
0.05576036888000003
0.05576036888000003
0.05576036888000003
0.05576036888000003
0.05576036888000003
0.05576036888000003
0.05576036888000003
0.05576036888000003
0.05594470068000002
0.05594470068000002
0.05594470068000002
0.056036866580000025
0.05612903256000003
0.05612903256000003
0.05612903256000003
0.05612903256000003
0.05622119850000003
0.05622119850000003
0.05622119850000003
0.05622119850000003
0.05622119850000003
0.05622119850000003
0.05640553030000002
0.05640553030000002
0.05640553030000002
0.05640553030000002
0.05640553030000002
0.05640553030000002
0.05649769620000002
0.05649769620000002
0.05649769620000002
0.05649769620000002
0.05658986210000002
0.056774193900000026
0.05695852574000002
0.05695852574000002
0.05695852574000002
0.05695852574000002
0.05695852574000002
0.05695852574000002
0.05695852574000002
0.05695852574000002
0.05695852574000002
0.05695852574000002
0.05695852574000002
0.05695852574000002
0.05695852574000002
0.05695852574000002
0.05695852574000002
0.057050691640000026
0.05714285754000003
0.057235023440000025
0.057235023440000025
0.057235023440000025
0.057327189380000025
0.057327189380000025
0.057327189380000025
0.057327189380000025
0.057327189380000025
0.057327189380000025
0.057327189380000025
0.057327189380000025
0.057327189380000025
0.057327189380000025
0.057327189380000025
0.057327189380000025
0.05741935528000003
0.05741935528000003
0.05741935528000003
0.05751152118000002
0.05751152118000002
0.05760368718000002
0.05760368718000002
0.05769585312000002
0.05769585312000002
0.05769585312000002
0.05769585312000002
0.05769585312000002
0.05769585312000002
0.05769585312000002
0.05769585312000002
0.05778801902000001
0.05778801902000001
0.05778801902000001
0.05778801902000001
0.05778801902000001
0.05778801902000001
0.05778801902000001
0.05778801902000001
0.05788018496000002
0.057972350860000015
0.05815668256000002
0.05815668256000002
0.05815668256000002
0.05815668256000002
0.05815668256000002
0.05824884846000002
0.05824884846000002
0.058341014360000026
0.058433180300000026
0.058433180300000026
0.058433180300000026
0.058433180300000026
0.058433180300000026
0.05852534620000003
0.05852534620000003
0.05852534620000003
0.05861751210000002
0.05861751210000002
0.05861751210000002
0.05861751210000002
0.05861751210000002
0.05861751210000002
0.05861751210000002
0.05861751210000002
0.05861751210000002
0.05861751210000002
0.05861751210000002
0.05861751210000002
0.05861751210000002
0.05861751210000002
0.05861751210000002
0.05861751210000002
0.05861751210000002
0.05861751210000002
0.05861751210000002
0.05861751210000002
0.058709678000000015
0.058709678000000015
0.058709678000000015
0.058709678000000015
0.058709678000000015
0.058801843860000015
0.05889400976000001
0.05889400976000001
0.05889400976000001
0.05889400976000001
0.05889400976000001
0.05889400976000001
0.05889400976000001
0.058986175660000015
0.058986175660000015
0.058986175660000015
0.058986175660000015
0.058986175660000015
0.058986175660000015
0.058986175660000015
0.058986175660000015
0.058986175660000015
0.058986175660000015
0.058986175660000015
0.058986175660000015
0.05907834146000002
0.05907834146000002
0.05907834146000002
0.05907834146000002
0.05907834146000002
0.05907834146000002
0.05907834146000002
0.05907834146000002
0.05907834146000002
0.05907834146000002
0.05907834146000002
0.05926267326000002
0.05926267326000002
0.05926267326000002
0.05926267326000002
0.05926267326000002
0.05926267326000002
0.05926267326000002
0.05926267326000002
0.059354839060000025
0.059354839060000025
0.059354839060000025
0.059354839060000025
0.059354839060000025
0.059354839060000025
0.059354839060000025
0.059354839060000025
0.059354839060000025
0.059354839060000025
0.059354839060000025
0.059354839060000025
0.059354839060000025
0.059354839060000025
0.05944700496000003
0.05944700496000003
0.05944700496000003
0.05944700496000003
0.05944700496000003
0.05944700496000003
0.059354839060000025
0.059354839060000025
0.059354839060000025
0.059354839060000025
0.059354839060000025
0.059354839060000025
0.059354839060000025
0.059354839060000025
0.059354839060000025
0.059354839060000025
0.059354839060000025
0.059354839060000025
0.059354839060000025
0.059354839060000025
0.059354839060000025
0.059354839060000025
0.05944700506000003
0.05944700506000003
0.05953917100000003
0.05953917100000003
0.05953917100000003
0.05953917100000003
0.05953917100000003
0.05953917100000003
0.05963133690000002
0.05963133690000002
0.059723502800000015
0.059723502800000015
0.059723502800000015
0.059723502800000015
0.059723502800000015
0.059723502800000015
0.059723502800000015
0.059723502800000015
0.059723502800000015
0.059723502800000015
0.059723502800000015
0.059723502800000015
0.059723502800000015
0.059723502800000015
0.059723502800000015
0.059723502800000015
0.059723502800000015
0.05981566870000002
0.05981566870000002
0.05981566870000002
0.05981566870000002
0.05981566870000002
0.05981566870000002
0.05981566870000002
0.05981566870000002
0.05981566870000002
0.05981566870000002
0.05981566870000002
0.05981566870000002
0.05981566870000002
0.05981566870000002
0.05981566870000002
0.05981566870000002
0.05981566870000002
0.05981566870000002
0.05981566870000002
0.05981566870000002
0.05981566870000002
0.059907834640000025
0.059907834640000025
0.059907834640000025
0.059907834640000025
0.059907834640000025
0.059907834640000025
0.059907834640000025
0.059907834640000025
0.059907834640000025
0.059907834640000025
0.059907834640000025
0.059907834640000025
0.059907834640000025
0.059907834640000025
0.059907834640000025
0.059907834640000025
0.06000000044000002
0.06000000044000002
0.06000000044000002
0.06000000044000002
0.06000000044000002
0.06000000044000002
0.06000000044000002
0.06000000044000002
0.06009216644000002
0.06009216644000002
0.06009216644000002
0.06009216644000002
0.06009216644000002
0.06009216644000002
0.06018433234000002
0.06018433234000002
0.06018433234000002
0.06018433234000002
0.06018433234000002
0.06018433234000002
0.06018433234000002
0.06018433234000002
0.06018433234000002
0.06018433234000002
0.06027649814000003
0.06027649814000003
0.06027649814000003
0.06027649814000003
0.06027649814000003
0.06027649814000003
0.06027649814000003
0.06027649814000003
0.06027649814000003
0.060368664040000033
0.060368664040000033
0.060368664040000033
0.060368664040000033
0.060368664040000033
0.060368664040000033
0.060368664040000033
0.060368664040000033
0.06046082998000004
0.06046082998000004
0.060645161720000035
0.060645161720000035
0.060645161720000035
0.060645161720000035
0.060645161720000035
0.060645161720000035
0.060645161720000035
0.060645161720000035
0.060645161720000035
0.060645161720000035
0.060645161720000035
0.060645161720000035
0.060645161720000035
0.060645161720000035
0.060645161720000035
0.060645161720000035
0.060645161720000035
0.06073732762000004
0.06073732762000004
0.06073732762000004
0.06073732762000004
0.06073732762000004
0.06082949352000004
0.06082949352000004
0.06082949352000004
0.06082949352000004
0.06082949352000004
0.06082949352000004
0.06082949352000004
0.06082949352000004
0.06082949352000004
0.06082949352000004
0.06082949352000004
0.06082949352000004
0.06082949352000004
0.06082949352000004
0.06092165932000005
0.06092165932000005
0.061013825220000054
0.061013825220000054
0.06110599112000004
0.06110599112000004
0.06110599112000004
0.06110599112000004
0.06110599112000004
0.06110599112000004
0.06110599112000004
0.06110599112000004
0.06110599112000004
0.06119815698000004
0.06119815698000004
0.06119815698000004
0.06119815698000004
0.06119815698000004
0.06119815698000004
0.06129032288000004
0.06129032288000004
0.06129032288000004
0.06129032288000004
0.06129032288000004
0.06129032288000004
0.06129032288000004
0.06129032288000004
0.06129032288000004
0.06129032288000004
0.06129032288000004
0.06129032288000004
0.06129032288000004
0.06129032288000004
0.06129032288000004
0.06138248868000004
0.06138248868000004
0.06147465458000004
0.06147465458000004
0.061566820480000034
0.061566820480000034
0.061566820480000034
0.061566820480000034
0.061566820480000034
0.061566820480000034
0.061566820480000034
0.061566820480000034
0.061566820480000034
0.061566820480000034
0.06165898638000002
0.06165898638000002
0.06165898638000002
0.06165898638000002
0.06165898638000002
0.06165898638000002
0.06165898638000002
0.06175115228000003
0.06175115228000003
0.06175115228000003
0.06175115228000003
0.06175115228000003
0.06175115228000003
0.06175115228000003
0.06175115228000003
0.06175115228000003
0.06175115228000003
0.06175115228000003
0.06184331818000002
0.06184331818000002
0.06184331818000002
0.06184331818000002
0.06184331818000002
0.06193548412000002
0.06193548412000002
0.06193548412000002
0.06193548412000002
0.06202765002000002
0.06202765002000002
0.06202765002000002
0.06202765002000002
0.06202765002000002
0.06202765002000002
0.06202765002000002
0.06202765002000002
0.06193548422000002
0.06193548422000002
0.06193548422000002
0.06193548422000002
0.06202765022000002
0.06202765022000002
0.06202765022000002
0.06202765022000002
0.06202765022000002
0.06202765022000002
0.06202765022000002
0.06202765022000002
0.06202765022000002
0.062119816120000025
0.06202765022000003
0.06202765022000003
0.06202765022000003
0.06202765022000003
0.06202765022000003
0.06202765022000003
0.06202765022000003
0.062119816120000025
0.062119816120000025
0.062119816120000025
0.062119816120000025
0.062119816120000025
0.062119816120000025
0.062119816120000025
0.062119816120000025
0.062119816120000025
0.062119816120000025
0.062119816120000025
0.062119816120000025
0.062119816120000025
0.062119816120000025
0.062119816120000025
0.062119816120000025
0.062119816120000025
0.062119816120000025
0.062119816120000025
0.062119816120000025
0.062119816120000025
0.062119816120000025
0.062119816120000025
0.062119816120000025
0.062119816120000025
0.062119816120000025
0.062119816120000025
0.062119816120000025
0.062119816120000025
0.062119816120000025
0.062119816120000025
0.06221198192000003
0.06230414782000002
0.06230414782000002
0.06230414782000002
0.06230414782000002
0.062396313620000025
0.062396313620000025
0.062396313620000025
0.062396313620000025
0.062396313620000025
0.06230414762000002
0.06230414762000002
0.06230414762000002
0.06230414762000002
0.06239631356000002
0.06239631356000002
0.06239631356000002
0.06239631356000002
0.06239631356000002
0.06248847936000002
0.06248847936000002
0.06248847936000002
