0.5749308822
0.5178801916
0.47714286120000016
0.43069124999999997
0.41179724092000003
0.3929953968000002
0.3798156722000002
0.36755761000000015
0.3561290361200002
0.34175115724000016
0.33235023696000016
0.32497696388000014
0.3161290375600001
0.3064516181000001
0.29133640888
0.280000005
0.27170507460000004
0.2670046127200001
0.2589861782800001
0.2510599126400001
0.24580645607999993
0.2395391748
0.23253456656000007
0.22838710058
0.2227649809
0.21852534890000008
0.21465438156000005
0.21152074018000008
0.20921659312000007
0.20783410354000004
0.20552995654000003
0.20368663852000002
0.20276497874000005
0.20046082986000005
0.19852534639999997
0.19723502231999995
0.1935483875
0.18875576071999994
0.18258064599999999
0.17880184429999996
0.17428571593999995
0.16903225983999995
0.16672811201999999
0.16350230682
0.16101382682000004
0.15778802036
0.15400921826
0.15059907986
0.14737327286
0.14451613016
0.14165898793999998
0.13944700591999998
0.13834101541999996
0.13760368832
0.13705069312
0.13631336552
0.13585253614000004
0.13520737460000004
0.13456221296000004
0.13400921786
0.13345622226
0.13308755851999998
0.13253456252
0.13179723552
0.13105990860000002
0.1307834108
0.13032258128000002
0.13013824944000002
0.12921659094000001
0.12783410238000004
0.12718894104000003
0.12645161362000001
0.12497695964000002
0.12387096892
0.12294930962
0.12239631408000001
0.12147465506000002
0.12110599146
0.120645162
0.12027649841999999
0.11990783488
0.11944700572
0.11898617608
0.11880184431999999
0.11834101484
0.11788018513999997
0.1175115215
0.11751152174000001
0.11705069238000002
0.11677419454
0.11668202867999998
0.11649769687999997
0.11622119927999998
0.11566820383999998
0.11529954013999998
0.11520737423999998
0.11456221304
0.11437788074
0.11373271959999999
0.11336405640000001
0.1122580651
0.11179723594000002
0.11096774284000002
0.11013824960000002
0.10875576118000002
0.10801843388000001
0.10783410198000003
0.10746543844000002
0.10691244314000001
0.10645161356000003
0.10645161356000003
0.10617511586000003
0.10608294996000003
0.10599078416000003
0.10589861830000002
0.10580645240000001
0.10562212074000002
0.10580645254
0.10552995476000002
0.10543778886
0.10525345702000001
0.10525345702000001
0.10534562296000001
0.10525345706000001
0.1051612912
0.10506912534000001
0.10506912534000001
0.10497695948
0.10497695948
0.10497695948
0.10488479354000001
0.1049769594
0.10506912534
0.10497695947999999
0.10488479358
0.10479262768
0.10488479354
0.1047926276
0.10451612989999999
0.10442396391999999
0.10451612982
0.10442396395999999
0.10442396388000001
0.10451612974000002
0.10470046158
0.10479262752
0.10488479342
0.10479262756
0.10479262756
0.10479262756
0.10479262756
0.10479262756
0.10479262756
0.10488479346
0.10479262752
0.10479262752
0.10479262752
0.10479262752
0.10488479342
0.10479262756
0.10497695936
0.10497695936
0.10497695936
0.10497695936000001
0.10506912522000002
0.10506912522000002
0.10497695936000001
0.10488479346
0.10488479346
0.10497695932000001
0.10497695932000001
0.10497695932000001
0.10497695932000001
0.10497695932000001
0.10497695932000001
0.10506912522
0.10516129112
0.10516129112
0.10525345698
0.10525345698
0.10534562288000002
0.10543778882000002
0.10543778882000002
0.10534562296000002
0.10534562296000002
0.10534562296000002
0.10534562296000002
0.10534562296000002
0.10525345706000001
0.10534562300000001
0.10534562300000001
0.10534562300000001
0.10552995476000002
0.10562212062000002
0.10562212058000002
0.10562212058000002
0.10552995468000002
0.10543778878000003
0.10552995468000002
0.10562212062000002
0.10562212062000002
0.10571428652000003
0.10580645242000003
0.10580645256
0.10589861846000001
0.10589861846000001
0.10599078440000001
0.10599078440000001
0.10608295034000001
0.10617511624000002
0.10617511624000002
0.10617511624000002
0.10617511614
0.10617511610000001
0.10608295016000001
0.10608295016000001
0.10608295016000001
0.10608295016000001
0.10608295016000001
0.10608295016000001
0.10608295016000001
0.10608295016000001
0.10608295016000001
0.10608295016000001
0.10608295016000001
0.10608295016000001
0.10608295016000001
0.1059907843
0.10608295024
0.10599078438
0.10608295027999999
0.10608295027999999
0.10617511618
0.10617511618
0.10626728212
0.10626728212
0.10635944798000001
0.10654377982
0.10654377978000001
0.10663594564000001
0.10663594564000001
0.10663594564000001
0.10663594564000001
0.10663594564000001
0.10663594550000001
0.10663594550000001
0.10663594550000001
0.10663594550000001
0.10663594550000001
0.1067281111
0.10682027699999999
0.1069124428
0.1069124428
0.10682027694
0.10682027694
0.10682027694
0.10663594534
0.10663594534
0.10663594534
0.10663594534
0.10672811123999999
0.10682027713999999
0.10691244304
0.10682027704
0.10700460888
0.10700460848
0.10709677434000002
0.10691244324000003
0.10691244324000003
0.10691244280000001
0.10682027660000001
0.10645161356
0.10608294956000001
0.10580645196
0.10534562236000002
0.10479262726000002
0.10433179766000002
0.10350230446000001
0.10304147486000001
0.10193548426000001
0.10110599114000003
0.10036866396000002
0.10009216626000002
0.09981566856000003
0.09981566848000002
0.09972350254000002
0.09972350254000002
0.09972350254000002
0.09981566840000002
0.09981566840000002
0.09981566840000002
0.09990783434000003
0.09990783434000003
0.09990783434000003
0.09990783434000003
0.10000000020000002
0.10000000020000002
0.1000921661
0.100184332
0.100184332
0.10027649790000001
0.1004608297
0.10055299564
0.10046082978000001
0.10055299572000001
0.10055299572000001
0.10064516162
0.10064516162
0.10082949322000001
0.10092165908000002
0.10092165908000002
0.10092165908000002
0.10101382494000002
0.10101382494000002
0.10101382494000002
0.10110599088000002
0.10110599088000002
0.10110599088000002
0.10110599088000002
0.10119815682000002
0.10119815682000002
0.10119815682000002
0.10119815682000002
0.10138248866000002
0.10147465446000002
0.10147465446000002
0.10147465446000002
0.10147465446000002
0.10147465446000002
0.10156682040000002
0.10156682040000002
0.10156682044000002
0.10156682044000002
0.10165898638000004
0.10165898638000004
0.10165898638000004
0.10165898638000004
0.10175115228000003
0.10175115228000003
0.10175115228000003
0.10175115228000003
0.10202764998000002
0.10202764998000002
0.10202764998000002
0.10211981588000002
0.10211981588000002
0.10221198168000001
0.10221198168000001
0.10230414758000002
0.10239631352000002
0.10230414762000002
0.10239631352000002
0.10239631352000002
0.10239631352000002
0.10239631352000002
0.10239631352000002
0.10239631352000002
0.10248847946000002
0.10248847946000002
0.10248847946000002
0.10248847946000002
0.10248847946000002
0.10258064536000001
0.10258064536000001
0.10267281126
0.10267281126
0.10267281126
0.10267281126
0.1027649772
0.1027649772
0.1027649772
0.10285714309999999
0.102949309
0.102949309
0.102949309
0.102949309
0.1030414749
0.1030414749
0.1030414749
0.1030414749
0.1030414749
0.1030414749
0.10313364075999999
0.10331797270000001
0.10331797270000001
0.10331797270000001
0.10341013856
0.10350230446000001
0.10350230446000001
0.10350230446000001
0.10350230446000001
0.10350230446000001
0.10350230446000001
0.10350230446000001
0.10350230446000001
0.10350230446000001
0.10359447036000001
0.10359447036000001
0.10368663626
0.10368663626
0.10368663626
0.10368663630000001
0.10387096809999999
0.10387096809999999
0.10387096859999997
0.10396313449999997
0.10396313449999997
0.10396313449999997
0.10396313449999997
0.10396313449999997
0.10396313449999997
0.10405530039999998
0.10405530039999998
0.10405530039999998
0.10405530039999998
0.10405530039999998
0.10405530039999998
0.10423963216000001
0.1043317981
0.104423964
0.1045161294
0.10470046120000001
0.10470046120000001
0.10470046120000001
0.10470046120000001
0.10470046120000001
0.10470046120000001
0.10488479300000002
0.10506912476000002
0.10506912476000002
0.10506912476000002
0.10506912476000002
0.10516129066000002
0.10516129066000002
0.10516129066000002
0.10525345656000003
0.10525345656000003
0.10516129056000002
0.10525345646000002
0.10534562226000002
0.10534562226000002
0.10525345666000002
0.10525345666000002
0.10534562256
0.10534562256
0.10534562256
0.10534562256
0.10534562256
0.10534562256
0.10543778836
0.10543778815999999
0.10543778815999999
0.10552995409999999
0.10580645190000001
0.10580645190000001
0.10580645190000001
0.10589861750000003
0.10589861750000003
0.1059907834
0.1059907834
0.1059907834
0.1059907837
0.1059907837
0.1059907837
0.1059907837
0.1058064517
0.1058064517
0.1057142855
0.10562212030000001
0.1055299543
0.1055299543
0.1055299538
0.10552995414000002
0.10552995394000002
0.10525345654000003
0.10506912434000001
0.10479262674000003
0.10433179694000001
0.10341013794000002
0.10313364054000004
0.10239631354000003
0.10055299542000004
0.09981566824000003
0.09953917054000003
0.09953917054000003
0.09935483870000004
0.09935483870000004
0.09935483870000004
0.09935483870000004
0.09935483870000004
0.09944700430000003
0.09944700430000003
0.09944700430000003
0.09944700430000003
0.09944700430000003
0.09953916990000003
0.09953916990000003
0.09953916990000003
0.09953916990000003
0.09953916990000003
0.09963133590000002
0.09972350180000003
0.09972350180000003
0.09963133594000004
0.09963133594000004
0.09972350184000003
0.09972350184000003
0.09972350184000003
0.09981566778000003
0.09981566778000003
0.09981566778000003
0.09981566778000003
0.09981566778000003
0.09981566778000003
0.09990783368000003
0.09990783368000003
0.09990783368000003
0.09990783368000003
0.10009216538000003
0.10009216538000003
0.10009216538000003
0.10009216538000003
0.10009216538000003
0.10018433128000001
0.10018433128000001
0.10027649718000001
0.10027649718000001
0.10027649718000001
0.10027649718000001
0.10027649718000001
0.10027649718000001
0.10027649718000001
0.10027649718000001
0.10027649718000001
0.10027649718000001
0.10027649718000001
0.10027649718000001
0.10036866278000002
0.10036866278000002
0.10046082868
0.10046082868
0.10046082868
0.10046082868
0.10046082868
0.10046082868
0.10046082868
0.10046082868
0.10046082868
0.10046082868
0.10046082868
0.10046082868
0.10046082868
0.10046082868
0.10046082868
0.10055299468000001
0.10064516058
0.10064516058
0.10064516058
0.10064516058
0.10064516058
0.10046082938000002
0.10046082938000002
0.10046082938000002
0.10046082938000002
0.10055299531999999
0.10055299531999999
0.10046082812
0.10046082902
0.10055299492000001
0.10055299492000001
0.10055299492000001
0.10055299492000001
0.10046082992000001
0.10046082992000001
0.10046082992000001
0.10046082992000001
0.10046082992000001
0.10046082992000001
0.10055299582
0.10055299582
0.10055299582
0.10055299582
0.10055299582
0.10046082862
0.10036866382
0.10036866382
0.10036866382
0.10055299452
0.10055299452
0.10055299562
0.10027649722
0.10027649722
0.10027649722
0.10036866312
0.10027649792
0.10027649792
0.10027649792
0.10018433112
0.09999999992000001
0.09999999986000001
0.09999999986000001
0.10009216586000001
0.09981566845999999
0.09981566845999999
0.09963133586
0.09953916966000001
0.09926267246
0.09898617486000001
0.09898617456
0.09889400915999999
0.09834101356
0.09797235036
0.09714285696000001
0.09668202756
0.09594470036000001
0.09474654356000001
0.09364055296
0.09244239616
0.09179723488000001
0.09133640536
0.09105990776
0.09087557586
0.09087557586
0.09087557586
0.09078340995999999
0.09087557586
0.09069124406000002
0.09059907816000001
0.09059907816000001
0.09050691216000001
0.09041474616
0.09041474616
0.09041474616
0.09041474586000002
0.09032257996
0.09041474586000002
0.09041474586000002
0.09041474586000002
0.09041474586000002
0.09041474586000002
0.09041474586000002
0.09050691176
0.09050691176
0.09032258066000001
0.09032258066000001
0.09032258066000001
0.09032258066000001
0.09032258066000001
0.09041474586000002
0.09041474586000002
0.09059907766000003
0.09050691172000003
0.09050691172000003
0.09050691172000003
0.09059907762000002
0.09059907762000002
0.09059907762000002
0.09050691176
0.09041474656000002
0.09050691242000002
0.09050691242000002
0.09041474642000001
0.09041474642000001
0.09041474642000001
0.09041474642000001
0.09032258002000003
0.09032258002000003
0.09032258002000003
0.09032258002000003
0.09023041412000002
0.09023041452000001
0.09023041452000001
0.09013824852
0.09023041452000001
0.09023041452000001
0.09013824852
0.09004608252
0.09004608252000003
0.08995391652000002
0.09004608312000002
0.08995391712000002
0.08976958492000003
0.08940092132000002
0.08866359452000003
0.08764976932000003
0.08709677372000003
0.08654377892000004
0.08589861732000002
0.08460829472000003
0.08433179712000002
0.08396313332000004
0.08359446938000004
0.08359446932000003
0.08368663518000002
0.08368663518000002
0.08368663578000003
0.08350230338000003
0.08304147438000004
0.08285714208000002
0.08239631288000002
0.08193548308000002
0.08092165848000002
0.07990783372000002
0.07926267232000002
0.07815668152000002
0.07778801792000002
0.07741935432000002
0.07714285658000003
0.07723502252000002
0.07723502248000001
0.07723502248000001
0.07723502248000001
0.07723502248000001
0.07732718838000001
0.07732718838000001
0.07732718838000001
0.07732718838000001
0.07732718838000001
0.07732718838000001
0.07732718838000001
0.07732718838000001
0.07732718838000001
0.07732718838000001
0.07732718838000001
0.07732718838000001
0.07732718838000001
0.07741935418000001
0.07741935418000001
0.07751152008000002
0.07751152008000002
0.07751152008000002
0.07751152008000002
0.07751152008000002
0.07751152008000002
0.07751152008000002
0.07751152008000002
0.07751152008000002
0.07751152008000002
0.07751152008000002
0.07751152008000002
0.07751152008000002
0.07751152008000002
0.07751152008000002
0.07751152008000002
0.07751152008000002
0.07751152008000002
0.07751152008000002
0.07751152008000002
0.07760368608000003
0.07760368608000003
0.07760368608000003
0.07760368608000003
0.07760368608000003
0.07751152022000002
0.07760368612000003
0.07760368612000003
0.07760368612000003
0.07760368612000003
0.07760368612000003
0.07760368612000003
0.07760368612000003
0.07760368612000003
0.07760368612000003
0.07760368612000003
0.07760368612000003
0.07760368612000003
0.07769585202000001
0.07769585202000001
0.07788018362000003
0.07788018362000003
0.07788018362000003
0.07788018362000003
0.07788018362000003
0.07788018362000003
0.07788018362000003
0.07788018362000003
0.07788018362000003
0.07788018362000003
0.07788018362000003
0.07788018362000003
0.07788018362000003
0.07788018362000003
0.07788018362000003
0.07797234952000003
0.07797234952000003
0.07797234952000003
0.07797234952000003
0.07797234952000003
0.07797234952000003
0.07797234952000003
0.07797234942000003
0.07797234942000003
0.07797234942000003
0.07806451542000004
0.07806451542000004
0.07806451542000004
0.07806451542000004
0.07815668132000003
0.07815668132000003
0.07815668132000003
0.07824884718000004
0.07824884718000004
0.07824884718000004
0.07824884718000004
0.07824884718000004
0.07824884718000004
0.07824884718000004
0.07824884718000004
0.07824884718000004
0.07824884718000004
0.07815668118000003
0.07815668118000003
0.07815668118000003
0.07815668118000003
0.07815668118000003
0.07815668118000003
0.07815668118000003
0.07815668118000003
0.07815668118000003
0.07815668118000003
0.07815668118000003
0.07806451518000003
0.07806451518000003
0.07806451518000003
0.07806451518000003
0.07806451518000003
0.07806451518000003
0.07806451518000003
0.07806451518000003
0.07797234918000003
0.07797234918000003
0.07788018358000003
0.07778801758000004
0.07778801758000004
0.07788018338000004
0.07797234924000003
0.07797234924000003
0.07797234924000003
0.07797234924000003
0.07797234924000003
0.07797234924000003
0.07797234924000003
0.07797234924000003
0.07797234924000003
0.07806451518000003
0.07806451518000003
0.07806451518000003
0.07806451518000003
0.07806451518000003
0.07806451518000003
0.07806451518000003
0.07806451518000003
0.07797234918000003
0.07797234918000003
0.07788018328000003
0.07788018328000003
0.07788018328000003
0.07788018328000003
0.07788018328000003
0.07797234908000003
0.07797234908000003
0.07797234908000003
0.07797234908000003
0.07806451502000003
0.07806451502000003
0.07806451502000003
0.07806451502000003
0.07806451502000003
0.07806451502000003
0.07806451502000003
0.07806451502000003
0.07806451502000003
0.07806451502000003
0.07797234882000002
0.07797234882000002
0.07797234882000002
0.07797234882000002
0.07797234882000002
0.07788018362000003
0.07778801772000003
0.07778801772000003
0.07778801772000003
0.07778801772000003
0.07778801772000003
0.07778801772000003
0.07769585172000003
0.07769585172000003
0.07760368532000003
0.07760368532000003
0.07760368532000003
0.07760368532000003
0.07760368532000003
0.07760368532000003
0.07751151972000003
0.07751151972000003
0.07723502172000003
0.07677419252000003
0.07658986052000002
0.07612903132000003
0.07594469912000003
0.07520737222000004
0.07456221102000003
0.07345622002000003
0.07253456110000003
0.07161290202000004
0.07124423848000004
0.07133640442000004
0.07124423848000004
0.07115207262000003
0.07105990672000004
0.07115207258000003
0.07115207258000003
0.07115207258000003
0.07115207258000003
0.07115207258000003
0.07115207258000003
0.07105990672000004
0.07105990672000004
0.07105990672000004
0.07115207262000003
0.07115207262000003
0.07115207262000003
0.07115207262000003
0.07115207262000003
0.07115207262000003
0.07115207262000003
0.07115207262000003
0.07115207262000003
0.07115207262000003
0.07115207262000003
0.07124423856000003
0.07124423856000003
0.07124423856000003
0.07124423856000003
0.07124423856000003
0.07124423856000003
0.07124423856000003
0.07124423856000003
0.07124423856000003
0.07124423856000003
0.07124423856000003
0.07124423856000003
0.07124423856000003
0.07124423856000003
0.07124423856000003
0.07124423856000003
0.07133640456000004
0.07133640456000004
0.07133640456000004
0.07133640456000004
0.07133640456000004
0.07133640456000004
0.07133640456000004
0.07133640456000004
0.07133640456000004
0.07133640456000004
0.07133640456000004
0.07133640456000004
0.07133640456000004
0.07133640456000004
0.07133640456000004
0.07133640456000004
0.07133640456000004
0.07133640456000004
0.07133640456000004
0.07133640456000004
0.07133640456000004
0.07142857042000003
0.07142857042000003
0.07142857042000003
0.07142857042000003
0.07142857042000003
0.07133640452000004
0.07133640452000004
0.07133640452000004
0.07133640452000004
0.07133640452000004
0.07133640452000004
0.07133640452000004
0.07133640452000004
0.07133640452000004
0.07133640452000004
0.07133640452000004
0.07133640452000004
0.07133640452000004
0.07133640452000004
0.07133640452000004
0.07142857052000004
0.07142857052000004
0.07142857052000004
0.07142857052000004
0.07142857052000004
0.07142857052000004
0.07142857052000004
0.07142857052000004
0.07142857052000004
0.07133640466000003
0.07124423876000004
0.07124423876000004
0.07124423876000004
0.07124423876000004
