0.5203686681999999
0.35364055320000004
0.28811060031999997
0.22009216652
0.16940092240000001
0.14516129228000002
0.13290322666000004
0.12442396414000002
0.11861751207999997
0.11493087714
0.11133640686
0.10847926394
0.10571428632
0.1039631341
0.10138248894000002
0.09917050746000002
0.09760368689999999
0.09529953958000002
0.09410138248000001
0.09299539166000002
0.0907834103
0.08940092192
0.08728110674
0.08617511554
0.08470046144000001
0.08341013888000003
0.08175115288000001
0.08036866428000002
0.0788018439
0.07741935509999999
0.07658986190000001
0.07557603730000002
0.07447004630000004
0.07354838742000003
0.07262672842000002
0.07152073772000003
0.07069124462000001
0.06976958582000002
0.06875576078000002
0.06792626768000001
0.06654377914000002
0.06589861810000001
0.06525345700000003
0.06451612976000004
0.06405530030000003
0.06304147534000003
0.06221198210000003
0.06184331830000001
0.06110599102000002
0.06055299578000001
0.06000000042000002
0.059631336920000014
0.059539170880000006
0.05880184364000002
0.05834101398000002
0.057603686900000006
0.05732718920000001
0.05705069150000001
0.05668202778000001
0.05640553016000002
0.05603686662
0.05576036880000001
0.05520737366000002
0.05493087592000002
0.05493087596000002
0.05493087596000002
0.05493087596000002
0.054654378160000024
0.054285714480000025
0.05400921664000002
0.05410138250000002
0.05437788028000003
0.05391705082000001
0.05373271888000002
0.05345622136000002
0.053456221400000024
0.053732719040000015
0.05354838724000002
0.05354838716000002
0.05345622136000002
0.053087557780000016
0.05290322590000002
0.05271889410000002
0.052442396500000016
0.052258064620000017
0.051889400940000024
0.05170506918000002
0.05170506918000002
0.05152073726000002
0.05179723492000002
0.05170506898000002
0.05161290304000001
0.05142857132000001
0.05161290312000002
0.05161290312000002
0.05161290312000002
0.05161290312000002
0.051705069060000025
0.05161290316000002
0.05170506910000002
0.05161290316000002
0.05179723492000002
0.05161290312000002
0.05170506902000002
0.05170506902000002
0.05170506902000002
0.051520737220000015
0.051520737220000015
0.05142857132000001
0.05152073726000001
0.051612903160000015
0.051520737220000015
0.051428571360000015
0.05115207370000001
0.05115207370000001
0.05115207370000001
0.05124423960000001
0.05115207370000001
0.05124423956000001
0.05115207366000002
0.05105990780000002
0.05105990780000002
0.050967741900000016
0.050967741900000016
0.050967741900000016
0.05087557600000002
0.05078341006000001
0.05078341006000001
0.05078341006000001
0.05078341006000001
0.050691244120000006
0.050783410060000006
0.050691244200000006
0.050691244200000006
0.050691244200000006
0.05050691244000001
0.05059907830000001
0.05050691244000001
0.05050691244000001
0.05050691244000001
0.05059907830000001
0.05050691252000001
0.050506912600000016
0.050414746660000016
0.05050691256000002
0.05050691256000002
0.05050691256000002
0.05050691256000002
0.05050691252000003
0.05050691252000003
0.05050691252000003
0.05050691252000003
0.05050691252000003
0.05059907838000002
0.05069124428000002
0.05078341018000002
0.05078341018000002
0.05078341018000002
0.05078341018000002
0.05087557612000002
0.05087557612000002
0.05096774198000002
0.05087557608000002
0.05087557608000002
0.05087557608000002
0.05078341018000002
0.05078341018000002
0.05078341018000002
0.05078341018000002
0.05087557608000002
0.05087557608000002
0.050967742020000026
0.050967742020000026
0.050967742020000026
0.050967742020000026
0.05087557608000002
0.05096774198000002
0.05096774198000002
0.05096774198000002
0.05105990788000001
0.05115207382000001
0.05124423968000001
0.051428571560000025
0.05133640562000002
0.05133640562000002
0.05133640562000002
0.05161290322000002
0.05161290322000002
0.05161290322000002
0.05170506912000002
0.05170506912000002
0.05161290326000002
0.05161290326000002
0.051428571460000023
0.051428571460000023
0.051428571460000023
0.05133640552000002
0.05142857142000002
0.05133640556000002
0.05152073740000002
0.05161290326000002
0.051705069260000014
0.051889401060000014
0.051889401060000014
0.051889401060000014
0.052073732780000014
0.052073732780000014
0.052073732780000014
0.052073732780000014
0.05235023048000001
0.05225806454000002
0.05216589868000002
0.05216589868000002
0.052350230440000006
0.052350230440000006
0.052350230440000006
0.052350230440000006
0.052350230440000006
0.052350230440000006
0.052258064500000014
0.052258064500000014
0.052258064500000014
0.052350230360000014
0.052258064500000014
0.052258064500000014
0.052258064500000014
0.052258064500000014
0.052350230440000006
0.052350230440000006
0.05244239634000001
0.05253456220000001
0.052626728100000006
0.052626728100000006
0.05271889390000001
0.05281105980000001
0.05281105980000001
0.05290322560000002
0.05290322560000002
0.05290322560000002
0.05290322560000002
0.05290322560000002
0.05299539146000001
0.05299539146000001
0.05299539146000001
0.05290322552000002
0.05299539146000001
0.05308755732000001
0.05308755732000001
0.05317972326000001
0.05327188912000001
0.05327188912000001
0.053456220960000016
0.053364055100000016
0.053456220960000016
0.053456220960000016
0.053456220960000016
0.05354838686000002
0.05354838686000002
0.05373271874000002
0.05373271874000002
0.05373271874000002
0.05373271874000002
0.05373271874000002
0.05400921638000002
0.05400921638000002
0.05400921638000002
0.05410138228000003
0.05410138228000003
0.05410138228000003
0.05410138228000003
0.05419354814000003
0.05437787998000003
0.05447004588000003
0.05447004588000003
0.05447004588000003
0.054746543540000026
0.054746543540000026
0.054838709480000025
0.054838709480000025
0.054838709480000025
0.054838709480000025
0.054838709480000025
0.054838709480000025
0.054838709480000025
0.05493087542000003
0.05493087542000003
0.05493087542000003
0.05502304136000003
0.05511520726000002
0.05520737320000002
0.055299539100000024
0.05539170510000003
0.05539170510000003
0.05539170510000003
0.05539170510000003
0.05539170510000003
0.05557603686000003
0.05557603686000003
0.05557603686000003
0.05557603686000003
0.05557603686000003
0.055760368660000025
0.055760368660000025
0.055760368660000025
0.055760368660000025
0.055760368660000025
0.055760368660000025
0.05585253460000003
0.05594470050000003
0.05594470050000003
0.05603686636000002
0.05603686636000002
0.05603686636000002
0.05603686636000002
0.05594470042000002
0.05594470042000002
0.05594470042000002
0.05594470042000002
0.05594470042000002
0.05594470042000002
0.05594470042000002
0.05594470042000002
0.05585253442000002
0.05594470036000002
0.05603686630000003
0.05603686630000003
0.05612903224000003
0.05612903224000003
0.05622119818000002
0.05631336412000002
0.05631336412000002
0.05631336412000002
0.05631336412000002
0.05640552992000002
0.05640552992000002
0.05640552992000002
0.05649769586000002
0.05649769586000002
0.056589861660000025
0.05668202756000002
0.056774193460000025
0.056774193460000025
0.056774193460000025
0.056774193460000025
0.05695852526000003
0.05705069112000003
0.05705069112000003
0.05705069112000003
0.05705069112000003
0.05705069112000003
0.05705069112000003
0.05705069112000003
0.05705069112000003
0.05705069112000003
0.057142857060000024
0.05723502296000003
0.05723502296000003
0.05723502296000003
0.05723502296000003
0.05723502296000003
0.05723502296000003
0.05723502296000003
0.05723502296000003
0.05714285706000004
0.05714285706000004
0.05714285706000004
0.05714285706000004
0.05723502292000004
0.05723502292000004
0.05723502292000004
0.05723502292000004
0.05723502292000004
0.05723502292000004
0.057419354620000036
0.057511520520000026
0.057695852360000036
0.057695852360000036
0.057788018300000035
0.057880184240000035
0.057972350140000024
0.057972350140000024
0.057972350140000024
0.057972350140000024
0.05815668184000002
0.05815668184000002
0.05815668184000002
0.05815668184000002
0.05815668184000002
0.058341013680000026
0.058341013680000026
0.058341013680000026
0.058341013680000026
0.05843317958000003
0.05843317958000003
0.05843317958000003
0.05852534548000002
0.058617511420000025
0.058617511420000025
0.058617511420000025
0.058617511420000025
0.058617511420000025
0.058617511420000025
0.058617511420000025
0.058617511420000025
0.058617511420000025
0.058617511420000025
0.058617511420000025
0.058617511420000025
0.058617511420000025
0.058617511420000025
0.058617511420000025
0.058617511420000025
0.058709677360000025
0.05880184326000003
0.05880184326000003
0.05880184326000003
0.05889400906000003
0.05880184316000003
0.05880184316000003
0.05880184316000003
0.058709677220000034
0.05880184316000004
0.05880184316000004
0.05880184316000004
0.05880184316000004
0.05880184316000004
0.05880184316000004
0.05880184316000004
0.05889400906000003
0.05898617496000003
0.05917050676000003
0.05917050676000003
0.05917050676000003
0.05917050676000003
0.059078340860000036
0.059078340860000036
0.059078340860000036
0.05917050676000004
0.05917050676000004
0.05917050676000004
0.05917050676000004
0.05917050676000004
0.05917050676000004
0.05917050676000004
0.05926267262000004
0.05926267262000004
0.05926267262000004
0.05926267262000004
0.05935483852000004
0.05935483852000004
0.05935483852000004
0.05935483852000004
0.05935483852000004
0.05935483852000004
0.05935483852000004
0.05935483852000004
0.05935483852000004
0.05935483852000004
0.05935483852000004
0.05935483852000004
0.05935483852000004
0.05935483852000004
0.05935483852000004
0.05935483852000004
0.05935483852000004
0.05935483852000004
0.05935483852000004
0.05935483852000004
0.05944700442000004
0.05944700442000004
0.05944700442000004
0.05944700442000004
0.05944700442000004
0.05944700442000004
0.05944700442000004
0.05944700442000004
0.05944700442000004
0.05944700442000004
0.05944700442000004
0.05944700442000004
0.05944700442000004
0.05953917032000003
0.05953917032000003
0.05953917032000003
0.05953917032000003
0.05944700442000004
0.05944700442000004
0.05944700442000004
0.05944700442000004
0.059539170360000046
0.059539170360000046
0.059539170360000046
0.059539170360000046
0.059631336260000035
0.059631336260000035
0.059631336260000035
0.059631336260000035
0.059631336260000035
0.059631336260000035
0.059631336260000035
0.059631336260000035
0.059631336260000035
0.059723502200000035
0.059723502200000035
0.05981566810000004
0.05981566810000004
0.05981566810000004
0.05981566810000004
0.05981566810000004
0.05981566810000004
0.05981566810000004
0.05990783400000004
0.05990783400000004
0.05990783400000004
0.05990783400000004
0.05990783400000004
0.059999999900000045
0.059999999900000045
0.059999999900000045
0.06009216580000005
0.060184331700000045
0.060184331700000045
0.060184331700000045
0.060184331700000045
0.06027649760000005
0.06027649760000005
0.06027649760000005
0.06046082936000005
0.06046082936000005
0.06055299526000004
0.06055299526000004
0.06055299526000004
0.06055299526000004
0.06064516116000004
0.06073732706000003
0.06073732706000003
0.06073732706000003
0.06073732706000003
0.06082949296000002
0.06082949296000002
0.06082949296000002
0.06082949296000002
0.06082949296000002
0.06082949296000002
0.06082949296000002
0.06082949296000002
0.06082949296000002
0.06092165896000003
0.06092165896000003
0.06092165896000003
0.06092165896000003
0.06092165896000003
0.06101382496000003
0.061105990860000035
0.061198156760000025
0.061198156760000025
0.061198156760000025
0.06129032266000003
0.06129032266000003
0.06129032266000003
0.06138248860000003
0.061474654500000024
0.061566820300000026
0.061566820300000026
0.061566820300000026
0.061566820300000026
0.061566820300000026
0.061566820300000026
0.061566820300000026
0.061566820300000026
0.061566820300000026
0.061566820300000026
0.061566820300000026
0.061566820300000026
0.061566820300000026
0.061566820300000026
0.061566820300000026
0.061566820300000026
0.061566820300000026
0.061566820300000026
0.061566820300000026
0.061566820300000026
0.061566820300000026
0.061566820300000026
0.061566820300000026
0.061658986200000016
0.061658986200000016
0.061658986200000016
0.061658986200000016
0.061658986200000016
0.061658986200000016
0.06175115200000001
0.06175115200000001
0.06175115200000001
0.06175115200000001
0.06175115200000001
0.06175115200000001
0.06175115200000001
0.06175115200000001
0.06175115200000001
0.06175115200000001
0.061843317800000006
0.061843317800000006
0.061843317800000006
0.061843317800000006
0.061843317800000006
0.061843317800000006
0.061843317800000006
0.061843317800000006
0.06193548370000001
0.06193548370000001
0.06193548370000001
0.06193548370000001
0.06193548370000001
0.06193548370000001
0.06193548370000001
0.06193548370000001
0.06193548370000001
0.06193548370000001
0.06202764960000001
0.06193548370000001
0.06193548370000001
0.06202764960000001
0.06211981540000001
0.062211981300000004
0.062211981300000004
0.06230414720000001
0.06230414720000001
0.06230414720000001
0.06230414720000001
0.06239631310000001
0.06239631310000001
0.06239631310000001
0.06239631310000001
0.06239631310000001
0.06239631310000001
0.06239631310000001
0.06239631310000001
0.06239631310000001
0.06239631310000001
0.06239631310000001
0.06239631310000001
0.06239631310000001
0.06248847900000001
0.06248847900000001
0.06248847900000001
0.06248847900000001
0.06267281070000003
0.06267281070000003
0.06267281070000003
0.06267281070000003
0.06276497660000001
0.06276497660000001
0.06276497660000001
0.06276497660000001
0.06276497660000001
0.06276497660000001
0.06276497660000001
0.06276497660000001
0.06276497660000001
0.06276497660000001
0.06276497660000001
0.06276497660000001
0.06285714240000001
0.06285714240000001
0.06285714240000001
0.06285714240000001
0.06285714240000001
0.06285714240000001
0.06285714240000001
0.06285714240000001
0.06285714240000001
0.06285714240000001
0.06285714240000001
0.06285714240000001
0.06285714240000001
0.06285714240000001
0.06285714240000001
0.06285714240000001
0.06285714240000001
0.06285714240000001
0.06285714240000001
0.06285714240000001
0.06285714240000001
0.06285714240000001
0.06285714240000001
0.06285714240000001
0.06294930820000003
0.06285714220000002
0.06294930810000002
0.06294930810000002
0.06294930810000002
0.06304147390000002
0.06304147390000002
0.06304147390000002
0.06304147390000002
0.06304147390000002
0.06313363970000002
0.06313363970000002
0.06304147390000002
0.06313363990000002
0.06322580570000003
0.06322580570000003
0.06322580570000003
0.06322580570000003
0.06331797160000004
0.06331797160000004
0.06331797160000004
0.06341013750000003
0.06341013750000003
0.06341013750000003
0.06341013750000003
0.06341013750000003
0.06359446940000003
0.06359446940000003
0.06359446940000003
0.06368663530000003
0.06368663530000003
0.06368663530000003
0.06377880110000005
0.06377880110000005
0.06377880110000005
0.06377880110000005
0.06377880110000005
0.06377880110000005
0.06377880110000005
0.06377880110000005
0.06377880110000005
0.06387096700000003
0.06387096700000003
0.06387096700000003
0.06377880114000004
0.06377880114000004
0.06387096708000004
0.06387096708000004
0.06387096708000004
0.06387096708000004
0.06387096708000004
0.06387096708000004
0.06387096708000004
0.06396313294000003
0.06396313294000003
0.06396313294000003
0.06396313294000003
0.06405529874000003
0.06405529874000003
0.06405529874000003
0.06405529874000003
0.06396313294000004
0.06396313294000004
0.06396313294000004
0.06396313294000004
0.06396313294000004
0.06396313294000004
0.06396313294000004
0.06396313294000004
0.06396313294000004
0.06396313294000004
0.06396313294000004
0.06396313294000004
0.06396313294000004
0.06396313294000004
0.06396313294000004
0.06396313294000004
0.06396313294000004
0.06387096714000004
0.06387096714000004
0.06387096714000004
0.06396313294000004
0.06396313294000004
0.06396313294000004
0.06396313294000004
0.06396313294000004
0.06396313294000004
0.06396313294000004
0.06396313294000004
0.06396313294000004
0.06396313294000004
0.06396313294000004
0.06387096714000004
0.06387096724000003
0.06377880144000003
0.06377880144000003
0.06377880144000003
0.06377880144000003
0.06377880144000003
0.06387096738000003
0.06387096738000003
0.06387096738000003
0.06387096738000003
0.06387096738000003
0.06387096738000003
0.06387096738000003
0.06387096738000003
0.06377880158000003
0.06377880158000003
0.06377880158000003
0.06377880158000003
0.06377880158000003
0.06377880158000003
0.06377880158000003
0.06377880158000003
0.06377880158000003
0.06377880158000003
0.06377880158000003
0.06377880158000003
0.06377880158000003
0.06377880158000003
0.06377880158000003
0.06377880158000003
0.06377880158000003
0.06377880158000003
0.06377880158000003
0.06377880158000003
0.06377880158000003
0.06377880158000003
0.06377880158000003
0.06377880158000003
0.06387096748000003
0.06387096748000003
0.06387096748000003
0.06387096748000003
0.06387096748000003
0.06387096748000003
0.06387096748000003
0.06387096748000003
0.06396313348000003
0.06396313348000003
0.06405529938000003
0.06405529938000003
0.06405529938000003
0.06405529938000003
0.06405529938000003
0.06414746518000003
0.06414746518000003
0.06414746518000003
0.06414746518000003
0.06414746518000003
0.06414746518000003
0.06414746518000003
0.06414746518000003
0.06414746518000003
0.06414746518000003
0.06414746518000003
0.06414746518000003
0.06423963098000003
0.06423963098000003
0.06433179678000003
0.06433179678000003
0.06433179678000003
0.06433179678000003
0.06433179678000003
0.06433179678000003
0.06442396268000002
0.06442396268000002
0.06442396268000002
0.06442396268000002
0.06442396268000002
0.06442396268000002
0.06442396278000002
0.06442396278000002
0.06442396278000002
0.06442396278000002
0.06442396278000002
0.06442396278000002
0.06442396278000002
0.06442396278000002
0.06442396278000002
0.06442396278000002
0.06442396278000002
0.06442396278000002
0.06442396278000002
0.06451612868000002
0.06451612868000002
0.06451612868000002
0.06451612868000002
0.06451612868000002
0.06451612868000002
0.06451612868000002
0.06451612868000002
0.06451612868000002
0.06451612868000002
0.06451612868000002
0.06451612868000002
0.06451612868000002
0.06451612868000002
0.06451612868000002
0.06451612868000002
0.06451612868000002
0.06451612868000002
0.06470046058000002
0.06470046058000002
0.06470046058000002
0.06470046058000002
0.06470046058000002
0.06470046058000002
0.06470046058000002
0.06470046058000002
0.06470046058000002
0.06470046058000002
0.06470046058000002
0.06479262652000002
0.06470046072000002
0.06470046072000002
0.06470046072000002
0.06470046072000002
0.06470046072000002
0.06470046072000002
0.06479262652000002
0.06479262652000002
0.06488479246000002
0.06488479246000002
0.06488479246000002
0.06488479246000002
0.06488479246000002
0.06488479246000002
0.06488479246000002
0.06488479246000002
0.06479262666000002
0.06479262666000002
0.06479262666000002
0.06488479246000002
0.06488479246000002
0.06488479246000002
0.06488479246000002
0.06488479246000002
0.06488479246000002
0.06488479246000002
0.06488479246000002
0.06488479246000002
0.06479262656000002
0.06479262656000002
0.06479262656000002
0.06479262656000002
0.06479262656000002
0.06479262656000002
0.06479262656000002
0.06488479236000003
0.06488479236000003
0.06488479236000003
0.06488479236000003
0.06488479236000003
0.06488479236000003
0.06488479236000003
0.06488479236000003
0.06488479236000003
0.06488479236000003
0.06488479236000003
0.06488479236000003
0.06488479236000003
0.06488479236000003
0.06488479236000003
0.06488479236000003
0.06488479236000003
0.06488479236000003
0.06488479236000003
0.06488479236000003
0.06488479236000003
0.06488479236000003
0.06488479236000003
0.06488479236000003
0.06488479236000003
0.06488479236000003
0.06488479236000003
0.06488479236000003
0.06488479236000003
0.06488479236000003
0.06479262646000002
0.06479262646000002
0.06479262646000002
0.06479262646000002
0.06479262646000002
0.06479262646000002
0.06488479240000002
0.06488479240000002
0.06488479240000002
0.06488479240000002
0.06488479240000002
0.06488479240000002
0.06479262640000003
0.06479262640000003
0.06479262640000003
0.06479262640000003
0.06470046060000002
0.06470046060000002
0.06470046060000002
0.06451612880000003
0.06451612880000003
0.06451612880000003
0.06442396290000003
0.06442396290000003
0.06442396290000003
0.06442396290000003
0.06442396290000003
0.06442396290000003
0.06442396290000003
0.06442396290000003
0.06442396290000003
0.06442396290000003
0.06442396290000003
0.06451612870000004
