0.5159447058
0.48248848679999995
0.4551152122
0.4294009252
0.39880184679999997
0.374746546
0.3637788042
0.3548387134
0.3383410163999999
0.3235944742000001
0.31142857659999995
0.30055299832000004
0.29023041792
0.2807373290800001
0.26912442663999997
0.25723502440000007
0.24608295151999995
0.23741935527999997
0.22949308987999995
0.22147465696
0.21235023215999999
0.20497696064000007
0.19898617807999996
0.19207373380000003
0.18562212092000008
0.18046083112000005
0.174562214
0.16894009332000007
0.16396313420000003
0.15944700588
0.15705069191999996
0.15345622163999997
0.14940092191999996
0.14654377936
0.14387096944000002
0.14221198284000003
0.13935483944000002
0.1372350238
0.13557603794
0.13373271919999996
0.13262672868
0.1315207374
0.13059907832000003
0.12921659040000003
0.12857142980000005
0.12783410248000004
0.12718894104000003
0.12691244352000003
0.12654378032000002
0.12552995504000003
0.12423963184000002
0.12368663646
0.12276497828
0.12165898696
0.12055299608
0.11944700560000003
0.11824884848
0.11760368756000002
0.11705069196000002
0.11622119816000001
0.11539170556
0.11520737404
0.11465437871999999
0.11437788091999998
0.11336405588
0.11271889468000001
0.11161290424
0.11032258104
0.10976958576000001
0.10912442436000003
0.10857142888
0.10801843388
0.10755760448
0.10746543855999999
0.10682027738000001
0.10608295046
0.10589861853999999
0.10580645261999999
0.10562212078
0.1049769595
0.10451612978000002
0.10387096838000004
0.10322580704
0.10276497776000001
0.10221198236
0.10184331886
0.10156682118
0.10110599138
0.10064516177999999
0.10036866425999999
0.10000000086
0.09953917126000002
0.09926267346
0.09898617588000003
0.09870967816000002
0.09852534626000001
0.09824884876000001
0.09797235118000001
0.09769585338
0.09723502378000001
0.09686636040000002
0.09668202870000002
0.09622119938000002
0.09576036976000003
0.09529954056000003
0.09493087690000003
0.09465437900000002
0.09447004700000003
0.09410138360000002
0.09410138360000002
0.09373272042000004
0.09327189060000003
0.09290322692000004
0.09262672892000003
0.09244239744000003
0.09179723612000004
0.09161290442000002
0.09133640682000004
0.09124424082000003
0.0905069133
0.09004608370000002
0.08986175178000001
0.08967741998
0.08958525398
0.08930875620000002
0.08894009292000002
0.08838709732
0.08820276572
0.08811059992
0.08764977058000001
0.08737327298
0.08709677548
0.08682027785999999
0.08672811195999999
0.08654378015999999
0.08635944845999999
0.08562212106
0.08525345778000001
0.08516129198000004
0.08497696018000003
0.08479262830000003
0.08451613068000004
0.08442396488000004
0.08423963306000003
0.08396313516000004
0.08387096916000003
0.08350230534000003
0.08313364154000003
0.08276497820000003
0.08221198250000004
0.08202765050000003
0.08211981640000003
0.08193548450000002
0.08184331870000003
0.08147465502000001
0.08138248912000001
0.08119815724000004
0.08055299604000002
0.08027649814000001
0.08027649814000001
0.08009216624000003
0.07963133674000002
0.07953917074000001
0.07917050714000001
0.07880184344
0.07889400944000001
0.07870967764000002
0.07824884824000003
0.07824884804000003
0.07788018424000004
0.07760368664000002
0.07723502300000001
0.07695852540000002
0.07686635940000003
0.07677419370000002
0.07640553000000003
0.07603686640000001
0.07594470060000001
0.07585253470000002
0.07566820290000002
0.07548387120000002
0.07502304180000002
0.07493087620000002
0.07483871060000002
0.07493087640000003
0.07493087630000002
0.07483871050000002
0.07447004680000002
0.07419354900000003
0.07391705120000001
0.07345622152000003
0.07299539192000003
0.07262672812000003
0.07244239652000002
0.07188940102000002
0.07179723512000004
0.07161290332000003
0.07161290332000003
0.07142857142000002
0.07115207392000003
0.07105990802000002
0.07087557632000002
0.07078341052000002
0.07059907872000001
0.07041474702000002
0.07041474702000002
0.07013824918000001
0.07013824908
0.06995391718000002
0.06986175128000001
0.06986175128000001
0.06967741968000002
0.06967741968000002
0.06958525378000002
0.06921659018000001
0.06894009244000002
0.06838709674000003
0.06838709674000003
0.06838709674000003
0.06829493084000003
0.06801843304000003
0.06783410134000004
0.06737327196000002
0.06718894016000003
0.06709677426000002
0.06691244242000001
0.06682027656000002
0.06672811056000001
0.06645161286000002
0.06626728102000003
0.06626728102000003
0.06617511512000002
0.06608294942000001
0.06589861762000002
0.06552995408000002
0.06543778818000003
0.06525345618000003
0.06525345618000003
0.06497695844000002
0.06479262678000003
0.06470046088000003
0.06451612908000003
0.06423963148000003
0.06414746558000002
0.06414746578000002
0.06396313398000002
0.06396313398000002
0.06405529988000001
0.06387096808000002
0.06387096808000002
0.06359447068000001
0.06350230488000001
0.06341013898
0.06331797298000001
0.06322580704000001
0.06304147514000001
0.06304147514000001
0.06294930934000001
0.06285714334
0.06276497748000001
0.06239631378000001
0.06230414788000002
0.06230414788000002
0.06221198198000002
0.06211981608000002
0.06211981608000002
0.061935484480000025
0.06184331858000002
0.06184331858000002
0.06165898678000002
0.06165898678000002
0.061566820840000015
0.061566820840000015
0.061474654840000025
0.06129032304000002
0.06129032304000002
0.06110599104000002
0.061013825140000026
0.061013825140000026
0.060921659340000024
0.06064516174000002
0.06046082994000002
0.06027649810000003
0.06018433230000002
0.060092166360000025
0.060092166360000025
0.06000000036000003
0.059907834460000024
0.059815668560000035
0.059815668560000035
0.05972350266000003
0.05972350266000003
0.05953917090000003
0.059631336900000026
0.059631336900000026
0.05963133694000002
0.05935483914000003
0.05926267328000003
0.05926267328000003
0.05935483914000003
0.059170507340000025
0.05926267324000003
0.05898617544000004
0.05870967754000004
0.058709677640000034
0.05880184344000003
0.058617511680000026
0.058617511680000026
0.05852534568000002
0.05834101384000002
0.05861751162000002
0.05843317978000002
0.05843317978000002
0.05843317978000002
0.05843317978000002
0.05824884792000003
0.057972350360000036
0.05778801848000002
0.05778801848000002
0.05778801848000002
0.05760368664000002
0.05741935480000002
0.05741935480000002
0.05741935480000002
0.05732718876000002
0.05723502286000002
0.05714285706000002
0.05686635952000002
0.05686635952000002
0.05677419362000003
0.056682027720000035
0.056682027720000035
0.056682027720000035
0.056774193580000035
0.05668202778000003
0.05668202774000003
0.056497695980000026
0.05640553008000002
0.05640553008000002
0.05640553008000002
0.05640553008000002
0.05631336422000002
0.05631336422000002
0.05631336418000002
0.05631336418000002
0.05622119824000001
0.056129032240000015
0.05603686638000002
0.05594470048000002
0.055852534580000016
0.05576036878000001
0.05557603694000001
0.05539170514000002
0.05529953924000003
0.055207373340000025
0.055299539340000016
0.05520737344000001
0.05511520758000002
0.05502304164000003
0.05502304164000003
0.05483870992000003
0.05483870992000003
0.05465437804000002
0.05465437804000002
0.05456221214000002
0.05456221214000002
0.05456221214000002
0.05447004614000002
0.05447004614000002
0.05447004614000002
0.05437788020000002
0.05428571430000002
0.05428571430000002
0.05419354840000001
0.05410138250000002
0.054009216600000014
0.053917050740000014
0.053917050740000014
0.05400921668000002
0.054009216580000026
0.054009216580000026
0.054009216580000026
0.054101382480000015
0.054101382480000015
0.054101382480000015
0.05419354848000002
0.054101382580000024
0.05400921668000002
0.053917050880000025
0.053824885020000025
0.053824885020000025
0.053824885020000025
0.053824885020000025
0.053824885020000025
0.053824885020000025
0.053824885020000025
0.05373271908000002
0.05373271908000002
0.05373271908000002
0.053456221420000026
0.053548387280000026
0.05345622138000002
0.05345622138000002
0.05345622138000002
0.05317972362000003
0.05317972362000003
0.05317972362000003
0.05317972362000003
0.05308755782000002
0.052995391920000016
0.05290322602000001
0.05290322602000001
0.05281106012000001
0.05262672836000002
0.05244239656000002
0.05244239656000002
0.05244239656000002
0.052626728320000024
0.052626728320000024
0.052626728320000024
0.052626728320000024
0.05253456238000002
0.05253456238000002
0.052442396480000014
0.052442396480000014
0.052442396480000014
0.052534562420000014
0.052534562420000014
0.05225806480000002
0.05207373286000002
0.05207373286000002
0.05207373286000002
0.05207373286000002
0.05188940106000002
0.05188940106000002
0.05188940106000002
0.05188940106000002
0.05179723526000002
0.05179723526000002
0.05179723526000002
0.05170506932000002
0.05170506932000002
0.05170506932000002
0.051612903420000016
0.05170506932000002
0.05170506932000002
0.05161290338000001
0.05152073748000002
0.05152073748000002
0.05152073748000002
0.05152073748000002
0.05152073748000002
0.05152073748000002
0.051336405720000006
0.051336405720000006
0.05115207392000001
0.05115207392000001
0.05124423978000001
0.05124423978000001
0.05124423978000001
0.05124423978000001
0.05124423978000001
0.05124423978000001
0.05124423978000001
0.05105990794000002
0.050967742040000014
0.050967742040000014
0.05105990794000002
0.05105990794000002
0.05105990804000001
0.05105990804000001
0.05096774210000001
0.05096774196000001
0.05096774196000001
0.05096774196000001
0.05096774196000001
0.05096774196000001
0.05096774196000001
0.05096774196000001
0.05096774196000001
0.050967742040000014
0.050967742040000014
0.05096774208000001
0.05096774208000001
0.05105990798000001
0.05115207384000001
0.05124423970000001
0.05124423970000001
0.05124423970000001
0.05124423970000001
0.05124423970000001
0.05133640564000002
0.05133640564000002
0.05133640564000002
0.05124423970000001
0.05124423970000001
0.05124423970000001
0.05124423970000001
0.05124423974000002
0.05115207380000002
0.05115207380000002
0.05115207380000002
0.05115207380000002
0.05124423966000002
0.05124423966000002
0.05115207380000002
0.05115207380000002
0.05115207380000002
0.05124423966000002
0.05115207380000002
0.05115207380000002
0.05105990794000002
0.05105990794000002
0.05105990794000002
0.05105990794000002
0.05105990794000002
0.05105990794000002
0.05105990794000002
0.05096774200000001
0.050875576100000014
0.050875576100000014
0.050783410160000014
0.050783410160000014
0.050783410160000014
0.050875576020000014
0.05078341012000001
0.05078341012000001
0.05078341012000001
0.05078341012000001
0.05078341012000001
0.050691244220000015
0.050691244220000015
0.05078341012000002
0.05078341012000002
0.05078341012000002
0.050691244220000015
0.050599078280000015
0.050599078280000015
0.050599078280000015
0.050599078280000015
0.050599078280000015
0.050599078280000015
0.050599078280000015
0.050599078280000015
0.050599078280000015
0.050599078280000015
0.050599078280000015
0.050599078280000015
0.050599078280000015
0.050691244220000015
0.05078341012000002
0.05078341012000002
0.05078341012000002
0.05078341012000002
0.05078341012000002
0.05078341012000002
0.05069124426000002
0.050599078460000016
0.050599078460000016
0.05069124436000001
0.05069124436000001
0.05059907850000001
0.05059907850000001
0.05059907850000001
0.05059907850000001
0.05050691256000001
0.05050691256000001
0.05059907846000001
0.05059907846000001
0.05050691260000001
0.05041474670000001
0.05032258084000001
0.05032258084000001
0.05032258084000001
0.05032258084000001
0.05032258084000001
0.05032258084000001
0.05023041490000001
0.05032258084000001
0.05032258084000001
0.05032258084000001
0.05032258084000001
0.05023041498000001
0.05023041498000001
0.05023041498000001
0.05023041498000001
0.05023041498000001
0.05023041498000001
0.05023041498000001
0.05013824908000001
0.05013824908000001
0.05013824908000001
0.049953917320000006
0.05004608322
0.05004608322
0.05004608322
0.05004608322
0.05004608322
0.05004608322
0.05004608322
0.05004608322
0.05004608322
0.05004608322
0.05004608322
0.05004608322
0.04995391736
0.04995391736
0.04995391736
0.04995391736
0.049861751460000006
0.049861751460000006
0.049861751460000006
0.049861751460000006
0.049861751460000006
0.049861751460000006
0.049861751460000006
0.049861751460000006
0.049861751460000006
0.049861751460000006
0.049861751460000006
0.049861751460000006
0.049861751460000006
0.04976958556
0.04976958556
0.04976958556
0.04976958556
0.04976958556
0.04976958556
0.04976958556
0.04976958556
0.04976958556
0.04986175142
0.04976958548000001
0.04976958548000001
0.04976958548000001
0.04967741954000001
0.04958525364000001
0.04958525364000001
0.04958525364000001
0.04958525364000001
0.04949308778000001
0.04949308778000001
0.04949308778000001
0.04949308778000001
0.04949308778000001
0.04949308778000001
0.04949308778000001
0.04949308778000001
0.04949308778000001
0.04949308778000001
0.04949308778000001
0.04949308778000001
0.04949308778000001
0.04958525364000001
0.04958525364000001
0.04958525364000001
0.04958525364000001
0.04958525364000001
0.04967741950000001
0.04967741950000001
0.049769585440000014
0.049769585440000014
0.049769585440000014
0.049769585440000014
0.049769585440000014
0.049769585440000014
0.049769585440000014
0.049769585440000014
0.049769585440000014
0.049769585440000014
0.049769585440000014
0.049769585440000014
0.049769585440000014
0.049769585440000014
0.049769585440000014
0.04967741950000001
0.04967741950000001
0.04958525356000001
0.04958525356000001
0.04958525356000001
0.04958525356000001
0.04958525356000001
0.04967741942000001
0.04967741942000001
0.04967741942000001
0.04967741942000001
0.04967741942000001
0.04967741942000001
0.04967741942000001
0.04967741942000001
0.04967741942000001
0.04967741942000001
0.04976958528000001
0.04976958528000001
0.04976958528000001
0.04976958528000001
0.04976958528000001
0.04976958528000001
0.04976958528000001
0.04976958528000001
0.04986175118000001
0.04986175118000001
0.04986175118000001
0.04986175118000001
0.04986175118000001
0.04986175118000001
0.04986175118000001
0.04986175118000001
0.04986175118000001
0.04986175118000001
0.04986175118000001
0.04986175118000001
0.04986175118000001
0.04986175118000001
0.04986175118000001
0.04986175118000001
0.04986175118000001
0.04986175118000001
0.04986175118000001
0.04986175118000001
0.04986175118000001
0.04986175118000001
0.04986175118000001
0.04986175118000001
0.04986175118000001
0.04976958528000001
0.04976958528000001
0.04976958528000001
0.04976958528000001
0.04976958528000001
0.04976958528000001
0.04976958528000001
0.04967741934000001
0.04967741934000001
0.049585253440000004
0.049585253440000004
0.049585253440000004
0.049585253440000004
0.049585253440000004
0.049585253440000004
0.049585253440000004
0.049585253440000004
0.049585253440000004
0.049585253440000004
0.049585253440000004
0.049585253440000004
0.049585253440000004
0.049585253440000004
0.049585253440000004
0.049585253440000004
0.049585253440000004
0.049585253440000004
0.049585253440000004
0.049585253440000004
0.049585253440000004
0.049585253440000004
0.049585253440000004
0.049585253440000004
0.049585253440000004
0.049585253440000004
0.049585253440000004
0.049585253440000004
0.049585253440000004
0.049585253440000004
0.049585253440000004
0.049585253440000004
0.049585253440000004
0.049585253440000004
0.049585253440000004
0.049585253440000004
0.049585253440000004
0.049585253440000004
0.049585253440000004
0.049585253440000004
0.049585253440000004
0.049585253440000004
0.049585253440000004
0.049585253440000004
0.04958525348000001
0.04958525348000001
0.04958525348000001
0.04958525348000001
0.04958525348000001
0.04958525348000001
0.04958525348000001
0.04958525348000001
0.04958525348000001
0.04958525348000001
0.04958525348000001
0.04958525348000001
0.04958525348000001
0.04958525348000001
0.04958525348000001
0.04958525348000001
0.04958525348000001
0.04949308754000001
0.04949308754000001
0.04949308754000001
0.04949308754000001
0.04949308754000001
0.04949308754000001
0.04949308754000001
0.04940092160000001
0.04940092160000001
0.04940092160000001
0.04940092160000001
0.04940092160000001
0.04940092160000001
0.04940092160000001
0.04949308754000001
0.04949308754000001
0.04949308754000001
0.04949308754000001
0.04949308754000001
0.04949308754000001
0.04949308754000001
0.04949308754000001
0.04949308754000001
0.04949308754000001
0.04949308754000001
0.04949308754000001
0.0495852534
0.0495852534
0.04967741934000001
0.04967741934000001
0.04967741934000001
0.04967741934000001
0.04967741934000001
0.04967741934000001
0.04967741934000001
0.049769585240000004
0.049769585240000004
0.049769585240000004
0.049769585240000004
0.049769585240000004
0.049769585240000004
0.049769585240000004
0.049769585240000004
0.049769585240000004
0.049769585240000004
0.049769585240000004
0.049769585240000004
0.049769585240000004
0.049769585240000004
0.049769585240000004
0.049677419300000004
0.049677419300000004
0.049677419300000004
0.049677419300000004
0.049677419300000004
0.049677419300000004
0.049677419300000004
0.049677419300000004
0.049677419300000004
0.0497695852
0.0497695852
0.0497695852
0.0497695852
0.0497695852
0.0497695852
0.0497695852
0.04986175106
0.04986175106
0.04986175106
0.04986175106
0.04986175106
0.04986175106
0.04986175106
0.04986175106
0.04986175106
0.04986175106
0.04986175106
0.04986175106
0.04986175106
0.04986175106
0.04986175106
0.04986175106
0.04986175106
0.04986175106
0.04986175106
0.04986175106
0.04986175106
0.04986175106
0.04986175106
0.04986175106
0.04986175106
0.04986175106
0.04986175106
0.04986175106
0.04986175106
0.04986175106
0.04986175106
0.04986175106
0.04986175106
0.04986175106
0.04986175106
0.04986175106
0.04986175106
0.04986175106
0.04986175106
0.04986175106
0.04986175106
0.04986175106
0.04986175106
0.04986175106
0.04986175106
0.04986175106
0.0497695852
0.0497695852
0.0497695852
0.0497695852
0.0497695852
0.0497695852
0.0497695852
0.04967741934
0.04967741934
0.04967741934
0.04967741934
0.04976958528000001
0.04976958528000001
0.04986175114000001
0.04986175114000001
0.04995391708000001
0.04995391708000001
0.04995391708000001
0.04995391708000001
0.04995391708000001
0.04995391708000001
0.04995391708000001
0.04995391708000001
0.04995391708000001
0.04995391708000001
0.04995391708000001
0.04995391708000001
0.04995391708000001
0.04995391708000001
0.04995391708000001
0.04995391708000001
0.04995391708000001
0.04995391708000001
0.04995391708000001
0.050046083020000014
0.04995391708000001
0.04986175122000001
0.04986175122000001
0.04986175122000001
0.04986175122000001
0.04986175122000001
0.04986175122000001
0.04986175122000001
0.04986175122000001
0.04986175122000001
0.04986175122000001
0.04986175122000001
0.04986175122000001
0.04986175122000001
0.04986175122000001
0.05004608306
0.05004608306
0.05004608306
0.05004608306
0.05004608306
0.05004608306
0.05004608306
0.05004608306
0.05004608306
0.05004608306
0.05004608306
0.05004608306
0.05004608306
0.05004608306
0.05013824892
0.05013824892
0.05013824892
0.05013824892
0.050230414820000006
0.050230414820000006
0.050230414820000006
0.050230414820000006
0.050230414820000006
0.050230414820000006
0.050230414820000006
0.050230414820000006
0.050230414820000006
0.050230414820000006
0.050230414820000006
0.050230414820000006
0.050230414820000006
0.050230414820000006
0.050230414820000006
0.050230414820000006
0.050230414820000006
0.050230414820000006
0.050230414820000006
0.050230414820000006
0.050230414820000006
0.050230414820000006
0.050230414820000006
0.050230414820000006
0.050230414820000006
0.050322580680000006
