0.5741935573999999
0.5470967813999998
0.5336405595999999
0.5303225853999998
0.49124424599999983
0.46193548900000003
0.44682028179999983
0.4339170579999998
0.4223041518
0.4137327231999998
0.4079262739999999
0.3993548461999999
0.39198157120000005
0.38377880819999993
0.3742857211999999
0.3653456278000001
0.35788019140000005
0.34792627280000005
0.33723502960000007
0.3318894076
0.32405530580000014
0.3189861805200001
0.31152074312000005
0.30617512156000004
0.30036866820000013
0.2935483917200001
0.28608295344000007
0.28064516596
0.2726267325600001
0.26801843772
0.263317977
0.26009217012
0.25723502652
0.25428571712
0.25198156932
0.24875576407999997
0.24488479608000002
0.24082949668000006
0.23778802258000004
0.23474654890000005
0.23124424348000003
0.22728110998000006
0.22230415174
0.21815668584000003
0.21622120188
0.2145622152
0.21198157060000003
0.20976958924000005
0.20645161728000008
0.20470046496000005
0.20294931286000004
0.20202765334000006
0.20119816030000007
0.19981567170000003
0.19861751566000002
0.19732719286000003
0.1960368701800001
0.19566820650000008
0.19483871344000012
0.19391705396000006
0.19336405916000005
0.19290322984000008
0.19253456564000004
0.19216590180000007
0.1919815699200001
0.19161290672000011
0.19115207722000008
0.19059908132000009
0.1904147495200001
0.18995391984000004
0.18986175404000005
0.18894009488000005
0.18875576316000003
0.18838709948000001
0.18801843604000004
0.18774193842000006
0.18728110886000007
0.18709677730000007
0.18626728450000005
0.18580645474000004
0.18516129369999998
0.18479262979999997
0.18460829799999995
0.18414746851999997
0.18377880431999993
0.18350230691999994
0.18313364359999998
0.18285714592
0.18230415101999997
0.18138249229999995
0.18064516517999996
0.18018433577999993
0.17972350647999996
0.17935484279999997
0.17907834519999993
0.17861751616
0.17824885184
0.17778802216000003
0.17714286078
0.17705069510000002
0.17695852922000005
0.17631336790000002
0.17557604059999998
0.17511521087999998
0.17465438107999998
0.1741935512
0.17382488789999997
0.17308756067999995
0.17244239897999997
0.17235023337999994
0.17216590157999995
0.17161290589999997
0.17069124733999996
0.16986175371999995
0.16958525631999996
0.16940092452
0.16894009471999996
0.16884792882
0.16783410440000002
0.16746544070000002
0.1668202792
0.16626728417999995
0.16580645507999997
0.16488479618
0.16488479575999995
0.16451613226
0.16414746858
0.16405530277999997
0.16387097068
0.16341014108
0.16276497958
0.16230415028
0.16202765328
0.16119815978000002
0.16082949587999998
0.15953917354
0.15917050994
0.15852534836000004
0.15843318276000004
0.15834101656000002
0.15788018726000005
0.15732719156000002
0.15668203026000005
0.15483871246000003
0.15456221476
0.15373272186
0.15336405836
0.15308756066000004
0.15244239916000002
0.15207373556000003
0.15133640842000007
0.15041474922000006
0.15013825162000008
0.14967742182000005
0.14884792922000004
0.14829493312000003
0.14792627002000003
0.14746544052000002
0.14663594742
0.14599078621999997
0.14534562484
0.14488479533999998
0.1435023066
0.14294931128000002
0.14202765228000003
0.14184332058000002
0.14147465682000002
0.14092166141999998
0.14046083211999996
0.13981567069999998
0.13935484131999998
0.13898617768
0.13880184589999997
0.13861751396
0.13861751396
0.13815668456
0.13760368905999998
0.13723502555999997
0.13695852785999998
0.13677419605999996
0.13612903427999998
0.13594470258
0.13576037108
0.13557603912000002
0.13520737518
0.13520737518
0.13483871188
0.13456221434000004
0.13456221436000004
0.13400921896
0.13382488716
0.13345622392000003
0.13281106210000002
0.13253456474
0.13244239884
0.13235023298000004
0.13216590144000004
0.13179723714000002
0.13142857340000003
0.13124424146000002
0.13115207586000002
0.13013825068
0.12949308962
0.12940092368000003
0.12940092368000003
0.12847926508000004
0.12801843528000004
0.12755760580000003
0.12663594684
0.12635944914000002
0.12488479450000002
0.1247004631
0.12423963336000002
0.12387096986000001
0.12359447230000001
0.12258064730000001
0.1221198178
0.12147465626000001
0.12092166112000001
0.12046083140000002
0.11981567030000001
0.11963133813999999
0.11963133827999999
0.11917050881999999
0.11917050879999999
0.11898617692
0.11843318162000001
0.11815668392
0.11806451792000003
0.11815668382
0.11788018622000003
0.11732719082000002
0.11714285902000002
0.11714285902000002
0.11705069316000001
0.11705069316000001
0.11677419555999999
0.11668202966
0.11649769796
0.11640553206
0.11631336626000004
0.11622120036000001
0.11622120022
0.11576037058000001
0.11585253648
0.11594470238000001
0.11594470238
0.11603686828000001
0.11576037048
0.11566820468
0.11557603878
0.11529954104000001
0.11520737514000003
0.11502304334000003
0.11493087754000003
0.11493087754000003
0.11483871144000003
0.11465437960000005
0.11456221360000005
0.11465437946000005
0.11456221366000005
0.11465437960000005
0.11465437970000003
0.11456221380000002
0.11456221380000002
0.11456221380000002
0.11456221380000002
0.11465437974000002
0.11465437974000002
0.11456221394000003
0.11447004800000003
0.11447004800000003
0.11447004800000003
0.11447004800000003
0.11447004800000003
0.11437788220000003
0.11437788220000003
0.11437788220000003
0.11428571616000002
0.11410138436000004
0.11400921856000006
0.11382488672000005
0.11382488676000004
0.11382488676000004
0.11382488676000004
0.11382488676000004
0.11364055492000004
0.11373272086000004
0.11373272086000004
0.11373272086000004
0.11364055496000003
0.11364055496000003
0.11382488684000001
0.11382488684000001
0.11382488684000001
0.11373272094000003
0.11345622330000003
0.11336405730000004
0.11327189140000005
0.11317972546000005
0.11308755952000006
0.11317972542000004
0.11317972542000004
0.11317972542000004
0.11317972542000004
0.11327189136000004
0.11317972542000004
0.11308755952000003
0.11308755952000003
0.11290322772000005
0.11317972550000005
0.11299539370000006
0.11299539370000006
0.11271889588000004
0.11271889588000004
0.11271889588000006
0.11281106178000005
0.11271889592000005
0.11271889592000005
0.11271889592000005
0.11271889592000005
0.11290322782000003
0.11281106196000006
0.11281106196000006
0.11271889602000006
0.11271889602000006
0.11271889602000006
0.11271889602000006
0.11262673008000006
0.11271889594000005
0.11253456414000004
0.11262673008000004
0.11262673008000004
0.11262673008000004
0.11262673008000004
0.11262673008000004
0.11262673012000002
0.11262673012000002
0.11262673012000002
0.11244239832000004
0.11253456418000002
0.11244239818000003
0.11235023224000003
0.11235023224000003
0.11225806644000003
0.11216590054000003
0.11216590054000003
0.11216590054000003
0.11216590054000003
0.11207373464000002
0.11207373464000002
0.11198156878000001
0.11198156878000001
0.11207373464000002
0.11188940294000002
0.11179723708000003
0.11170507114000003
0.11170507114000003
0.11170507114000003
0.11170507114000003
0.11161290524000003
0.11161290524000003
0.11161290524000003
0.11170507118000003
0.11161290528000004
0.11161290528000004
0.11152073942000003
0.11142857348000003
0.11142857348000003
0.11142857348000003
0.11142857348000003
0.11142857348000003
0.11133640754000003
0.11133640754000003
0.11124424164000005
0.11133640758000003
0.11124424172000003
0.11124424172000003
0.11115207578000003
0.11115207578000003
0.11124424168000002
0.11124424168000002
0.11124424168000002
0.11124424168000002
0.11124424168000002
0.11124424168000002
0.11142857352000003
0.11142857352000003
0.11142857352000003
0.11142857352000003
0.11133640762000002
0.11133640762000002
0.11133640762000002
0.11133640762000002
0.11133640762000002
0.11133640762000002
0.11133640762000002
0.11124424172000003
0.11115207586000002
0.11115207586000002
0.11115207586000002
0.11115207586000002
0.11115207586000002
0.11115207586000002
0.11124424176000001
0.11124424176000001
0.11115207582000002
0.11124424172000001
0.11124424172000001
0.11124424172000001
0.11124424172000001
0.11124424172000001
0.11124424172000001
0.11124424172000001
0.11124424172000001
0.11124424172000001
0.11124424172000001
0.11115207586000002
0.11115207586000002
0.11115207586000002
0.11115207586000002
0.11124424180000002
0.11124424180000002
0.11124424180000002
0.11115207590000002
0.11105991000000001
0.11105991000000001
0.11096774410000002
0.11096774410000002
0.11096774410000002
0.11096774410000002
0.11096774410000002
0.11096774410000002
0.11087557820000002
0.11087557820000002
0.11087557820000002
0.11087557820000002
0.11087557820000002
0.11087557820000002
0.11078341230000001
0.11078341230000001
0.11078341230000001
0.11069124640000001
0.11069124640000001
0.11069124640000001
0.11069124640000001
0.11069124640000001
0.11069124640000001
0.11069124640000001
0.11069124640000001
0.11069124640000001
0.11059908054000003
0.11050691468000001
0.11050691468000001
0.11050691468000001
0.11050691468000001
0.11059908058000001
0.11059908058000001
0.11059908058000001
0.11059908058000001
0.11069124652000001
0.11059908058000001
0.11059908058000001
0.11059908058000001
0.11059908058000001
0.11059908058000001
0.11059908058000001
0.11059908058000001
0.11059908058000001
0.11059908058000001
0.11050691468000001
0.11050691468000001
0.11050691468000001
0.11050691468000001
0.11041474882
0.11041474882
0.11041474882
0.11041474882
0.11041474882
0.11041474882
0.11041474882
0.11041474882
0.11041474882
0.11041474882
0.11041474882
0.11041474882
0.11041474882
0.11041474882
0.11041474882
0.11041474882
0.11041474882
0.11041474882
0.11041474882
0.11041474882
0.11050691468
0.11050691468
0.11050691468
0.11050691468
0.11050691468
0.11050691468
0.11050691468
0.11041474877999999
0.11041474877999999
0.11041474877999999
0.11041474877999999
0.11023041684000001
0.11023041684000001
0.11023041684000001
0.11023041684000001
0.11023041684000001
0.11023041684000001
0.11023041684000001
0.11023041684000001
0.11023041684000001
0.11023041684000001
0.11023041684000001
0.11023041684000001
0.11013825090000001
0.11013825090000001
0.11013825090000001
0.11013825090000001
0.11013825090000001
0.11013825090000001
0.11013825090000001
0.11013825090000001
0.11023041676000002
0.11013825076000001
0.11023041670000001
0.11023041670000001
0.11013825076000001
0.11013825076000001
0.11013825076000001
0.11013825076000001
0.11013825076000001
0.11013825076000001
0.11013825076000001
0.11013825076000001
0.11013825076000001
0.11013825076000001
0.11013825076000001
0.11013825076000001
0.11013825076000001
0.11013825076000001
0.11013825076000001
0.11013825076000001
0.11023041662000002
0.11023041662000002
0.11023041662000002
0.11023041662000002
0.11023041662000002
0.11023041662000002
0.11041474842000003
0.11050691436000003
0.11050691436000003
0.11050691402000001
0.11050691402000001
0.11050691402000001
0.11059907996000001
0.11050691276000002
0.11050691276000002
0.11050691276000002
0.11041474756000003
0.11050691346000002
0.11050691346000002
0.11059907936000003
0.11059907936000003
0.11059907936000003
0.11059907936000003
0.11059907936000003
0.11069124512000002
0.11078341106000002
0.11078341106000002
0.11087557696000003
0.11087557696000003
0.11078341056000003
0.11078341056000003
0.11078341056000003
0.11078341056000003
0.11078341056000003
0.11069124496000002
0.11069124496000002
0.11069124496000002
0.11069124496000002
0.11059907896000003
0.11059907896000003
0.11059907896000003
0.11059907896000003
0.11059907896000003
0.11059907896000003
0.11059907896000003
0.11059907896000003
0.11023041502000003
0.11023041502000003
0.10995391742000002
0.10967742082000002
0.10958525482000002
0.10967742082000002
0.10949308894000004
0.10930875794000004
0.10903226034000005
0.10894009414000004
0.10894009414000004
0.10903225974000003
0.10866359634000004
0.10829493248000004
0.10811060108000003
0.10792626928000003
0.10783410328000004
0.10774193748000004
0.10728110808000003
0.10728110808000003
0.10700461008000003
0.10691244448000002
0.10672811248000004
0.10654378068000003
0.10608295128000003
0.10608295128000003
0.10552995588000004
0.10516129228000003
0.10497696048000002
0.10479262878000004
0.10479262878000004
0.10460829698000003
0.10442396428000005
0.10442396428000005
0.10442396428000005
0.10423963338000003
0.10414746744000004
0.10405530158000005
0.10405530158000005
0.10405530158000005
0.10396313572000004
0.10396313572000004
0.10405530172000005
0.10405530172000005
0.10405530172000005
0.10414746732000005
0.10414746732000005
0.10414746732000005
0.10414746732000005
0.10414746732000005
0.10423963258000005
0.10423963258000005
0.10423963258000005
0.10423963258000005
0.10423963258000005
0.10377880318000005
0.10368663818000005
0.10359447232000005
0.10359447232000005
0.10368663822000006
0.10359447102000006
0.10359447102000006
0.10368663702000007
0.10341013942000005
0.10341013942000005
0.10341013942000005
0.10322580742000005
0.10322580742000005
0.10285714422000007
0.10267281222000008
0.10248848022000008
0.10239631422000008
0.10239631422000008
0.10221198282000006
0.10221198282000006
0.10221198282000006
0.10202765048000006
0.10129032368000007
0.10119815702000007
0.10110599202000009
0.10110599202000009
0.10082949354000005
0.10082949354000005
0.10055299594000006
0.10000000134000006
0.09963133774000006
0.09926267394000007
0.09898617614000008
0.09815668274000007
0.09788018574000006
0.09741935548000007
0.09686636048000005
0.09668202848000007
0.09622119908000006
0.09576036982000005
0.09511520832000006
0.09511520832000006
0.09447004732000006
0.09400921772000005
0.09317972472000007
0.09225806552000006
0.09188940192000004
0.09096774292000007
0.09023041604000007
0.08976958642000006
0.08940092282000008
0.08894009322000006
0.08875576162000007
0.08847926382000008
0.08838709792000006
0.08820276612000005
0.08829493202000008
0.08838709802000007
0.08838709802000007
0.08838709802000007
0.08829493212000009
0.08811060022000007
0.08801843442000008
0.08801843442000008
0.08811060028000008
0.08811060028000008
0.08811060028000008
0.08801843438000007
0.08792626848000007
0.08792626848000007
0.08792626848000007
0.08792626848000007
0.08792626848000007
0.08811060028000009
0.08811060014000008
0.08811060014000008
0.08811060014000008
0.08801843434000009
0.08811060028000009
0.08811060028000009
0.08829493208000008
0.08829493208000008
0.08820276608000008
0.08820276608000008
0.08820276608000008
0.08820276608000008
0.08820276608000008
0.08820276608000008
0.08820276608000008
0.08820276608000008
0.08829493208000008
0.08811060014000008
0.08811060014000008
0.08811060014000008
0.08811060014000008
0.08811060014000008
0.08811060014000008
0.08811060014000008
0.08811060014000008
0.08801843420000008
0.08801843420000008
0.08801843420000008
0.08811060014000008
0.08811060014000008
0.08811060014000008
0.08820276600000009
0.08829493200000009
0.08829493200000009
0.08829493200000009
0.08829493200000009
0.08829493200000009
0.08829493200000009
0.08829493200000009
0.08829493200000009
0.08829493200000009
0.08820276600000009
0.08811060010000009
0.08811060010000009
0.08811060010000009
0.08811060010000009
0.08811060010000009
0.08820276596000008
0.08820276596000008
0.08820276596000008
0.08820276596000008
0.08811060006000007
0.08811060006000007
0.08811060006000007
0.08811060006000007
0.08801843420000006
0.08792626830000007
0.08792626830000007
0.08792626830000007
0.08792626830000007
0.08792626830000007
0.08792626830000007
0.08783410230000006
0.08783410230000006
0.08792626820000006
0.08792626820000006
0.08801843410000006
0.08801843410000006
0.08801843410000006
0.08801843410000006
0.08801843410000006
0.08801843410000006
0.08801843410000006
0.08801843410000006
0.08801843410000006
0.08792626830000005
0.08792626830000005
0.08801843410000006
0.08801843410000006
0.08801843410000006
0.08820276582000006
0.08820276582000006
0.08820276582000006
0.08820276582000006
0.08820276582000006
0.08820276582000006
0.08820276582000006
0.08820276582000006
0.08820276582000006
0.08820276582000006
0.08829493176000007
0.08829493176000007
0.08829493176000007
0.08829493176000007
0.08829493176000007
0.08829493176000007
0.08829493176000007
0.08829493176000007
0.08829493176000007
0.08829493176000007
0.08829493176000007
0.08829493176000007
0.08829493176000007
0.08829493176000007
0.08829493176000007
0.08829493176000007
0.08829493176000007
0.08829493176000007
0.08838709766000007
0.08838709766000007
0.08838709766000007
0.08829493176000007
0.08829493176000007
0.08820276586000006
0.08811059996000006
0.08811059996000006
0.08811059996000006
0.08811059996000006
0.08811059996000006
0.08811059996000006
0.08811059996000006
0.08811059996000006
0.08811059996000006
0.08811059996000006
0.08811059996000006
0.08811059996000006
0.08811059996000006
0.08811059996000006
0.08820276586000007
0.08829493172000007
0.08829493172000007
0.08829493172000007
0.08838709762000008
0.08829493176000007
0.08829493176000007
0.08829493176000007
0.08829493176000007
0.08829493176000007
0.08829493176000007
0.08829493176000007
0.08829493176000007
0.08838709766000007
0.08838709766000007
0.08838709766000007
0.08847926360000007
0.08847926360000007
0.08838709770000007
0.08838709770000007
0.08838709770000007
0.08829493176000007
0.08829493176000007
0.08829493176000007
0.08829493176000007
0.08838709766000007
0.08838709766000007
0.08838709766000007
0.08838709766000007
0.08838709766000007
0.08838709766000007
0.08838709766000007
0.08838709766000007
0.08838709766000007
0.08838709766000007
0.08838709766000007
0.08838709766000007
0.08838709766000007
0.08838709766000007
0.08829493176000007
0.08829493176000007
0.08829493176000007
0.08829493176000007
0.08829493176000007
0.08829493176000007
0.08829493176000007
0.08829493176000007
0.08829493176000007
0.08829493176000007
0.08829493176000007
0.08829493176000007
0.08829493176000007
0.08838709770000007
0.08838709770000007
0.08838709770000007
0.08847926330000006
0.08847926330000006
0.08847926330000006
0.08847926330000006
0.08847926330000006
0.08857142924000005
0.08857142924000005
0.08857142924000005
0.08866359514000006
0.08866359514000006
0.08866359514000006
0.08866359514000006
0.08866359514000006
0.08875576108000006
0.08875576108000006
0.08884792702000005
0.08884792702000005
0.08884792702000005
0.08884792702000005
0.08884792702000005
0.08884792702000005
0.08884792702000005
0.08884792702000005
0.08884792702000005
0.08894009292000005
0.08894009292000005
0.08903225886000005
0.08903225886000005
0.08903225886000005
0.08903225886000005
0.08903225886000005
0.08903225886000005
0.08903225886000005
0.08903225886000005
0.08912442472000005
0.08921659062000005
0.08921659062000005
0.08930875656000005
0.08930875656000005
0.08930875656000005
0.08930875656000005
0.08930875656000005
0.08940092236000004
0.08940092236000004
0.08940092236000004
0.08949308836000004
0.08949308836000004
0.08958525426000005
0.08958525426000005
0.08967742020000005
0.08967742020000005
0.08976958606000003
0.08976958606000003
0.08967742026000006
0.08967742026000006
0.08967742026000006
0.08967742026000006
0.08967742026000006
0.08967742026000006
0.08967742026000006
0.08967742026000006
0.08967742026000006
0.08967742026000006
0.08976958620000004
0.08976958620000004
0.08976958620000004
0.08976958620000004
0.08976958620000004
0.08976958620000004
0.08976958620000004
0.08976958620000004
0.08976958620000004
0.08976958620000004
0.08976958620000004
0.08976958620000004
0.08976958620000004
0.08976958620000004
0.08976958620000004
0.08976958620000004
0.08976958620000004
0.08986175214000004
0.08986175214000004
0.08986175214000004
0.08995391804000005
0.09013824978000004
0.09013824978000004
0.09013824978000004
0.09013824978000004
0.09013824978000004
0.09004608384000004
0.09004608384000004
0.08995391784000004
0.08995391784000004
0.09004608374000003
0.09004608374000003
0.09004608374000003
0.09004608374000003
0.09004608374000003
