0.5426728199999998
0.5377880251999999
0.5261751235999998
0.5200921751999998
0.5206451717999999
0.5122580719999997
0.5058064597999998
0.49041475399999984
0.4742857188
0.4658064567999999
0.4512442437999998
0.43870968059999976
0.43695853079999986
0.43207373739999994
0.42608295639999993
0.4194470133999999
0.4125345681999999
0.40497696332000005
0.3982488531999999
0.3929032327999999
0.38866360140000006
0.3889400998
0.3863594510000001
0.38341014312
0.38036866891999993
0.37769585971999997
0.37400922351999993
0.3710599133999999
0.36571429136000005
0.3605530011600001
0.35603687408
0.35059908328000006
0.34516129687999997
0.34110599748000014
0.3376036916800001
0.3345622188800001
0.33032258660000013
0.32829493608000004
0.3251612941200001
0.3226728165200001
0.31953917544000016
0.31741936124000014
0.31502304672000014
0.31262673340000013
0.31041475208000013
0.30663595068000016
0.30322581316000013
0.3001843369200001
0.29806452112000015
0.29456221720000014
0.2922580691200002
0.28986175660000013
0.28755760848000017
0.2842396372800001
0.2823963184800001
0.28055300028000013
0.2778801890000001
0.27317972824000014
0.2713364094800001
0.2683871023800001
0.2663594522000001
0.2653456276000002
0.26451613420000014
0.2633179770000001
0.2618433220000001
0.2597235063200001
0.2581566862000001
0.2558525390000001
0.25207373608000005
0.2502304183800001
0.24682028086000002
0.24479262926000003
0.24248848246000004
0.23944700754000003
0.23732719162
0.23529954286000002
0.23382488702000007
0.23188940482000003
0.23050691574
0.22847926538000002
0.22691244485999995
0.22488479577999995
0.22304147886
0.22046083209999995
0.21953917349999993
0.21870968100000002
0.21751152436
0.21686636396
0.21658986508000003
0.21502304460000005
0.2143778833
0.21373272210000002
0.21345622362
0.21290322872000003
0.21262673100000004
0.21216590148000003
0.21124424204000003
0.21078341284000002
0.20976958684000008
0.20949309000000008
0.20829493368000007
0.20746544088000005
0.20682027936
0.20552995716000003
0.2037788048
0.20239631664000002
0.20156682296
0.20018433468000002
0.19732719199999998
0.1963133664
0.19382488679999996
0.19235023319999997
0.19087557851999995
0.18949309012
0.18783410352000002
0.18672811304
0.18571428824000002
0.18479262895999998
0.18405530191999997
0.18285714531999994
0.18230415011999995
0.1818433209
0.18156682309999997
0.1811059937
0.18073732958
0.1801843347
0.17963133849999996
0.17935484097999996
0.17880184577999997
0.1780645185
0.17741935761999997
0.17714285981999997
0.17649769773999996
0.17585253681999993
0.17502304421999995
0.17327189225999998
0.17207373541999998
0.17170507197999996
0.1703225831
0.16958525598
0.1681106023
0.16709677629999997
0.16580645455999998
0.16543779064
0.16516129276000002
0.16488479547999998
0.16387097067999995
0.16294931077999994
0.16193548629999996
0.16147465709999997
0.16046083232
0.15972350540000002
0.15907834428
0.15880184608
0.15806451895999998
0.15695852832
0.15677419644
0.15576037186000002
0.15474654688000003
0.15456221506
0.15382488744
0.15345622382000002
0.15290322896000003
0.15235023276000004
0.15179723706000003
0.15124424126000002
0.15059908026000002
0.14958525526000002
0.14921659168
0.14894009408
0.14866359640000001
0.1482027668
0.14764977192
0.14700461038
0.14682027868
0.14608295128000004
0.1457142878
0.14497696057999998
0.14470046267999997
0.14442396517999997
0.14350230598
0.14248848128
0.14184331966
0.14184331966
0.14138249058000002
0.14119815868
0.14110599308000002
0.14064516336
0.14046083176
0.13990783646
0.13953917296
0.13898617695999999
0.13880184526
0.13852534764000002
0.13843318196
0.13778802086000005
0.13741935686000004
0.13705069338
0.13668202978000002
0.13640553196000002
0.13622119968
0.13566820498
0.13529954109999998
0.13465437939999997
0.13428571588
0.13391705218
0.1335483889
0.13281106210000002
0.1325345645
0.1322580664
0.13225806650000002
0.13188940270000002
0.13170507080000002
0.13124424160000006
0.13115207590000005
0.13078341230000007
0.13059908040000004
0.13032258280000003
0.12995391920000005
0.12967742140000005
0.12894009444000004
0.12866359660000004
0.12866359652000003
0.12838709868000003
0.12829493278000004
0.12792626922000003
0.12764977172000003
0.12737327402
0.12718894182
0.12700461022000004
0.12691244442000002
0.12682027842000002
0.12672811250000002
0.12663594670000003
0.12663594670000003
0.12645161490000004
0.12626728330000003
0.12599078548
0.12543778998000005
0.12525345818000003
0.12479262876000005
0.12442396506000003
0.12442396506000003
0.12414746732000002
0.12396313542000001
0.12350230592000003
0.12294931062000003
0.12285714468000003
0.12267281288000005
0.12258064688000005
0.12258064688000005
0.12267281268000005
0.12230414918000006
0.12211981752000005
0.12202765162000005
0.12175115404000005
0.12165898814000004
0.12156682224000002
0.12147465624000002
0.12138249044000003
0.12129032464000006
0.12110599292000007
0.12110599292000007
0.12073732922000006
0.12064516354000006
0.12055299758000004
0.12036866548000003
0.12036866548000003
0.12018433368000002
0.12009216788000002
0.11981567008000002
0.11972350418000004
0.11935484068
0.11926267478000002
0.11907834278000001
0.11889401078
0.11861751312
0.11852534722000002
0.11843318132000002
0.11843318136000003
0.11834101516000002
0.11824884926000002
0.11741935674000001
0.11723502506000003
0.11723502436000002
0.11686636066000002
0.11686636056000001
0.11668202876000003
0.11631336516000003
0.11622119936000003
0.11612903356000003
0.11585253656000002
0.11585253656000002
0.11557603872000004
0.11539170632000002
0.11520737472000003
0.11511520872000004
0.11456221312000002
0.11465437902000002
0.11447004712
0.11456221312000002
0.11447004712000002
0.11410138382000003
0.11373272032000002
0.11354838872000003
0.11345622272000006
0.11336405652000005
0.11299539332000004
0.11253456372000004
0.11244239792000003
0.11235023192000003
0.11207373442000003
0.11188940262000005
0.11152073882000005
0.11133640742000005
0.11069124582000005
0.11050691382000004
0.11032258202000003
0.10976958682000004
0.10930875722000004
0.10912442582000002
0.10884792782000004
0.10875576192000004
0.10838709852000004
0.10820276668000005
0.10783410308000003
0.10774193708000004
0.10755760548000005
0.10728110768000004
0.10709677598000003
0.10691244388000003
0.10682027820000004
0.10672811208000002
0.10654378018000003
0.10645161428000001
0.10599078492000004
0.10580645320000004
0.10571428740000004
0.10543778948000002
0.10525345760000002
0.10488479380000001
0.1047004619
0.1046082961
0.10442396440000001
0.1043317985
0.1043317985
0.10387096920000001
0.10377880340000001
0.1037788035
0.1035944715
0.1035944715
0.1035023056
0.1034101397
0.1034101397
0.10331797380000002
0.10313364196000002
0.10304147612000003
0.10285714422000003
0.10285714422000003
0.10276497832000003
0.10267281242000005
0.10248848058000005
0.10239631468000004
0.10230414878000005
0.10211981702000004
0.10211981702000004
0.10221198296000004
0.10211981706000003
0.10211981726000002
0.10211981726000002
0.10202765136000004
0.10211981716000001
0.10202765126000003
0.10193548536000002
0.10184331956000003
0.10184331956000003
0.10175115362000003
0.10165898782000005
0.10156682182000004
0.10156682192000005
0.10119815828000006
0.10101382652000007
0.10082949472000005
0.10073732862000005
0.10055299692000007
0.10036866516000006
0.10027649936000006
0.10009216752000005
0.10009216752000005
0.10009216752000005
0.10009216752000005
0.09990783568000004
0.09990783568000004
0.09990783568000004
0.09990783568000004
0.09990783568000004
0.09990783568000004
0.09981566974000003
0.09953917214000002
0.09953917214000002
0.09944700628000001
0.09935484042000002
0.09935484042000002
0.09926267452000002
0.09926267452000002
0.09926267452000002
0.09926267452000002
0.09898617692000006
0.09898617682000005
0.09898617682000005
0.09898617682000005
0.09898617682000005
0.09889401092000005
0.09880184502000004
0.09889401088000005
0.09889401088000005
0.09889401088000005
0.09870967898000003
0.09880184492000003
0.09880184492000003
0.09870967898000003
0.09870967898000003
0.09861751318000003
0.09852534728000004
0.09852534728000004
0.09843318138000004
0.09824884950000005
0.09824884960000003
0.09824884960000003
0.09834101546000004
0.09834101546000004
0.09834101546000004
0.09824884956000003
0.09815668356000003
0.09815668356000003
0.09815668356000003
0.09797235176000005
0.09797235176000005
0.09788018592000006
0.09778802012000007
0.09778802008000007
0.09778802008000007
0.09769585418000007
0.09769585418000007
0.09769585418000007
0.09760368818000006
0.09760368818000006
0.09732719052000005
0.09723502462000005
0.09705069274000007
0.09714285864000008
0.09714285864000008
0.09714285864000008
0.09714285864000008
0.09695852684000007
0.09695852684000007
0.09677419504000008
0.09677419504000008
0.09677419504000008
0.09677419504000008
0.09649769738000008
0.09649769738000008
0.09649769738000008
0.09649769738000008
0.09649769738000008
0.0964055314800001
0.0963133655400001
0.0963133655400001
0.0962211996000001
0.0962211996000001
0.0962211996000001
0.0961290336600001
0.09603686780000009
0.09576037010000008
0.09585253604000007
0.09594470194000007
0.09594470194000007
0.09594470194000007
0.09576037010000008
0.09576037010000008
0.09576037010000008
0.09576037010000008
0.09576037010000008
0.09548387240000007
0.09548387240000007
0.09548387236000008
0.09566820420000008
0.09576037006000007
0.09566820420000008
0.09557603830000007
0.09566820420000008
0.09566820420000008
0.09576037006000009
0.09576037006000009
0.09566820420000008
0.09557603826000008
0.09557603826000008
0.09557603826000008
0.09557603830000007
0.09548387240000007
0.09548387240000007
0.09539170654000007
0.09539170654000007
0.09539170654000007
0.09529954060000007
0.09529954060000007
0.09529954060000007
0.09511520884000006
0.09511520884000006
0.09502304294000007
0.09483871114000006
0.09483871114000006
0.09483871114000006
0.09474654524000008
0.09474654524000008
0.09474654524000008
0.09474654524000008
0.09474654524000008
0.09465437924000009
0.09465437924000009
0.09465437924000009
0.09456221338000008
0.09456221338000008
0.09456221338000008
0.09456221338000008
0.09447004758000008
0.09447004758000008
0.09447004758000008
0.09447004744000008
0.09447004744000008
0.09447004744000008
0.09437788158000007
0.09428571572000007
0.09428571572000007
0.09428571572000007
0.09428571572000007
0.09428571572000007
0.09428571572000007
0.09419354982000007
0.09428571568000008
0.09428571568000008
0.09419354978000007
0.09419354978000007
0.09419354978000007
0.09410138388000007
0.09391705208000006
0.09382488614000006
0.09373272024000005
0.09373272024000005
0.09373272024000005
0.09373272024000005
0.09382488614000006
0.09391705204000007
0.09391705204000007
0.09391705204000007
0.09391705204000007
0.09391705204000007
0.09382488614000009
0.09382488614000009
0.09382488614000009
0.09373272020000009
0.09364055430000008
0.09364055430000008
0.09364055440000009
0.09364055440000009
0.0937327203000001
0.09364055440000009
0.09364055440000009
0.09364055440000009
0.09364055440000009
0.09364055440000009
0.09364055440000009
0.09364055440000009
0.0935483885000001
0.0935483885000001
0.0935483885000001
0.0935483885000001
0.0935483885000001
0.0935483885000001
0.0935483885000001
0.0935483885000001
0.09354838846000009
0.09354838846000009
0.09354838846000009
0.09354838846000009
0.09345622252000009
0.09345622252000009
0.09345622252000009
0.09336405662000008
0.09336405662000008
0.09336405662000008
0.09327189072000007
0.09317972478000007
0.09317972478000007
0.09317972478000007
0.09317972478000007
0.09308755892000008
0.09290322702000006
0.09299539302000007
0.09290322708000007
0.09290322708000007
0.09290322708000007
0.09299539302000007
0.09308755896000007
0.09308755896000007
0.09308755896000007
0.09308755896000007
0.09308755896000007
0.09308755896000007
0.09281106106000006
0.09271889486000007
0.09271889486000007
0.09262672896000006
0.09262672896000006
0.09262672896000006
0.09253456376000006
0.09253456376000006
0.09235023136000006
0.09235023136000006
0.09235023136000006
0.09225806576000005
0.09225806576000005
0.09225806576000005
0.09216589986000007
0.09216589986000007
0.09216589986000007
0.09216589986000007
0.09207373392000008
0.09207373392000008
0.09198156806000007
0.09198156806000007
0.09198156806000007
0.09198156806000007
0.09198156806000007
0.09198156806000007
0.09188940206000007
0.09179723606000006
0.09188940200000006
0.09198156794000006
0.09198156794000006
0.09198156794000006
0.09188940204000007
0.09179723610000007
0.09179723610000007
0.09179723610000007
0.09170507010000006
0.09161290470000007
0.09161290470000007
0.09170507010000006
0.09124424064000007
0.09105990904000005
0.09105990904000005
0.09059907924000006
0.09059907924000006
0.09059907924000006
0.09059907924000006
0.09050691384000005
0.09013825024000006
0.09013825024000006
0.09004608424000006
0.08967742070000005
0.08958525470000005
0.08940092290000004
0.08921659110000006
0.08903225930000006
0.08857142970000005
0.08838709810000005
0.08801843430000006
0.08811060020000007
0.08764977080000007
0.08774193666000006
0.08774193666000006
0.08755760486000007
0.08746543906000007
0.08728110718000007
0.08728110718000007
0.08718894126000006
0.08709677534000006
0.08700460946000006
0.08700460940000006
0.08691244352000008
0.08682027752000007
0.08663594586000006
0.08645161406000006
0.08635944826000007
0.08626728226000006
0.08626728226000006
0.08617511636000005
0.08617511636000005
0.08617511636000005
0.08608295046000006
0.08608295046000006
0.08599078446000005
0.08580645276000005
0.08571428690000005
0.08580645270000005
0.08580645270000005
0.08571428690000005
0.08571428690000005
0.08571428690000005
0.08571428690000005
0.08562212100000005
0.08562212100000005
0.08562212100000005
0.08562212100000005
0.08562212100000005
0.08562212100000005
0.08552995510000005
0.08543778920000006
0.08543778920000006
0.08543778920000006
0.08552995514000006
0.08552995514000006
0.08543778928000006
0.08543778928000006
0.08543778928000006
0.08543778928000006
0.08534562334000008
0.08534562334000008
0.08534562334000008
0.08534562334000008
0.08534562334000008
0.08534562334000008
0.08534562334000008
0.08543778924000006
0.08543778924000006
0.08543778924000006
0.08543778924000006
0.08552995518000006
0.08543778924000006
0.08543778924000006
0.08543778924000006
0.08543778924000006
0.08543778924000006
0.08543778924000006
0.08534562334000008
0.08534562334000008
0.08543778928000006
0.08562212108000007
0.08562212108000007
0.08552995522000009
0.08552995522000009
0.08562212112000007
0.08571428706000007
0.08571428706000007
0.08571428706000007
0.08571428706000007
0.08571428706000007
0.08571428706000007
0.08571428706000007
0.08571428706000007
0.08571428706000007
0.08580645300000007
0.08580645300000007
0.08571428710000006
0.08571428710000006
0.08571428710000006
0.08571428710000006
0.08571428710000006
0.08571428710000006
0.08562212120000007
0.08552995530000007
0.08552995530000007
0.08552995530000007
0.08562212116000006
0.08562212116000006
0.08562212116000006
0.08562212116000006
0.08562212116000006
0.08562212116000006
0.08562212116000006
0.08562212116000006
0.08562212116000006
0.08552995526000007
0.08562212116000008
0.08562212116000008
0.08562212116000008
0.08562212116000008
0.08562212116000008
0.08562212116000008
0.08562212116000008
0.08562212116000008
0.08562212116000008
0.08562212116000008
0.08562212116000008
0.08562212116000008
0.08562212116000008
0.08562212116000008
0.08562212116000008
0.08562212116000008
0.08562212116000008
0.08562212116000008
0.08562212116000008
0.08562212116000008
0.08562212116000008
0.08562212116000008
0.08562212116000008
0.08562212116000008
0.08562212116000008
0.08562212116000008
0.08571428706000007
0.08571428706000007
0.08571428706000007
0.08562212112000007
0.0857142870200001
0.08580645288000008
0.08580645288000008
0.08580645288000008
0.08571428694000009
0.08571428694000009
0.08571428694000009
0.08571428694000009
0.08571428694000009
0.08571428694000009
0.08571428694000009
0.08571428694000009
0.08571428694000009
0.08571428694000009
0.08571428694000009
0.08571428694000009
0.08571428694000009
0.08571428694000009
0.08571428694000009
0.08571428694000009
0.08571428694000009
0.08571428694000009
0.08571428694000009
0.08571428694000009
0.08571428694000009
0.08562212100000009
0.08562212100000009
0.08562212100000009
0.08562212100000009
0.08562212100000009
0.08562212100000009
0.08562212100000009
0.08562212100000009
0.08562212100000009
0.08562212100000009
0.08562212100000009
0.08562212100000009
0.08562212100000009
0.0857142868600001
0.0857142868600001
0.0857142868600001
0.0857142868600001
0.0857142868600001
0.0857142868600001
0.0857142868600001
0.0857142868600001
0.0857142868600001
0.0857142868600001
0.0857142868600001
0.0857142868600001
0.0857142868600001
0.0857142868600001
0.08562212096000009
0.08562212096000009
0.08562212096000009
0.08562212096000009
0.08562212096000009
0.08562212096000009
0.08562212096000009
0.08562212096000009
0.08562212096000009
0.08552995502000009
0.08552995502000009
0.0854377891600001
0.0854377891600001
0.0854377891600001
0.0854377891600001
0.08552995506000009
0.08552995506000009
0.08552995506000009
0.08552995506000009
0.0854377892000001
0.0854377892000001
0.08534562334000009
0.08534562334000009
0.08534562334000009
0.0852534574400001
0.0852534574400001
0.0852534574400001
0.0852534574400001
0.0852534574400001
0.0852534574400001
0.0852534574400001
0.0852534574400001
0.0852534574400001
0.0853456233800001
0.0853456233800001
0.0853456233800001
0.0853456233800001
0.0853456233800001
0.0853456233800001
0.0853456233800001
0.0853456233800001
0.0853456233800001
0.0852534574400001
0.0852534574400001
0.0852534574400001
0.0852534574400001
0.0853456233800001
0.0854377893200001
0.0854377893200001
0.0854377893200001
0.0854377893200001
0.0855299552600001
0.0855299552600001
0.0855299552600001
0.0855299552600001
0.0855299552600001
0.0855299552600001
0.08562212116000008
0.08562212116000008
0.08562212116000008
0.08562212116000008
0.08562212116000008
0.0857142870200001
0.0857142870200001
0.0857142870200001
0.0857142870200001
0.0857142870200001
0.0857142870200001
0.0857142870200001
0.0857142870200001
0.0857142870200001
0.0857142870200001
0.0857142870200001
0.0857142870200001
0.0857142870200001
0.0857142870200001
0.0857142870200001
0.0857142870200001
0.0857142870200001
0.0857142870200001
0.0857142870200001
0.0857142870200001
0.0857142870200001
0.0857142870200001
0.0857142870200001
0.0857142870200001
0.0857142870200001
0.0857142870200001
0.0857142870200001
0.0857142870200001
0.08580645288000008
0.08580645288000008
0.08580645288000008
0.08580645288000008
0.08580645288000008
0.08589861882000008
0.08589861882000008
0.08589861882000008
0.08589861882000008
0.08589861882000008
0.08589861882000008
0.08589861882000008
0.08589861882000008
0.08589861882000008
0.08589861882000008
0.08589861882000008
0.08589861882000008
0.08589861882000008
0.08589861882000008
0.08589861882000008
0.08580645288000008
0.08580645288000008
0.08580645288000008
0.08580645288000008
0.08580645288000008
0.08580645288000008
0.08580645288000008
0.08580645288000008
0.08580645288000008
0.08580645288000008
0.08580645288000008
0.08580645288000008
0.08580645288000008
0.08580645288000008
0.08580645288000008
0.08580645288000008
0.08580645288000008
0.08580645288000008
0.08580645288000008
0.08580645288000008
0.08580645288000008
0.08580645288000008
0.08580645288000008
0.08580645288000008
0.08589861882000008
0.08589861882000008
0.08589861882000008
0.08589861882000008
0.08589861882000008
0.08589861882000008
0.08589861882000008
0.08589861882000008
0.08589861882000008
0.08589861882000008
0.08589861882000008
