0.5293087625999998
0.4302304172
0.3741935494
0.35778802039999996
0.3345622128000001
0.30967741979999996
0.2824884805199999
0.2550230438
0.22479262759999996
0.20368663547999996
0.18737327340000004
0.173917051
0.16350230540000005
0.15483871208000002
0.14820276647999997
0.14119815803999997
0.13686635944000003
0.13410138384000006
0.13069124572000002
0.12884792711999998
0.12672811216
0.12460829544000006
0.12313364140000005
0.12184331864000005
0.12009216704000003
0.11870967824
0.11723502364000003
0.11585253524
0.11502304188
0.11400921687999999
0.11281106056000001
0.11078341054000002
0.10995391734
0.10866359503999996
0.10801843315999998
0.10700460851999997
0.10534562256
0.10479262694
0.10387096812000003
0.10313364116000001
0.10230414804000003
0.10184331884000003
0.10082949346000003
0.09981566866000004
0.09889400974000001
0.09861751196000001
0.09788018518000001
0.09714285792000002
0.09640553040000001
0.09539170580000002
0.09502304220000005
0.09447004650000004
0.09382488527999999
0.09317972438
0.0927188952
0.09207373378000001
0.09179723618
0.0910599088
0.09059907910000002
0.08976958606
0.08894009293999998
0.08857142929999999
0.08792626842
0.08728110723999999
0.08654378013999998
0.08608295043999999
0.08552995486000001
0.08506912526
0.08451613006
0.08414746646000001
0.08313364176000002
0.08267281206000002
0.08230414822000003
0.08211981642000002
0.08129032362000002
0.08082949382000003
0.08073732782000002
0.08009216674000003
0.07917050764000005
0.07907834164000005
0.07861751240000006
0.07834101480000004
0.07778801930000004
0.07760368764000003
0.07695852624000003
0.07668202824000002
0.07622119894000001
0.07566820376000001
0.07511520806000001
0.07474654426000002
0.07437788066
0.07382488516000002
0.07308755806000003
0.07271889446000002
0.07244239666000003
0.07207373286000002
0.07179723496000003
0.07142857136000001
0.07096774196000001
0.07032258052000002
0.06967741932000003
0.06921659018000001
0.06884792678000003
0.06847926314000002
0.06792626810000003
0.06764977060000002
0.06737327300000003
0.06682027764000002
0.06672811144000003
0.06654377964000002
0.06672811152000002
0.06645161378000002
0.06635944778000004
0.06617511608000001
0.06571428664000002
0.06534562296000003
0.06497695916000004
0.06470046146000004
0.06451612966000005
0.06405530008000004
0.06396313418000003
0.06350230438000003
0.06331797278000002
0.06285714304000004
0.06285714314000003
0.06267281144000003
0.062488479740000026
0.06239631384000002
0.06193548432000002
0.06175115252000002
0.06147465492000002
0.061198157460000034
0.06129032332000002
0.06101382566000003
0.06082949372000002
0.06082949358000003
0.060460830080000035
0.06027649828000003
0.05990783462000003
0.06009216632000003
0.059631336640000025
0.05917050700000002
0.059262672960000026
0.05889400926000003
0.058709677660000036
0.05852534572000003
0.058248848080000026
0.05806451628000002
0.05806451628000002
0.057788018580000024
0.057327188840000015
0.057327188840000015
0.057235022900000015
0.05714285696000001
0.05732718880000001
0.05723502298000001
0.05732718888000001
0.05695852524000003
0.05677419344000003
0.05649769578000004
0.05612903228000003
0.05594470048000003
0.05576036860000002
0.05566820260000002
0.055760368580000025
0.05566820272000002
0.05557603684000003
0.055299539240000015
0.05502304160000002
0.05511520754000001
0.054746544040000004
0.05474654404000002
0.05465437818000002
0.054562212280000015
0.05428571450000001
0.05410138274
0.05373271914000001
0.05373271914000001
0.05382488504000001
0.05373271918000001
0.05382488504000001
0.05373271910000001
0.05364055324000003
0.053456221400000024
0.05327188964000003
0.05327188964000003
0.05327188964000003
0.05299539190000003
0.05281106000000002
0.052718894100000024
0.05262672820000002
0.05262672816000002
0.052534562220000025
0.052626728080000025
0.052626728080000025
0.052626728080000025
0.05253456218000002
0.05262672812000003
0.05271889398000003
0.052718893980000014
0.05271889390000001
0.05262672804000001
0.05262672804000001
0.05262672804000001
0.05262672804000001
0.05253456214000002
0.05244239620000001
0.052534562100000015
0.05235023034000002
0.05235023034000002
0.05235023034000002
0.05244239628000002
0.05244239628000002
0.05225806452000002
0.05235023042000002
0.05225806448000002
0.05225806448000002
0.052350230420000025
0.05244239636000003
0.05235023046000003
0.05244239640000003
0.05244239644000002
0.052258064740000026
0.052258064780000016
0.052258064780000016
0.052258064780000016
0.052258064780000016
0.052165898920000016
0.05225806482000001
0.05216589896000002
0.052073733020000026
0.052073733020000026
0.052165898880000026
0.05207373298000002
0.05198156708000003
0.05198156708000003
0.05198156708000003
0.05188940114000003
0.05188940114000003
0.051889401100000024
0.05179723516000003
0.051889401060000034
0.05179723516000003
0.05170506922000003
0.05170506922000003
0.05170506922000003
0.05170506922000003
0.05161290328000003
0.05161290328000003
0.05152073746000003
0.05152073746000003
0.05161290340000003
0.05179723512000003
0.05179723512000003
0.05188940106000002
0.05188940106000002
0.05188940106000002
0.05198156700000002
0.05198156700000002
0.05188940106000002
0.05188940106000002
0.05179723512000003
0.05188940106000002
0.05188940106000002
0.05188940106000002
0.05179723520000002
0.05179723520000002
0.05179723520000002
0.05179723520000002
0.051612903360000024
0.05152073742000002
0.05152073738000002
0.05142857152000002
0.05142857152000002
0.05142857152000002
0.05133640558000002
0.05133640558000002
0.05133640558000002
0.05133640558000002
0.05115207378000003
0.05115207378000003
0.05115207378000003
0.051059907880000026
0.050967742020000026
0.050875576080000026
0.05078341018000002
0.05078341018000002
0.050691244240000016
0.050691244240000016
0.050691244240000016
0.050691244240000016
0.05041474650000002
0.05041474650000002
0.05032258064000002
0.05032258064000002
0.05023041478000002
0.05023041478000002
0.05013824892000002
0.05013824892000002
0.05013824892000002
0.05013824892000002
0.05013824892000002
0.05013824892000002
0.050046083020000014
0.04995391712000001
0.04986175118000001
0.04986175118000001
0.049953917080000014
0.049953917080000014
0.049953917080000014
0.049953917080000014
0.04986175118000001
0.04986175118000001
0.049769585280000014
0.04967741938000001
0.04967741938000001
0.04967741938000001
0.04967741938000001
0.04958525344000002
0.04949308750000002
0.04949308750000002
0.04949308750000002
0.049585253440000025
0.049585253440000025
0.049677419300000025
0.049585253440000025
0.049585253440000025
0.049585253520000025
0.04930875570000002
0.04921658976000001
0.04921658976000001
0.04921658976000001
0.04921658976000001
0.04921658976000001
0.04921658976000001
0.04921658976000001
0.04921658976000001
0.04921658976000001
0.04921658976000001
0.04912442382000002
0.04912442382000002
0.04912442382000002
0.04912442382000002
0.04912442382000002
0.04912442382000002
0.04912442382000002
0.04912442382000002
0.04912442382000002
0.04912442382000002
0.04912442382000002
0.04912442382000002
0.04912442382000002
0.04912442382000002
0.04912442382000002
0.04912442382000002
0.04912442382000002
0.04903225796000002
0.04903225796000002
0.04903225796000002
0.049124423860000016
0.049124423860000016
0.049124423860000016
0.049124423860000016
0.049124423860000016
0.049124423860000016
0.04921658976000001
0.04921658976000001
0.04921658976000001
0.04921658976000001
0.04921658976000001
0.04930875570000001
0.04930875570000001
0.04930875570000001
0.04921658984000001
0.04921658984000001
0.04921658984000001
0.04930875570000001
0.04940092164000002
0.04940092164000002
0.04930875570000001
0.04930875570000001
0.04930875570000001
0.04930875570000001
0.04930875570000001
0.04930875570000001
0.04930875570000001
0.04930875570000001
0.04921658984000001
0.04921658984000001
0.04921658984000001
0.04912442390000002
0.04912442390000002
0.04912442390000002
0.04912442390000002
0.04903225796000001
0.04903225796000001
0.04903225796000001
0.04903225796000001
0.04903225796000001
0.04903225796000001
0.04903225796000001
0.04903225796000001
0.04903225796000001
0.049032258040000005
0.049032258040000005
0.04912442398000001
0.04912442398000001
0.04912442398000001
0.04912442398000001
0.049032258040000005
0.049032258040000005
0.04894009210000001
0.04903225796000001
0.049124423860000016
0.049124423860000016
0.049124423860000016
0.048940092140000016
0.048847926280000016
0.048847926280000016
0.048847926280000016
0.048847926280000016
0.04894009222000001
0.04884792636000001
0.04875576050000001
0.04875576050000001
0.04875576050000001
0.04875576050000001
0.04875576050000001
0.048847926400000005
0.048847926400000005
0.048847926400000005
0.048847926400000005
0.048847926400000005
0.04894009230000001
0.04894009230000001
0.04894009230000001
0.04894009230000001
0.04894009230000001
0.04903225820000001
0.04903225820000001
0.04903225820000001
0.04903225820000001
0.04903225820000001
0.04903225820000001
0.04903225820000001
0.04903225820000001
0.04903225820000001
0.04903225820000001
0.04903225820000001
0.04903225820000001
0.04912442406000001
0.04912442406000001
0.04912442406000001
0.04912442406000001
0.04912442406000001
0.04903225820000001
0.04894009234000001
0.04894009234000001
0.04894009234000001
0.04894009234000001
0.04894009234000001
0.04894009234000001
0.04884792648000001
0.04884792648000001
0.04894009234000001
0.04894009234000001
0.04903225824000001
0.04903225824000001
0.04903225824000001
0.04903225824000001
0.04903225824000001
0.04903225824000001
0.04903225824000001
0.04903225824000001
0.04903225824000001
0.04903225824000001
0.04903225824000001
0.04912442410000001
0.04912442410000001
0.04912442410000001
0.04912442410000001
0.04912442410000001
0.04912442410000001
0.04912442410000001
0.04921658996000001
0.04921658996000001
0.04921658996000001
0.04921658996000001
0.04921658996000001
0.04921658996000001
0.04921658996000001
0.04921658996000001
0.04921658996000001
0.04921658996000001
0.04921658996000001
0.04912442402000001
0.04912442402000001
0.04912442402000001
0.04921658988000001
0.04921658988000001
0.04921658988000001
0.04921658988000001
0.04921658988000001
0.04921658988000001
0.04921658988000001
0.04930875578000001
0.04930875578000001
0.04930875578000001
0.04940092164000001
0.04940092164000001
0.04940092164000001
0.04940092164000001
0.04940092164000001
0.04940092164000001
0.04940092164000001
0.04940092164000001
0.04940092164000001
0.04940092164000001
0.04940092164000001
0.04940092164000001
0.04940092164000001
0.04940092164000001
0.04949308750000001
0.04958525336000001
0.04967741922000001
0.049769585160000004
0.049677419300000004
0.049677419300000004
0.049677419300000004
0.049677419300000004
0.049677419300000004
0.049677419300000004
0.049677419300000004
0.049677419300000004
0.049677419300000004
0.049677419300000004
0.049677419300000004
0.049677419300000004
0.049677419300000004
0.049677419300000004
0.049677419300000004
0.049677419300000004
0.049677419300000004
0.049585253440000004
0.049585253440000004
0.049585253440000004
0.04967741938000001
0.04967741938000001
0.04967741938000001
0.04967741938000001
0.04967741938000001
0.04976958528000001
0.04976958528000001
0.04976958528000001
0.04976958528000001
0.04976958528000001
0.04976958528000001
0.04976958528000001
0.04976958528000001
0.04976958528000001
0.04976958528000001
0.04976958528000001
0.04976958528000001
0.04976958528000001
0.04976958528000001
0.04976958528000001
0.04976958528000001
0.04976958528000001
0.04976958528000001
0.04976958528000001
0.04976958528000001
0.04986175114000001
0.04986175114000001
0.04986175114000001
0.04986175114000001
0.04986175114000001
0.04986175114000001
0.04986175114000001
0.04986175114000001
0.04995391700000001
0.04995391700000001
0.04995391700000001
0.05004608286000001
0.05004608286000001
0.05004608286000001
0.05004608286000001
0.05004608286000001
0.05004608286000001
0.05004608286000001
0.05004608286000001
0.05004608286000001
0.05004608286000001
0.05004608286000001
0.05004608286000001
0.05013824872000001
0.05013824872000001
0.05013824872000001
0.05013824872000001
0.05013824872000001
0.05013824872000001
0.05013824872000001
0.05013824872000001
0.05013824872000001
0.05013824872000001
0.05013824872000001
0.05013824872000001
0.05013824872000001
0.05023041462000001
0.05023041462000001
0.05023041462000001
0.05023041462000001
0.05023041462000001
0.050322580520000014
0.050322580520000014
0.050322580520000014
0.050322580520000014
0.050322580520000014
0.050322580520000014
0.050322580520000014
0.050322580520000014
0.050322580520000014
0.050414746380000014
0.050414746380000014
0.050414746380000014
0.050506912320000014
0.050599078260000006
0.050599078260000006
0.050599078260000006
0.050599078260000006
0.050599078260000006
0.050599078260000006
0.050691244120000006
0.050691244120000006
0.050691244120000006
0.050691244120000006
0.050783410060000006
0.050783410060000006
0.050783410060000006
0.050783410060000006
0.050783410060000006
0.050783410060000006
0.050783410060000006
0.050783410060000006
0.050783410060000006
0.050783410060000006
0.050783410060000006
0.050783410060000006
0.050783410060000006
0.050875576000000006
0.05096774186
0.05096774186
0.05096774186
0.05096774186
0.05096774186
0.0511520737
0.05124423956
0.05124423956
0.05124423956
0.0513364055
0.0513364055
0.0513364055
0.0513364055
0.0513364055
0.0512442396
0.0512442396
0.0512442396
0.0512442396
0.0512442396
0.0512442396
0.05133640546
0.05133640546
0.05142857136
0.05133640542
0.05133640542
0.05133640542
0.051244239520000005
0.051244239520000005
0.051244239520000005
0.051244239520000005
0.051244239520000005
0.051244239520000005
0.051244239520000005
0.05142857128
0.05142857128
0.05152073722000001
0.05152073722000001
0.05161290316000001
0.05170506902000001
0.05170506902000001
0.05170506902000001
0.05170506902000001
0.05170506902000001
0.05170506902000001
0.05170506902000001
0.05170506902000001
0.05170506902000001
0.05170506902000001
0.05179723488000001
0.05179723488000001
0.05179723488000001
0.05179723488000001
0.05179723488000001
0.05179723488000001
0.05179723488000001
0.05179723488000001
0.05179723488000001
0.05179723488000001
0.05179723488000001
0.05179723488000001
0.05179723488000001
0.05179723488000001
0.05188940078
0.05188940078
0.05188940078
0.05198156664
0.05198156664
0.05198156664
0.05198156664
0.05198156664
0.05198156664
0.05198156664
0.05198156664
0.05198156664
0.05198156664
0.05198156664
0.05198156664
0.05198156664
0.05198156664
0.05198156664
0.05198156664
0.05198156664
0.05198156664
0.05198156664
0.05198156664
0.05198156664
0.05198156664
0.05198156664
0.05198156664
0.052073732580000004
0.052073732580000004
0.052073732580000004
0.052073732580000004
0.052073732580000004
0.052073732580000004
0.052165898520000004
0.052165898520000004
0.05225806446000001
0.05225806446000001
0.05225806446000001
0.05225806446000001
0.05225806446000001
0.05225806446000001
0.05225806446000001
0.05225806446000001
0.052350230360000014
0.052350230360000014
0.052350230360000014
0.052350230360000014
0.052350230360000014
0.052350230360000014
0.052350230360000014
0.052350230360000014
0.052350230360000014
0.05244239626
0.05244239626
0.05244239626
0.05244239626
0.05244239626
0.05262672800000002
0.05262672800000002
0.05262672800000002
0.05262672800000002
0.05271889386000002
0.05271889386000002
0.05271889386000002
0.05271889386000002
0.05281105980000001
0.05281105980000001
0.05281105980000001
0.05281105980000001
0.05281105980000001
0.05281105980000001
0.05281105980000001
0.05290322574000002
0.05299539168000002
0.05299539160000002
0.05308755754000002
0.05317972348000002
0.05317972348000002
0.05317972348000002
0.05317972348000002
0.05317972348000002
0.05317972348000002
0.05317972348000002
0.05317972348000002
0.05317972348000002
0.05327188938000002
0.05327188938000002
0.05327188938000002
0.05327188938000002
0.05327188938000002
0.05327188938000002
0.05327188938000002
0.05327188938000002
0.05327188938000002
0.05327188938000002
0.05327188938000002
0.05336405532000001
0.05336405532000001
0.05336405532000001
0.05336405532000001
0.05336405532000001
0.05336405532000001
0.053456221220000016
0.05354838712000001
0.05364055298000001
0.05364055298000001
0.05364055298000001
0.05364055298000001
0.05364055298000001
0.05364055298000001
0.05364055298000001
0.05364055298000001
0.05364055298000001
0.05364055298000001
0.05364055298000001
0.05364055298000001
0.05364055298000001
0.05364055298000001
0.05364055298000001
0.05364055298000001
0.05364055298000001
0.05364055298000001
0.05364055298000001
0.05364055298000001
0.05373271892000002
0.05373271892000002
0.05382488482000001
0.05382488482000001
0.05382488482000001
0.05382488482000001
0.05382488482000001
0.05382488482000001
0.05382488482000001
0.05382488482000001
0.05382488482000001
0.05382488482000001
0.05382488482000001
0.05382488482000001
0.05382488482000001
0.05382488482000001
0.05382488482000001
0.053917050760000015
0.053917050760000015
0.053917050760000015
0.053917050760000015
0.053917050760000015
0.053917050760000015
0.053917050760000015
0.053917050760000015
0.053917050760000015
0.053917050760000015
0.053917050760000015
0.054009216700000015
0.054009216700000015
0.054009216700000015
0.054009216700000015
0.054101382560000015
0.054101382560000015
0.054101382560000015
0.05400921666000002
0.05400921666000002
0.05400921666000002
0.05400921666000002
0.05400921666000002
0.05410138252000002
0.05410138252000002
0.05410138252000002
0.054193548420000015
0.054193548420000015
0.054193548420000015
0.054193548420000015
0.054193548420000015
0.054193548420000015
0.054193548420000015
0.054193548420000015
0.054193548420000015
0.054193548420000015
0.054193548420000015
0.054193548420000015
0.05428571422000002
0.054377880160000024
0.054377880160000024
0.054377880160000024
0.054377880160000024
0.054377880160000024
0.054470046020000024
0.05456221196000002
0.05456221196000002
0.05456221196000002
0.05465437786000003
0.05465437786000003
0.05465437786000003
0.05465437786000003
0.05465437786000003
0.05465437786000003
0.05465437786000003
0.05465437786000003
0.05465437786000003
0.05465437786000003
0.05465437786000003
0.05465437786000003
0.05465437786000003
0.05465437786000003
0.05465437786000003
0.05465437786000003
0.054746543720000033
0.054746543720000033
0.054746543720000033
0.054746543720000033
0.054654377860000034
0.05474654380000003
0.05474654380000003
0.05474654380000003
0.05474654380000003
0.05474654380000003
0.05474654380000003
0.05474654380000003
0.05474654380000003
0.05483870966000003
0.05483870966000003
0.05483870966000003
0.054930875600000026
0.054930875600000026
0.054930875600000026
0.054930875600000026
0.054930875600000026
0.054930875600000026
0.054930875600000026
0.054930875600000026
0.054930875600000026
0.054930875600000026
0.054930875600000026
0.054930875600000026
0.054930875600000026
0.05502304150000002
0.05502304150000002
0.05502304150000002
0.055115207300000024
0.055115207300000024
0.055115207300000024
0.055115207300000024
0.055115207300000024
0.055115207300000024
0.055115207300000024
0.055115207300000024
0.055115207300000024
0.055115207300000024
0.055115207300000024
0.055115207300000024
0.055115207300000024
0.055115207300000024
0.055115207300000024
0.055115207300000024
0.055115207300000024
0.055115207300000024
0.055115207300000024
0.055115207300000024
0.055115207300000024
0.055115207300000024
0.055115207300000024
0.05502304136000003
0.05502304136000003
0.05502304136000003
0.05502304136000003
0.05502304136000003
0.05511520726000002
0.05511520726000002
0.05520737320000003
0.05520737320000003
0.05520737320000003
0.05520737320000003
0.05520737320000003
0.05520737320000003
0.05520737320000003
0.05520737320000003
0.05520737320000003
0.05520737320000003
0.05520737320000003
0.05520737320000003
0.05520737320000003
0.05520737320000003
0.05520737320000003
0.05520737320000003
0.05529953914000003
0.05529953914000003
0.05539170504000003
0.05539170504000003
0.05539170504000003
0.05539170504000003
0.05539170504000003
