0.5301382559999999
0.5031336463999998
0.451244245
0.42552995839999985
0.4156682097999999
0.4058986222
0.3987096837999999
0.3864516202
0.3697695908
0.34976958928000007
0.33078341580000015
0.3154838761200001
0.3029493155200001
0.2925345679200001
0.28082949816
0.27373272372000007
0.26414746796000005
0.25585253840000005
0.24599078750000003
0.23548387474000004
0.22617511896000006
0.2175115244000001
0.21290322916000007
0.20783410428
0.20377880490000005
0.20101382726000006
0.19788018780000002
0.19317972576000003
0.18894009480000004
0.18645161556
0.18470046408000002
0.18156682344
0.18000000281999998
0.1787096797
0.17714285916000003
0.17520737533999997
0.17502304353999995
0.17428571643999993
0.17281106227999996
0.17216590079999997
0.17087557879999998
0.16958525583999998
0.16912442603999994
0.16820276726
0.16718894248
0.16534562485999996
0.16359447243999997
0.16184332023999992
0.16082949526
0.15926267476
0.15797235245999997
0.15723502471999998
0.1557603708
0.15456221398
0.15373272089999998
0.15317972498
0.1525345641
0.15115207525999996
0.14940092335999997
0.14829493235999996
0.14691244393999997
0.14562212164000005
0.14460829634000003
0.14304147646
0.14184331954
0.14073732874
0.13935483994000003
0.13797235124
0.13622119966000004
0.13419354992000002
0.13345622298000004
0.13281106138000004
0.13152073860000005
0.13133640714000006
0.13050691386000005
0.13004608486000002
0.12949308946000004
0.12894009386000002
0.12838709796000006
0.12811060074000002
0.12792626834000007
0.12709677534000005
0.12635944806000007
0.12525345780000008
0.12488479440000008
0.12442396470000007
0.12285714438000005
0.12239631438000004
0.12119815790000002
0.12018433320000003
0.11981566974000005
0.11880184492000004
0.11824884956000002
0.11778801970000002
0.11705069285999999
0.11686636096000001
0.1164055315
0.11658986336000002
0.11631336526000002
0.11557603800000002
0.11520737400000002
0.11419354946000002
0.11345622232000001
0.11271889522
0.11271889522
0.11142857272000001
0.11105990916
0.11050691335999999
0.10930875699999998
0.10829493186
0.10783410252000002
0.10737327312000002
0.10654378002000002
0.10645161388000002
0.10599078448
0.10562212078
0.10543778904000002
0.10534562320000003
0.1048847936
0.10470046186000001
0.10442396406000003
0.10433179816
0.10405530028000001
0.10396313438000002
0.10377880262000001
0.1035023051
0.1035023051
0.10350230502
0.1035944711
0.10341013940000002
0.10341013936000001
0.10313364162000002
0.10304147572000004
0.10276497798
0.10258064618000003
0.10239631434000002
0.10230414848000001
0.10239631438000002
0.10239631438000002
0.10202765082000002
0.10193548496000002
0.10202765086000001
0.101935485
0.10202765090000002
0.10211981680000001
0.10221198266000002
0.10230414856000002
0.10230414856000002
0.10230414856000002
0.10230414856000002
0.10221198266000002
0.10230414852000003
0.10239631438000002
0.10239631464000003
0.10239631456000002
0.10211981702000003
0.10211981702000003
0.10202765116000004
0.10202765116000004
0.10202765112000003
0.10211981702000003
0.10211981702000003
0.10211981702000003
0.10202765116000004
0.10202765124000003
0.10193548526000003
0.10184331936000002
0.10184331936000002
0.10184331936000002
0.10193548522000002
0.10202765116000002
0.10193548526000003
0.10193548526000003
0.10184331932000001
0.10184331928000002
0.10184331928000002
0.10156682158000002
0.10147465572000001
0.10138248982000002
0.10138248982000002
0.10129032388000002
0.10129032388000002
0.10110599208000001
0.10101382622
0.10101382622
0.10110599212000002
0.10119815806000002
0.10110599220000001
0.10110599220000001
0.10101382626000001
0.10092166032000001
0.10092166024000003
0.10064516258000002
0.10064516258000002
0.10073732848000003
0.10073732848000003
0.10064516258000002
0.10055299664000002
0.10046083078000002
0.10046083078000002
0.10046083078000002
0.10046083078000002
0.10046083078000002
0.10046083078000002
0.10046083078000002
0.10046083078000002
0.10055299668000002
0.10027649928000003
0.10009216748000004
0.10000000158000004
0.10000000158000004
0.10000000158000004
0.09990783572000003
0.09990783572000003
0.09990783572000003
0.09990783572000003
0.09990783576000004
0.09990783576000004
0.09972350400000002
0.09972350400000002
0.09972350400000002
0.09972350400000002
0.09981566990000003
0.09981566990000003
0.09981566990000003
0.09981566990000003
0.09972350400000003
0.09972350400000003
0.09963133814000003
0.09972350404000004
0.09963133818000003
0.09963133818000003
0.09963133818000003
0.09972350404000004
0.09972350404000004
0.09972350408000002
0.09981566998000002
0.09981566998000002
0.09981566998000002
0.09981566998000002
0.09981566998000002
0.09981566998000002
0.09981566998000002
0.09981566998000002
0.09981566998000002
0.09981566998000002
0.09981566998000002
0.09990783592000002
0.09990783592000002
0.09990783592000002
0.09990783592000002
0.09990783592000002
0.09990783592000002
0.09981566998000002
0.09990783588000003
0.09990783588000003
0.09990783588000003
0.09981567002000002
0.09981567002000002
0.09981567002000002
0.09981567002000002
0.09981567002000002
0.09981567002000002
0.09981567002000002
0.09990783592000002
0.10000000186
0.10009216776000002
0.10009216776000002
0.10009216772000001
0.10009216772000001
0.10009216772000001
0.10018433362000001
0.10027649952000002
0.10027649952000002
0.10027649952000002
0.10027649952000002
0.10027649952000002
0.10027649952000002
0.10027649952000002
0.10027649952000002
0.10027649952000002
0.10027649952000002
0.10027649952000002
0.10027649952000002
0.10027649952000002
0.10027649952000002
0.10027649952000002
0.10027649952000002
0.10018433358000003
0.10018433358000003
0.10027649948000002
0.10027649948000002
0.10027649948000002
0.10018433354000003
0.10009216760000003
0.10018433346000002
0.10018433346000002
0.10018433346000002
0.10018433346000002
0.10018433346000002
0.10018433346000002
0.10018433346000002
0.10018433346000002
0.10018433346000002
0.10018433346000002
0.10036866518000004
0.10036866518000004
0.10046083104000003
0.10046083104000003
0.10046083104000003
0.10055299694000004
0.10055299694000004
0.10055299694000004
0.10055299694000004
0.10055299694000004
0.10046083100000004
0.10046083100000004
0.10046083100000004
0.10046083100000004
0.10046083100000003
0.10046083100000003
0.10055299686000004
0.10055299690000004
0.10055299690000004
0.10055299690000004
0.10055299690000004
0.10055299690000004
0.10055299690000004
0.10064516284000004
0.10064516284000004
0.10064516284000004
0.10064516284000004
0.10064516284000004
0.10064516284000004
0.10064516284000004
0.10064516284000004
0.10073732874000002
0.10073732874000002
0.10073732874000002
0.10073732874000002
0.10082949468000002
0.10082949468000002
0.10082949468000002
0.10082949468000002
0.10073732878000002
0.10082949472000002
0.10082949472000002
0.10082949472000002
0.10082949472000002
0.10082949472000002
0.10082949472000002
0.10082949472000002
0.10082949472000002
0.10082949472000002
0.10092166058000003
0.10092166058000003
0.10101382644000002
0.10101382644000002
0.10110599238000002
0.10119815824000003
0.10119815824000003
0.10129032404000003
0.10129032404000003
0.10138248990000003
0.10138248990000003
0.10138248990000003
0.10138248990000003
0.10138248990000003
0.10138248990000003
0.10147465576000003
0.10156682170000003
0.10165898764000003
0.10165898764000003
0.10165898764000003
0.10175115354000003
0.10175115354000003
0.10175115354000003
0.10175115354000003
0.10165898774000003
0.10165898774000003
0.10165898774000003
0.10165898774000003
0.10156682180000003
0.10165898760000003
0.10165898760000003
0.10165898760000003
0.10165898760000003
0.10165898760000003
0.10165898760000003
0.10156682166000003
0.10156682166000003
0.10147465580000004
0.10147465580000004
0.10156682166000004
0.10156682166000004
0.10156682166000004
0.10175115354000004
0.10184331944000004
0.10193548534000003
0.10193548534000003
0.10193548534000003
0.10202765128000003
0.10202765128000003
0.10193548534000003
0.10193548534000003
0.10193548534000003
0.10193548534000003
0.10193548534000003
0.10202765124000004
0.10211981718000004
0.10211981718000004
0.10211981718000004
0.10211981718000004
0.10221198312000004
0.10221198312000004
0.10239631488000005
0.10239631488000005
0.10239631488000005
0.10239631488000005
0.10239631488000005
0.10239631488000005
0.10239631488000005
0.10239631488000005
0.10239631488000005
0.10248848082000003
0.10248848082000003
0.10258064672000003
0.10258064672000003
0.10258064672000003
0.10258064672000003
0.10267281262000004
0.10267281262000004
0.10267281262000004
0.10267281262000004
0.10267281262000004
0.10267281262000004
0.10276497848000003
0.10285714438000003
0.10304147622000004
0.10304147622000004
0.10304147622000004
0.10304147622000004
0.10304147622000004
0.10313364208000003
0.10322580798000003
0.10322580798000003
0.10322580798000003
0.10322580794
0.10313364200000001
0.10313364200000001
0.10313364200000001
0.10313364200000001
0.10331797376000001
0.10341013966
0.10341013966
0.10350230552
0.10359447138
0.10359447138
0.10359447138
0.10359447138
0.10359447138
0.10359447138
0.10359447138
0.10359447138
0.10368663724
0.10387096898
0.10396313488
0.10396313488
0.10396313488
0.10396313488
0.10387096898
0.10387096898
0.10396313492
0.10396313492
0.10396313492
0.10396313492
0.10396313492
0.10396313492
0.10396313492
0.10396313492
0.10405530086
0.10405530086
0.10405530086
0.10423963270000002
0.10423963270000002
0.10423963270000002
0.10423963270000002
0.10433179864000001
0.10433179864000001
0.10433179864000001
0.10433179864000001
0.10433179864000001
0.10433179864000001
0.10442396454000001
0.10451613034000001
0.10442396454000001
0.10460829638000002
0.10460829638000002
0.10460829638000002
0.10460829638000002
0.10460829638000002
0.10460829638000002
0.10460829638000002
0.10460829638000002
0.10460829638000002
0.10460829638000002
0.10460829638000002
0.10460829638000002
0.10460829638000002
0.10479262812000002
0.10479262812000002
0.10479262812000002
0.10479262812000002
0.10488479402
0.10497695996
0.10497695996
0.10497695996
0.10497695996
0.10497695996
0.10497695996
0.10497695996
0.10497695996
0.10497695996
0.1050691259
0.10516129184
0.10516129184
0.10516129184
0.10516129184
0.10525345778000002
0.10525345778000002
0.10525345778000002
0.10525345778000002
0.10525345778000002
0.10525345778000002
0.10534562372000002
0.10543778962000001
0.10543778962000001
0.10543778962000001
0.10543778962000001
0.10543778962000001
0.10543778962000001
0.10543778962000001
0.10534562362000002
0.10534562362000002
0.10543778952000002
0.10552995542000002
0.10552995542000002
0.10552995542000002
0.10552995542000002
0.10552995542000002
0.10552995542000002
0.10552995542000002
0.10552995542000002
0.10552995542000002
0.10552995542000002
0.10562212132000003
0.10580645318000002
0.10589861912000002
0.10599078502
0.10599078502
0.10599078502
0.10599078502
0.10599078502
0.10599078502
0.10599078502
0.10599078502
0.10599078492000003
0.10599078482000002
0.10608295076000002
0.10608295076000002
0.10599078516
0.10589861916000003
0.10589861910000002
0.10589861880000001
0.10589861880000001
0.10589861880000001
0.10571428760000001
0.10580645340000001
0.10562212140000002
0.10543778940000001
0.10534562390000002
0.10534562390000002
0.10525345770000001
0.10479262810000002
0.10433179890000002
0.10423963309999999
0.10387096950000001
0.1030414759
0.10221198299999999
0.10138249
0.10082949449999999
0.10055299689999998
0.10055299689999998
0.10027649919999998
0.10018433329999998
0.10000000149999998
0.0998156697
0.09972350376
0.09972350376
0.09972350376
0.0998156697
0.0999078356
0.0998156697
0.0998156697
0.0998156697
0.0999078356
0.09981566966
0.09981566966
0.09981566966
0.09990783556
0.10000000146000002
0.10000000146000002
0.10000000146000002
0.10009216736000001
0.10009216736000001
0.10009216736000001
0.10018433326000001
0.10018433326000001
0.10018433326000001
0.10027649906000001
0.10036866500000001
0.10036866500000001
0.10036866500000001
0.10036866500000001
0.10036866500000001
0.10036866500000001
0.10036866500000001
0.10036866500000001
0.10036866500000001
0.10036866500000001
0.10036866500000001
0.10046083089999999
0.10046083089999999
0.10046083089999999
0.10046083089999999
0.10046083089999999
0.10036866504000001
0.10036866494
0.10036866494
0.10036866494
0.10036866494
0.10046083084000001
0.10046083084000001
0.10046083084000001
0.10046083084000001
0.10046083084000001
0.10055299674000003
0.10064516254000003
0.10064516254000003
0.10073732814000003
0.10073732814000003
0.10073732814000003
0.10073732814000003
0.10073732814000003
0.10073732814000003
0.10073732814000003
0.10073732814000003
0.10064516220000003
0.10055299630000002
0.10055299630000002
0.10064516224000002
0.10064516224000002
0.10073732810000002
0.10073732810000002
0.10073732810000002
0.10073732810000002
0.10073732810000002
0.10073732810000002
0.10073732810000002
0.10073732810000002
0.10073732810000002
0.10073732810000002
0.10064516216000001
0.10064516216000001
0.10073732796
0.10073732796
0.10073732796
0.10082949386000001
0.10082949386000001
0.10082949386000001
0.10082949386000001
0.10082949386000001
0.10082949386000001
0.10082949386000001
0.10082949386000001
0.10082949386000001
0.10082949386000001
0.10092165976
0.10092165976
0.10092165976
0.10092165976
0.10092165976
0.10092165976
0.10092165976
0.10092165976
0.10092165976
0.10092165976
0.10092165976
0.10092165976
0.10092165976
0.10092165976
0.10092165976
0.10092165976
0.10092165976
0.10101382566000001
0.10101382566000001
0.10101382566000001
0.10101382566000001
0.10101382566000001
0.10101382566000001
0.10101382566000001
0.10101382566000001
0.10110599146000002
0.10110599146000002
0.10110599146000002
0.10110599146000002
0.10110599146000002
0.10110599146000002
0.10119815736000001
0.10119815736000001
0.10119815736000001
0.10119815736000001
0.10119815736000001
0.10119815736000001
0.10119815736000001
0.10119815736000001
0.10119815736000001
0.10119815736000001
0.10129032296000001
0.10119815716000001
0.10119815716000001
0.10119815716000001
0.10119815716000001
0.10119815716000001
0.10119815716000001
0.10119815716000001
0.10129032310000001
0.101382489
0.101382489
0.101382489
0.10147465500000001
0.10147465500000001
0.10147465500000001
0.10156682090000002
0.10156682090000002
0.10165898680000003
0.10165898680000003
0.10165898680000003
0.10165898680000003
0.10175115260000002
0.10175115260000002
0.10175115260000002
0.10175115260000002
0.10175115260000002
0.10184331854000002
0.10184331854000002
0.10184331854000002
0.10184331854000002
0.10184331854000002
0.10184331854000002
0.10184331854000002
0.10184331854000002
0.10184331854000002
0.10184331854000002
0.10184331854000002
0.10184331854000002
0.10184331854000002
0.10184331854000002
0.10184331854000002
0.10184331854000002
0.10184331854000002
0.10184331854000002
0.10184331854000002
0.10184331854000002
0.10184331854000002
0.10184331854000002
0.10184331854000002
0.10184331854000002
0.10184331854000002
0.10193548444000003
0.10193548444000003
0.10193548444000003
0.10193548444000003
0.10193548444000003
0.10193548444000003
0.10193548444000003
0.10193548444000003
0.10193548444000003
0.10193548444000003
0.10193548444000003
0.10193548444000003
0.10193548444000003
0.10193548444000003
0.10193548444000003
0.10193548444000003
0.10193548444000003
0.10193548444000003
0.10193548444000003
0.10193548444000003
0.10193548444000003
0.10202765024000003
0.10202765024000003
0.10202765024000003
0.10202765024000003
0.10202765024000003
0.10211981614000003
0.10211981614000003
0.10202765014000002
0.10202765014000002
0.10202765014000002
0.10193548454000002
0.10193548454000002
0.10193548454000002
0.10193548454000002
0.10184331854000002
0.10184331854000002
0.10193548444000002
0.10193548444000002
0.10193548444000002
0.10193548444000002
0.10193548444000002
0.10202765038
0.10202765038
0.10211981638
0.10211981638
0.10211981638
0.10202765038
0.10202765038
0.10202765038
0.10202765038
0.10202765038
0.10202765038
0.10202765038
0.10211981628
0.10211981628
0.10202765027999999
0.10202765027999999
0.10202765027999999
0.10202765027999999
0.10193548408000001
0.10184331888
0.10175115288
0.10165898648
0.10147465488000001
0.10138248888000001
0.10129032288
0.10110599128
0.10110599128
0.10101382528
0.10082949368
0.10082949368
0.10073732768000002
0.10000000088
0.09944700488000001
0.09907834168000001
0.09889400958
0.09806451678
0.09732718958
0.09668202826
0.09631336458
0.09603686697999998
0.09557603748
0.09557603748
0.09548387158
0.09548387158
0.09548387158
0.09548387158
0.09548387158
0.09548387158
0.09548387158
0.09548387158
0.09548387158
0.09548387158
0.09548387158
0.09548387154
0.09548387154
0.09548387154
0.09548387154
0.09548387154
0.09548387154
0.09548387154
0.09548387154
0.09548387154
0.09548387154
0.09548387154
0.09548387154
0.09548387154
0.09548387154
0.09548387154
0.09548387154
0.09548387154
0.09548387154
0.09548387154
0.09557603744
0.09557603744
0.09557603744
0.09557603744
0.09548387158
0.09548387158
0.09548387158
0.09548387158
0.09557603748
0.09557603748
0.09557603748
0.09566820338
0.09566820338
0.09566820338
0.09566820338
0.09566820338
0.09566820338
0.09576036918000001
0.09576036918000001
0.09576036918000001
0.09576036918000001
0.09576036918000001
0.09585253498000001
0.09585253498000001
0.09585253498000001
0.09585253508000001
0.09585253508000001
0.09585253508000001
0.09585253508000001
0.09585253508000001
0.09585253508000001
0.09585253508000001
0.09585253508000001
0.09585253508000001
0.09585253508000001
0.09585253508000001
0.09585253508000001
0.09585253508000001
0.09594470068000001
0.09603686648
0.09603686648
0.09603686648
0.09603686648
0.09603686648
0.09603686648
0.09622119814000002
0.09622119814000002
0.09622119814000002
0.09631336414000001
0.09631336414000001
0.09649769564000002
0.09640552964000002
0.09631336364000001
0.09631336364000001
0.09631336364000001
0.09631336364000001
0.09631336364000001
0.09631336364000001
0.09631336364000001
0.09631336364000001
0.09640552954
0.09649769514
0.09649769514
0.09640552954
0.09631336364000001
0.09640552944
0.09640552944
0.09640552904
0.09640552904
0.09640552904
0.09640552904
0.09640552904
0.09640552904
0.09640552904
0.09640552904
0.09622119684000001
0.09622119684000001
0.09622119684000001
0.09612903164
0.09612903164
0.09594469924
0.09585253364
0.09585253344000001
0.09566820144000002
0.09548386984
0.09511520624000001
0.09474654264000001
0.09428571344
0.09317972244000002
0.09317972244000002
0.09281105864
0.09244239504000001
0.09105990676000002
0.09078340894
0.09078340903999998
0.09069124304
0.09032257954
0.09004608184
0.0897695841
0.08986175004
0.0897695841
0.0897695841
0.0897695841
0.0898617501
0.0898617501
0.0898617501
0.0898617501
0.0898617501
