0.5005530046000002
0.495391714
0.4911520826000001
0.4835944768
0.4678341108000001
0.4537327258000001
0.44433180339999995
0.4388940126
0.43410138960000005
0.4260829538
0.4211981608
0.4158525379999999
0.4073732771999999
0.39852534879999996
0.3942857171999999
0.3893087597999999
0.3811059947999999
0.37493088059999996
0.370414749
0.36626728379999995
0.36248848199999983
0.358709683
0.3559447042
0.3517972394000001
0.3474654410000001
0.3443317997999999
0.3403686672
0.3369585302
0.3315207396
0.32626728328
0.32110599300000003
0.3170506922000001
0.3123502320000001
0.3050691248
0.30129032440000003
0.29354838800000005
0.2871889410000001
0.28055299660000005
0.27686635940000004
0.271244241
0.26562212059999996
0.2612903226
0.2547465464
0.25059908068
0.24460829575999996
0.23926267408000002
0.23382488708000007
0.22838710008000004
0.22423963288000004
0.21861751299999999
0.21364055531999998
0.21013824944000004
0.20525345784
0.1999078363
0.19612903209999996
0.19207373333999997
0.18682027726
0.1850691245000001
0.18258064602000007
0.17944700590000004
0.17622120022
0.17364055522000002
0.17105991037999999
0.16967742026
0.16709677666
0.16580645360000001
0.16479262908000003
0.16331797448000004
0.1618433202
0.1597235038
0.15815668387999998
0.15622119935999998
0.15502304352000004
0.15336405648
0.15152073767999993
0.15059907860000002
0.15013824920000005
0.14949308760000007
0.14921659020000008
0.14838709780000006
0.14847926380000007
0.14746543912000004
0.14635944848000004
0.14589861808000001
0.14488479328000003
0.14423963208000004
0.14313364120000002
0.14239631404
0.14202765084
0.14073732752
0.13953917224
0.13778801980000002
0.13658986348000002
0.13668202912000002
0.13566820412
0.13502304284
0.13437788164
0.1333640568
0.13271889527999997
0.13170507027999998
0.13152073876
0.13115207488
0.13096774328
0.13041474819999999
0.12930875682
0.12857142954
0.12838709786000002
0.12820276606
0.12728110654
0.12691244284
0.12645161388
0.12617511605999998
0.12580645274
0.12562212086000002
0.12534562294
0.12470046121999999
0.12451612974000001
0.12433179814
0.12377880218
0.12359447025999999
0.12331797307999999
0.12350230477999999
0.12331797342000002
0.12304147559999999
0.12276497757999999
0.12248847995999998
0.12230414823999998
0.12202765055999999
0.12193548464
0.12138248903999999
0.12110599142
0.12092165994
0.12082949426
0.12073732846000002
0.12064516254
0.12055299661999999
0.12009216706
0.11990783518
0.11981566918
0.11972350338
0.11963133758
0.11963133758
0.11926267394
0.11898617633999999
0.11880184453999998
0.11852534713999999
0.11815668309999999
0.11806451709999999
0.11778801946
0.11760368758
0.11741935558
0.11732718938
0.11695852558
0.1166820281
0.11622119869999999
0.11603686694
0.11557603753999998
0.11557603753999998
0.11529954003999998
0.11502304224
0.11502304224
0.11493087564
0.11474654404000001
0.11400921728
0.11410138308000001
0.11364055356000001
0.11336405616000002
0.11327189036000002
0.11262672856000001
0.11262672888000003
0.11235023096
0.11198156746000003
0.11188940154
0.11188940186
0.11170506986
0.11142857246
0.11096774276
0.11078341106
0.11050691336
0.10986175188000001
0.10976958568
0.10967741948000001
0.10958525368
0.10921659068
0.10884792716
0.10857142924
0.10838709756
0.10820276568000002
0.10820276568000002
0.10783410168000002
0.10746543828000002
0.10728110660000002
0.10691244296000002
0.10645161364000001
0.10635944784000002
0.10617511584000003
0.10580645284000002
0.10562212084000003
0.10534562284000001
0.10516129124000001
0.10479262764000001
0.10442396384000002
0.10414746624000001
0.10387096844000004
0.10359447076000004
0.10322580708000004
0.10322580708000004
0.10304147548000003
0.10276497776000003
0.10267281216000003
0.10248848036000002
0.10230414856000003
0.10211981684000002
0.10193548504000001
0.10184331932000003
0.10165898722000004
0.10156682102000003
0.10156682102000003
0.10119815782000004
0.10073732858000004
0.10055299670000004
0.10036866478000003
0.10027649878000004
0.10018433290000005
0.10018433290000005
0.09990783498000004
0.09972350310000005
0.09963133730000004
0.09953917150000004
0.09953917150000004
0.09953917152000004
0.09935483964000003
0.09917050776000004
0.09917050776000004
0.09898617586000003
0.09898617586000003
0.09898617596000003
0.09898617576000003
0.09870967808000003
0.09852534628000002
0.09852534628000002
0.09834101428000003
0.09834101428000003
0.09815668268000001
0.09769585308000002
0.09751152148000002
0.09741935558000002
0.09714285738
0.09714285738
0.09677419376000002
0.09649769616000001
0.09622119846
0.09631336436
0.09603686676
0.09594470096000002
0.09576036906
0.09566820326
0.09557603726000002
0.09529953998
0.09529953998000001
0.09529953998
0.09520737398
0.0951152083
0.0946543784
0.09447004680000001
0.09437788100000002
0.09437788100000002
0.09410138300000001
0.09382488560000002
0.09364055360000002
0.09364055360000002
0.09327189000000001
0.093179724
0.093087558
0.092995392
0.09271889438
0.09271889438
0.09253456258000002
0.09253456258000002
0.09253456258000002
0.09235023078000001
0.09216589898000002
0.09207373298000002
0.09179723506
0.09161290336
0.09161290336
0.09142857146000001
0.09124423964000002
0.09105990804000001
0.09087557634000001
0.09050691282000001
0.09032258102000001
0.09023041522000001
0.09023041522000001
0.09013824932000002
0.09004608332000003
0.09004608334000003
0.09004608334000003
0.08986175164
0.08976958574
0.08967741974000001
0.08949308804000002
0.08930875632000003
0.08940092224000003
0.08940092224000003
0.08921659034000003
0.08921659034000003
0.08903225862000003
0.08866359480000002
0.08857142900000003
0.08838709740000002
0.08792626804
0.08783410204000003
0.08774193624000003
0.08774193624000003
0.08746543844000003
0.08746543844000003
0.08737327244000002
0.08746543844000003
0.08728110654000004
0.08728110654000004
0.08728110654000004
0.08728110654000004
0.08709677474000004
0.08700460906000003
0.08700460906000003
0.08682027746000001
0.08682027746000001
0.08654377976000001
0.08654377976000001
0.08645161388000001
0.08626728208000001
0.08599078428000002
0.08580645250000002
0.08571428660000002
0.08562212080000002
0.08552995500000002
0.08534562320000001
0.08534562320000001
0.08543778910000002
0.08516129142000002
0.08497695942000001
0.08497695942000001
0.08488479342000002
0.08470046162000003
0.08442396382000003
0.08414746592000004
0.08414746592000004
0.08414746592000004
0.08414746592000004
0.08414746592000004
0.08414746570000002
0.08405529980000002
0.08387096832000003
0.08359447060000003
0.08341013860000002
0.08304147490000002
0.08294930910000002
0.08276497750000003
0.08267281160000003
0.08248847970000003
0.08239631380000002
0.08230414800000004
0.08211981630000002
0.08211981630000002
0.08202765030000003
0.08193548450000003
0.08193548450000003
0.08193548450000003
0.08175115260000004
0.08165898670000005
0.08147465490000004
0.08119815720000004
0.08119815720000004
0.08110599116000004
0.08101382526000003
0.08101382526000003
0.08092165926000003
0.08092165926000003
0.08082949326000004
0.08082949326000004
0.08082949326000004
0.08064516136000004
0.08055299556000003
0.08046082986000004
0.08027649820000005
0.08027649820000005
0.08018433230000004
0.08018433230000004
0.08018433230000004
0.08009216640000004
0.07990783460000003
0.07990783460000003
0.07981566880000003
0.07981566880000003
0.07953917120000004
0.07944700540000003
0.07944700550000004
0.07944700550000004
0.07935483960000003
0.07935483944000005
0.07935483944000005
0.07935483954000003
0.07944700554000003
0.07926267354000002
0.07870967788000004
0.07889400966000004
0.07870967796000003
0.07843318036000003
0.07834101444000004
0.07824884850000005
0.07815668250000005
0.07788018482000006
0.07769585302000005
0.07741935536000004
0.07714285766000004
0.07695852578000004
0.07686635998000003
0.07677419410000003
0.07677419410000003
0.07658986220000003
0.07658986220000003
0.07658986220000003
0.07658986220000003
0.07668202800000003
0.07658986200000002
0.07649769610000003
0.07631336430000003
0.07622119830000003
0.07622119830000003
0.07622119830000003
0.07612903240000003
0.07622119840000004
0.07612903240000003
0.07585253460000002
0.07576036860000002
0.07576036860000002
0.07566820270000002
0.07557603670000003
0.07539170480000003
0.07539170480000003
0.07529953890000003
0.07529953896000002
0.07520737316000002
0.07511520726000002
0.07511520726000002
0.07483870976000002
0.07474654386000004
0.07474654386000004
0.07465437806000004
0.07465437806000004
0.07456221216000004
0.07456221216000004
0.07447004626000003
0.07437788026000003
0.07437788026000003
0.07437788026000003
0.07437788026000003
0.07419354866000004
0.07410138266000005
0.07400921676000004
0.07391705076000003
0.07382488496000003
0.07382488496000003
0.07382488496000003
0.07382488496000003
0.07382488496000003
0.07382488496000003
0.07382488496000003
0.07382488496000003
0.07373271902000003
0.07354838718000002
0.07336405544000003
0.07308755774000003
0.07290322594000004
0.07281105994000003
0.07271889394000003
0.07253456234000004
0.07235023044000004
0.07207373278000004
0.07198156688000004
0.07188940108000003
0.07179723508000004
0.07161290308000004
0.07152073718000003
0.07152073718000003
0.07142857138000003
0.07115207368000002
0.07115207368000002
0.07115207368000002
0.07105990788000002
0.07096774198000003
0.07069124418000004
0.07069124418000004
0.07078341008000004
0.07078341008000004
0.07059907838000004
0.07050691258000003
0.07041474664000004
0.07032258064000003
0.07023041484000005
0.07023041484000005
0.07023041484000005
0.07004608304000004
0.06995391714000004
0.06958525334000003
0.06958525334000003
0.06958525334000003
0.06949308744000003
0.06967741934000003
0.06930875594000004
0.06930875594000004
0.06930875594000004
0.06884792618000003
0.06884792618000003
0.06884792618000003
0.06875576028000004
0.06875576028000004
0.06875576028000004
0.06875576028000004
0.06866359448000005
0.06857142858000004
0.06857142858000004
0.06857142858000004
0.06838709678000005
0.06829493098000004
0.06829493098000004
0.06811059918000004
0.06783410144000004
0.06783410144000004
0.06783410144000004
0.06764976982000002
0.06746543792000002
0.06737327192000002
0.06728110592000001
0.06728110592000001
0.06718894002000002
0.06709677402000003
0.06691244232000003
0.06672811032000002
0.06672811032000002
0.06663594452000003
0.06635944692000002
0.06608294922000003
0.06608294922000003
0.06617511522000002
0.06617511522000002
0.06608294922000002
0.06617511482000003
0.06617511482000003
0.06617511482000003
0.06608294902000003
0.06608294902000003
0.06608294902000003
0.06608294902000003
0.06589861732000003
0.06589861732000003
0.06580645138000002
0.06571428538000003
0.06552995344000002
0.06552995344000002
0.06534562154000004
0.06525345554000003
0.06506912384000003
0.06506912384000003
0.06488479200000004
0.06470046020000003
0.06470046020000003
0.06460829440000003
0.06460829440000003
0.06460829440000003
0.06451612850000003
0.06423963090000004
0.06423963090000004
0.06423963090000004
0.06414746510000004
0.06405529920000003
0.06396313340000002
0.06396313340000002
0.06377880156000003
0.06377880156000003
0.06387096742000004
0.06387096742000004
0.06377880162000003
0.06359446982000003
0.06350230392000003
0.06350230392000003
0.06341013812000003
0.06331797222000002
0.06341013822000002
0.06331797232000003
0.06322580652000002
0.06322580652000002
0.06322580652000002
0.06331797242000003
0.06341013836000003
0.06341013836000003
0.06322580646000002
0.06322580646000002
0.06322580646000002
0.06304147486000003
0.06304147486000003
0.06294930906000003
0.06294930906000003
0.06285714316000003
0.06294930906000004
0.06285714316000003
0.06276497736000003
0.06276497736000003
0.06285714326000004
0.06285714326000004
0.06258064576000003
0.06248847992000003
0.06248847992000003
0.06248847992000003
0.06248847992000003
0.06248847992000003
0.06239631402000003
0.06239631402000003
0.062488479920000034
0.06239631392000003
0.06239631392000003
0.06239631392000003
0.06239631392000003
0.06248847972000004
0.06239631382000004
0.06239631382000004
0.06230414782000004
0.062304147880000035
0.06230414798000003
0.06211981628000003
0.062027650480000036
0.06184331868000003
0.06184331868000003
0.06184331868000003
0.06184331868000003
0.06175115282000003
0.06156682092000002
0.06156682092000002
0.06147465502000002
0.06147465502000002
0.06147465502000002
0.061658986780000015
0.061658986780000015
0.061658986780000015
0.061658986780000015
0.06156682088000002
0.06147465502000002
0.061382489120000015
0.06147465502000002
0.061566820920000015
0.061658986680000014
0.061658986680000014
0.06156682088000001
0.06156682088000001
0.06156682088000001
0.06156682088000001
0.06147465498000001
0.06138248898000001
0.06138248898000001
0.06138248898000001
0.061290323080000014
0.061198157220000014
0.061198157220000014
0.061013825420000015
0.061013825420000015
0.061013825420000015
0.06092165962000001
0.06064516192000001
0.06064516206000001
0.060552996160000004
0.06036866436000001
0.06027649842000002
0.06027649842000002
0.060184332520000015
0.060184332520000015
0.06009216662000001
0.06000000068000001
0.06000000068000001
0.06000000058000001
0.06000000058000001
0.05990783458000002
0.05990783458000002
0.05981566868000002
0.05981566868000002
0.05981566868000001
0.05981566868000001
0.05981566868000001
0.05981566868000001
0.05972350274000001
0.059631336740000006
0.05953917084
0.05953917084
0.05953917084
0.059631336740000006
0.059631336740000006
0.05963133674000001
0.05972350264000001
0.05972350264000001
0.059631336740000006
0.059631336740000006
0.059631336740000006
0.059631336740000006
0.05963133684000001
0.05963133684000001
0.059539170840000016
0.05944700494000001
0.05935483904000002
0.05926267314000001
0.059078341340000014
0.059078341340000014
0.05917050724000001
0.05907834134000001
0.0589861754
0.0587096777
0.05861751180000001
0.05852534586000001
0.05843317992
0.058156682320000014
0.058156682320000014
0.058156682320000014
0.05806451642000001
0.05806451642000001
0.057972350480000004
0.05788018468000001
0.05788018468000001
0.05788018468000001
0.05788018468000001
0.05788018468000001
0.057695852880000016
0.057511520980000015
0.057511520980000015
0.05741935508000001
0.057511520980000015
0.057511520980000015
0.05741935508000001
0.05741935508000001
0.05741935508000001
0.05741935508000001
0.057327189140000005
0.057235023200000006
0.057235023280000005
0.057235023280000005
0.057235023280000005
0.057235023280000005
0.05732718918000001
0.05732718918000001
0.05732718918000001
0.057235023280000005
0.057235023280000005
0.05714285738000001
0.05714285738000001
0.05714285738000001
0.05714285738000001
0.05714285738000001
0.057050691580000014
0.057050691580000014
0.056866359780000014
0.056866359780000014
0.056774193880000025
0.056774193880000025
0.056774193880000025
0.05686635968000002
0.056866359740000025
0.05686635970000002
0.05686635970000002
0.05686635970000002
0.05686635970000002
0.056774193760000015
0.056682027900000015
0.056682027900000015
0.056682027900000015
0.056682027900000015
0.056682027900000015
0.056682027900000015
0.056589862040000015
0.056589862040000015
0.05649769614000002
0.05658986208000002
0.05658986208000002
0.05658986208000002
0.056497696180000015
0.05640553028000001
0.05631336434000001
0.056221198340000014
0.05612903234000002
0.05603686640000001
0.05603686640000001
0.05594470046000002
0.05585253460000002
0.05585253460000002
0.05585253460000002
0.05585253460000002
0.05576036870000002
0.05576036870000002
0.05576036870000002
0.05566820280000002
0.05548387110000002
0.05548387110000002
0.05529953930000001
0.05520737330000001
0.055115207360000015
0.055115207360000015
0.05493087560000001
0.05483870966000001
0.05474654380000001
0.05465437794000001
0.05465437794000001
0.05465437794000001
0.05465437794000001
0.05465437794000001
0.05465437794000001
0.05465437794000001
0.05465437794000001
0.054470046100000016
0.054470046100000016
0.054470046100000016
0.054470046100000016
0.054470046100000016
0.054377880240000016
0.05447004614000002
0.05447004614000002
0.05437788028000002
0.05437788028000002
0.05447004618000001
0.05447004618000001
0.05447004618000001
0.05456221208000001
0.05456221208000001
0.05456221208000001
0.05456221208000001
0.05447004618000002
0.05447004618000002
0.05447004618000002
0.05447004618000002
0.05437788028000002
0.05447004618000002
0.05447004618000002
0.05456221208000001
0.05447004628000001
0.05447004628000001
0.05437788034000001
0.05437788034000001
0.05437788034000001
0.05428571444000001
0.05428571444000001
0.054193548500000015
0.054193548500000015
0.054193548500000015
0.054101382640000015
0.054101382640000015
0.05400921674000002
0.05391705088000002
0.05391705088000002
0.05400921682000002
0.053917051020000016
0.053824885080000016
0.053824885080000016
0.053732719220000016
0.053732719220000016
0.053732719220000016
0.05364055328000002
0.05364055328000002
0.05364055328000002
0.05364055328000002
0.05364055328000002
0.05354838734000001
0.05345622144000001
0.05345622144000001
0.05345622144000001
0.05345622144000001
0.05345622144000001
0.05345622144000001
0.05345622144000001
0.05345622144000001
0.05345622144000001
0.05345622144000001
0.05345622144000001
0.05336405558000001
0.05336405558000001
0.05336405558000001
0.05336405558000001
0.05336405558000001
0.05327188972000001
0.05327188972000001
0.05327188972000001
0.053179723780000014
0.053179723780000014
0.05308755788000001
0.05308755788000001
0.052995391980000014
0.052995391980000014
0.052995391980000014
0.052995391980000014
0.052995391980000014
0.052995391980000014
0.05308755788000001
0.05299539194000001
0.05308755780000001
0.05308755780000001
0.05299539190000001
0.05299539190000001
0.05290322590000002
0.05290322590000002
0.05290322590000002
0.05290322590000002
0.05290322590000002
0.05290322590000002
0.05281106000000002
0.05281106000000002
0.05290322594000003
0.05290322594000003
0.05290322594000003
0.05290322594000003
0.05290322594000003
0.05290322594000003
0.05281106008000003
0.05281106008000003
0.05281106008000003
0.05281106008000003
0.05281106008000003
0.05271889414000003
0.05271889414000003
0.05271889414000003
0.052626728240000024
0.052626728240000024
0.052626728240000024
0.052626728240000024
0.052626728240000024
0.052626728240000024
0.052626728240000024
0.05253456244000003
0.05253456244000003
0.05253456244000003
0.05253456244000003
0.05253456244000003
0.05253456244000003
0.05253456244000003
0.05244239650000002
0.05244239650000002
0.05244239650000002
0.05244239650000002
0.05244239650000002
0.05253456244000003
0.05253456244000003
0.05244239658000003
0.05235023064000002
0.05235023064000002
0.05235023064000002
0.05235023064000002
0.05235023064000002
0.05235023064000002
0.05225806470000002
0.05225806470000002
0.05225806470000002
0.05225806470000002
0.05216589880000002
0.05216589880000002
0.05216589880000002
0.05216589880000002
0.05207373290000002
0.05198156690000001
0.051889401000000016
0.051889401000000016
0.051889401000000016
0.051889401000000016
0.05179723510000001
0.05179723510000001
0.05179723510000001
0.05179723510000001
0.05179723510000001
0.05170506924000001
0.05170506924000001
0.05170506924000001
0.05170506924000001
0.05170506924000001
0.05170506924000001
0.05161290338000001
0.05152073748000002
0.05142857148000002
0.05142857148000002
0.05142857148000002
0.05142857148000002
0.05142857148000002
0.05133640554000002
0.05124423968000002
0.05124423968000002
0.05124423968000002
0.05124423968000002
0.05124423968000002
0.05115207388000002
0.05115207388000002
0.05115207388000002
0.05115207388000002
0.05105990798000002
0.050967742040000014
0.050875576140000024
0.050875576140000024
0.050875576140000024
0.050875576140000024
0.050875576140000024
