0.5092165977999998
0.3269124444
0.24101382620000006
0.16626728116000003
0.14055299612000005
0.12599078436000002
0.11907834204000002
0.11483871036
0.11142857149999999
0.10811059900000003
0.10552995468000002
0.10193548540000003
0.10000000074000001
0.0981566828
0.09649769620000001
0.09447004692
0.09317972468000005
0.09179723608000004
0.08958525440000004
0.08820276570000005
0.08626728228000007
0.08451612990000003
0.08304147530000001
0.08147465460000003
0.08073732720000003
0.07907834090000004
0.07714285800000004
0.07566820352000002
0.07364055342000002
0.07262672882000001
0.07142857202000001
0.07013824971999999
0.06884792688000001
0.06783410174000001
0.06746543814000003
0.06635944744000002
0.06543778864000002
0.06497695896000003
0.06396313396000003
0.06359447056000003
0.06239631368000003
0.061751152060000015
0.06110599080000003
0.06018433166000003
0.05953917032000003
0.05880184296000003
0.05815668160000003
0.057788018100000026
0.057235023100000025
0.05714285732000003
0.056958525520000025
0.05723502308000002
0.05695852534000002
0.05668202764000002
0.055944700440000016
0.05594470058000001
0.055576036980000014
0.05539170518000001
0.055207373520000005
0.05502304164000003
0.05483870984000003
0.05428571434000002
0.05437788028000002
0.05419354848000002
0.05400921664000003
0.053732718980000024
0.05336405548000002
0.05308755782000002
0.05317972376000002
0.05336405552000002
0.05327188972000002
0.05327188968000002
0.05336405558000002
0.05308755780000002
0.052811060140000025
0.05281106018000003
0.052350230640000016
0.05225806466000002
0.05198156696000002
0.05207373294000002
0.05198156704000002
0.05188940114000001
0.051705069340000014
0.05152073750000001
0.05142857160000001
0.05124423984000001
0.05115207390000001
0.05115207390000001
0.051059907960000005
0.051059907960000005
0.0508755762
0.05078341034
0.05087557624
0.05087557624
0.05069124436
0.050599078459999995
0.05041474665999999
0.05032258076
0.05032258076
0.05023041486
0.05023041486
0.05032258076
0.05032258083999999
0.05032258083999999
0.05023041494
0.05023041494
0.05004608314
0.05004608314
0.05004608314
0.05004608314
0.05023041494
0.05050691264
0.050414746700000006
0.050414746700000006
0.050322580840000006
0.05041474678
0.050322580879999995
0.05023041494
0.050138249
0.049953917199999996
0.049953917199999996
0.04986175126
0.04986175126
0.04976958536000001
0.04976958536000001
0.04976958536000001
0.04967741950000001
0.04967741950000001
0.04967741950000001
0.04967741950000001
0.049769585400000003
0.049769585400000003
0.049953917240000006
0.049953917240000006
0.049953917240000006
0.049953917240000006
0.049953917240000006
0.04986175134000001
0.049769585440000014
0.049769585440000014
0.04967741950000001
0.049769585440000014
0.049769585440000014
0.049769585440000014
0.049953917160000014
0.049953917160000014
0.049953917160000014
0.04986175126000001
0.04976958540000001
0.049861751300000014
0.049953917160000014
0.049861751300000014
0.049861751300000014
0.049953917240000006
0.049953917240000006
0.050138248960000006
0.050138248960000006
0.05023041486000001
0.05023041478000002
0.05032258072000001
0.05023041478000002
0.05032258064000002
0.05050691240000002
0.05050691240000002
0.05050691240000002
0.05050691240000002
0.05059907826000001
0.05050691240000002
0.05059907834000002
0.05059907834000002
0.050783410100000016
0.050783410100000016
0.05096774190000002
0.05096774190000002
0.05105990784000002
0.05105990784000002
0.05096774190000002
0.05105990776000002
0.05115207362000002
0.05115207362000002
0.05115207362000002
0.05115207362000002
0.05115207362000002
0.05115207362000002
0.05115207362000002
0.05105990768000002
0.05105990768000002
0.05105990768000002
0.05096774182000002
0.05096774182000002
0.05105990772000002
0.05105990772000002
0.051152073660000026
0.051152073660000026
0.05105990772000002
0.05096774186000002
0.05096774186000002
0.05105990772000002
0.05124423948000002
0.05124423948000002
0.05124423948000002
0.051244239400000016
0.051244239400000016
0.051336405340000016
0.051336405340000016
0.051336405340000016
0.05152073714000002
0.051520737180000026
0.051520737180000026
0.051520737180000026
0.05170506902000002
0.05170506902000002
0.05170506902000002
0.05179723488000002
0.05179723488000002
0.05179723488000002
0.05179723488000002
0.05188940082000002
0.05188940082000002
0.05188940082000002
0.05188940082000002
0.05188940082000002
0.05188940082000002
0.051981566720000025
0.05207373252000002
0.05207373252000002
0.05216589846000001
0.05216589846000001
0.05225806440000001
0.052350230300000015
0.052350230300000015
0.052350230300000015
0.05225806440000002
0.052350230300000015
0.05244239624000002
0.05244239624000002
0.05253456210000002
0.05253456210000002
0.05253456210000002
0.05253456210000002
0.05253456210000002
0.05262672796000002
0.05262672796000002
0.05281105976000002
0.05281105976000002
0.05299539156000002
0.05308755742000002
0.05308755742000002
0.05327188930000002
0.05327188930000002
0.05345622102000002
0.05345622102000002
0.05354838696000003
0.05373271880000002
0.05373271880000002
0.05382488460000003
0.053917050540000025
0.053917050540000025
0.053917050540000025
0.053917050540000025
0.053917050540000025
0.05419354832000003
0.05419354832000003
0.05419354832000003
0.05419354832000003
0.05428571426000002
0.05428571426000002
0.05428571426000002
0.05428571426000002
0.05428571426000002
0.054377880160000024
0.05447004610000002
0.05456221200000003
0.05456221200000003
0.05474654384000002
0.05474654384000002
0.05474654384000002
0.055023041620000025
0.055115207520000015
0.05520737342000002
0.05520737342000002
0.05520737342000002
0.05520737342000002
0.055115207520000015
0.05520737342000002
0.05520737342000002
0.05520737342000002
0.05529953932000002
0.05529953932000002
0.05529953932000002
0.05539170522000002
0.05539170522000002
0.05548387116000002
0.05557603706000002
0.05557603706000002
0.055668202960000024
0.05576036886000003
0.05594470058000003
0.05594470058000003
0.05594470058000003
0.05594470058000003
0.05594470058000003
0.05594470058000003
0.05585253468000003
0.05585253468000003
0.05585253468000003
0.05585253468000003
0.05585253468000003
0.05585253468000003
0.05585253468000003
0.05603686648000003
0.05603686648000003
0.05603686648000003
0.05603686648000003
0.05612903242000002
0.05612903242000002
0.05612903242000002
0.05612903242000002
0.05631336422000004
0.05631336422000004
0.05640553012000004
0.05640553012000004
0.05640553012000004
0.05640553012000004
0.05640553012000004
0.05640553012000004
0.05640553012000004
0.05640553012000004
0.05640553012000004
0.05649769606000004
0.05649769606000004
0.05649769606000004
0.05649769606000004
0.05668202786000004
0.05668202786000004
0.05668202786000004
0.05686635962000003
0.05686635962000003
0.05695852552000003
0.05695852552000003
0.05705069142000003
0.05705069142000003
0.05695852562000003
0.05695852562000003
0.05695852562000003
0.057142857460000036
0.057142857460000036
0.057142857460000036
0.05714285742000003
0.05714285742000003
0.05714285742000003
0.05714285742000003
0.05714285742000003
0.05714285742000003
0.05714285742000003
0.05714285742000003
0.05714285742000003
0.05714285742000003
0.05714285742000003
0.05714285742000003
0.05714285742000003
0.05714285742000003
0.05714285742000003
0.05714285742000003
0.05714285742000003
0.057327189220000026
0.057327189220000026
0.05741935502000002
0.05741935502000002
0.05741935502000002
0.057511520920000024
0.057511520920000024
0.057511520920000024
0.057511520920000024
0.05760368682000003
0.05760368682000003
0.05769585262000003
0.05769585262000003
0.05769585262000003
0.05769585262000003
0.05788018432000002
0.05788018432000002
0.05806451606000003
0.05824884786000003
0.058433179660000015
0.058525345520000015
0.05870967722000001
0.05870967722000001
0.05870967722000001
0.05870967722000001
0.05870967722000001
0.05870967722000001
0.05870967722000001
0.05870967722000001
0.05870967722000001
0.05870967722000001
0.05870967722000001
0.05880184316000001
0.05880184316000001
0.05880184316000001
0.05880184316000001
0.05880184316000001
0.05880184316000001
0.05889400910000002
0.05889400910000002
0.05889400910000002
0.05889400910000002
0.05898617504000001
0.05898617504000001
0.05898617504000001
0.05907834094000001
0.05907834094000001
0.05907834094000001
0.05907834094000001
0.05917050688000001
0.05917050688000001
0.05917050688000001
0.05917050688000001
0.05917050688000001
0.05917050688000001
0.05917050688000001
0.05917050688000001
0.05917050688000001
0.05917050688000001
0.05935483872
0.05935483872
0.05935483872
0.05935483872
0.05935483872
0.05935483872
0.05935483872
0.05935483872
0.05935483872
0.05944700462
0.05944700462
0.05944700462
0.05944700462
0.05944700462
0.05944700462
0.05944700462
0.05944700462
0.05944700462
0.05944700462000001
0.05944700462000001
0.05944700462000001
0.05963133632
0.05963133632
0.05963133632
0.05972350212
0.05981566792000001
0.05981566792000001
0.05981566792000001
0.05981566792000001
0.05981566792000001
0.05981566792000001
0.05990783392000001
0.059999999820000004
0.059999999820000004
0.059999999820000004
0.059999999820000004
0.059999999820000004
0.059999999820000004
0.059999999820000004
0.06009216572
0.06009216572
0.06009216572
0.06009216572
0.06009216572
0.06009216572
0.06009216572
0.06009216572
0.06009216572
0.06018433162
0.06018433162
0.06018433162
0.06027649752
0.06027649752
0.06027649752
0.06027649752
0.06027649752
0.06027649752
0.06036866332000001
0.06036866332000001
0.06036866332000001
0.06036866332000001
0.060460829260000015
0.06055299516000002
0.06055299516000002
0.06055299516000002
0.06064516106000001
0.06064516106000001
0.06064516106000001
0.06064516106000001
0.06064516106000001
0.06064516106000001
0.06073732696000001
0.06073732696000001
0.06073732696000001
0.06073732696000001
0.06073732696000001
0.06073732696000001
0.06073732696000001
0.06073732696000001
0.06082949286000001
0.06082949286000001
0.06082949286000001
0.06082949286000001
0.06082949286000001
0.06082949286000001
0.060921658800000014
0.06110599064
0.06110599064
0.06129032244000001
0.06129032244000001
0.06129032244000001
0.06129032244000001
0.06129032244000001
0.06129032244000001
0.06129032244000001
0.06129032244000001
0.06129032244000001
0.06129032244000001
0.06129032244000001
0.06129032244000001
0.06129032244000001
0.06129032244000001
0.06129032244000001
0.06129032244000001
0.06129032244000001
0.06129032244000001
0.06129032244000001
0.06129032244000001
0.06129032244000001
0.06138248834000001
0.06147465424000001
0.06147465424000001
0.06147465424000001
0.06147465424000001
0.06147465424000001
0.06147465424000001
0.06147465424000001
0.06147465424000001
0.06147465424000001
0.06147465424000001
0.06147465424000001
0.06147465424000001
0.06147465424000001
0.06147465424000001
0.06156682014000001
0.06156682014000001
0.061474654240000016
0.061474654240000016
0.061474654240000016
0.06156682004000001
0.061658985940000015
0.061658985940000015
0.061751151940000006
0.061751151940000006
0.061751151940000006
0.061751151940000006
0.061751151940000006
0.061751151940000006
0.061751151940000006
0.061751151940000006
0.06184331784
0.06184331784
0.06184331784
0.06184331784
0.061935483740000005
0.062027649680000005
0.062027649680000005
0.062027649680000005
0.06211981558000001
0.06211981558000001
0.06211981558000001
0.06211981568
0.06211981568
0.06211981568
0.06211981568
0.06211981568
0.06211981568
0.06211981568
0.06211981568
0.06221198158
0.06221198158
0.06221198158
0.06221198158
0.06239631338
0.06239631338
0.06239631338
0.06239631338
0.06248847928
0.06248847928
0.06258064518
0.062488479379999996
0.062488479379999996
0.062488479379999996
0.062488479379999996
0.062488479379999996
0.062488479379999996
0.062488479379999996
0.062488479379999996
0.062488479379999996
0.06258064538000001
0.06258064538000001
0.06258064538000001
0.06258064538000001
0.06267281127999999
0.06267281127999999
0.06267281127999999
0.06267281127999999
0.06267281127999999
0.06267281127999999
0.06267281127999999
0.06267281127999999
0.06267281127999999
0.06267281127999999
0.06267281127999999
0.06276497717999999
0.06276497717999999
0.06276497717999999
0.06276497717999999
0.06276497717999999
0.06276497717999999
0.06276497717999999
0.06276497717999999
0.06276497717999999
0.06276497717999999
0.06276497717999999
0.06276497717999999
0.06276497717999999
0.06276497717999999
0.06276497717999999
0.06276497717999999
0.06276497717999999
0.06276497717999999
0.06276497717999999
0.06276497717999999
0.06276497717999999
0.06276497717999999
0.06267281127999999
0.06267281127999999
0.06267281127999999
0.06267281127999999
0.06267281127999999
0.06267281127999999
0.06267281127999999
0.06267281127999999
0.06267281127999999
0.06276497721999999
0.06276497721999999
0.06285714315999999
0.06285714315999999
0.06285714315999999
0.06285714315999999
0.06285714315999999
0.06285714315999999
0.06294930906
0.06294930906
0.06294930906
0.06294930906
0.06294930906
0.06294930906
0.06294930906
0.06294930906
0.06294930906
0.06294930906
0.06304147486
0.06313364066
0.06313364066
0.06313364066
0.06313364066
0.06313364066
0.06313364066
0.06313364066
0.06313364066
0.0632258066
0.0632258066
0.0632258066
0.0632258066
0.0632258066
0.0632258066
0.0632258066
0.0632258066
0.0632258066
0.0632258066
0.0632258066
0.0632258066
0.0632258066
0.0633179725
0.0633179725
0.0633179725
0.0633179725
0.0633179725
0.0633179725
0.0633179725
0.0633179725
0.0633179725
0.0633179725
0.0633179725
0.0634101383
0.0634101383
0.06350230420000001
0.06350230420000001
0.06350230420000001
0.06350230420000001
0.06359447010000001
0.06359447010000001
0.06368663590000001
0.06368663590000001
0.0637788018
0.0637788018
0.0637788018
0.0637788018
0.0637788018
0.0637788018
0.0637788018
0.06368663590000001
0.06368663590000001
0.06368663590000001
0.06368663590000001
0.06368663590000001
0.06368663590000001
0.06368663590000001
0.06368663590000001
0.06368663590000001
0.06368663590000001
0.06368663590000001
0.06368663590000001
0.06377880170000001
0.06377880170000001
0.06377880170000001
0.06377880170000001
0.06387096760000002
0.06387096760000002
0.06387096760000002
0.06387096760000002
0.06387096760000002
0.06377880170000001
0.06377880170000001
0.06377880170000001
0.06377880170000001
0.06377880170000001
0.06377880170000001
0.06377880170000001
0.06377880170000001
0.06387096750000003
0.06387096750000003
0.06387096750000003
0.06387096750000003
0.06377880156000003
0.06377880156000003
0.06377880156000003
0.06377880156000003
0.06377880156000003
0.06377880156000003
0.06377880156000003
0.06377880156000003
0.06377880156000003
0.06377880156000003
0.06377880156000003
0.06377880156000003
0.06377880156000003
0.06377880156000003
0.06377880156000003
0.06377880156000003
0.06377880156000003
0.06377880156000003
0.06377880156000003
0.06377880156000003
0.06377880156000003
0.06377880156000003
0.06377880156000003
0.06368663576000003
0.06368663576000003
0.06368663576000003
0.06368663576000003
0.06368663576000003
0.06359446986
0.06350230392
0.06350230392
0.06350230392
0.06350230392
0.06350230392
0.06350230392
0.06341013812
0.06341013812
0.06350230392
0.06341013792
0.06341013792
0.06341013792
0.06350230392
0.06350230392
0.06359446982
0.06368663572000001
0.06368663572000001
0.06377880172000001
0.06377880172000001
0.06377880172000001
0.06377880172000001
0.06377880172000001
0.06377880172000001
0.06377880172000001
0.06377880172000001
0.06377880172000001
0.06368663582
0.06377880172000001
0.06377880172000001
0.06377880172000001
0.06387096762000001
0.06387096762000001
0.06387096762000001
0.06387096762000001
0.06387096762000001
0.06387096762000001
0.06387096762000001
0.06387096762000001
0.06387096762000001
0.06387096762000001
0.06387096762000001
0.06387096762000001
0.06387096762000001
0.06387096762000001
0.06377880172
0.06377880172
0.06377880172
0.06377880172
0.06377880172
0.06377880172
0.06377880172
0.06377880172
0.06377880172
0.06377880172
0.06377880172
0.06377880172
0.06377880172
0.06377880172
0.06377880172
0.06377880172
0.06377880172
0.06368663581999999
0.06368663581999999
0.06368663581999999
0.06368663581999999
0.06368663581999999
0.06368663581999999
0.06368663581999999
0.06368663581999999
0.06368663581999999
0.06368663581999999
0.06368663581999999
0.06368663581999999
0.06368663581999999
0.06368663581999999
0.06368663581999999
0.06377880172
0.06377880172
0.06377880172
0.06377880172
0.06368663581999999
0.06368663581999999
0.06368663581999999
0.06359446992
0.06359446992
0.06359446992
0.06368663592
0.06368663592
0.06368663592
0.06377880182000001
0.06377880182000001
0.06368663592
0.06368663592
0.06368663592
0.06368663592
0.06368663592
0.06368663592
0.06368663592
0.06368663592
0.06368663592
0.06368663592
0.06368663592
0.06359447012
0.06359447012
0.06359447012
0.06359447012
0.06359447012
0.06350230421999999
0.06350230421999999
0.06350230421999999
0.06350230421999999
0.06359447021999999
0.06359447021999999
0.06359447021999999
0.06359447021999999
0.06359447021999999
0.06359447021999999
0.06359447021999999
0.06359447021999999
0.06359447021999999
0.06359447021999999
0.06359447021999999
0.06359447021999999
0.06359447021999999
0.06368663612
0.06368663612
0.06368663612
0.06368663612
0.06368663612
0.06359447032
0.06359447032
0.06359447032
0.06359447032
0.06359447032
0.06359447032
0.06359447032
0.06359447032
0.06359447032
0.06359447032
0.06359447032
0.06368663622
0.06368663622
0.06368663622
0.06377880202
0.06377880202
0.06377880202
0.06377880202
0.06387096792
0.06387096792
0.06377880202
0.06377880202000001
0.06377880202000001
0.06377880202000001
0.06377880202000001
0.06377880202000001
0.06377880202000001
0.06377880202000001
0.06377880202000001
0.06377880202000001
0.06377880202000001
0.06377880202000001
0.06377880202000001
0.06377880202000001
0.06377880202000001
0.06377880202000001
0.06377880202000001
0.06377880202000001
0.06377880202000001
0.06387096802000002
0.06387096802000002
0.06387096802000002
0.06377880212
0.06377880212
0.06377880212
0.06377880212
0.06377880212
0.06377880212
0.06377880212
0.06377880212
0.06377880212
0.06377880212
0.06377880212
0.06368663622000001
0.06368663622000001
0.06359447032000001
0.06359447032000001
0.06359447032000001
0.06359447032000001
0.06359447032000001
0.06359447032000001
0.06359447032000001
0.06368663622000001
0.06359447032
0.06359447032
0.06359447032
0.06359447032
0.06359447032
0.06359447032
0.06359447032
0.06359447032
0.06359447032
0.06359447032
0.06359447032
0.06359447032
0.06359447032
0.06359447032
0.06359447032
0.06359447032
0.06359447032
0.06359447032
0.06359447032
0.06359447032
0.06359447032
0.06359447032
0.06359447032
0.06359447032
0.06359447032
0.06350230442
0.06350230442000002
0.06350230442000002
0.06341013852000002
0.06341013852000002
