0.51612904
0.27474654640000007
0.15483870968
0.12423963278
0.11400921762
0.10746543900000004
0.10184331930000004
0.09705069186000001
0.09262672796000002
0.08820276530000001
0.08442396432000003
0.08101382542000003
0.07815668320000001
0.07502304266000004
0.07244239690000004
0.07105990850000003
0.06884792658000002
0.06700460892000003
0.06442396362000002
0.06211981586000001
0.06055299550000002
0.05944700494000002
0.05852534594000002
0.056958525640000014
0.056405530180000024
0.05548387134000003
0.054746544140000034
0.05428571462000002
0.05437788030000003
0.05382488480000003
0.053732718640000024
0.05373271860000002
0.052903225740000004
0.05281105996000001
0.0527188942
0.05216589892
0.05152073758
0.05161290340000001
0.051612903480000014
0.05142857168000001
0.051059908160000014
0.050875576440000014
0.050599078700000015
0.05078341046000001
0.050230415060000005
0.05023041510000001
0.050046083260000006
0.04976958556000002
0.04967741958000001
0.04967741958000001
0.049493087740000004
0.049585253759999996
0.04967741974
0.04976958564
0.049861751540000006
0.04976958552
0.04976958552
0.04995391732
0.05004608318
0.04995391732
0.049953917279999996
0.050046083219999996
0.049861751379999986
0.04995391727999999
0.04995391727999999
0.04986175129999999
0.05004608309999999
0.050138248999999996
0.05004608305999999
0.050138248919999996
0.05023041482
0.05041474656
0.05032258066
0.05032258058
0.050322580619999994
0.050322580619999994
0.050414746479999994
0.050414746479999994
0.050506912339999994
0.050506912339999994
0.05087557602000001
0.05115207372000001
0.05133640552
0.05142857138
0.051705069160000006
0.05207373268000001
0.05225806440000001
0.05235023034000001
0.052442396280000005
0.05271889398000001
0.05290322582000001
0.05308755748000001
0.053548386980000015
0.05391705062000002
0.054193548440000024
0.05428571434000002
0.05447004618000001
0.05447004618000001
0.054562212080000005
0.05447004618000001
0.05456221212000001
0.05465437792000001
0.055115207400000005
0.055115207400000005
0.055207373260000005
0.055299539120000005
0.05539170506000001
0.05548387100000001
0.055760368620000014
0.055760368620000014
0.05585253456000002
0.05594470042000002
0.05622119820000002
0.05640553000000002
0.056589861840000026
0.05686635950000002
0.05686635950000002
0.05705069130000002
0.05723502310000002
0.05723502310000002
0.05741935494000003
0.05732718900000002
0.05751152080000002
0.05760368670000002
0.05760368670000002
0.05760368670000002
0.05760368670000002
0.057695852600000014
0.057695852600000014
0.05778801850000002
0.05778801850000002
0.05788018436000002
0.05806451616000001
0.05806451616000001
0.05815668206000001
0.05843317972000002
0.05852534562000002
0.05852534562000002
0.05852534562000002
0.05852534562000002
0.05861751156000002
0.05861751156000003
0.05861751156000003
0.05880184336000003
0.05889400926000003
0.05889400926000003
0.058986175160000036
0.059078341060000025
0.05917050696000003
0.05917050696000003
0.059262672860000025
0.05935483876000002
0.059447004660000025
0.059447004660000025
0.059447004660000025
0.059447004660000025
0.059631336540000024
0.059723502480000024
0.059723502480000024
0.05981566838000003
0.05990783428000003
0.05990783428000003
0.06009216608000003
0.06009216608000003
0.06009216608000003
0.06009216608000003
0.06009216608000003
0.06018433202000002
0.06018433202000002
0.06018433202000002
0.06018433202000002
0.06018433202000002
0.06027649782000002
0.06027649782000002
0.06027649782000002
0.06036866362000002
0.06036866362000002
0.06064516132000002
0.06064516132000002
0.06064516132000002
0.06064516132000002
0.06073732712000002
0.06073732712000002
0.06073732712000002
0.06073732712000002
0.06101382506000002
0.061105990960000016
0.06119815690000001
0.06138248860000002
0.06138248860000002
0.061474654500000024
0.061474654500000024
0.061474654500000024
0.061474654500000024
0.061474654500000024
0.061566820400000014
0.061566820400000014
0.06165898630000001
0.06175115220000001
0.062027649800000015
0.062119815700000004
0.062119815700000004
0.062119815700000004
0.06221198160000001
0.06221198160000001
0.062304147400000016
0.062304147400000016
0.062304147400000016
0.062304147400000016
0.06239631334000001
0.06239631334000001
0.06239631334000001
0.06239631334000001
0.06248847924000001
0.06258064504000002
0.06267281084000001
0.06276497674000002
0.06276497674000002
0.06276497674000002
0.06285714268000002
0.06285714268000002
0.06285714268000002
0.06285714268000002
0.06294930838000001
0.06304147418000002
0.06304147418000002
0.06304147418000002
0.06304147418000002
0.06304147418000002
0.06304147418000002
0.06304147418000002
0.06313363998000002
0.06313363998000002
0.06313363998000002
0.06313363998000002
0.06313363998000002
0.06313363998000002
0.06313363998000002
0.06322580588000001
0.06322580588000001
0.06322580588000001
0.06322580588000001
0.06350230368
0.06350230368
0.06359446958000001
0.06359446958000001
0.06359446958000001
0.06368663538000001
0.06368663538000001
0.06368663538000001
0.06368663538000001
0.06368663538000001
0.06368663538000001
0.06359446944000001
0.06368663534000002
0.06368663534000002
0.06368663534000002
0.06387096714000001
0.06405529894000002
0.06396313300000002
0.06396313300000002
0.06405529880000002
0.06405529880000002
0.06405529880000002
0.06405529880000002
0.06405529880000002
0.06405529880000002
0.06405529880000002
0.06423963050000002
0.06433179630000002
0.06433179630000002
0.06433179630000002
0.06433179630000002
0.06433179630000002
0.06442396220000003
0.06442396220000003
0.06470045970000003
0.06479262560000003
0.06479262560000003
0.06479262560000003
0.06479262560000003
0.06479262560000003
0.06488479140000003
0.06497695720000003
0.06506912300000005
0.06506912300000005
0.06506912300000005
0.06497695710000004
0.06497695710000004
0.06497695710000004
0.06488479120000004
0.06497695710000004
0.06506912290000004
0.06506912290000004
0.06516128870000004
0.06516128870000004
0.06516128870000004
0.06516128870000004
0.06516128870000004
0.06516128870000004
0.06516128870000004
0.06525345450000004
0.06525345450000004
0.06525345450000004
0.06525345450000004
0.06525345450000004
0.06516128860000005
0.06516128860000005
0.06525345454000005
0.06525345454000005
0.06534562044000004
0.06534562044000004
0.06534562044000004
0.06543778634000004
0.06534562034000004
0.06534562034000004
0.06534562034000004
0.06534562034000004
0.06534562034000004
0.06543778634000004
0.06543778634000004
0.06543778634000004
0.06543778634000004
0.06543778634000004
0.06543778634000004
0.06552995234000004
0.06543778654000004
0.06543778654000004
0.06534562064000003
0.06534562064000003
0.06534562064000003
0.06534562064000003
0.06534562064000003
0.06525345474000005
0.06534562064000003
0.06534562074000004
0.06525345494000004
0.06525345494000004
0.06525345494000004
0.06525345494000004
0.06525345494000004
0.06516128894000003
0.06516128894000003
0.06506912314000003
0.06506912314000003
0.06497695724000004
0.06497695724000004
0.06497695724000004
0.06497695724000004
0.06497695724000004
0.06497695724000004
0.06497695724000004
0.06497695724000004
0.06488479138000004
0.06488479138000004
0.06488479138000004
0.06488479138000004
0.06497695732000004
0.06497695732000004
0.06497695732000004
0.06497695732000004
0.06497695732000004
0.06497695732000004
0.06497695732000004
0.06497695732000004
0.06497695732000004
0.06497695732000004
0.06497695732000004
0.06497695732000004
0.06488479138000004
0.06488479138000004
0.06479262548000005
0.06479262548000005
0.06479262548000005
0.06479262548000005
0.06479262548000005
0.06470045968000004
0.06470045968000004
0.06470045968000004
0.06451612798000003
0.06451612798000003
0.06470045988000005
0.06460829408000004
0.06460829408000004
0.06460829408000004
0.06460829408000004
0.06460829408000004
0.06460829408000004
0.06470045988000005
0.06470045988000005
0.06470045988000005
0.06470045988000005
0.06470045988000005
0.06470045988000005
0.06470045988000005
0.06479262578000004
0.06470045988000003
0.06460829408000003
0.06460829408000003
0.06460829408000003
0.06451612828000003
0.06451612828000003
0.06451612828000003
0.06451612828000003
0.06442396234000004
0.06451612814000005
0.06451612814000005
0.06451612814000005
0.06451612814000005
0.06451612814000005
0.06451612814000005
0.06451612814000005
0.06451612814000005
0.06451612814000005
0.06451612814000005
0.06451612814000005
0.06442396234000004
0.06442396234000004
0.06442396234000004
0.06442396234000004
0.06442396224000004
0.06442396224000004
0.06442396224000004
0.06442396224000004
0.06433179644000003
0.06433179644000003
0.06423963054000004
0.06414746454000003
0.06423963048000003
0.06423963048000003
0.06423963048000003
0.06414746458000004
0.06414746458000004
0.06414746458000004
0.06414746458000004
0.06414746458000004
0.06405529868000004
0.06396313288000004
0.06396313288000004
0.06396313288000004
0.06396313288000004
0.06396313288000004
0.06387096708000004
0.06396313308000004
0.06396313308000004
0.06396313308000004
0.06396313308000004
0.06396313308000004
0.06387096728000002
0.06387096728000002
0.06387096728000002
0.06387096728000002
0.06387096728000002
0.06387096728000002
0.06387096728000002
0.06387096728000002
0.06387096728000002
0.06387096728000002
0.06387096728000002
0.06396313308000004
0.06396313308000004
0.06396313308000004
0.06396313308000004
0.06414746498000003
0.06414746498000003
0.06414746498000003
0.06414746498000003
0.06414746498000003
0.06405529898000002
0.06414746488000002
0.06414746488000002
0.06414746488000002
0.06414746488000002
0.06414746488000002
0.06414746488000002
0.06414746488000002
0.06414746488000002
0.06423963082000002
0.06423963082000002
0.06423963082000002
0.06414746492000002
0.06414746492000002
0.06414746492000002
0.06414746492000002
0.06414746492000002
0.06414746492000002
0.06414746492000002
0.06405529902000001
0.06414746492000002
0.06396313312000002
0.06396313312000002
0.06396313312000002
0.06396313312000002
0.06396313312000002
0.06396313312000002
0.06387096732000001
0.06396313322000001
0.06396313322000001
0.06387096732000001
0.06377880142000002
0.06377880142000002
0.06368663542000001
0.06368663542000001
0.06368663542000001
0.06368663542000001
0.06368663542000001
0.06368663542000001
0.06368663542000001
0.06368663542000001
0.06368663542000001
0.06368663542000001
0.06377880132000001
0.06377880132000001
0.06377880132000001
0.06377880132000001
0.06377880132000001
0.06377880132000001
0.06377880132000001
0.06377880132000001
0.06368663552
0.06368663542000001
0.06368663542000001
0.06368663542000001
0.06368663542000001
0.06368663542000001
0.06368663542000001
0.06368663542000001
0.06368663542000001
0.06368663542000001
0.06377880128
0.06377880128
0.06377880128
0.06377880128
0.06377880128
0.06368663538000002
0.06368663538000002
0.06368663538000002
0.06368663538000002
0.06359446948000003
0.06350230348000002
0.06350230348000002
0.06350230348000002
0.06350230348000002
0.06350230348000002
0.06350230348000002
0.06341013768000002
0.06341013768000002
0.06341013768000002
0.06341013768000002
0.06341013768000002
0.06341013768000002
0.06350230358000002
0.06350230358000002
0.06350230358000002
0.06350230358000002
0.06350230358000002
0.06350230358000002
0.06350230358000002
0.06350230358000002
0.06341013768000002
0.06341013768000002
0.06341013768000002
0.06331797178000001
0.06331797178000001
0.06331797178000001
0.06331797178000001
0.06331797178000001
0.06322580588000001
0.06322580588000001
0.06322580588000001
0.06322580588000001
0.06322580588000001
0.06322580588000001
0.06322580588000001
0.06322580588000001
0.06322580588000001
0.06331797182000001
0.06322580602000001
0.06322580602000001
0.06322580602000001
0.06322580602000001
0.06322580602000001
0.06322580622000001
0.06331797212000001
0.06322580622000001
0.06322580622000001
0.06304147442000002
0.06304147442000002
0.06304147442000002
0.06304147442000002
0.06294930852000001
0.06304147432000001
0.06304147432000001
0.06304147432000001
0.06304147432000001
0.06304147432000001
0.06304147432000001
0.06304147432000001
0.06285714262000001
0.06285714262000001
0.06285714262000001
0.06285714262000001
0.06285714262000001
0.06285714262000001
0.06276497672000002
0.06276497672000002
0.06276497672000002
0.06276497672000002
0.06276497672000002
0.06276497672000002
0.06276497672000002
0.06276497672000002
0.06276497672000002
0.06276497672000002
0.06276497672000002
0.06276497672000002
0.06267281092000003
0.06267281092000003
0.06258064502000002
0.06267281092000002
0.06276497682000003
0.06276497682000003
0.06276497682000003
0.06267281102000002
0.06267281102000002
0.06267281102000002
0.06267281102000002
0.06267281102000002
0.06276497702000002
0.06276497702000002
0.06276497702000002
0.06276497702000002
0.06276497692
0.06267281102000001
0.06267281102000001
0.06267281102000001
0.06258064512000001
0.06258064512000001
0.06258064512000001
0.06248847932000001
0.06248847932000001
0.06248847932000001
0.06258064522000001
0.06258064522000001
0.06258064522000001
0.06267281112
0.06267281112
0.06267281112
0.06267281112
0.06267281112
0.06267281112
0.06267281112
0.06267281112
0.06267281112
0.06267281112
0.06258064512000001
0.06258064512000001
0.06258064512000001
0.06258064512000001
0.06248847918000001
0.06248847918000001
0.06248847918000001
0.06248847904000002
0.06248847904000002
0.06258064498000002
0.06258064498000002
0.06258064498000002
0.06239631318000002
0.06239631318000002
0.06230414738000002
0.06230414738000002
0.062211981480000025
0.062211981480000025
0.062211981480000025
0.06230414748000003
0.06230414748000003
0.06230414748000003
0.06230414748000003
0.06230414748000003
0.06230414748000003
0.06221198158000003
0.06221198158000003
0.06221198158000003
0.06221198158000003
0.06221198158000003
0.06221198158000003
0.06221198158000003
0.06221198158000003
0.06211981568000002
0.06211981568000002
0.06211981568000002
0.06202764978000003
0.062119815780000025
0.06230414748000002
0.06230414748000002
0.06230414748000002
0.06230414748000002
0.06230414748000002
0.06230414748000002
0.06230414748000002
0.06230414748000002
0.06230414748000002
0.06221198168000003
0.06221198168000003
0.06221198168000003
0.06221198168000003
0.06221198158000003
0.06202764998000003
0.06211981588000002
0.06211981588000002
0.06211981578000003
0.06211981578000003
0.06211981578000003
0.06202764978000003
0.06202764978000003
0.06193548388000004
0.06193548388000004
0.06202764978000004
0.06202764978000004
0.06202764978000004
0.061935483780000036
0.061935483780000036
0.06202764958000004
0.06202764958000004
0.06202764958000004
0.06202764958000004
0.06202764958000004
0.062119815480000035
0.062119815480000035
0.062119815480000035
0.06221198148000004
0.062211981480000046
0.062211981480000046
0.062211981480000046
0.062211981480000046
0.06211981548000004
0.062027649580000045
0.062027649580000045
0.062027649580000045
0.062027649580000045
0.062027649580000045
0.062027649580000045
0.062027649580000045
0.06193548368000004
0.06193548368000004
0.061843317780000046
0.061843317780000046
0.061843317780000046
0.06193548378000004
0.06193548378000004
0.06193548378000004
0.06193548378000004
0.06193548378000004
0.06202764972000004
0.06184331798000005
0.06184331798000005
0.06184331798000005
0.06184331798000005
0.06184331798000005
0.06184331798000005
0.06184331798000005
0.06202764968000004
0.06202764968000004
0.06202764968000004
0.06202764968000004
0.06202764968000004
0.06202764968000004
0.062119815580000036
0.062119815580000036
0.062119815580000036
0.062119815580000036
0.062119815580000036
0.062119815580000036
0.062119815580000036
0.06221198138000004
0.06221198138000004
0.06221198138000004
0.06221198138000004
0.06230414728000003
0.06239631328000003
0.06239631328000003
0.06230414738000003
0.06230414738000003
0.06230414738000003
0.06230414738000003
0.06230414738000003
0.06230414738000003
0.06230414738000003
0.06230414738000003
0.06230414738000003
0.06230414738000003
0.062396313280000025
0.062396313280000025
0.062396313280000025
0.062396313280000025
0.062396313280000025
0.06248847918000003
0.06258064508000002
0.06258064508000002
0.06258064508000002
0.06258064508000002
0.062488479180000035
0.062488479180000035
0.062488479180000035
0.062488479180000035
0.062488479180000035
0.062488479180000035
0.062488479180000035
0.062488479180000035
0.062488479180000035
0.062488479180000035
0.062488479180000035
0.062488479180000035
0.062488479180000035
0.062488479180000035
0.062488479180000035
0.062488479180000035
0.062488479180000035
0.06258064508000004
0.06267281102000004
0.06267281102000004
0.06258064522000004
0.06258064522000004
0.06258064522000004
0.06258064522000004
0.06258064522000004
0.06248847942000003
0.06248847942000003
0.06258064532000003
0.06248847942000003
0.06258064532000003
0.06267281122000004
0.06267281122000004
0.06267281122000004
0.06267281122000004
0.06267281122000004
0.06267281122000004
0.06267281122000004
0.06267281122000004
0.06267281122000004
0.06267281122000004
0.06267281122000004
0.06267281122000004
0.06267281122000004
0.06248847942000005
0.06248847942000005
0.06258064542000005
0.06258064542000005
0.06258064542000005
0.06258064542000005
0.06258064542000005
0.06258064542000005
0.06258064542000005
0.06258064542000005
0.06258064542000005
0.06258064542000005
0.06258064542000005
0.06258064542000005
0.06258064542000005
0.06258064542000005
0.06258064542000005
0.06258064542000005
0.06258064542000005
0.06248847942000005
0.06248847942000005
0.06248847942000005
0.06248847942000005
0.062396313520000045
0.062396313520000045
0.062396313520000045
0.062396313520000045
0.06230414772000005
0.06230414772000005
0.06230414772000005
0.06230414772000005
0.06230414772000005
0.06230414772000005
0.06230414772000005
0.06221198182000005
0.06221198182000005
0.06221198182000005
0.06221198182000005
0.06211981592000005
0.06211981592000005
0.06211981592000005
0.06202765002000005
0.06202765002000005
0.06202765002000005
0.06202765002000005
0.06202765002000005
0.06202765002000005
0.06202765002000005
0.06202765002000005
0.06202765002000005
0.06202765002000005
0.06202765002000005
0.06202765002000005
0.06202765002000005
0.06202765002000005
0.06202765002000005
0.06202765002000005
0.06202765002000005
0.06202765002000005
0.06202765002000005
0.06202765002000005
0.062119815820000056
0.06202765002000005
0.06202765002000005
0.061935484220000045
0.06202765012000004
0.06202765012000004
0.06202765012000004
0.06202765012000004
0.06202765012000004
0.06202765012000004
0.06202765012000004
0.06202765012000004
0.06202765012000004
0.06202765012000004
0.06193548422000004
0.062027650220000036
0.062027650220000036
0.062027650220000036
0.062027650220000036
0.062027650220000036
0.062027650220000036
0.062211982020000035
0.062211982020000035
0.062211982020000035
0.062211982020000035
0.062211982020000035
0.062211982020000035
0.06230414792000004
0.06230414792000004
0.062211982020000035
0.062211982020000035
0.062211982020000035
0.062211982020000035
0.062211982020000035
0.062211982020000035
0.062211982020000035
0.062211982020000035
0.062211982020000035
0.062211982020000035
0.06211981612000003
0.06211981612000003
0.06211981612000003
0.06211981612000003
0.06202765018000003
0.06202765018000003
0.06193548438000003
0.06193548438000003
0.06184331848000004
0.061751152680000046
0.06184331862000004
0.061843318580000035
0.061843318580000035
0.061843318580000035
0.061843318580000035
0.06175115268000003
0.06175115268000003
0.06175115268000003
0.06175115268000003
0.061843318580000035
0.061843318580000035
0.061843318580000035
0.061843318580000035
0.061843318580000035
0.061843318580000035
0.061843318580000035
0.061843318580000035
0.061935484520000035
0.061935484520000035
0.061935484520000035
0.061935484520000035
0.061935484520000035
0.061935484520000035
0.06202765042000003
0.06202765042000003
0.06202765042000003
0.06202765042000003
0.06202765042000003
0.06202765042000003
0.06202765042000003
0.06202765042000003
0.06193548452000003
0.06193548452000003
0.06193548452000003
0.06193548452000003
0.06193548452000003
0.061843318620000025
0.061843318620000025
0.061843318620000025
0.061843318620000025
0.061843318620000025
0.06193548452000003
0.06193548452000003
0.06193548452000003
0.06193548452000003
0.06193548452000003
0.06193548452000003
