0.5247004663999999
0.3577880244000001
0.27843318300000003
0.22884792728
0.17889401007999997
0.14506912496000002
0.13299539220000003
0.12599078472
0.12073732764
0.11714285772000001
0.11253456261999997
0.10940092213999998
0.10663594423999997
0.10147465520000001
0.09594470124000004
0.09290322638000001
0.08894009324000002
0.08608295110000003
0.08331797388
0.08046083058000003
0.07907834204000003
0.07640553046000002
0.07419354938000003
0.07225806508000002
0.07032258096000002
0.06857142838000002
0.06746543744000003
0.06617511482000005
0.06423963122000002
0.06285714294000001
0.061658986060000025
0.060645161560000015
0.060092166220000014
0.05935483898000002
0.05815668234000002
0.05788018454000001
0.05760368694000002
0.05695852556000003
0.056497696000000014
0.05585253478000002
0.055483871260000026
0.05447004650000002
0.05419354880000001
0.05400921704000003
0.053824885300000014
0.05336405558000001
0.05281105998000001
0.052534562320000006
0.05179723524000001
0.05198156700000001
0.05198156700000001
0.05198156696000001
0.05152073746000001
0.05124423980000001
0.05124423980000001
0.05115207386000001
0.050875576160000005
0.05078341034000001
0.05069124448000001
0.050414746800000014
0.050322580940000014
0.05004608312000001
0.04986175128000001
0.049769585340000005
0.049677419400000006
0.04986175124000001
0.049953917180000015
0.04976958544000001
0.04986175134000001
0.05004608314000001
0.049953917240000006
0.05004608302
0.05004608294000001
0.049953917040000004
0.04976958528000001
0.049677419460000004
0.04958525352
0.04949308766
0.04940092176
0.04958525352
0.04967741946
0.04976958536
0.04967741946
0.04967741946
0.04949308766
0.04958525356
0.04967741942
0.04967741942
0.04967741942
0.049585253479999994
0.04949308758
0.04958525348
0.04949308754000001
0.04949308754000001
0.04949308754000001
0.049493087500000005
0.04949308758000001
0.049585253520000004
0.04967741938000001
0.04958525348000001
0.04976958524000001
0.04976958524000001
0.04986175118000002
0.050046082940000014
0.05013824888000002
0.05004608302000002
0.05023041482000002
0.05032258068000002
0.05032258068000002
0.05023041478000002
0.05050691248000001
0.050691244320000016
0.050691244320000016
0.050783410180000016
0.050783410180000016
0.05096774202000001
0.051152073860000015
0.05124423976000002
0.051428571520000015
0.05152073746000002
0.05142857156000002
0.05161290336000001
0.051797235120000014
0.05198156696000002
0.05225806466000002
0.05253456232000001
0.05253456232000001
0.05262672818000001
0.052718894080000016
0.052718894080000016
0.05271889412000001
0.05308755776000001
0.05317972362000001
0.05336405538000001
0.05336405538000001
0.05354838714000002
0.05354838714000002
0.05354838722000002
0.05373271896000002
0.053824884860000026
0.05400921666000002
0.05410138256000002
0.054285714400000025
0.054285714400000025
0.05419354846000002
0.05428571436000002
0.05428571436000002
0.05437788030000002
0.05437788030000002
0.054562212180000014
0.05483870984000001
0.05483870984000001
0.05483870984000001
0.05493087574000002
0.05502304168000002
0.05502304164000002
0.05511520750000001
0.055115207540000016
0.05502304160000002
0.05511520754000001
0.055207373480000016
0.05529953938000001
0.05529953938000001
0.05539170524000001
0.055760368880000015
0.055760368880000015
0.056036866540000015
0.056036866540000015
0.056036866540000015
0.056129032480000014
0.05622119842000001
0.05631336432000001
0.056405530220000014
0.05658986202000002
0.05677419386000002
0.05695852566000003
0.057235023360000026
0.05732718936000003
0.05732718936000003
0.05741935530000003
0.05741935530000003
0.05741935530000003
0.05751152120000003
0.05751152120000003
0.05751152120000003
0.05751152124000002
0.05751152124000002
0.05741935534000003
0.05751152124000002
0.057603687140000026
0.057603687140000026
0.05797235082000003
0.05797235082000003
0.058156682580000035
0.058156682580000035
0.05834101442000004
0.05834101442000004
0.058433180320000035
0.058433180320000035
0.05852534622000004
0.05852534622000004
0.05852534622000004
0.05852534622000004
0.05852534622000004
0.05843318032000004
0.05843318032000004
0.05843318022000005
0.05843318022000005
0.05843318022000005
0.05843318022000005
0.05843318022000005
0.05843318022000005
0.05852534602000004
0.05852534602000004
0.05852534602000004
0.058617511920000046
0.058617511920000046
0.058617511920000046
0.058709677820000035
0.058709677820000035
0.05880184372000004
0.05889400966000004
0.058986175560000034
0.059078341360000036
0.059078341360000036
0.059078341360000036
0.05926267306000004
0.05926267306000004
0.059354838960000045
0.059354838960000045
0.059354838960000045
0.05944700476000005
0.05944700476000005
0.05953917056000005
0.05963133650000005
0.05963133650000005
0.05963133650000005
0.059723502500000046
0.059723502500000046
0.059723502500000046
0.05963133660000005
0.05981566850000006
0.05981566850000006
0.05981566850000006
0.05981566850000006
0.05981566850000006
0.05981566850000006
0.05990783440000005
0.05990783440000005
0.05990783440000005
0.059815668500000044
0.059815668500000044
0.05990783440000005
0.06000000030000004
0.06009216620000004
0.06009216620000004
0.06009216620000004
0.06009216620000004
0.06009216620000004
0.06009216620000004
0.06009216620000004
0.060276498040000036
0.06036866384000003
0.060552995680000034
0.060552995680000034
0.060552995680000034
0.06064516158000004
0.06064516158000004
0.06064516158000004
0.06064516158000004
0.06064516158000004
0.06073732748000004
0.06073732748000004
0.06073732748000004
0.06073732748000004
0.060921659280000026
0.060921659280000026
0.060921659280000026
0.060921659280000026
0.06101382508000003
0.06110599098000003
0.06119815688000003
0.06119815688000003
0.06129032278000003
0.061382488680000034
0.061382488680000034
0.06147465458000003
0.06147465458000003
0.06147465458000003
0.06156682038000003
0.06156682038000003
0.06156682038000003
0.061658986280000036
0.061658986280000036
0.061658986280000036
0.061658986280000036
0.061658986280000036
0.061843317980000034
0.061935483880000024
0.06184331798000002
0.06184331798000002
0.06184331798000002
0.06184331798000002
0.06184331798000002
0.06184331798000002
0.061935483880000024
0.06202764968000003
0.06202764968000003
0.06202764968000003
0.06202764968000003
0.06211981558000002
0.06211981558000002
0.06211981558000002
0.06221198148000002
0.06221198148000002
0.06230414728000002
0.06230414728000002
0.06258064478000003
0.06258064478000003
0.06258064478000003
0.06258064478000003
0.06267281068000002
0.06267281068000002
0.06267281068000002
0.06276497668000003
0.06276497668000003
0.06276497668000003
0.06285714248000002
0.06285714248000002
0.06285714248000002
0.06285714248000002
0.06294930848000002
0.06294930848000002
0.06294930848000002
0.06304147442000003
0.06304147442000003
0.06304147442000003
0.06313364032000003
0.06313364032000003
0.06313364032000003
0.06313364032000003
0.06313364032000003
0.06313364032000003
0.06313364046000004
0.06322580636000004
0.06322580636000004
0.06322580636000004
0.06322580636000004
0.06322580636000004
0.06322580636000004
0.06322580646000003
0.06331797236000003
0.06341013816000003
0.06341013816000003
0.06341013816000003
0.06341013816000003
0.06341013816000003
0.06341013816000003
0.06341013816000003
0.06341013816000003
0.06341013816000003
0.06350230396000003
0.06350230396000003
0.06350230396000003
0.06350230396000003
0.06359446986000003
0.06359446986000003
0.06368663576000003
0.06368663576000003
0.06368663576000003
0.06368663576000003
0.06368663576000003
0.06368663576000003
0.06368663576000003
0.06377880166000004
0.06377880166000004
0.06377880166000004
0.06377880166000004
0.06387096756000003
0.06405529936000004
0.06405529936000004
0.06414746526000004
0.06414746526000004
0.06433179686000004
0.06433179686000004
0.06433179686000004
0.06442396276000004
0.06442396276000004
0.06442396276000004
0.06442396286000003
0.06451612876000003
0.06460829466000002
0.06460829466000002
0.06460829466000002
0.06460829466000002
0.06460829466000002
0.06460829466000002
0.06470046056000002
0.06470046056000002
0.06479262646000002
0.06479262646000002
0.06488479236000001
0.06497695816000001
0.06506912406000002
0.06506912406000002
0.06506912406000002
0.06506912406000002
0.06506912406000002
0.06506912406000002
0.06506912406000002
0.06516128986000003
0.06516128986000003
0.06506912396000003
0.06506912396000003
0.06506912396000003
0.06506912396000003
0.06506912396000003
0.06506912396000003
0.06506912396000003
0.06516128996000002
0.06516128996000002
0.06516128996000002
0.06525345586000002
0.06525345586000002
0.06525345586000002
0.06525345586000002
0.06525345586000002
0.06525345586000002
0.06525345586000002
0.06525345586000002
0.06534562180000002
0.06534562180000002
0.06534562180000002
0.06534562180000002
0.06534562180000002
0.06534562180000002
0.06534562180000002
0.06534562180000002
0.06534562180000002
0.06534562180000002
0.06534562180000002
0.06525345600000003
0.06525345600000003
0.06525345600000003
0.06525345600000003
0.06525345600000003
0.06525345600000003
0.06534562190000003
0.06534562190000003
0.06534562190000003
0.06534562190000003
0.06534562190000003
0.06534562190000003
0.06534562190000003
0.06534562190000003
0.06534562190000003
0.06534562190000003
0.06543778780000002
0.06543778780000002
0.06543778780000002
0.06543778780000002
0.06543778780000002
0.06543778780000002
0.06534562190000001
0.06534562190000001
0.06534562190000001
0.06525345600000002
0.06525345600000002
0.06525345600000002
0.06525345600000002
0.06525345600000002
0.06525345600000002
0.06506912430000002
0.06506912430000002
0.06506912430000002
0.06506912430000002
0.06506912430000002
0.06516129030000002
0.06525345610000001
0.06525345610000001
0.06525345610000001
0.065345622
0.06534562190000001
0.06534562190000001
0.06534562190000001
0.06534562190000001
0.06534562190000001
0.06534562190000001
0.06534562190000001
0.06534562190000001
0.06525345600000003
0.06525345600000003
0.06525345600000003
0.06525345600000003
0.06525345600000003
0.06525345600000003
0.06516129010000003
0.06516129010000003
0.06516129010000003
0.06516129010000003
0.06525345590000003
0.06534562180000003
0.06525345600000003
0.06525345600000003
0.06525345600000003
0.06525345600000003
0.06525345600000003
0.06525345600000003
0.06534562190000004
0.06534562190000004
0.06534562190000004
0.06525345590000003
0.06525345590000003
0.06525345590000003
0.06525345590000003
0.06525345590000003
0.06525345590000003
0.06525345590000003
0.06525345590000003
0.06516129000000002
0.06516129000000002
0.06516129000000002
0.06516129000000002
0.06516129000000002
0.06516129000000002
0.06516129000000002
0.06516129000000002
0.06516129000000002
0.06516129000000002
0.06516129000000002
0.06516129000000002
0.06516129000000002
0.06516129000000002
0.06516129000000002
0.06516129000000002
0.06516129000000002
0.06516129000000002
0.06525345590000003
0.06525345590000003
0.06525345590000003
0.06525345580000003
0.06534562170000002
0.06525345580000003
0.06534562160000003
0.06534562160000003
0.06534562160000003
0.06534562160000003
0.06534562160000003
0.06534562160000003
0.06534562160000003
0.06534562160000003
0.06534562160000003
0.06543778750000002
0.06534562150000003
0.06534562150000003
0.06534562150000003
0.06534562150000003
0.06534562150000003
0.06525345550000003
0.06525345550000003
0.06525345550000003
0.06534562150000003
0.06534562150000003
0.06534562150000003
0.06534562150000003
0.06534562150000003
0.06543778740000004
0.06543778740000004
0.06543778740000004
0.06543778740000004
0.06543778740000004
0.06543778740000004
0.06543778740000004
0.06543778740000004
0.06543778740000004
0.06543778740000004
0.06543778740000004
0.06543778740000004
0.06543778740000004
0.06543778740000004
0.06534562150000003
0.06534562150000003
0.06516128970000004
0.06516128970000004
0.06516128970000004
0.06516128970000004
0.06516128970000004
0.06516128970000004
0.06516128970000004
0.06516128970000004
0.06516128970000004
0.06516128970000004
0.06516128970000004
0.06525345560000004
0.06525345560000004
0.06525345560000004
0.06516128960000003
0.06516128960000003
0.06516128960000003
0.06516128960000003
0.06516128960000003
0.06525345550000003
0.06525345550000003
0.06525345550000003
0.06525345550000003
0.06525345550000003
0.06525345550000003
0.06516128960000003
0.06516128960000003
0.06516128960000003
0.06516128960000003
0.06506912380000003
0.06506912380000003
0.06506912380000003
0.06506912380000003
0.06506912380000003
0.06506912380000003
0.06506912380000003
0.06497695790000003
0.06497695790000003
0.06497695790000003
0.06497695790000003
0.06497695790000003
0.06497695790000003
0.06497695790000003
0.06497695790000003
0.06497695790000003
0.06497695790000003
0.06497695790000003
0.06497695790000003
0.06497695790000003
0.06497695790000003
0.06497695790000003
0.06497695790000003
0.06497695790000003
0.06497695790000003
0.06497695790000003
0.06497695790000003
0.06497695790000003
0.06497695790000003
0.06497695790000003
0.06497695790000003
0.06497695790000003
0.06497695790000003
0.06497695790000003
0.06497695790000003
0.06488479200000002
0.06488479200000002
0.06488479200000002
0.06488479200000002
0.06488479200000002
0.06488479200000002
0.06488479200000002
0.06479262610000004
0.06479262610000004
0.06479262610000004
0.06479262610000004
0.06479262610000004
0.06479262610000004
0.06479262610000004
0.06460829440000003
0.06451612850000003
0.06451612850000003
0.06451612850000003
0.06451612850000003
0.06451612850000003
0.06451612850000003
0.06451612850000003
0.06451612850000003
0.06460829440000003
0.06460829440000003
0.06460829440000003
0.06460829440000003
0.06442396270000003
0.06442396270000003
0.06442396270000003
0.06442396270000003
0.06442396270000003
0.06442396270000003
0.06442396270000003
0.06442396270000003
0.06442396270000003
0.06442396270000003
0.06442396270000003
0.06442396270000003
0.06442396270000003
0.06442396270000003
0.06442396270000003
0.06433179680000004
0.06442396270000003
0.06442396270000003
0.06442396270000003
0.06442396270000003
0.06442396270000003
0.06433179690000003
0.06423963110000003
0.06423963110000003
0.06423963110000003
0.06423963110000003
0.06423963110000003
0.06414746510000002
0.06405529920000003
0.06396313320000002
0.06396313320000002
0.06387096740000002
0.06387096740000002
0.06387096740000002
0.06387096740000002
0.06387096740000002
0.06387096740000002
0.06387096740000002
0.06387096740000002
0.06387096740000002
0.06387096740000002
0.06387096740000002
0.06387096740000002
0.06387096740000002
0.06387096740000002
0.06387096740000002
0.06387096740000002
0.06377880150000002
0.06377880150000002
0.06377880150000002
0.06377880150000002
0.06377880150000002
0.06377880150000002
0.06377880150000002
0.06377880150000002
0.06377880150000002
0.06377880150000002
0.06377880150000002
0.06377880150000002
0.06377880150000002
0.06368663556000001
0.06368663556000001
0.06368663556000001
0.06368663556000001
0.06368663556000001
0.06368663556000001
0.06368663556000001
0.06368663556000001
0.06368663556000001
0.06368663556000001
0.06368663556000001
0.06368663556000001
0.06368663556000001
0.06368663556000001
0.06368663556000001
0.06368663556000001
0.06368663556000001
0.06368663556000001
0.06368663556000001
0.06377880146
0.06377880146
0.06377880146
0.06387096736000002
0.06387096736000002
0.06387096736000002
0.06387096736000002
0.06387096736000002
0.06387096736000002
0.06387096736000002
0.06387096736000002
0.06387096736000002
0.06387096736000002
0.06387096736000002
0.06387096736000002
0.06387096736000002
0.06396313326
0.06396313326
0.06396313326
0.06423963086000001
0.06423963086000001
0.06423963086000001
0.06423963086000001
0.06423963086000001
0.06423963086000001
0.06414746496
0.06414746496
0.06414746496
0.06414746496
0.06414746496
0.06414746496
0.06414746496
0.06414746496
0.06414746496
0.06414746496
0.06414746496
0.06414746496
0.06414746496
0.06414746496
0.06414746496
0.06414746496
0.06414746496
0.06414746496
0.06414746496
0.06414746496
0.06414746496
0.06414746496
0.06414746496
0.06414746496
0.06414746496
0.06414746496
0.06414746496
0.06414746496
0.06423963076
0.06423963076
0.06423963076
0.06423963076
0.06423963076
0.06423963076
0.06433179656000002
0.06433179656000002
0.06433179656000002
0.06433179656000002
0.06433179656000002
0.06433179656000002
0.06433179656000002
0.06423963066000002
0.06423963066000002
0.06423963066000002
0.06423963066000002
0.06423963066000002
0.06423963066000002
0.06423963066000002
0.06423963066000002
0.06423963066000002
0.06414746486000002
0.06414746486000002
0.06405529906000001
0.06405529906000001
0.06396313316000002
0.06396313316000002
0.06396313316000002
0.06396313316000002
0.06396313316000002
0.06396313316000002
0.06396313316000002
0.06396313316000002
0.06396313316000002
0.06396313316000002
0.06396313316000002
0.06396313316000002
0.06396313316000002
0.06396313316000002
0.06396313316000002
0.06396313316000002
0.06377880136000001
0.06377880136000001
0.06377880136000001
0.06359446966000001
0.06359446966000001
0.06359446966000001
0.06359446966000001
0.06359446966000001
0.06359446966000001
0.06359446966000001
0.06359446966000001
0.06359446966000001
0.06359446966000001
0.06350230386000001
0.06359446976000002
0.06359446976000002
0.06359446976000002
0.06359446976000002
0.06359446976000002
0.06359446976000002
0.06359446976000002
0.06350230386000003
0.06350230386000003
0.06350230386000003
0.06359446980000003
0.06359446980000003
0.06359446980000003
0.06359446980000003
0.06350230390000003
0.06350230390000003
0.06350230390000003
0.06350230390000003
0.06350230390000003
0.06350230390000003
0.06350230390000003
0.06350230390000003
0.06350230390000003
0.06350230390000003
0.06350230390000003
0.06341013810000003
0.06341013810000003
0.06341013810000003
0.06341013810000003
0.06341013810000003
0.06341013810000003
0.06341013810000003
0.06341013810000003
0.06341013810000003
0.06341013810000003
0.06341013810000003
0.06341013810000003
0.06341013810000003
0.06341013810000003
0.06341013810000003
0.06341013810000003
0.06341013810000003
0.06341013810000003
0.06341013810000003
0.06341013810000003
0.06350230400000002
0.06350230400000002
0.06350230400000002
0.06350230400000002
0.06350230400000002
0.06350230400000002
0.06350230400000002
0.06359446980000003
0.06359446980000003
0.06359446980000003
0.06350230400000002
0.06350230400000002
0.06341013810000003
0.06341013810000003
0.06341013810000003
0.06341013810000003
0.06341013810000003
0.06341013810000003
0.06341013810000003
0.06350230400000002
0.06350230400000002
0.06359446990000002
0.06350230400000002
0.06350230400000002
0.06350230400000002
0.06350230400000002
0.06359446990000003
0.06359446990000003
0.06359446990000003
0.06341013820000004
0.06341013820000004
0.06331797220000003
0.06331797220000003
0.06331797220000003
0.06331797220000003
0.06322580626000002
0.06313364036000003
0.06313364036000003
0.06313364036000003
0.06313364036000003
0.06313364036000003
0.06313364036000003
0.06313364036000003
0.06313364036000003
0.06313364036000003
0.06313364036000003
0.06313364036000003
0.06313364036000003
0.06313364036000003
0.06313364036000003
0.06313364036000003
0.06313364036000003
0.06313364036000003
0.06313364036000003
0.06313364036000003
0.06313364036000003
0.06313364036000003
0.06313364036000003
0.06313364036000003
0.06313364036000003
0.06313364036000003
0.06313364036000003
0.06313364036000003
0.06313364036000003
0.06313364036000003
0.06313364036000003
0.06313364036000003
0.06313364036000003
0.06313364036000003
0.06313364036000003
0.06313364036000003
0.06313364036000003
0.06313364036000003
0.06313364036000003
0.06313364036000003
0.06313364036000003
0.06313364036000003
0.06313364036000003
0.06313364036000003
0.06313364036000003
0.06313364036000003
0.06313364036000003
0.06313364036000003
0.06313364036000003
0.06313364036000003
0.06313364036000003
0.06304147456000003
0.06304147456000003
0.06304147456000003
0.06304147456000003
0.06304147456000003
0.06304147456000003
0.06304147456000003
0.06304147456000003
0.06304147456000003
