0.529308765
0.35133640620000006
0.2852534568
0.22341013852000002
0.1806451624
0.15262673012000003
0.13861751240000003
0.13032258144
0.12433179847999998
0.12073732832
0.11769585268000003
0.11576036953999999
0.11345622241999999
0.11142857208000001
0.10995391658000003
0.10847926318000001
0.10626728164000002
0.1047004607
0.10258064644000003
0.10119815703999999
0.09953917098000002
0.09852534626000002
0.09668202838000002
0.09511520774000004
0.09345622150000005
0.09244239742000007
0.09096774298000004
0.08958525506000005
0.08801843456000004
0.08718894166000002
0.08654378036000003
0.08562212078000003
0.08470046158000004
0.08387096848000003
0.0826728117
0.0816589865
0.08073732748000001
0.0799078347
0.07917050730000001
0.07824884840000002
0.07788018500000002
0.07723502410000002
0.07566820340000004
0.07493087620000002
0.07400921740000004
0.07345622180000004
0.07235023092000004
0.07161290362000003
0.07105990802000005
0.07050691296000004
0.07023041546000004
0.06958525406000002
0.06838709736000005
0.06774193576000004
0.06709677456000004
0.06654377916000004
0.06599078350000004
0.06470046096000004
0.06451612896000004
0.06433179722000003
0.06359446998000001
0.06258064538
0.06221198172000001
0.06202765002000001
0.06184331814000002
0.061474654560000015
0.06119815686000002
0.06064516146000001
0.059539170440000004
0.05917050684000002
0.058433179640000034
0.05834101374000003
0.058064516000000024
0.05751152066000004
0.05732718904000003
0.05714285730000004
0.05695852556000003
0.05631336440000003
0.05622119846000003
0.056313364360000034
0.056036866560000016
0.056036866520000034
0.05594470066000002
0.05566820292000002
0.05548387118000002
0.055207373380000015
0.05511520744000001
0.0548387097
0.05474654389999999
0.05447004624000001
0.05419354854
0.054193548540000004
0.05400921692000002
0.054009216880000016
0.05373271914000002
0.053271889440000025
0.053087557640000026
0.052995391740000015
0.052995391740000015
0.05271889404000002
0.052718894080000016
0.05271889416000002
0.05262672826000002
0.05262672818000001
0.052350230360000014
0.052350230360000014
0.05207373266000001
0.05225806446000002
0.05244239630000002
0.05225806458000002
0.05207373286000002
0.052165898760000017
0.05207373282000002
0.05198156688000002
0.05198156688000002
0.05198156688000002
0.05216589872000001
0.05216589872000001
0.05207373282000002
0.05198156696000002
0.05198156696000002
0.051797235120000014
0.051797235200000014
0.051705069260000014
0.05161290336000001
0.05152073750000001
0.051520737420000004
0.05161290332000001
0.05161290332000001
0.05124423976000002
0.05105990800000002
0.05115207386000002
0.05115207386000002
0.05087557608000002
0.05105990780000002
0.05105990780000002
0.05105990780000002
0.05105990780000002
0.05105990780000002
0.05105990780000002
0.05105990780000002
0.05096774194000002
0.05087557608000002
0.05087557608000002
0.05105990784000001
0.05096774194000002
0.05087557608000002
0.050783410180000016
0.05069124428000001
0.05059907834000001
0.05069124420000001
0.05069124420000001
0.05069124420000001
0.05069124420000001
0.05059907830000001
0.05059907830000001
0.05059907830000001
0.05059907830000001
0.05041474654000002
0.05041474654000002
0.05041474654000002
0.05041474654000002
0.05041474654000002
0.05050691244000001
0.05050691244000001
0.05041474654000002
0.05041474654000002
0.05041474654000002
0.05032258064000002
0.05032258064000002
0.050230414740000014
0.05013824884000001
0.05004608298000001
0.04995391704000001
0.04995391704000001
0.04995391704000001
0.05004608290000001
0.05004608290000001
0.05004608290000001
0.05004608290000001
0.05004608290000001
0.05004608290000001
0.05004608290000001
0.05004608290000001
0.05004608290000001
0.05004608290000001
0.05004608290000001
0.050138248800000014
0.050046082940000014
0.050046082940000014
0.050138248880000014
0.05004608298000002
0.05004608298000002
0.05023041478000002
0.050138248880000014
0.050138248880000014
0.050138248880000014
0.050138248880000014
0.050138248880000014
0.050138248880000014
0.050138248880000014
0.05023041478
0.05023041478
0.05023041478
0.05023041478
0.050322580680000006
0.050322580680000006
0.050414746620000006
0.050414746620000006
0.0506912444
0.05078341034000001
0.05087557620000001
0.050783410300000005
0.050783410300000005
0.050875576160000005
0.050875576160000005
0.050875576160000005
0.05096774206000001
0.05096774206000001
0.05096774206000001
0.05096774206000001
0.05096774206000001
0.05096774206000001
0.05096774206000001
0.05096774206000001
0.05096774206000001
0.05115207382000001
0.05115207382000001
0.05124423972000001
0.05124423972000001
0.051244239680000005
0.051244239680000005
0.051336405540000005
0.051336405540000005
0.051336405540000005
0.051336405540000005
0.051428571400000005
0.051428571400000005
0.051428571400000005
0.051428571400000005
0.051520737260000005
0.05142857136000001
0.05152073722000001
0.05152073722000001
0.05152073722000001
0.05152073722000001
0.05142857128
0.05142857128
0.05124423944
0.05124423944
0.05124423944
0.05133640534
0.05133640534
0.05133640534
0.051428571240000005
0.051520737100000005
0.051520737100000005
0.051520737100000005
0.051520737100000005
0.05161290304000001
0.05170506898000001
0.05170506898000001
0.05170506898000001
0.05161290304000001
0.05161290304000001
0.05170506898000001
0.051797234880000015
0.051889400820000015
0.051797234960000015
0.051797234960000015
0.05188940086000002
0.05188940086000002
0.05188940086000002
0.05198156676000001
0.05207373262000001
0.05207373262000001
0.05207373262000001
0.05198156676000001
0.052073732700000014
0.052073732700000014
0.052073732700000014
0.051981566760000014
0.05188940086000002
0.05198156680000001
0.05207373274000002
0.05207373274000002
0.05216589860000002
0.05244239630000002
0.05244239630000002
0.05244239630000002
0.05244239630000002
0.05244239630000002
0.05244239630000002
0.05244239630000002
0.05244239630000002
0.05244239630000002
0.05244239630000002
0.05244239630000002
0.05244239630000002
0.05244239630000002
0.05253456220000002
0.052626728140000016
0.052626728140000016
0.052626728140000016
0.052626728140000016
0.052718894080000016
0.05281105998000002
0.05281105998000002
0.05281105998000002
0.052903225880000015
0.052995391740000015
0.052995391740000015
0.052995391740000015
0.052995391740000015
0.05308755768000001
0.05308755768000001
0.05308755768000001
0.053179723620000015
0.053179723620000015
0.053179723620000015
0.053271889560000014
0.053271889560000014
0.053271889560000014
0.053271889560000014
0.053271889560000014
0.053271889560000014
0.053364055500000014
0.05345622144000001
0.05354838734000001
0.05354838734000001
0.05364055320000001
0.05364055320000001
0.05373271914000002
0.05373271914000002
0.05373271914000002
0.05373271914000002
0.05373271914000002
0.05373271914000002
0.05373271914000002
0.05373271914000002
0.05373271914000002
0.05382488504000001
0.05382488504000001
0.05382488504000001
0.05382488504000001
0.05391705090000001
0.054009216800000016
0.054009216800000016
0.054009216800000016
0.054009216800000016
0.054009216800000016
0.05391705086000002
0.05391705086000002
0.05400921666000002
0.05391705072000001
0.05391705072000001
0.05391705072000001
0.05400921666000002
0.05400921666000002
0.05400921666000002
0.054101382600000025
0.054101382600000025
0.054101382600000025
0.054101382600000025
0.054101382600000025
0.054101382600000025
0.05419354850000002
0.05419354850000002
0.05419354850000002
0.05419354850000002
0.05419354850000002
0.05428571444000002
0.05428571444000002
0.05428571444000002
0.05428571444000002
0.05428571444000002
0.05428571444000002
0.054193548540000025
0.054193548540000025
0.054285714480000025
0.054285714480000025
0.054285714480000025
0.054285714480000025
0.054285714480000025
0.054285714480000025
0.054285714480000025
0.054285714480000025
0.054285714480000025
0.054285714480000025
0.054285714480000025
0.054285714480000025
0.054377880340000025
0.054377880340000025
0.05447004628000003
0.05447004628000003
0.05447004628000003
0.05447004628000003
0.05437788034000003
0.05437788034000003
0.05437788034000003
0.05437788034000003
0.05437788034000003
0.054377880380000035
0.054377880380000035
0.054377880380000035
0.054377880380000035
0.05447004628000003
0.05437788034000003
0.05447004624000003
0.05437788034000003
0.05437788034000003
0.05447004628000003
0.05465437800000003
0.05456221206000003
0.05456221206000003
0.05456221206000003
0.05456221206000003
0.05456221206000003
0.05456221206000003
0.05456221206000003
0.05456221206000003
0.05456221198000003
0.05456221198000003
0.05456221198000003
0.05456221198000003
0.05456221198000003
0.05456221198000003
0.05456221198000003
0.05456221198000003
0.05456221198000003
0.05456221198000003
0.05456221198000003
0.05456221198000003
0.05456221198000003
0.05456221198000003
0.05456221198000003
0.05456221198000003
0.05456221198000003
0.05456221198000003
0.054654377880000035
0.054654377880000035
0.054654377880000035
0.054654377880000035
0.054562211940000035
0.054562211940000035
0.054562211940000035
0.054562211940000035
0.054654377880000035
0.054654377880000035
0.054654377880000035
0.054654377880000035
0.054654377880000035
0.05474654368000004
0.05474654368000004
0.054838709580000033
0.054838709580000033
0.05493087548000003
0.055115207280000036
0.055115207280000036
0.05520737318000004
0.05520737318000004
0.05520737318000004
0.05520737318000004
0.055115207280000036
0.05520737318000004
0.05511520724000004
0.05511520724000004
0.05511520724000004
0.05520737318000004
0.05520737318000004
0.05520737318000004
0.05520737318000004
0.05520737318000004
0.05520737318000004
0.05520737318000004
0.05520737318000004
0.05520737318000004
0.05520737318000004
0.05520737318000004
0.05520737318000004
0.05520737318000004
0.05529953912000003
0.05529953912000003
0.05529953912000003
0.05529953912000003
0.05529953912000003
0.05539170498000003
0.05539170498000003
0.05539170498000003
0.05539170498000003
0.05539170498000003
0.05548387088000003
0.05548387088000003
0.05548387088000003
0.05548387088000003
0.05557603678000003
0.05557603678000003
0.05557603678000003
0.05557603678000003
0.05566820272000003
0.05566820272000003
0.05566820272000003
0.05566820272000003
0.05566820272000003
0.05566820272000003
0.05566820272000003
0.05576036862000003
0.05576036862000003
0.05576036862000003
0.05576036862000003
0.05576036862000003
0.055944700460000024
0.055944700460000024
0.055944700460000024
0.055944700460000024
0.055944700460000024
0.055944700460000024
0.055944700460000024
0.055944700460000024
0.055944700460000024
0.056129032220000014
0.056129032220000014
0.056129032220000014
0.056129032220000014
0.056129032220000014
0.056129032220000014
0.056129032220000014
0.056129032220000014
0.05622119812000002
0.05622119812000002
0.05622119812000002
0.05622119812000002
0.05622119812000002
0.05622119812000002
0.05631336402000002
0.05631336402000002
0.05631336402000002
0.05631336402000002
0.05640552992000002
0.05640552992000002
0.05640552992000002
0.05640552992000002
0.05649769582000002
0.05649769582000002
0.056589861760000026
0.056589861760000026
0.056589861760000026
0.056589861760000026
0.056589861760000026
0.05668202756000003
0.05668202756000003
0.05668202756000003
0.05668202756000003
0.05668202756000003
0.05668202756000003
0.05668202756000003
0.05668202756000003
0.05677419350000003
0.056866359440000035
0.056866359440000035
0.056958525380000034
0.056958525380000034
0.056958525380000034
0.056958525380000034
0.056958525380000034
0.056958525380000034
0.057050691280000024
0.057050691280000024
0.057050691280000024
0.057050691280000024
0.057050691280000024
0.05695852534000003
0.05695852534000003
0.05695852534000003
0.05695852534000003
0.057050691280000024
0.057050691280000024
0.05714285718000002
0.05714285718000002
0.05714285718000002
0.05714285718000002
0.05714285718000002
0.05714285718000002
0.05714285718000002
0.05714285718000002
0.05714285718000002
0.05714285718000002
0.05714285718000002
0.05723502308000002
0.05723502308000002
0.05732718902000002
0.057419354960000016
0.057419354960000016
0.05751152086000002
0.05751152086000002
0.05760368676000002
0.05760368676000002
0.05760368676000002
0.05760368676000002
0.05760368676000002
0.05760368676000002
0.05760368676000002
0.05760368676000002
0.05769585270000002
0.05778801864000002
0.05778801864000002
0.057880184440000024
0.057880184440000024
0.057880184440000024
0.05797235034000001
0.05797235034000001
0.05797235034000001
0.05797235034000001
0.05797235034000001
0.05797235034000001
0.05797235034000001
0.05797235034000001
0.058064516240000016
0.058064516240000016
0.058064516240000016
0.058064516240000016
0.058064516240000016
0.05815668214000001
0.05815668214000001
0.05824884808000001
0.05824884808000001
0.05824884808000001
0.05824884808000001
0.05824884808000001
0.05824884808000001
0.05824884808000001
0.05824884808000001
0.05824884808000001
0.05824884808000001
0.05824884808000001
0.05824884808000001
0.05824884808000001
0.05824884808000001
0.05824884808000001
0.05824884808000001
0.05824884808000001
0.05824884808000001
0.05824884808000001
0.05824884808000001
0.05824884808000001
0.05824884808000001
0.05824884808000001
0.05824884808000001
0.05824884808000001
0.05824884808000001
0.05824884808000001
0.05824884808000001
0.05824884808000001
0.05824884808000001
0.05824884808000001
0.05824884808000001
0.05824884808000001
0.05824884808000001
0.05824884808000001
0.05824884808000001
0.05824884808000001
0.05824884808000001
0.05815668214000001
0.05815668214000001
0.05815668214000001
0.05824884804000001
0.05824884804000001
0.05824884804000001
0.05824884804000001
0.05834101394000001
0.058433179840000016
0.058433179840000016
0.058433179840000016
0.058433179840000016
0.058433179840000016
0.058433179840000016
0.058433179840000016
0.058433179840000016
0.058433179840000016
0.058433179840000016
0.058433179840000016
0.058433179840000016
0.05852534578000001
0.05852534578000001
0.05852534578000001
0.05852534578000001
0.05852534578000001
0.05852534578000001
0.05852534578000001
0.05852534578000001
0.05852534578000001
0.05861751168000001
0.05861751168000001
0.05861751168000001
0.05870967748000001
0.05870967748000001
0.05870967748000001
0.05870967748000001
0.05870967748000001
0.05870967748000001
0.05870967748000001
0.05870967748000001
0.05870967748000001
0.05870967748000001
0.05870967748000001
0.05870967748000001
0.05870967748000001
0.05870967748000001
0.05870967748000001
0.058617511680000005
0.058617511680000005
0.058617511680000005
0.058617511680000005
0.058617511680000005
0.058617511680000005
0.058617511680000005
0.058617511680000005
0.058617511680000005
0.058617511680000005
0.058617511680000005
0.058617511680000005
0.058617511680000005
0.058617511680000005
0.058617511680000005
0.058617511680000005
0.058617511680000005
0.058617511680000005
0.058617511680000005
0.058617511680000005
0.058617511680000005
0.058617511680000005
0.058617511680000005
0.058617511680000005
0.058617511680000005
0.058617511680000005
0.058617511680000005
0.058617511680000005
0.058617511680000005
0.058617511680000005
0.058617511680000005
0.058617511680000005
0.058617511680000005
0.058617511680000005
0.058617511680000005
0.058617511680000005
0.058617511680000005
0.058617511680000005
0.058617511680000005
0.058617511680000005
0.058617511680000005
0.058617511680000005
0.058617511680000005
0.058617511680000005
0.05870967758000001
0.05870967758000001
0.05870967758000001
0.05870967758000001
0.05870967758000001
0.05870967758000001
0.05870967758000001
0.05870967758000001
0.05870967758000001
0.05870967758000001
0.05870967758000001
0.05870967758000001
0.05870967758000001
0.05870967758000001
0.05870967758000001
0.05870967758000001
0.05870967758000001
0.05870967758000001
0.05880184338000001
0.05880184338000001
0.05880184338000001
0.05880184338000001
0.05889400928000001
0.05889400928000001
0.05889400928000001
0.05889400928000001
0.05889400928000001
0.05889400928000001
0.05889400928000001
0.05889400928000001
0.05889400928000001
0.05889400928000001
0.05889400928000001
0.05898617518000002
0.05898617518000002
0.05898617518000002
0.05898617518000002
0.05898617518000002
0.05898617518000002
0.05889400928000002
0.05889400928000002
0.05889400928000002
0.05889400928000002
0.058986175180000024
0.058986175180000024
0.058986175180000024
0.058986175180000024
0.058986175180000024
0.058986175180000024
0.058986175180000024
0.058986175180000024
0.058986175180000024
0.058986175180000024
0.058986175180000024
0.058986175180000024
0.05907834098000003
0.05907834098000003
0.05907834098000003
0.05907834098000003
0.05907834098000003
0.05907834098000003
0.05907834098000003
0.05907834098000003
0.05907834098000003
0.05907834098000003
0.05907834098000003
0.05907834098000003
0.05907834098000003
0.05907834098000003
0.05907834098000003
0.05907834098000003
0.05907834098000003
0.05907834098000003
0.05907834098000003
0.05907834098000003
0.05907834098000003
0.05926267282000002
0.05926267282000002
0.05926267282000002
0.05926267282000002
0.05926267282000002
0.05926267282000002
0.05926267282000002
0.05926267282000002
0.059354838720000025
0.059354838720000025
0.05926267282000002
0.05926267282000002
0.059354838720000025
0.059354838720000025
0.059354838720000025
0.059354838720000025
0.059354838720000025
0.059354838720000025
0.059354838720000025
0.059354838720000025
0.05944700452000003
0.05953917046000003
0.05953917046000003
0.05953917046000003
0.05953917046000003
0.05963133636000003
0.05963133636000003
0.05963133636000003
0.05963133636000003
0.05963133636000003
0.05963133636000003
0.05963133636000003
0.05963133636000003
0.05963133636000003
0.05963133636000003
0.05963133636000003
0.05963133636000003
0.05963133636000003
0.05981566816000003
0.05981566816000003
0.05981566816000003
0.05981566816000003
0.05981566816000003
0.05981566816000003
0.05981566816000003
0.05981566816000003
0.05981566816000003
0.05981566816000003
0.05981566816000003
0.05981566816000003
0.05981566816000003
0.059907834060000026
0.059907834060000026
0.059907834060000026
0.059907834060000026
0.059907834060000026
0.059907834060000026
0.059907834060000026
0.059907834060000026
0.05999999996000003
0.05999999996000003
0.05999999996000003
0.05999999996000003
0.05999999996000003
0.05999999996000003
0.05999999996000003
0.05999999996000003
0.05999999996000003
0.05999999996000003
0.06009216576000004
0.06009216576000004
0.06009216576000004
0.06009216576000004
0.06009216576000004
0.06009216576000004
0.06009216576000004
0.06009216576000004
0.06009216576000004
0.06009216576000004
0.06009216576000004
0.06009216576000004
0.06009216576000004
0.06009216576000004
0.06009216576000004
0.06009216576000004
0.06009216576000004
0.06009216576000004
0.06009216576000004
0.06009216576000004
0.06009216576000004
0.06009216576000004
0.06009216576000004
0.06009216576000004
0.06018433166000003
0.06018433166000003
0.06018433166000003
0.06018433166000003
0.06018433166000003
0.06018433166000003
0.06018433166000003
0.06018433166000003
0.06018433166000003
0.06036866336000004
0.06036866336000004
0.06036866336000004
0.06046082926000004
0.06046082926000004
0.060552995200000036
0.060552995200000036
0.060552995200000036
0.060552995200000036
0.060552995200000036
0.060552995200000036
0.060552995200000036
0.060552995200000036
0.060552995200000036
0.060552995200000036
0.060552995200000036
0.060552995200000036
0.060552995200000036
0.060552995200000036
0.060552995200000036
0.060552995200000036
0.060552995200000036
0.060552995200000036
0.060552995200000036
0.060552995200000036
0.060552995200000036
0.060552995200000036
0.060552995200000036
0.060552995200000036
0.06064516100000004
0.06064516100000004
0.06064516100000004
0.06064516100000004
0.06064516100000004
0.06064516100000004
0.06064516100000004
0.060737326900000034
0.060737326900000034
0.060737326900000034
0.060737326900000034
0.06082949280000004
0.06082949280000004
0.06082949280000004
0.06082949280000004
0.06082949280000004
0.06082949280000004
0.06082949280000004
0.06082949280000004
0.06082949280000004
0.06082949280000004
0.06082949280000004
0.06082949280000004
0.06082949280000004
0.06082949280000004
0.06092165874000004
0.06092165874000004
0.06092165874000004
0.06092165874000004
0.06092165874000004
0.06092165874000004
0.06092165874000004
0.06092165874000004
0.06092165874000004
0.06092165874000004
0.06092165874000004
0.06092165874000004
0.06092165874000004
0.06101382454000003
0.06101382454000003
0.06101382454000003
