0.5094930954
0.5017511635999999
0.49594470960000003
0.49041475659999995
0.48764977460000003
0.48718894780000005
0.48497696540000007
0.48313364619999993
0.4817511596
0.47788019139999993
0.4709677451999999
0.46516129599999995
0.4581566899999999
0.4540092226000001
0.44599079032
0.4385253526000001
0.4353917110800001
0.43004608648000003
0.42534562892000005
0.42027650372
0.4158525387999999
0.4112442459999999
0.40682028179999996
0.40230415359999994
0.3973271929999999
0.39281106559999995
0.3876497751999999
0.3833179781999999
0.37769585799999994
0.373640559
0.36894009679999995
0.36506913040000005
0.3611981620000001
0.3547465484
0.35152074240000014
0.34921659520000004
0.34755760700000005
0.3457142894
0.342580651
0.3397235082
0.3384331852
0.3364977016
0.3345622178
0.3317972412
0.3301382546
0.3285714342
0.32654378440000004
0.3247004664
0.32276498079999993
0.32138249191999996
0.3200000036
0.31714286048
0.31548387460000005
0.31373272220000004
0.311981572
0.3105990824
0.3086635991200001
0.30562212356000007
0.30423963495999995
0.30285714684000004
0.2999078381600001
0.29797235408000006
0.2966820316
0.2950230450800001
0.29317972708000006
0.2911520764800001
0.28884792907999995
0.28755760728
0.28442396628000005
0.28064516423999997
0.27741935664000006
0.27382488763999996
0.27170507084
0.26930875764
0.26589862044
0.26101382836000003
0.25732719259999987
0.2538248871999999
0.25105991048000004
0.24783410388000005
0.24534562448
0.24193548607999996
0.23981566999999998
0.2355760396
0.23400921992000007
0.23069124780000005
0.22811060183999998
0.22552995583999993
0.22377880435999997
0.22211981884
0.22000000296000002
0.21889401264000008
0.21714286028
0.21474654668000004
0.2135483900800001
0.21235023280000007
0.21041474852
0.20958525527999997
0.20894009431999996
0.20764977232000006
0.20663594748000003
0.20414746852000004
0.20267281347999994
0.20184332015999995
0.1992626755399999
0.19870967973999998
0.19732719213999997
0.19658986382
0.19511521025999998
0.19410138534
0.19308756034000002
0.19142857496000001
0.19059908188000002
0.18912442679999997
0.1877419376
0.18718894191999996
0.18479262872
0.1836866368
0.18267281200000002
0.18119815852
0.18027650064000003
0.17953917372000003
0.17852534884000001
0.17705069352000002
0.17622120032000002
0.17483871264
0.17410138528000005
0.17299539516000007
0.17235023404
0.17115207568
0.1711520756
0.17032258232
0.17004608572000002
0.16875576172000006
0.16801843372000003
0.16764977064000003
0.16746544072000003
0.16718894264000003
0.16645161432000002
0.16599078452000005
0.16525345844
0.16414746826
0.16350230538000002
0.16276497918000005
0.16193548558000004
0.16055299710000004
0.16009216730000006
0.15935483968000005
0.15861751316
0.15778801912
0.15649769612
0.15612903376
0.15502304276
0.15447004728000002
0.15373271944000003
0.1529032266
0.1523502316
0.15207373352
0.15032258223999997
0.14958525511999998
0.14903225911999998
0.14829493179999997
0.14774193619999998
0.14682027719999996
0.14626728139999998
0.145529955
0.14442396432
0.14350230483999998
0.14267281154
0.14248847981999999
0.14175115209999997
0.1413824889
0.14055299569999996
0.13990783449999997
0.13852534569999997
0.13723502297999995
0.13631336449999995
0.13594470089999994
0.13576036909999994
0.13502304141999993
0.13456221201999996
0.13391705081999997
0.13373271893999994
0.13299539233999993
0.13225806505999993
0.13179723573999996
0.13133640589999995
0.13096774249999998
0.13078341114
0.13013824981999997
0.12986175241999998
0.12967742094
0.12949308922
0.12940092322
0.12903225950000002
0.12866359600000002
0.12829493228
0.127834103
0.12801843488
0.12746543923999998
0.12718894175999998
0.12737327344000002
0.12718894171999998
0.1269124438
0.12682027776
0.12635944812
0.12599078432
0.12589861844
0.12580645244
0.12562212068
0.12534562320000003
0.12525345740000002
0.12479262792000002
0.12460829600000001
0.12460829579999999
0.12442396400000001
0.1242396323
0.1239631347
0.12377880290000003
0.12350230550000002
0.12322580810000003
0.12294931040000001
0.12294931040000001
0.12285714448000001
0.12258064636000002
0.12248848036000001
0.12221198288000004
0.12184331926000003
0.12165898746000002
0.12156682146000002
0.12156682136000001
0.12147465544000001
0.12119815764
0.12110599184
0.12092166028000001
0.12073732856000001
0.12046083096
0.12018433304000001
0.12018433304000001
0.12009216704
0.12009216704
0.12009216704
0.12009216704
0.11990783516
0.12000000075999999
0.11972350334000001
0.11944700554000001
0.11917050774000003
0.11889401026000003
0.11852534626000003
0.11852534626000003
0.11852534638000004
0.11843318058000003
0.11843318058000003
0.11824884950000003
0.11806451770000002
0.11778801990000001
0.11751152206
0.11751152206
0.11741935606000001
0.11723502416
0.11705069176
0.11686636004
0.11686636064000001
0.11658986264000001
0.11640553064000002
0.11603686724000001
0.11539170556000002
0.11493087615999999
0.11447004695999999
0.11419354915999999
0.11410138316
0.11290322655999999
0.11299539216
0.11281106055999998
0.11281106067999999
0.11216589887999998
0.11198156707999997
0.11179723517999995
0.11170506917999998
0.11161290317999997
0.11124423977999996
0.11096774197999998
0.11041474657999999
0.11023041497999998
0.10967741967999999
0.10940092205999997
0.10894009277999998
0.10847926318000001
0.10801843366
0.10801843366
0.10811059958
0.10792626777999999
0.10792626777999999
0.10764977017999998
0.10728110655999998
0.10700460885999999
0.10691244285999998
0.10682027685999998
0.10663594514
0.10654377933999999
0.10626728165999998
0.10617511583999999
0.10589861835999999
0.10599078428
0.10599078428
0.10571428650000002
0.10571428650000002
0.10562212058
0.10543778888000001
0.10534562308
0.10525345710000002
0.10525345710000002
0.10525345710000002
0.10525345710000002
0.10497695928
0.10479262760000001
0.10460829567999999
0.10451612987999999
0.10451612987999999
0.10451612987999999
0.10433179788000001
0.10423963218000001
0.10423963218000001
0.10423963218000001
0.10414746618000001
0.10414746618000001
0.10414746618000001
0.10423963219999999
0.10387096829999999
0.1037788024
0.10359447066
0.10350230485999999
0.10341013896
0.10322580736000003
0.10313364156000002
0.10294930996000005
0.10285714416000007
0.10276497816000006
0.10239631476000005
0.10230414876000006
0.10221198296000006
0.10202765076000006
0.10175115314000005
0.10175115314000005
0.10165898724000005
0.10156682124000005
0.10147465524000004
0.10129032350000004
0.10129032350000004
0.10110599170000004
0.10110599130000004
0.10082949360000004
0.10064516160000003
0.10055299572000002
0.10036866392000005
0.10036866392000005
0.10027649800000005
0.10027649800000005
0.10018433220000005
0.10000000052000006
0.09990783472000006
0.09963133692000005
0.09963133712000005
0.09944700512000004
0.09935483922000005
0.09926267342000004
0.09907834182000005
0.09898617582000005
0.09889400992000005
0.09889400992000005
0.09880184412000005
0.09870967832000005
0.09843318072000004
0.09824884872000006
0.09815668252000005
0.09815668252000005
0.09815668252000005
0.09788018504000005
0.09732718954000004
0.09732718954000004
0.09732718954000004
0.09723502414000004
0.09705069224000004
0.09668202904000005
0.09658986314000004
0.09649769714000003
0.09658986314000004
0.09631336522000003
0.09603686782000004
0.09585253602000005
0.09557603782000004
0.09548387182000004
0.09539170622000005
0.09529954022000005
0.09493087662000005
0.09493087642000005
0.09474654442000004
0.09456221322000005
0.09410138342000005
0.09400921802000005
0.09391705222000006
0.09373272022000005
0.09364055422000005
0.09354838842000007
0.09345622282000006
0.09317972520000006
0.09299539300000007
0.09271889500000008
0.09253456360000006
0.09188940170000008
0.09179723570000008
0.09152073790000007
0.09152073790000007
0.09124424030000006
0.09059907890000005
0.09032258130000007
0.09013824970000005
0.09004608370000006
0.08995391770000005
0.08940092220000004
0.08894009280000004
0.08884792690000003
0.08857142950000003
0.08820276596000004
0.08783410202000003
0.08764977042000004
0.08737327262000003
0.08728110672000003
0.08718894072000002
0.08718894072000002
0.08709677540000003
0.08691244370000004
0.08672811192000003
0.08645161424000002
0.08645161424000002
0.08635944834000002
0.08608295034000003
0.08599078454000003
0.08571428644000002
0.08552995474000002
0.08543778874000002
0.08497695944000001
0.08479262764000005
0.08451613004000004
0.08451613004000004
0.08423963214000002
0.08423963194000002
0.08387096844000004
0.08387096848000004
0.08359447078000004
0.08350230484000004
0.08331797354000002
0.08322580784000003
0.08304147564000004
0.08294930964000004
0.08304147554000003
0.08285714364000003
0.08276497784000003
0.08248848014000004
0.08184331918000004
0.08129032378000003
0.08092166032000003
0.08064516262000003
0.08064516262000003
0.08027649872000003
0.08018433282000002
0.08018433280000004
0.08018433280000004
0.08018433280000004
0.07990783494000003
0.07981566914000003
0.07981566914000003
0.07972350324000003
0.07972350324000003
0.07972350324000003
0.07972350324000003
0.07935483954000003
0.07926267354000002
0.07917050774000002
0.07926267374000003
0.07917050784000003
0.07889401030000003
0.07870967800000003
0.07861751210000004
0.07852534610000003
0.07824884880000005
0.07824884880000005
0.07815668280000004
0.07806451700000004
0.07815668280000004
0.07806451680000004
0.07797235080000003
0.07797235080000003
0.07797235080000003
0.07778801900000004
0.07723502372000005
0.07732718962000004
0.07732718962000004
0.07714285762000003
0.07705069182000004
0.07695852622000005
0.07686636032000005
0.07658986232000005
0.07640553072000004
0.07640553072000004
0.07622119882000006
0.07594470112000005
0.07594470112000005
0.07594470112000005
0.07576036932000005
0.07566820332000006
0.07502304212000005
0.07502304212000005
0.07483871022000005
0.07474654422000004
0.07437788072000004
0.07428571452000005
0.07428571452000005
0.07410138294000004
0.07400921702000005
0.07400921702000005
0.07391705110000003
0.07400921710000004
0.07400921702000005
0.07391705112000004
0.07382488516000002
0.07364055336000003
0.07364055346000002
0.07373271934000003
0.07364055346000002
0.07354838766000002
0.07354838754000002
0.07354838754000002
0.07345622174000002
0.07336405584000001
0.07317972406
0.07317972406
0.07308755816000001
0.07299539226000001
0.07290322636
0.07299539224000001
0.07308755824000002
0.07299539236000001
0.07290322646000001
0.07271889466
0.07262672872000002
0.07253456282000002
0.07262672892000001
0.07253456302000001
0.07235023122000002
0.07225806532000002
0.07216589942000003
0.07198156762000002
0.07198156762000002
0.07188940172000002
0.07188940172000002
0.07161290402000002
0.07161290402000002
0.07161290402000002
0.07142857222000001
0.07133640642000001
0.07133640652000002
0.07115207468000002
0.07105990888000002
0.07087557688000003
0.07059907914000002
0.07041474744000004
0.07032258144000003
0.07041474734000003
0.07023041544000003
0.07004608354000003
0.06995391764000002
0.06986175164000001
0.06976958584000001
0.06958525414000001
0.06958525414000001
0.06958525418000001
0.06949308818000001
0.06949308818000001
0.06921659038000001
0.06912442444000001
0.06894009244000002
0.06894009244000002
0.06884792658000001
0.06866359498000002
0.06847926308000002
0.06847926308000002
0.06847926308000002
0.06829493124000002
0.06820276534000003
0.06820276534000003
0.06811059944000003
0.06811059944000003
0.06811059944000003
0.06811059944000003
0.06811059944000003
0.06801843364000003
0.06801843364000003
0.06801843374000002
0.06801843374000002
0.06801843374000002
0.06792626794000002
0.06792626794000002
0.06792626794000002
0.06792626794000002
0.06783410204000002
0.06783410204000002
0.06783410204000002
0.06783410204000002
0.06774193614000003
0.06774193614000003
0.06774193614000003
0.06764977024000003
0.06755760434000004
0.06755760434000004
0.06755760434000004
0.06746543834000003
0.06746543834000003
0.06746543824000004
0.06746543824000004
0.06737327234000004
0.06737327234000004
0.06746543824000004
0.06746543824000004
0.06728110644000003
0.06728110644000003
0.06728110644000003
0.06728110644000003
0.06728110644000003
0.06709677474000003
0.06700460894000003
0.06691244308000002
0.06700460894000003
0.06691244294000002
0.06691244284000003
0.06691244284000003
0.06691244284000003
0.06691244284000003
0.06682027694000003
0.06682027694000003
0.06672811104000004
0.06663594524000004
0.06663594524000004
0.06672811114000003
0.06672811114000003
0.06663594524000004
0.06654377924000003
0.06645161344000003
0.06635944764000003
0.06635944754000003
0.06635944754000003
0.06635944754000003
0.06635944754000003
0.06635944754000003
0.06626728164000004
0.06626728164000004
0.06599078384000004
0.06599078384000004
0.06580645204000003
0.06552995430000004
0.06552995430000004
0.06552995430000004
0.06534562240000004
0.06525345640000003
0.06525345640000003
0.06525345640000003
0.06525345640000003
0.06516129046000003
0.06506912446000003
0.06497695856000003
0.06497695856000003
0.06470046096000004
0.06460829506000004
0.06442396326000005
0.06442396326000005
0.06442396326000005
0.06433179746000003
0.06423963156000004
0.06423963156000004
0.06423963156000004
0.06405529986000003
0.06405529986000003
0.06396313392000003
0.06377880222000003
0.06377880222000003
0.06359447052000003
0.06350230462000002
0.06350230462000002
0.06341013882000003
0.06322580702000002
0.06313364112000003
0.06313364112000003
0.06304147512000002
0.06304147512000002
0.06304147512000002
0.06294930922000001
0.06294930922000001
0.06285714322000001
0.06276497732000003
0.06267281142000003
0.06267281142000003
0.06258064542000003
0.06258064542000003
0.06258064542000003
0.06258064556000004
0.06248847966000002
0.06239631376000003
0.06221198186000003
0.06221198186000003
0.06221198186000003
0.06221198186000003
0.06221198186000003
0.062119815920000036
0.062119815920000036
0.06202765002000003
0.06202765002000003
0.06202765002000003
0.06184331822000003
0.06184331822000003
0.06184331822000003
0.06184331822000003
0.06184331822000003
0.06184331822000003
0.06184331822000003
0.06184331822000003
0.06175115232000003
0.06165898638000003
0.06165898638000003
0.06147465444000003
0.06147465444000003
0.061474654540000034
0.061474654540000034
0.06129032274000003
0.06129032274000003
0.06129032274000003
0.06110599094000003
0.061013825040000025
0.061013825040000025
0.06082949324000003
0.06082949324000003
0.06082949324000003
0.06082949324000003
0.06073732730000003
0.06064516144000003
0.06046082958000003
0.060368663680000025
0.060276497780000035
0.06018433188000003
0.06009216588000003
0.06009216588000003
0.06009216588000003
0.05990783408000003
0.05990783408000003
0.05981566818000004
0.05981566818000003
0.059723502280000035
0.059723502280000035
0.05963133648000003
0.05963133648000003
0.059539170680000024
0.059539170680000024
0.059539170680000024
0.05944700474000003
0.05944700474000003
0.05944700474000003
0.05944700474000003
0.059354838800000025
0.05944700460000003
0.059354838600000036
0.05926267280000003
0.05917050690000004
0.05917050690000004
0.05917050700000003
0.05917050700000003
0.05917050700000003
0.05907834110000003
0.05907834110000003
0.05898617524000003
0.05898617524000003
0.05889400944000003
0.05889400944000003
0.05889400944000003
0.05880184354000004
0.05880184354000004
0.05861751168000003
0.05861751168000003
0.05861751168000003
0.05852534578000003
0.05861751164000003
0.05861751164000003
0.05852534584000003
0.05852534584000003
0.05852534584000003
0.05852534584000003
0.05861751164000002
0.05861751164000002
0.05843317980000001
0.05843317980000001
0.058341013900000016
0.058341013900000016
0.05824884800000001
0.05824884800000001
0.05834101394000002
0.05834101398000002
0.05806451638000002
0.05797235048000002
0.05797235048000002
0.05788018458000002
0.05788018458000002
0.057788018680000025
0.057788018680000025
0.057788018680000025
0.05769585268000003
0.057788018580000024
0.057788018580000024
0.05760368688000002
0.05751152094000002
0.05751152094000002
0.05741935504000002
0.05741935504000002
0.05732718910000003
0.05732718910000003
0.057142857340000026
0.05705069144000002
0.05705069144000002
0.05705069144000002
0.05705069144000002
0.05705069144000002
0.05714285734000001
0.05714285734000001
0.05714285734000001
0.05714285734000001
0.05705069144000001
0.05705069144000001
0.056958525640000014
0.056958525640000014
0.056958525640000014
0.056958525640000014
0.056958525640000014
0.056958525640000014
0.056958525640000014
0.05686635984000001
0.05705069150000001
0.05705069150000001
0.05705069150000001
0.05705069150000001
0.056958525600000004
0.0567741938
0.0567741938
0.0567741938
0.0567741938
0.0567741938
0.056682027899999994
0.056589862000000005
0.056589862000000005
0.056497696199999996
0.056497696199999996
0.05640553029999999
0.05640553029999999
0.05640553029999999
0.05640553029999999
0.05631336449999999
0.05631336449999999
0.05631336449999999
0.05631336449999999
0.056221198599999994
0.056221198599999994
0.056221198599999994
0.056221198599999994
0.05622119864
0.05622119864
0.05622119864
0.05622119864
0.05622119864
0.05622119864
0.05622119864
0.05612903274
0.05612903274
0.056221198679999994
0.056221198679999994
0.056221198679999994
0.05594470086
0.05594470086
0.05594470086
0.05594470086
0.05594470086
0.055852535
0.055852535
0.05576036906000001
0.055668203160000006
0.055576037220000006
0.055576037220000006
0.055576037220000006
0.05548387128
0.05548387128
0.05548387128
0.05548387128
0.05539170538
0.05539170538
0.05529953944000001
0.05529953944000001
0.05520737354000001
0.05520737354000001
0.05520737354000001
0.05520737354000001
0.05511520768000001
0.05502304182000001
0.05502304182000001
0.05493087582
0.05483870988
0.05474654398
0.05474654402
0.05474654402
0.05474654402
0.05474654402
0.05474654402
0.05474654402
0.05474654402
0.05474654402
0.05474654402
0.05474654402
0.05474654402
0.05474654402
0.05474654402
0.05465437816
0.05465437816
0.05465437816
0.0544700464
0.05437788050000001
0.054285714560000004
0.054285714560000004
0.05419354866
0.05419354866
0.05419354866
0.05419354866
0.054101382760000004
0.054009216900000004
0.053917051
0.053917051
0.05382488510000001
0.05382488510000001
0.05382488510000001
0.05382488510000001
0.05382488510000001
0.05382488510000001
0.053917051040000004
0.053917051040000004
0.053917051040000004
0.05382488510000001
0.053917051000000014
0.053917051000000014
0.053917051000000014
0.053917051000000014
0.053732719200000015
0.053732719200000015
0.053732719200000015
0.053732719200000015
0.053732719200000015
0.053732719200000015
0.053732719200000015
0.053548387340000024
0.053548387340000024
0.05345622140000002
0.05336405546000002
0.05336405546000002
0.05336405546000002
0.05336405546000002
0.053271889560000014
0.053271889560000014
0.053271889560000014
0.05336405546000002
0.05345622126000001
0.05345622126000001
0.05345622126000001
0.05345622126000001
0.053548387160000016
0.053548387160000016
0.053548387160000016
0.053640553020000016
0.053640553020000016
0.053548387080000016
0.053548387080000016
0.053548387080000016
0.053548387080000016
0.053271889340000024
0.053271889340000024
0.053271889340000024
0.053271889340000024
0.053271889340000024
0.053271889340000024
0.053271889340000024
0.053271889340000024
0.05308755758000002
0.05308755754000002
0.05308755754000002
0.05308755754000002
0.05299539168000002
0.05299539168000002
0.05299539168000002
0.05299539168000002
