0.5202765032
0.5135483949999997
0.5024884811999999
0.48783410359999985
0.4600000025999998
0.42811059819999997
0.4004608294
0.38000000027999997
0.3665437802
0.3526267291999999
0.3414746574799999
0.3318894026000001
0.32230414992000006
0.31391705160000005
0.302949309
0.2952073752000001
0.2848847934
0.2752073734
0.2673732717999999
0.2584331819999999
0.24949308899999995
0.24110599140000002
0.2308755766
0.2203686656000001
0.21115207579999992
0.20534562368000003
0.19843318212000008
0.19207373556000001
0.18552995495999994
0.18064516007999995
0.17705069167999987
0.17225806579999997
0.16764977071999998
0.16294930923999995
0.15944700555999994
0.15640553052
0.15419354812000002
0.15179723592000002
0.14921658951999997
0.14755760356000003
0.14589861852000002
0.14350230488000001
0.14175115304000005
0.14036866432000003
0.13852534644000003
0.13797235104000005
0.13668202928000006
0.13566820396000004
0.13456221204000005
0.13364055304000003
0.13216589904
0.13170506948000002
0.13115207452000002
0.13013824984000005
0.12958525436000007
0.12894009300000006
0.12875576116000004
0.12820276628000002
0.12718894104
0.12626728188000003
0.12552995456000002
0.12497695976
0.12451613016
0.12414746687999999
0.12377880326
0.12350230585999998
0.12313364233999997
0.12276497841999998
0.12221198302
0.12193548481999997
0.12175115301999996
0.12156682121999998
0.12110599141999998
0.12064516189999999
0.12055299597999998
0.12036866417999999
0.1200000007
0.11972350306000001
0.11926267426000002
0.11880184426000001
0.11834101498000002
0.11778801978
0.11751152218000001
0.11741935638
0.11705069226
0.11658986246000001
0.11622119918000001
0.11603686738000002
0.11603686738
0.11566820357999999
0.11529954017999999
0.11502304258000001
0.11465437894000001
0.11419354970000001
0.11410138389999998
0.11391705217999996
0.11373272089999997
0.11354838909999997
0.11336405699999996
0.11271889545999998
0.11235023230000002
0.11235023230000002
0.11225806630000001
0.11161290542000003
0.11133640770000003
0.11078341222000004
0.11078341202000003
0.11050691422000003
0.11013825052000005
0.10986175300000005
0.10930875752000006
0.10930875752000006
0.10930875752000006
0.10912442500000007
0.10884792716000004
0.10847926344000003
0.10792626834000002
0.10774193634000001
0.10774193662
0.10774193662
0.10718894118
0.10709677558
0.1069124437
0.10672811186
0.10645161434
0.10635944834
0.10635944834
0.10599078454
0.10543778845999999
0.10543778845999999
0.1050691251
0.10479262769999999
0.10460829597999999
0.1041474666
0.10396313482
0.10350230512000001
0.1031336416
0.10322580772000002
0.10304147584000002
0.10276497804000004
0.10258064596000002
0.10221198208000004
0.10184331848000001
0.10138248888000001
0.10129032296000001
0.10082949328000002
0.10073732728000001
0.10064516148000001
0.10064516148000001
0.10036866374
0.09990783364000003
0.09999999964
0.09981566792
0.09963133614
0.09953917014
0.09926267244
0.09917050644
0.09898617452
0.09861751062
0.09834101301999999
0.09815668124
0.09815668124
0.09797234944
0.09797234944
0.09788018353999998
0.09760368613999999
0.09760368593999999
0.09732718836
0.09732718827999999
0.09695852489999998
0.09658986131999998
0.09649769551999998
0.09649769551999998
0.09640552971999998
0.09622119823999999
0.09594470073999999
0.09594470065999998
0.09585253475999997
0.09585253487999998
0.09557603717999998
0.09511520786
0.09502304206
0.09483871036
0.09483871036
0.09465437856000002
0.09437788072000002
0.09400921702000002
0.09373271930000002
0.09364055350000003
0.09345622170000002
0.09327188990000003
0.09327188990000003
0.09317972390000002
0.09317972390000002
0.09299539210000002
0.09299539210000002
0.09253456280000001
0.09244239672000003
0.09244239692000003
0.09235023112000004
0.09235023112000004
0.09225806532000004
0.09216589952000004
0.09198156780000004
0.09179723588000004
0.09170506986000004
0.09152073794000005
0.09142857194000005
0.09115207412000004
0.09096774234000003
0.09096774234000003
0.09096774234000003
0.09078341074000003
0.09050691314000003
0.09032258124000003
0.09013824924000004
0.09013824924000004
0.09013824924000004
0.08995391746000005
0.08976958566000004
0.08967741966000004
0.08949308786000003
0.08930875626000004
0.08903225866000003
0.08884792698000003
0.08884792698000003
0.08866359498000004
0.08857142908000001
0.08820276548000003
0.08811059968000003
0.08783410188000002
0.08755760448000002
0.08718894118000002
0.08682027810000002
0.08682027810000002
0.08672811230000002
0.08635944848000003
0.08617511648000002
0.08608295058000003
0.08571428668000003
0.08552995488000004
0.08534562318000004
0.08534562318000004
0.08534562318000004
0.08525345728000006
0.08525345728000006
0.08516129128000005
0.08506912528000005
0.08488479336000003
0.08479262736000003
0.08479262736000003
0.08460829544000002
0.08460829544000002
0.08442396354000004
0.08423963164000003
0.08423963164000003
0.08414746584000003
0.08405529984000003
0.08387096804000002
0.08368663634000002
0.08359447034000002
0.08331797266000002
0.08331797266000002
0.08322580666000003
0.08304147466000002
0.08285714286000002
0.08276497706000002
0.08276497706000002
0.08267281126000002
0.08258064538000001
0.08230414766000002
0.08230414766000002
0.08230414766000002
0.08230414774000003
0.08221198174000004
0.08221198174000004
0.08202764994
0.08202764994
0.08193548406000001
0.08184331806000002
0.08193548406000001
0.08175115236000002
0.08165898656000001
0.08147465496000002
0.08119815716000002
0.08073732776000002
0.08073732776000002
0.08046083006000003
0.08027649846000003
0.08009216676000003
0.08009216676000003
0.08009216666000002
0.07990783466000001
0.07981566876000001
0.07963133706
0.07953917126
0.07935483936
0.07935483936
0.07926267336
0.07926267336
0.07907834166000001
0.07889400976
0.07880184376
0.07880184395999999
0.07870967796
0.07852534605999999
0.07834101436
0.07815668236000001
0.07788018446
0.07788018446
0.07769585256000001
0.07760368676000001
0.07723502326000001
0.07714285726000002
0.07705069146000001
0.07705069146000001
0.07695852546000001
0.07677419376000003
0.07640553016000001
0.07631336426000003
0.07612903256000003
0.07594470076000003
0.07594470076000003
0.07594470076000003
0.07566820336000002
0.07548387156000003
0.07539170576000002
0.07529953986000003
0.07529953986000003
0.07511520806000002
0.07483871026000002
0.07465437846000003
0.07447004666000004
0.07447004666000004
0.07437788076000003
0.07437788076000003
0.07428571476000002
0.07428571476000002
0.07428571476000002
0.07410138316000003
0.07400921726000002
0.07391705136000003
0.07382488546000003
0.07382488546000003
0.07364055376000003
0.07364055376000003
0.07345622196000003
0.07336405606000002
0.07317972406000002
0.07299539226000001
0.07281106036000001
0.07281106036000001
0.07253456246000001
0.07235023076000001
0.07235023076000001
0.07235023076000001
0.07235023076000001
0.07225806486000001
0.07207373316000001
0.07188940146000002
0.07188940146000002
0.07161290366
0.07161290366
0.07152073786000002
0.07152073766000001
0.07133640582
0.07124423992000001
0.07115207412000002
0.07115207412000002
0.07096774238000002
0.07078341058000003
0.07059907888000001
0.07059907888000001
0.07050691298000002
0.07032258118000002
0.07023041528000003
0.07023041528000003
0.07013824938000003
0.07013824938000003
0.07004608348000002
0.07004608348000002
0.06995391758000002
0.06976958568000002
0.06976958568000002
0.06976958568000002
0.06976958568000002
0.06995391738000002
0.06986175148000001
0.06967741978000003
0.06958525378000002
0.06949308788000001
0.06949308788000001
0.06940092198000002
0.06949308788000001
0.06949308788000001
0.06940092198000002
0.06940092198000002
0.06894009234000001
0.06884792644000001
0.06866359484000001
0.06857142904
0.0684792631
0.06838709716000001
0.06820276516000001
0.06801843346000001
0.06801843356000001
0.06801843356000002
0.06801843356000002
0.06792626756000002
0.06783410176000002
0.06783410176000002
0.06783410176000002
0.0676497699
0.06774193580000001
0.06764977000000001
0.06764977000000003
0.06746543820000002
0.06718894050000002
0.06718894050000002
0.06709677470000001
0.06691244290000001
0.06691244290000001
0.06691244290000001
0.06691244290000001
0.06682027696000001
0.06645161346
0.06635944756000002
0.06626728156000002
0.06617511576000001
0.06626728166000001
0.06617511566
0.06599078396000001
0.06599078386000001
0.06589861800000002
0.06571428620000001
0.06571428620000001
0.06580645210000001
0.06571428624000002
0.06562212034000002
0.06552995444000002
0.06552995434000003
0.06543778854000003
0.06534562264000003
0.06525345674000003
0.06516129094000003
0.06506912504000004
0.06516129084000002
0.06497695934000003
0.06488479334000002
0.06488479334000002
0.06488479334000002
0.06479262734000002
0.06470046148000003
0.06470046148000003
0.06460829568000002
0.06460829568000002
0.06451612978000003
0.06433179818000002
0.06442396408
0.06442396408
0.06423963218000002
0.06423963218000002
0.06396313448000002
0.06396313448000002
0.06387096848000001
0.06377880268000001
0.06377880268000001
0.06368663668000002
0.06368663668000002
0.06359447074000002
0.06341013894000001
0.06331797304000002
0.06331797294000001
0.06331797294000001
0.06313364114000002
0.06304147524000002
0.06294930944000002
0.06285714354000002
0.06285714354000002
0.06285714354000002
0.06276497774000003
0.06276497774000003
0.06276497760000002
0.06285714340000002
0.06285714340000002
0.06267281170000004
0.06267281170000003
0.06267281170000003
0.06267281170000003
0.06267281170000003
0.06258064580000003
0.06248847994000003
0.06248847994000003
0.06248847994000003
0.06239631404000003
0.06221198224000004
0.062119816340000036
0.062119816340000036
0.062027650480000036
0.061843318780000045
0.06175115284000004
0.06184331874000004
0.06184331880000004
0.06184331880000004
0.06175115294000004
0.06175115294000004
0.06175115294000004
0.061658986940000035
0.06147465524000004
0.06119815754000004
0.06119815754000004
0.06119815754000004
0.06110599168000004
0.06110599168000004
0.06110599168000004
0.061013825680000036
0.06092165968000003
0.06082949368000004
0.06092165954000004
0.06092165954000004
0.06101382544000003
0.06092165950000004
0.060829493600000034
0.06073732770000003
0.06073732770000003
0.060645161800000034
0.060645161800000034
0.060645161800000034
0.06055299590000003
0.06055299590000003
0.06055299590000003
0.06055299590000003
0.06055299590000003
0.06064516176000003
0.06055299586000003
0.060460829960000025
0.060460829960000025
0.06036866402000003
0.06036866402000003
0.06036866402000003
0.06036866402000003
0.060184332320000034
0.060184332320000034
0.060000000520000034
0.060000000520000034
0.05990783472000003
0.05981566886000003
0.05981566886000003
0.05972350296000003
0.05972350296000003
0.05972350296000003
0.059631337060000025
0.05953917116000003
0.05953917116000003
0.059354839400000026
0.05944700530000003
0.059354839400000026
0.05944700530000003
0.05935483930000003
0.059262673400000035
0.05917050746000003
0.05907834146000004
0.058986175560000034
0.058986175560000034
0.058986175560000034
0.058986175560000034
0.05889400956000003
0.058801843660000026
0.058801843660000026
0.058801843660000026
0.058709677800000026
0.058617512000000024
0.05870967800000002
0.05870967790000003
0.05861751200000003
0.05861751200000003
0.05861751200000003
0.05861751200000003
0.05870967790000003
0.058617512000000024
0.058617512000000024
0.05852534610000003
0.05852534610000003
0.058433180200000025
0.058341014260000025
0.05824884836000002
0.05815668236000002
0.05815668236000002
0.05815668236000002
0.057880184460000025
0.057880184460000025
0.057880184460000025
0.057880184460000025
0.05778801866000002
0.05769585276000002
0.057603686860000024
0.05751152106000002
0.05732718926000002
0.05732718926000002
0.05723502326000002
0.05732718916000002
0.05732718916000002
0.05732718916000002
0.05732718916000002
0.057142857360000014
0.057235023220000014
0.05714285732000001
0.05714285732000001
0.05714285732000001
0.05714285732000001
0.05714285732000001
0.05714285732000001
0.05723502318000001
0.05723502318000001
0.05723502318000001
0.05705069144000001
0.05705069144000001
0.05695852554000002
0.05695852554000002
0.05695852554000002
0.05695852554000002
0.05677419370000002
0.056682027800000014
0.056682027800000014
0.056589861860000014
0.056589861860000014
0.056589861860000014
0.056589861860000014
0.056589861860000014
0.056589861860000014
0.056589861860000014
0.056589861860000014
0.056497696000000014
0.056497696000000014
0.056497696000000014
0.056497696000000014
0.05649769594000002
0.05649769594000002
0.05649769594000002
0.05649769594000002
0.05649769586000002
0.05640552996000002
0.05631336402000002
0.05622119808000003
0.05612903218000003
0.05612903218000003
0.056129032180000024
0.05603686618000002
0.05603686618000002
0.05603686618000002
0.05585253438000002
0.05566820258000002
0.05548387078000002
0.05548387078000002
0.05548387078000002
0.05539170498000002
0.05539170498000002
0.05539170498000002
0.05520737310000001
0.05511520720000001
0.05502304130000001
0.05502304130000001
0.05502304130000001
0.05493087544000001
0.05493087544000001
0.05502304130000001
0.05502304130000001
0.05502304130000001
0.05502304130000001
0.05502304130000001
0.05502304130000001
0.05502304130000001
0.05502304130000001
0.05502304130000001
0.05483870964000002
0.054746543740000014
0.05474654380000001
0.05474654380000001
0.05456221204000001
0.05456221204000001
0.05474654384000001
0.05474654384000001
0.05474654384000001
0.05474654384000001
0.05474654384000001
0.05465437790000001
0.05447004614000002
0.05447004614000002
0.05447004614000002
0.05447004614000002
0.05447004614000002
0.05447004614000002
0.054377880240000016
0.054377880240000016
0.054377880240000016
0.054285714380000016
0.054285714380000016
0.054285714380000016
0.05437788028000002
0.054285714380000016
0.05437788028000002
0.05437788028000002
0.05437788028000002
0.05437788028000002
0.05437788028000002
0.05437788028000002
0.054285714380000016
0.054285714380000016
0.05437788032000001
0.05447004622000001
0.054562212120000016
0.05447004622000001
0.05447004622000001
0.05447004622000001
0.05447004622000001
0.054377880360000005
0.054377880360000005
0.054285714420000006
0.054101382760000004
0.05391705096000001
0.05391705096000001
0.05391705096000001
0.05391705096000001
0.05382488506000001
0.053732719160000005
0.05382488510000001
0.05382488510000001
0.05373271916000001
0.05373271916000001
0.05382488502000001
0.05373271912000001
0.053732719120000015
0.053732719120000015
0.053732719120000015
0.053732719120000015
0.053732719120000015
0.053824884980000015
0.053824884980000015
0.053824884980000015
0.053824884980000015
0.053824884980000015
0.05373271898000001
0.05373271898000001
0.05373271898000001
0.05364055318000001
0.05364055318000001
0.053640553220000005
0.05373271912
0.053824885020000005
0.053824885020000005
0.053917050880000005
0.053917050880000005
0.053917050880000005
0.053824885020000005
0.053824885020000005
0.053732719160000005
0.05364055326000001
0.05364055326000001
0.05354838740000001
0.05364055326000001
0.05364055326000001
0.05364055326000001
0.05364055326000001
0.05364055326000001
0.053548387360000005
0.053548387360000005
0.053548387360000005
0.053548387360000005
0.05336405566000001
0.05336405566000001
0.05327188976
0.05317972386000001
0.05317972386000001
0.05317972386000001
0.053087557960000004
0.053087557960000004
0.0531797239
0.0531797239
0.0531797239
0.0531797239
0.053087558
0.053087558
0.053087558
0.053087558
0.053087558
0.05299539210000001
0.05290322616000001
0.05290322616000001
0.05290322616000001
0.05290322616000001
0.05290322616000001
0.05290322616000001
0.05290322616000001
0.05290322616000001
0.05290322616000001
0.05308755788000001
0.05308755788000001
0.05308755788000001
0.05308755788000001
0.05308755788000001
0.05308755788000001
0.05308755788000001
0.05308755788000001
0.052995391980000014
0.052995391980000014
0.052995391980000014
0.052995391980000014
0.052995391980000014
0.052995391980000014
0.052995391980000014
0.05281106004000002
0.05281106004000002
0.05290322598000001
0.05281106008000001
0.05281106008000001
0.05281106008000001
0.05290322598000001
0.05290322598000001
0.05290322598000001
0.05281106018000001
0.05281106018000001
0.05281106018000001
0.05271889424
0.05271889424
0.05271889424
0.05271889424
0.05271889424
0.05271889424
0.05271889424
0.05262672830000001
0.05253456240000001
0.05262672826000001
0.05244239642
0.05244239642
0.05244239642
0.05244239642
0.05244239642
0.05244239642
0.05244239642
0.05244239642
0.05244239642
0.052350230520000006
0.052350230520000006
0.052350230520000006
0.05225806462
0.05225806462
0.05216589876
0.05216589876
0.05225806456000001
0.05225806456000001
0.05225806456000001
0.05225806456000001
0.05216589862000001
0.05216589862000001
0.05216589862000001
0.05216589862000001
0.05216589862000001
0.05216589862000001
0.05207373282000001
0.05216589876
0.05216589876
0.05216589876
0.05216589876
0.05216589876
0.05207373286000001
0.05216589876
0.05216589876
0.05207373286000001
0.05207373286000001
0.05198156696000001
0.05198156696000001
0.05198156696000001
0.05188940110000001
0.05188940110000001
0.051797235200000014
0.051797235200000014
0.051797235200000014
0.051797235200000014
0.051797235200000014
0.051797235200000014
0.05170506930000001
0.05179723516000001
0.05179723516000001
0.05170506926000001
0.051612903360000004
0.051612903360000004
0.051612903360000004
0.051612903360000004
0.051612903360000004
0.05170506926
0.05170506926
0.05170506926
0.05170506926
0.05170506926
0.05170506926
0.051612903360000004
0.051612903360000004
0.051612903360000004
0.051612903360000004
0.051612903360000004
0.05152073746
0.05152073746
0.05152073746
0.05152073746
0.05152073746
0.05152073746
0.05152073746
0.05152073746
0.05142857152
0.05142857152
0.05133640558000001
0.05133640558000001
0.05133640558000001
0.05133640558000001
0.05133640558000001
0.05133640558000001
0.05133640558000001
0.05133640558000001
0.05133640558000001
0.05133640558000001
0.05142857148000001
0.05133640558000001
0.05133640558000001
0.05133640558000001
0.05133640558000001
0.05133640558000001
0.05133640558000001
0.05133640558000001
0.05133640558000001
0.05133640558000001
0.05133640558000001
0.05124423972000001
0.05133640558000001
0.05133640558000001
0.05133640558000001
0.05133640558000001
0.05133640558000001
0.05133640558000001
0.05133640558000001
0.05133640558000001
0.05133640558000001
0.05133640558000001
0.05133640558000001
0.05133640558000001
0.05124423964000001
0.05124423964000001
0.05124423964000001
0.05124423964000001
0.05124423964000001
0.05124423964000001
0.05124423964000001
0.05124423964000001
0.05115207374000001
0.051059907800000005
0.051059907800000005
0.051059907800000005
0.051059907800000005
0.051059907800000005
0.051059907800000005
0.051059907800000005
0.051059907800000005
0.051059907800000005
0.051059907800000005
0.051059907800000005
0.051059907800000005
0.051059907800000005
0.051059907800000005
0.051059907800000005
0.051059907800000005
0.050967741900000016
0.050967741900000016
0.050967741900000016
0.050967741900000016
0.050967741900000016
0.050967741900000016
0.050967741900000016
0.050967741900000016
0.050967741900000016
0.050967741900000016
0.050967741900000016
0.050967741900000016
0.050967741900000016
0.05087557600000001
0.05096774186000001
0.05096774186000001
0.05096774186000001
0.05096774186000001
0.05096774186000001
0.05087557592000001
0.05078341006000001
0.05078341006000001
0.05078341006000001
0.05078341006000001
0.05078341006000001
0.05078341006000001
0.05069124412000001
0.05069124412000001
0.05069124412000001
0.05059907822000001
0.05059907822000001
0.05059907822000001
